0.935409
0.032296
0.032296
0.032296
0.935409
0.032296
0.032296
0.032296
0.935409
0.000000
0.776174
1.560564
2.353172
3.153997
3.963038
4.780296
5.605772
6.439465
7.281374
8.131501
8.989844
9.856404
10.731182
11.614177
12.505387
13.404817
14.312462
15.228324
16.152401
17.079172
18.003107
18.924206
19.842470
20.757898
21.670492
22.580248
23.487171
24.391258
25.292509
26.190926
27.086504
27.979250
28.869160
29.756233
30.640472
31.521877
32.400444
33.276176
34.149071
35.019135
35.886360
36.750755
37.612305
38.471027
39.326908
40.179962
41.030174
41.877552
42.722095
43.563805
44.402676
45.238712
46.071911
46.902283
47.729809
48.554508
49.376358
50.195389
51.011578
51.824932
52.635452
53.443130
54.247978
55.049995
55.849167
56.645515
57.439011
58.229687
59.019360
59.812542
60.609432
61.410034
62.214348
63.022369
63.834106
64.649551
65.468704
66.291565
67.118141
67.948425
68.782417
69.620132
70.461540
71.306671
72.155510
73.008057
73.864311
74.724281
75.587959
76.455345
77.326454
78.201263
79.079773
79.962013
80.847954
81.737602
82.630966
83.528038
84.428818
85.333313
86.241516
87.153427
88.069061
88.988388
89.911438
90.838188
91.768661
92.702835
93.640724
94.582321
95.527626
96.476639
97.429375
98.385811
99.345955
100.309814
101.277397
102.248131
103.218864
104.189041
105.158676
106.127762
107.096298
108.064278
109.031715
109.998604
110.964943
111.930733
112.895973
113.860664
114.824806
115.788399
116.751442
117.713936
118.675888
119.637283
120.598129
121.558426
122.518181
123.477386
124.436035
125.394135
126.351685
127.308693
128.265152
129.221069
130.176422
131.131226
132.085495
133.039185
133.992355
134.944977
135.897034
136.848541
137.799515
138.749924
139.699799
140.649124
141.597885
142.546097
143.493774
144.440887
145.387466
146.333496
147.278976
148.223892
149.168228
150.111389
151.053101
151.993347
152.932159
153.869522
154.805435
155.739899
156.672913
157.604492
158.534607
159.463287
160.390518
161.316284
162.240631
163.163498
164.084946
165.004913
165.923462
166.840546
167.756195
168.670380
169.583130
170.494415
171.404266
172.312683
173.219635
174.125137
175.029190
175.931808
176.832962
177.732681
178.630936
179.527771
180.423141
181.317062
182.209518
183.100555
183.990143
184.878265
185.764954
186.650177
187.533966
188.416290
189.297195
190.176636
191.054626
191.931168
192.806274
193.679932
194.558609
195.448730
196.350311
197.263382
198.187897
199.123871
200.071335
201.030243
202.000641
202.982498
203.975800
204.980591
205.996841
207.024551
208.063736
209.114380
210.176498
211.250061
212.335114
213.431610
214.539581
215.659042
216.789932
217.932327
219.086151
220.251465
221.428223
222.616470
223.816147
225.027328
226.249954
227.484055
228.729614
229.986649
231.255142
232.535110
233.826538
235.129425
236.443771
0.000000
0.000000
0.753524
2.529052
4.277847
5.999907
7.695233
9.363825
11.005684
12.620808
14.209196
15.770851
17.305773
18.813961
20.295414
21.750132
23.186399
24.612514
26.028469
27.434263
28.829901
30.215378
31.590698
32.955856
34.310860
35.655701
36.990383
38.314911
39.629272
40.933479
42.227528
43.511417
44.785149
46.048717
47.302132
48.545387
49.778477
51.001415
52.214191
53.416813
54.609268
55.791565
56.963707
58.125690
59.277512
60.419178
61.550682
62.672028
63.783218
64.884247
65.975113
67.055832
68.126381
69.186775
70.237480
71.288986
72.345573
73.407227
74.473969
75.545784
76.622673
77.704643
78.791687
79.883820
80.981026
82.083305
83.190666
84.303108
85.420624
86.543213
87.670883
88.803635
89.941467
91.084373
92.232361
93.385414
94.543564
95.706779
96.875069
98.048447
99.226906
100.410431
101.599037
102.792725
103.991493
105.195335
106.404243
107.618240
108.837326
110.061478
111.290710
112.525017
113.764404
115.008133
116.251732
117.494476
118.736359
119.977379
121.217529
122.456825
123.695259
124.932831
126.169540
127.405388
128.640381
129.874496
131.107758
132.340164
133.571701
134.802368
136.032181
137.261139
138.489243
139.716461
140.942825
142.168335
143.392975
144.616776
145.839691
147.061752
148.282944
149.503281
150.722763
151.941360
153.159119
154.376007
155.592026
156.807205
158.021500
159.234940
160.447510
161.659241
162.867737
164.067307
165.257675
166.438873
167.610840
168.773636
169.927200
171.071594
172.206772
173.332764
174.449554
175.557144
176.655533
177.744736
178.824722
179.895523
180.957123
182.009537
183.052734
184.086731
185.111542
186.127151
187.133560
188.130783
189.118790
190.097595
191.067215
192.027649
192.978867
193.920898
194.853714
195.777328
196.691757
197.597000
198.493027
199.379868
200.257492
201.125931
201.985168
202.838852
203.690643
204.540512
205.388474
206.234558
207.078720
207.920975
208.761353
209.599792
210.436340
211.270981
212.103729
212.934555
213.763489
214.590500
215.415634
216.238846
217.060165
217.879562
218.697067
219.512665
220.326370
221.138168
221.948044
222.756027
223.562103
224.366287
225.168549
225.968918
226.767380
227.563919
228.358582
229.151321
229.942169
230.731110
231.518143
232.303268
233.086502
233.867813
234.647247
235.424759
236.200363
236.974075
237.745850
238.515762
239.283737
240.049835
240.814011
241.576294
242.336670
243.095139
243.851700
244.606354
245.359131
246.109970
246.858917
247.605957
248.351105
249.094330
249.835648
250.575089
251.312607
252.048233
252.781937
253.513733
254.243637
254.971634
255.000000
255.000000
255.000000
255.000000
255.000000
255.000000
255.000000
255.000000
255.000000
255.000000
255.000000
255.000000
255.000000
255.000000
255.000000
255.000000
255.000000
255.000000
0.000000
3.132923
6.016657
8.651204
11.036563
13.172732
15.059714
16.697508
18.205420
19.702749
21.189499
22.665668
24.131258
25.586267
27.030697
28.464542
29.887814
31.300501
32.702610
34.094139
35.475086
36.845451
38.205238
39.554443
40.893070
42.221119
43.538589
44.845470
46.141777
47.427505
48.702648
49.967213
51.221199
52.464603
53.697426
54.919674
56.131336
57.332417
58.522923
59.703331
60.884483
62.070797
63.262276
64.458923
65.660736
66.867699
68.079842
69.297150
70.519615
71.747246
72.980049
74.218002
75.461128
76.709427
77.962875
79.221504
80.485283
81.754234
83.028351
84.307625
85.592064
86.881676
88.176445
89.476379
90.781487
92.091751
93.407181
94.727776
96.053535
97.384460
98.720543
100.061485
101.405334
102.751785
104.100822
105.452469
106.806702
108.163536
109.522964
110.884995
112.249619
113.616837
114.986656
116.359070
117.734085
119.111687
120.491890
121.874687
123.260086
124.648087
126.038673
127.431862
128.827652
130.226028
131.626999
133.030594
134.436752
135.845520
137.256882
138.670853
140.087402
141.506561
142.928314
144.348648
145.757812
147.155319
148.541183
149.915421
151.278030
152.628983
153.968307
155.295990
156.612030
157.916443
159.209213
160.490341
161.759827
163.017685
164.263901
165.498474
166.721420
167.932724
169.132370
170.320404
171.496796
172.661530
173.814636
174.956116
176.085938
177.204132
178.310684
179.405609
180.488892
181.560516
182.620529
183.671814
184.717285
185.756989
186.790878
187.818985
188.841293
189.857803
190.868515
191.873444
192.872559
193.865891
194.853424
195.835159
196.811096
197.781235
198.745605
199.704147
200.656906
201.603867
202.545044
203.480423
204.409988
205.333771
206.251755
207.163940
208.070343
208.970947
209.865753
210.754745
211.637955
212.515381
213.387009
214.252823
215.112854
215.967102
216.815536
217.658173
218.495026
219.326065
220.151321
220.970795
221.784470
222.592331
223.394394
224.190674
224.981155
225.765839
226.544739
227.317825
228.085129
228.846649
229.602341
230.352264
231.096375
231.834717
232.567230
233.293961
234.014893
234.730026
235.439377
236.142929
236.840683
237.532639
238.218811
238.899170
239.573746
240.242523
240.905502
241.562683
242.214081
242.859665
243.499466
244.133469
244.761673
245.384079
246.000702
246.611526
247.216537
247.815765
248.409210
248.996841
249.578690
250.154739
250.724991
251.289444
251.848099
252.400970
252.948013
253.489304
254.024780
254.554474
255.000000
255.000000
255.000000
255.000000
255.000000
255.000000
255.000000
255.000000
255.000000
255.000000
255.000000
255.000000
255.000000
255.000000
255.000000
255.000000
255.000000
255.000000
255.000000
255.000000
255.000000
255.000000
255.000000
255.000000
255.000000
255.000000
255.000000
255.000000
255.000000
255.000000
