0.990957
0.004521
0.004521
0.004521
0.990957
0.004521
0.004521
0.004521
0.990957
0.000000
1.025499
2.048649
3.069450
4.087902
5.104004
6.117758
7.129162
8.138218
9.144924
10.149282
11.151289
12.150949
13.148259
14.143219
15.135831
16.126093
17.114765
18.102610
19.089628
20.075817
21.061180
22.045713
23.029421
24.012299
24.994349
25.975569
26.955963
27.935530
28.914267
29.892179
30.869259
31.845514
32.820938
33.795540
34.769306
35.742249
36.714359
37.685650
38.656109
39.625736
40.594536
41.562511
42.529659
43.495975
44.461468
45.426125
46.389957
47.352962
48.315140
49.276493
50.237015
51.196709
52.155571
53.113609
54.070820
55.027203
55.982758
56.937481
57.891380
58.844452
59.796692
60.748104
61.698692
62.648449
63.597385
64.545479
65.492752
66.439209
67.384827
68.329613
69.273621
70.217812
71.162598
72.107964
73.053925
74.000465
74.947601
75.895325
76.843636
77.792526
78.742012
79.692085
80.642738
81.593987
82.545822
83.498238
84.451248
85.404839
86.359032
87.313797
88.269157
89.225105
90.181641
91.138756
92.096466
93.054756
94.013641
94.973114
95.933182
96.893822
97.855057
98.816872
99.779289
100.742287
101.705864
102.670036
103.634796
104.600151
105.566078
106.532600
107.499710
108.467407
109.435692
110.404564
111.374023
112.344070
113.314697
114.285919
115.257736
116.230133
117.203117
118.176682
119.150848
120.125595
121.100929
122.076706
123.052101
124.026978
125.001335
125.975166
126.948471
127.921257
128.893524
129.865265
130.836487
131.807175
132.777359
133.746994
134.716125
135.684738
136.652832
137.620377
138.587418
139.553940
140.519928
141.485413
142.450348
143.414780
144.378677
145.342056
146.304916
147.267258
148.229065
149.190338
150.151123
151.111359
152.071075
153.030289
153.988953
154.947113
155.904755
156.861862
157.818436
158.774506
159.730057
160.685059
161.639557
162.593536
163.546997
164.499924
165.452316
166.404190
167.355560
168.306412
169.256714
170.206497
171.155762
172.104523
173.052750
174.000443
174.947021
175.891006
176.832321
177.770981
178.707001
179.640320
180.570999
181.499008
182.424347
183.347046
184.267075
185.184433
186.099136
187.011169
187.920563
188.827271
189.731323
190.632721
191.531448
192.427505
193.320923
194.211670
195.099762
195.985168
196.867935
197.748032
198.625458
199.500244
200.372360
201.241806
202.108597
202.972717
203.834183
204.692978
205.549118
206.402603
207.253418
208.101578
208.947067
209.789902
210.630066
211.467575
212.302414
213.134613
213.964127
214.790985
215.615189
216.436722
217.255585
218.071823
218.885361
219.696243
220.504471
221.310028
222.112946
222.950134
223.858582
224.838318
225.889297
227.011536
228.205032
229.469788
230.805817
232.213089
233.691635
235.241440
236.862488
238.554810
240.318390
242.153229
244.059326
246.036697
248.085312
250.205185
252.396317
0.000000
1.121001
2.255782
3.404345
4.566689
5.742815
6.932721
8.136409
9.353880
10.585130
11.830164
13.088977
14.361572
15.638062
16.908567
18.173088
19.431618
20.684162
21.930721
23.171289
24.405874
25.634470
26.857079
28.073702
29.284336
30.488985
31.687647
32.880322
34.067005
35.247707
36.422421
37.591148
38.753887
39.910637
41.061401
42.206181
43.344975
44.477776
45.604591
46.725426
47.840267
48.949120
50.051994
51.148872
52.239765
53.324673
54.403595
55.476528
56.543480
57.604439
58.659412
59.708393
60.751400
61.788410
62.819431
63.844471
64.863815
65.883888
66.907326
67.934120
68.964279
69.997795
71.034668
72.074905
73.118507
74.165451
75.215775
76.269455
77.326492
78.386894
79.450645
80.517769
81.588249
82.662086
83.739281
84.819847
85.903770
86.991043
88.081688
89.175690
90.273056
91.373772
92.477859
93.585297
94.696098
95.810272
96.927795
98.048676
99.172913
100.300529
101.431488
102.565811
103.703506
104.844551
105.988960
107.136726
108.287849
109.442345
110.600197
111.761398
112.925278
114.087776
115.248215
116.406578
117.562881
118.717102
119.869270
121.019371
122.167397
123.313362
124.457260
125.599083
126.738846
127.876541
129.012161
130.145721
131.277206
132.406631
133.533997
134.659286
135.782501
136.903656
138.022751
139.139771
140.254715
141.367615
142.478424
143.587189
144.693863
145.798477
146.901031
148.001511
149.099930
150.196274
151.290543
152.382751
153.472900
154.560974
155.646973
156.730927
157.812790
158.892609
159.970352
161.046036
162.118942
163.187393
164.251312
165.310699
166.365540
167.415848
168.461639
169.502869
170.539581
171.571747
172.599380
173.622467
174.641052
175.655075
176.664566
177.669525
178.669937
179.665817
180.657166
181.643997
182.626266
183.604019
184.577225
185.545898
186.510040
187.469650
188.424713
189.375244
190.321243
191.262711
192.199631
193.132004
194.059875
194.983200
195.901978
196.816208
197.725937
198.631119
199.531769
200.427856
201.319427
202.206467
203.088959
203.966934
204.839661
205.706467
206.567307
207.422241
208.271194
209.114258
209.951355
210.782516
211.607742
212.427032
213.240387
214.047806
214.849289
215.644806
216.434433
217.218079
217.995804
218.767609
219.533447
220.293365
221.047348
221.795395
222.537491
223.273651
224.003876
224.728165
225.446518
226.158920
226.865417
227.565948
228.260544
228.949203
229.631943
230.308731
230.979568
231.644470
232.303467
232.956497
233.603607
234.244766
234.879990
235.509277
236.132629
236.750031
237.361511
237.967056
238.566650
239.160324
239.748047
240.329819
240.905670
241.475586
242.039566
242.597580
243.149704
243.695847
244.236069
244.770370
245.298706
245.821121
246.337601
246.848129
247.352737
247.851395
248.344131
248.830902
249.311752
249.786667
0.000000
2.057050
3.948234
5.673553
7.233006
8.626595
9.933494
11.232881
12.524754
13.809115
15.085964
16.355301
17.617125
18.871437
20.118233
21.357521
22.589296
23.813559
25.030304
26.239542
27.441265
28.635475
29.822174
31.001360
32.173038
33.337196
34.493843
35.642982
36.784607
37.918716
39.045315
40.164398
41.275978
42.380039
43.476582
44.565620
45.647141
46.721153
47.787651
48.846638
49.898117
50.942379
51.986160
53.032204
54.080509
55.131077
56.183907
57.238998
58.296356
59.355976
60.417854
61.482002
62.548409
63.617081
64.688011
65.761200
66.836662
67.914383
68.994370
70.076614
71.161125
72.247894
73.336922
74.428223
75.521782
76.617607
77.715691
78.816040
79.918648
81.023514
82.130653
83.240051
84.351715
85.465637
86.581818
87.700264
88.820976
89.943596
91.065956
92.187698
93.308815
94.429321
95.549202
96.668472
97.787117
98.905144
100.022560
101.139351
102.255524
103.371078
104.486023
105.600349
106.714050
107.827133
108.939606
110.051460
111.162689
112.273300
113.383293
114.492676
115.601433
116.709572
117.817093
118.923996
120.030281
121.135956
122.241005
123.345436
124.449257
125.552452
126.655029
127.756989
128.858337
129.959091
131.059341
132.159103
133.258362
134.357117
135.455368
136.553116
137.650375
138.747131
139.843399
140.939148
142.034424
143.129166
144.223434
145.317200
146.410446
147.503220
148.595459
149.687241
150.778488
151.869263
152.959518
154.049286
155.138550
156.227310
157.315567
158.403336
159.490601
160.577362
161.663635
162.749405
163.834656
164.919418
166.003693
167.087463
168.170715
169.250595
170.324127
171.391373
172.452271
173.506882
174.555161
175.597137
176.632782
177.662109
178.685135
179.701843
180.712234
181.716309
182.714081
183.705521
184.690659
185.669464
186.641968
187.608154
188.568024
189.521576
190.468826
191.409744
192.344345
193.272644
194.194611
195.110291
196.019623
196.922668
197.819382
198.709778
199.593872
200.471634
201.343094
202.208237
203.067062
203.919571
204.765747
205.605652
206.439209
207.266449
208.087387
208.901993
209.710312
210.512299
211.307968
212.097321
212.880371
213.657089
214.427505
215.191605
215.949371
216.700851
217.445999
218.184830
218.917343
219.643555
220.363449
221.077011
221.784286
222.485199
223.179840
223.868149
224.550156
225.225830
225.895203
226.558258
227.214996
227.865417
228.509521
229.147308
229.778778
230.403946
231.022781
231.635315
232.241531
232.841431
233.435013
234.022263
234.603241
235.177856
235.746185
236.308197
236.863892
237.413269
237.956329
238.493073
239.023499
239.547623
240.065414
240.576904
241.082077
241.580933
242.073471
242.559677
243.039597
243.513184
243.980469
244.441437
244.896072
245.344421
245.786438
246.222137
246.651520
247.074585
247.491348
247.901779
