0.915775
0.042113
0.042113
0.042113
0.915775
0.042113
0.042113
0.042113
0.915775
0.000000
0.000000
0.689272
1.906758
3.118165
4.323493
5.522743
6.715914
7.903008
9.084022
10.258958
11.427814
12.590592
13.747291
14.897912
16.042454
17.180918
18.313303
19.439611
20.559835
21.673988
22.782057
23.884048
24.979961
26.069796
27.153553
28.231230
29.302826
30.368349
31.427788
32.481152
33.528435
34.569641
35.604774
36.633820
37.656784
38.673679
39.684494
40.689228
41.687881
42.680458
43.666954
44.647377
45.621719
46.589977
47.552162
48.508266
49.458290
50.402237
51.340111
52.271896
53.197609
54.117245
55.030788
55.941982
56.854527
57.768425
58.683674
59.600281
60.518234
61.437546
62.358212
63.280231
64.203598
65.128326
66.054405
66.981834
67.910606
68.840744
69.772240
70.705078
71.639275
72.574829
73.511726
74.449982
75.389595
76.330551
77.272865
78.216537
79.161552
80.107933
81.055664
82.004745
82.955170
83.906960
84.860100
85.816566
86.778290
87.745300
88.717575
89.695137
90.677979
91.666084
92.659470
93.658134
94.662071
95.671280
96.685768
97.705536
98.730576
99.760887
100.796478
101.837349
102.883492
103.934914
104.991600
106.053581
107.120819
108.193344
109.271141
110.354210
111.442566
112.536194
113.635094
114.739265
115.848717
116.963448
118.083450
119.203491
120.318382
121.428116
122.532677
123.632072
124.726311
125.815376
126.899284
127.978012
129.051590
130.120010
131.183243
132.241318
133.294235
134.341995
135.384567
136.421982
137.454239
138.481323
139.503250
140.520004
141.531601
142.538025
143.539291
144.535400
145.526321
146.512100
147.492706
148.468140
149.438416
150.403534
151.363464
152.319458
153.272705
154.223206
155.170959
156.115997
157.058258
157.997787
158.934570
159.868607
160.799911
161.728470
162.654266
163.577347
164.497650
165.415253
166.330093
167.242172
168.151520
169.058121
169.961990
170.863113
171.761490
172.657104
173.550003
174.440140
175.327530
176.212204
177.094101
177.973267
178.849701
179.723373
180.594330
181.464844
182.337341
183.211761
184.088150
184.966476
185.846756
186.728989
187.613159
188.499268
189.387344
190.277359
191.169327
192.063232
192.959091
193.856888
194.756653
195.658340
196.561996
197.467590
198.375137
199.284622
200.196060
201.109436
202.024780
202.942062
203.861282
204.782471
205.705597
206.630661
207.557678
208.486649
209.417557
210.350418
211.285233
212.221985
213.160690
214.101334
215.043930
215.988480
216.934982
217.883408
218.833817
219.786148
220.740433
221.696671
222.654846
223.614960
224.577042
225.541061
226.507034
227.474945
228.444824
229.416626
230.390396
231.366089
232.343750
233.323349
234.304901
235.288391
236.273849
237.261246
238.250580
239.241867
240.235107
241.230286
242.227417
243.226486
244.227524
245.230484
246.235413
247.242279
248.251083
249.261856
250.274567
0.000000
0.000000
0.000000
0.000000
0.000000
0.864260
2.276142
3.677369
5.067938
6.447848
7.817103
9.175701
10.523642
11.860923
13.187550
14.503518
15.808829
17.103485
18.387484
19.660824
20.923506
22.175529
23.416901
24.647614
25.867664
27.077065
28.275805
29.463882
30.641312
31.808081
32.964195
34.109646
35.244446
36.368587
37.482071
38.584892
39.677067
40.758583
41.829433
42.889629
43.939171
44.978050
46.006275
47.023846
48.030762
49.027004
50.012611
50.987549
51.951839
52.911526
53.872738
54.835457
55.799683
56.765415
57.732655
58.701397
59.671650
60.643406
61.616665
62.591434
63.567707
64.545486
65.524780
66.505569
67.487869
68.471672
69.456985
70.443794
71.432121
72.421959
73.413292
74.406136
75.400482
76.396332
77.393684
78.392555
79.392921
80.394798
81.398186
82.403076
83.409477
84.417389
85.427208
86.439079
87.453003
88.468979
89.487007
90.507095
91.529228
92.553413
93.579651
94.607948
95.638290
96.670700
97.705147
98.741653
99.780205
100.820816
101.863472
102.908188
103.954956
105.003784
106.054657
107.107590
108.162567
109.219597
110.278687
111.339813
112.403008
113.468246
114.535553
115.604897
116.676300
117.749756
118.824669
119.897469
120.967545
122.034904
123.099556
124.161491
125.220711
126.277222
127.331009
128.382080
129.430450
130.476089
131.519028
132.559250
133.596741
134.631531
135.663605
136.692963
137.719620
138.743546
139.764755
140.783264
141.799042
142.812119
143.822479
144.830124
145.835052
146.837265
147.836761
148.833542
149.827621
150.818985
151.807617
152.793106
153.774368
154.751373
155.724121
156.692596
157.656815
158.616760
159.572449
160.523865
161.471008
162.413910
163.352539
164.286896
165.216995
166.142822
167.064377
167.981674
168.894699
169.803482
170.707977
171.608215
172.504196
173.395905
174.283340
175.166534
176.045441
176.920090
177.790466
178.656601
179.518448
180.376038
181.229355
182.078415
182.926376
183.776352
184.628372
185.482407
186.338501
187.196625
188.056778
188.918961
189.783173
190.649429
191.517731
192.388062
193.260406
194.134811
195.011246
195.889709
196.770203
197.652740
198.537308
199.423920
200.312561
201.203232
202.095947
202.990692
203.887466
204.786285
205.687134
206.590027
207.494934
208.401886
209.310867
210.221893
211.134933
212.050034
212.967178
213.886322
214.807526
215.730743
216.656021
217.583313
218.512650
219.444031
220.377426
221.312881
222.250351
223.189850
224.131393
225.074982
226.020599
226.968231
227.917923
228.869659
229.823395
230.779190
231.737015
232.696869
233.658768
234.622681
235.588638
236.556641
237.526672
238.498734
239.472839
240.448975
241.427139
242.407333
243.389587
244.373856
245.360153
246.348495
247.338882
248.331299
249.325745
250.322235
251.320755
252.321289
0.000000
0.210750
1.383187
2.553823
3.722659
4.889693
6.054927
7.218359
8.379992
9.539823
10.697853
11.854081
13.008510
14.161139
15.311964
16.460991
17.608217
18.753639
19.897264
21.039085
22.179106
23.317327
24.453747
25.588366
26.721184
27.852203
28.981417
30.108833
31.234449
32.358261
33.480274
34.600487
35.718899
36.835514
37.950321
39.063328
40.174538
41.283943
42.391548
43.497356
44.601360
45.703560
46.803967
47.902569
48.999367
50.094368
51.187569
52.278961
53.367130
54.450626
55.529457
56.603619
57.673111
58.737938
59.798100
60.853592
61.904415
62.950569
63.992062
65.028885
66.061035
67.088516
68.111336
69.129494
70.142975
71.151787
72.155937
73.155426
74.150230
75.140373
76.125862
77.106667
78.082817
79.054283
80.021095
80.983238
81.940987
82.900505
83.864319
84.832413
85.804810
86.781479
87.762444
88.747696
89.737236
90.731071
91.729179
92.731590
93.738289
94.749268
95.764542
96.784103
97.807953
98.836082
99.868515
100.905228
101.946228
102.991524
104.041100
105.094963
106.153114
107.215561
108.282295
109.353317
110.428627
111.507507
112.585632
113.662285
114.737465
115.811172
116.883415
117.954178
119.023476
120.091293
121.157639
122.222519
123.285927
124.347855
125.408318
126.467308
127.524834
128.580872
129.635452
130.688553
131.740173
132.790329
133.839035
134.886246
135.931976
136.976257
138.019058
139.060379
140.100235
141.138611
142.173920
143.202225
144.223373
145.237335
146.244141
147.243759
148.236221
149.221481
150.199585
151.170532
152.134293
153.090881
154.040298
154.982544
155.917618
156.845505
157.766235
158.679794
159.586182
160.485382
161.377411
162.262283
163.139969
164.010498
164.873856
165.730026
166.579025
167.420853
168.255524
169.087799
169.922516
170.759644
171.599213
172.441223
173.285645
174.132492
174.981766
175.833466
176.687607
177.544159
178.403152
179.264557
180.128403
180.994690
181.863373
182.734512
183.608047
184.484039
185.362442
186.243271
187.126541
188.012222
188.900345
189.790894
190.683868
191.579254
192.477097
193.377335
194.280014
195.185135
196.092667
197.002640
197.915024
198.829849
199.747086
200.666779
201.588867
202.513397
203.440353
204.369736
205.301559
206.235794
207.172455
208.111557
209.053085
209.997025
210.943405
211.892197
212.843430
213.797089
214.753174
215.711685
216.672638
217.636002
218.601791
219.570023
220.540665
221.513748
222.489243
223.467194
224.447556
225.430359
226.415558
227.403198
228.393280
229.385773
230.380692
231.378052
232.377838
233.380035
234.384674
235.391739
236.401230
237.413147
238.427490
239.444275
240.463470
241.485092
242.509155
243.535629
244.564545
245.595886
246.629654
247.665848
248.704468
249.745499
250.788971
251.834885
252.883209
253.933975
254.987167
255.000000
