0.973170
0.013415
0.013415
0.013415
0.973170
0.013415
0.013415
0.013415
0.973170
0.000000
0.773445
1.557134
2.351068
3.155248
3.969672
4.794342
5.629256
6.474416
7.329820
8.195470
9.071363
9.957503
10.853887
11.760516
12.677390
13.604509
14.541875
15.489484
16.447338
17.415436
18.393782
19.382370
20.381205
21.390284
22.409607
23.439177
24.478989
25.529049
26.589352
27.659901
28.734570
29.807226
30.877878
31.946520
33.013157
34.077782
35.140400
36.201008
37.259609
38.316200
39.370789
40.423363
41.473930
42.522491
43.569046
44.613590
45.656124
46.696651
47.735168
48.771679
49.806179
50.838673
51.869164
52.897636
53.924107
54.948566
55.971020
56.991463
58.009899
59.026325
60.040745
61.053150
62.063557
63.071957
64.078346
65.082718
66.085091
67.085457
68.083801
69.080147
70.074486
71.066811
72.057129
73.045441
74.031746
75.016045
75.998329
76.978607
77.956879
78.933144
79.907402
80.879646
81.849876
82.818108
83.785133
84.751770
85.718018
86.683884
87.649353
88.614418
89.579117
90.543404
91.507317
92.470825
93.433952
94.396683
95.359032
96.320984
97.282547
98.243721
99.204498
100.164886
101.124893
102.084503
103.043724
104.002556
104.960991
105.919044
106.876701
107.833961
108.790848
109.747330
110.703430
111.659134
112.614449
113.569374
114.523911
115.478050
116.431801
117.385170
118.338142
119.290726
120.242912
121.194710
122.146126
123.097145
124.047775
124.998016
125.947861
126.897324
127.846390
128.795059
129.743347
130.691254
131.638748
132.585876
133.532608
134.478928
135.426117
136.375397
137.326767
138.280228
139.235794
140.193451
141.153198
142.115051
143.078979
144.045013
145.013138
145.983368
146.955673
147.930069
148.906586
149.885178
150.865875
151.848648
152.833527
153.820511
154.809555
155.800735
156.793976
157.789337
158.786758
159.786301
160.787933
161.791656
162.797470
163.805374
164.815399
165.827499
166.841690
167.857971
168.876343
169.896820
170.919388
171.944061
172.970825
173.999649
175.030609
176.063644
177.098785
178.136002
179.175323
180.216751
181.260239
182.305862
183.353546
184.403351
185.455215
186.509201
187.565277
188.623428
189.681992
190.739182
191.795029
192.849518
193.902649
194.954437
196.004883
197.053970
198.101715
199.148102
200.193161
201.236832
202.279175
203.320175
204.359833
205.398117
206.435059
207.470657
208.504898
209.537796
210.569351
211.599548
212.628387
213.655884
214.682037
215.706818
216.730270
217.752380
218.773117
219.792526
220.810577
221.827286
222.842636
223.856628
224.869293
225.880585
226.890533
227.899139
228.906387
229.912292
230.916840
231.920059
232.921906
233.922409
234.921570
235.919373
236.915833
237.910934
238.904694
239.897095
240.888153
241.877853
242.866211
243.853226
244.830978
245.791519
246.734818
247.660934
248.569839
249.461517
250.336029
251.193298
252.033371
0.000000
0.982530
1.966095
2.950694
3.936327
4.922996
5.910698
6.899434
7.889205
8.880012
9.871851
10.864725
11.858635
12.853577
13.849555
14.846567
15.844614
16.843695
17.843811
18.844959
19.847143
20.850361
21.854614
22.859901
23.866222
24.873581
25.881971
26.891394
27.901854
28.913349
29.925875
30.939440
31.954039
32.969669
33.986336
35.004036
36.022770
37.042542
38.063343
39.085178
40.108051
41.131962
42.156898
43.182877
44.209888
45.236904
46.262882
47.287834
48.311760
49.334648
50.356514
51.377342
52.397144
53.415916
54.433659
55.450371
56.466053
57.480705
58.494328
59.506920
60.518478
61.529011
62.538509
63.546982
64.554428
65.560829
66.566208
67.570564
68.573883
69.576180
70.577438
71.577675
72.576866
73.575043
74.572182
75.568283
76.563370
77.557419
78.550430
79.542435
80.533386
81.523315
82.512222
83.500092
84.486931
85.472733
86.457520
87.441269
88.423988
89.405678
90.386337
91.365959
92.344559
93.322136
94.298676
95.274254
96.250610
97.228455
98.207764
99.188568
100.170837
101.154602
102.139824
103.126541
104.114731
105.104408
106.095551
107.088181
108.082283
109.077866
110.074936
111.073471
112.073494
113.074997
114.077972
115.082428
116.088364
117.095779
118.104668
119.115044
120.126892
121.140221
122.155029
123.171318
124.189087
125.208328
126.229050
127.251259
128.274948
129.300095
130.326752
131.354843
132.384445
133.415527
134.448074
135.482117
136.517609
137.554611
138.593079
139.633026
140.674454
141.717361
142.761749
143.807602
144.854950
145.903763
146.953720
148.002747
149.050476
150.096954
151.142151
152.186081
153.228714
154.270065
155.310165
156.348969
157.386505
158.422760
159.457748
160.491440
161.523865
162.555023
163.584900
164.613495
165.640808
166.666855
167.691635
168.715118
169.737320
170.758255
171.777924
172.796310
173.813416
174.829239
175.843796
176.857086
177.869080
178.879807
179.889252
180.897430
181.904327
182.909927
183.914276
184.917358
185.919144
186.919662
187.918884
188.916855
189.913528
190.908936
191.903061
192.895920
193.887497
194.877808
195.866806
196.854568
197.841034
198.826553
199.811935
200.797180
201.782333
202.767380
203.752304
204.737122
205.721832
206.706421
207.690903
208.675278
209.659531
210.643677
211.627716
212.611633
213.595444
214.579147
215.562744
216.546219
217.529587
218.512833
219.495987
220.479019
221.461929
222.444748
223.427444
224.410034
225.392502
226.374878
227.357117
228.339264
229.321304
230.303207
231.285019
232.266724
233.248291
234.229767
235.211136
236.192383
237.173508
238.154541
239.135452
240.116257
241.096954
242.077530
243.057999
244.038361
245.018600
245.998734
246.978760
247.958679
248.925232
249.865234
250.778656
251.665497
252.525757
253.359451
254.166550
254.947098
0.000000
0.893003
1.792020
2.697051
3.608096
4.525154
5.448226
6.377312
7.312412
8.253526
9.200652
10.153794
11.112948
12.078117
13.049299
14.026496
15.009707
15.998931
16.994167
17.995420
19.002686
20.015965
21.035257
22.060564
23.091883
24.129219
25.172565
26.221928
27.274557
28.327721
29.381420
30.435650
31.490412
32.545708
33.601532
34.657887
35.714779
36.772202
37.830151
38.888638
39.947655
41.007202
42.067284
43.127895
44.189037
45.250717
46.312927
47.375660
48.438934
49.502739
50.567074
51.631943
52.697338
53.763271
54.829735
55.896729
56.964256
58.032318
59.100903
60.170025
61.239681
62.309864
63.380585
64.451836
65.523613
66.595924
67.668777
68.742157
69.816071
70.890503
71.965477
73.040977
74.117012
75.193588
76.270691
77.348312
78.426483
79.505180
80.584404
81.664169
82.744453
83.824219
84.902382
85.978943
87.053917
88.127289
89.199066
90.269249
91.337845
92.404823
93.470222
94.534019
95.596222
96.656830
97.715836
98.773247
99.829063
100.883278
101.935905
102.986938
104.036362
105.084206
106.130447
107.175087
108.218132
109.259583
110.299438
111.337700
112.374359
113.409431
114.442894
115.474770
116.505043
117.533730
118.560814
119.586304
120.610191
121.632492
122.653191
123.672295
124.689804
125.705719
126.720039
127.732758
128.743866
129.753403
130.761337
131.767670
132.772415
133.775558
134.777100
135.777054
136.775391
137.772156
138.767990
139.763596
140.758972
141.754135
142.749039
143.743713
144.738174
145.732376
146.726364
147.720108
148.713638
149.706924
150.699982
151.692795
152.685379
153.677734
154.669861
155.661743
156.653397
157.644836
158.636032
159.626984
160.617722
161.608215
162.598480
163.588501
164.578308
165.567856
166.557190
167.546295
168.535172
169.523804
170.512207
171.500381
172.488312
173.476028
174.463501
175.450729
176.437744
177.424515
178.411072
179.397369
180.383453
181.369293
182.354904
183.340286
184.325439
185.310364
186.295029
187.279480
188.263687
189.247696
190.231445
191.214600
192.196762
193.177917
194.158096
195.137283
196.115494
197.092697
198.068939
199.044174
200.018417
200.991684
201.963959
202.935257
203.905548
204.874863
205.843185
206.810532
207.776871
208.742218
209.706619
210.669983
211.632385
212.593796
213.554214
214.513641
215.472092
216.429550
217.386017
218.341492
219.295990
220.249496
221.202011
222.153549
223.104080
224.053635
225.002213
225.949783
226.896378
227.841980
228.786606
229.730225
230.672852
231.614517
232.555176
233.494858
234.433548
235.371246
236.307953
237.243668
238.178406
239.112152
240.044922
240.976685
241.899414
242.804993
243.693451
244.564774
245.418961
246.256012
247.075958
247.878754
248.664413
249.432953
250.184372
250.918640
251.635788
252.335800
253.018677
253.684433
