0.965242
0.017379
0.017379
0.017379
0.965242
0.017379
0.017379
0.017379
0.965242
0.000000
1.266910
2.510542
3.730896
4.927972
6.101770
7.252291
8.379533
9.483497
10.564184
11.632685
12.700094
13.766414
14.831639
15.895775
16.958817
18.020769
19.081631
20.141397
21.200073
22.257660
23.314150
24.369555
25.423864
26.477081
27.529207
28.580242
29.630186
30.679037
31.726797
32.773464
33.819038
34.863533
35.906921
36.949226
37.990429
39.030548
40.069580
41.107513
42.144356
43.180107
44.214764
45.248337
46.280811
47.312195
48.342487
49.371693
50.399796
51.426819
52.452744
53.477577
54.501328
55.523979
56.545532
57.566006
58.585377
59.603668
60.620861
61.636955
62.651966
63.666313
64.681030
65.696167
66.711723
67.727699
68.744095
69.760910
70.778145
71.795807
72.813889
73.832390
74.851303
75.870644
76.890404
77.910576
78.931183
79.952194
80.973640
81.995499
83.017776
84.040482
85.063606
86.087143
87.111099
88.135483
89.160286
90.185501
91.211143
92.237206
93.263687
94.290588
95.317917
96.345657
97.373817
98.402390
99.431396
100.460831
101.490669
102.520927
103.551620
104.582718
105.614243
106.646187
107.678551
108.711342
109.744537
110.778168
111.812210
112.846680
113.881561
114.916679
115.950951
116.984207
118.016434
119.047623
120.077789
121.106926
122.135040
123.162125
124.188171
125.213203
126.237206
127.260170
128.282120
129.303040
130.322922
131.341782
132.359619
133.376419
134.392197
135.406952
136.420670
137.433365
138.445023
139.455658
140.465271
141.473862
142.481415
143.487930
144.493439
145.497894
146.501358
147.503769
148.505157
149.505493
150.504852
151.503143
152.500412
153.496674
154.491882
155.486069
156.479233
157.471375
158.462494
159.452560
160.441620
161.429642
162.416641
163.402618
164.387558
165.371521
166.355667
167.340469
168.325928
169.312027
170.298798
171.286224
172.274292
173.263016
174.252380
175.242416
176.233109
177.224457
178.216446
179.209091
180.202393
181.196350
182.190964
183.186218
184.182129
185.178711
186.175934
187.173828
188.172348
189.171539
190.171387
191.171875
192.173035
193.174835
194.177292
195.180405
196.184174
197.188599
198.193649
199.199387
200.205765
201.212814
202.220505
203.228836
204.237839
205.247498
206.257797
207.268753
208.280365
209.292633
210.305557
211.319122
212.333344
213.348251
214.363785
215.379974
216.385193
217.367844
218.327881
219.265335
220.180206
221.072495
221.942169
222.789261
223.613770
224.415695
225.195023
225.951782
226.685928
227.397476
228.086456
228.752838
229.396637
230.017853
230.616470
231.192490
231.745911
232.276764
232.785019
233.270706
233.733795
234.174271
234.592178
234.987488
235.360214
235.710358
236.037888
236.342850
236.625214
236.884995
237.122177
237.336792
237.528793
237.698212
237.845047
237.969284
238.070938
238.150009
238.206467
238.240356
238.251648
0.000000
1.066308
2.141232
3.224770
4.316922
5.417689
6.527070
7.645065
8.771675
9.906900
11.050738
12.203192
13.364259
14.527584
15.686808
16.841930
17.992954
19.139875
20.282696
21.421415
22.556036
23.686554
24.812973
25.935289
27.053509
28.167624
29.277637
30.383554
31.485367
32.583080
33.676693
34.766205
35.851620
36.932926
38.010136
39.083248
40.152256
41.217163
42.277969
43.334675
44.387280
45.435783
46.480194
47.520493
48.556694
49.588799
50.616798
51.640701
52.660503
53.676201
54.687801
55.695297
56.698692
57.697994
58.693184
59.684284
60.671276
61.654167
62.632961
63.607651
64.578957
65.551170
66.525009
67.500465
68.477547
69.456253
70.436577
71.418533
72.402107
73.387299
74.374123
75.362564
76.352631
77.344315
78.337631
79.332558
80.329117
81.327293
82.327095
83.328514
84.331566
85.336243
86.342529
87.350441
88.359985
89.371147
90.383926
91.398338
92.414368
93.432014
94.451286
95.472191
96.494713
97.518852
98.544617
99.572006
100.601013
101.631660
102.663910
103.697800
104.733292
105.770424
106.809166
107.849533
108.891533
109.935150
110.980385
112.027245
113.074455
114.120728
115.166077
116.210487
117.253975
118.296524
119.338135
120.378822
121.418579
122.457405
123.495293
124.532257
125.568291
126.603394
127.637550
128.670792
129.703094
130.734482
131.764923
132.794418
133.822998
134.850647
135.877365
136.903137
137.928009
138.951920
139.974915
140.996964
142.018097
143.038300
144.057571
145.075897
146.093277
147.109772
148.125305
149.139908
150.153580
151.166336
152.178146
153.189026
154.198975
155.207993
156.216080
157.223236
158.229446
159.234756
160.239120
161.242737
162.246841
163.251617
164.257050
165.263168
166.269958
167.277405
168.285538
169.294342
170.303802
171.313950
172.324753
173.336243
174.348389
175.361206
176.374710
177.388870
178.403717
179.419235
180.435394
181.452255
182.469788
183.487976
184.506836
185.526367
186.546585
187.567444
188.589005
189.611221
190.634109
191.657669
192.681900
193.706818
194.732376
195.758621
196.785538
197.813126
198.841385
199.870331
200.899918
201.930191
202.961136
203.992752
205.025040
206.057983
207.091629
208.125916
209.160889
210.187698
211.197372
212.189972
213.165512
214.123947
215.065292
215.989594
216.896790
217.786896
218.659943
219.515900
220.354767
221.176559
221.981262
222.768906
223.539444
224.292923
225.029312
225.748611
226.450836
227.135971
227.804031
228.455017
229.088913
229.705750
230.305496
230.888138
231.453705
232.002213
232.533630
233.047958
233.545212
234.025391
234.488480
234.934479
235.363419
235.775269
236.170013
236.547699
236.908325
237.251831
237.578278
237.887634
238.179916
238.455109
238.713242
238.954269
239.178223
239.385101
239.574890
239.747604
239.903244
240.041779
0.000000
1.351134
2.671923
3.962367
5.222466
6.452220
7.651630
8.820695
9.973963
11.125991
12.276776
13.426319
14.574619
15.721676
16.867489
18.012062
19.155392
20.297478
21.438320
22.577921
23.716280
24.853395
25.989265
27.123894
28.257282
29.389427
30.520330
31.649988
32.778404
33.905582
35.031506
36.156197
37.279640
38.401840
39.522804
40.642521
41.760998
42.878223
43.994213
45.108959
46.222469
47.334728
48.445744
49.555519
50.664051
51.771339
52.877384
53.982189
55.085785
56.188797
57.291492
58.393871
59.495930
60.597675
61.699097
62.800205
63.900997
65.001472
66.101624
67.201462
68.300980
69.400185
70.499069
71.597633
72.695885
73.793808
74.891426
75.988724
77.085701
78.182373
79.278709
80.374741
81.470451
82.565842
83.660919
84.755669
85.850105
86.944229
88.038033
89.131516
90.224686
91.317535
92.410065
93.502289
94.594193
95.685768
96.777031
97.867981
98.958603
100.048851
101.138275
102.226814
103.314461
104.401222
105.487099
106.572075
107.656174
108.739388
109.821709
110.903145
111.983696
113.063354
114.142120
115.220009
116.297005
117.373116
118.448341
119.522667
120.596123
121.668671
122.740341
123.811127
124.881027
125.950035
127.018158
128.085388
129.151733
130.217194
131.281754
132.345444
133.408249
134.470154
135.531158
136.591309
137.650528
138.708893
139.766357
140.822952
141.878647
142.933456
143.987473
145.041000
146.094055
147.146622
148.198700
149.250305
150.301437
151.352066
152.402222
153.451889
154.501083
155.549774
156.598007
157.645721
158.692978
159.739746
160.786041
161.831848
162.877167
163.921997
164.966354
166.010223
167.053604
168.096512
169.138931
170.180862
171.222305
172.263290
173.303772
174.343765
175.383301
176.422333
177.460876
178.498947
179.536530
180.573639
181.610245
182.646393
183.682053
184.717209
185.751907
186.780960
187.799210
188.806671
189.803360
190.789230
191.764328
192.728622
193.682144
194.624863
195.556778
196.477921
197.388260
198.287811
199.176590
200.054550
200.921722
201.778122
202.623718
203.458527
204.282547
205.095764
205.898193
206.689850
207.470688
208.240738
209.000015
209.748489
210.486176
211.213058
211.929169
212.634491
213.329010
214.012741
214.685669
215.347824
215.999161
216.639740
217.269516
217.888489
218.496674
219.094086
219.680679
220.256500
220.821533
221.375778
221.919220
222.451859
222.973724
223.484802
223.985062
224.474548
224.953247
225.421158
225.878265
226.324600
226.760132
227.184860
227.598816
228.001968
228.394333
228.775909
229.146683
229.506683
229.855881
230.194290
230.521912
230.838745
231.144760
231.440018
231.724472
231.998138
232.261002
232.513077
232.754364
232.984863
233.204575
233.413483
233.611618
233.798935
233.975479
234.141235
234.296188
234.440353
234.573730
234.696320
