0.978584
0.010708
0.010708
0.010708
0.978584
0.010708
0.010708
0.010708
0.978584
0.000000
1.245344
2.454713
3.628107
4.765528
5.866973
6.949469
8.030046
9.108702
10.185437
11.260251
12.333143
13.404116
14.473166
15.540297
16.605507
17.668795
18.730164
19.789608
20.847134
21.902739
22.956419
24.008183
25.058025
26.105947
27.151945
28.196026
29.238180
30.278421
31.316734
32.353130
33.387604
34.420158
35.450790
36.479500
37.506290
38.531162
39.554108
40.575134
41.594242
42.611431
43.626698
44.640038
45.651466
46.660965
47.668545
48.674206
49.677944
50.679760
51.679657
52.677639
53.673687
54.667824
55.660034
56.650330
57.638699
58.625145
59.609676
60.592285
61.572975
62.552425
63.532333
64.512764
65.493729
66.475212
67.457230
68.439774
69.422852
70.406456
71.390579
72.375237
73.360413
74.346130
75.332367
76.319122
77.306419
78.294235
79.282585
80.271469
81.260864
82.250801
83.241257
84.232246
85.223755
86.215797
87.208374
88.201469
89.195091
90.189247
91.183929
92.179131
93.174866
94.171127
95.167915
96.165237
97.163078
98.161453
99.160362
100.159790
101.159752
102.160233
103.161240
104.162781
105.164841
106.167442
107.170555
108.174217
109.178383
110.183098
111.188324
112.194084
113.200378
114.207191
115.214539
116.222252
117.229469
118.236031
119.241936
120.247192
121.251793
122.255730
123.259018
124.261658
125.263634
126.264961
127.265625
128.265640
129.264999
130.263718
131.261765
132.259155
133.255905
134.251984
135.247421
136.242188
137.236328
138.229782
139.222595
140.214752
141.206253
142.197128
143.187302
144.176849
145.165741
146.153976
147.141541
148.128464
149.114731
150.100357
151.085297
152.069611
153.053268
154.036255
155.018600
156.000275
156.981308
157.961685
158.941391
159.920471
160.898880
161.876648
162.853745
163.830200
164.805984
165.781128
166.755600
167.729446
168.702621
169.675156
170.647278
171.619064
172.590546
173.561707
174.532532
175.503052
176.473236
177.443100
178.412659
179.381897
180.350800
181.319397
182.287659
183.255630
184.223251
185.190552
186.157547
187.124207
188.090561
189.056595
190.022308
190.987686
191.952744
192.917496
193.881927
194.846024
195.809814
196.773270
197.736420
198.699249
199.661743
200.623932
201.585785
202.547333
203.508560
204.469452
205.430038
206.390289
207.350220
208.309860
209.269150
210.228134
211.186783
212.145126
213.103149
214.060837
215.018204
215.975266
216.932007
217.888412
218.844513
219.800278
220.755737
221.710861
222.665802
223.620789
224.575745
225.530731
226.485703
227.440689
228.395645
229.350632
230.305618
231.260590
232.215576
233.170547
234.125534
235.080505
236.035492
236.990479
237.945450
238.900452
239.855423
240.810410
241.765396
242.720383
243.675354
244.630356
245.585358
246.540329
247.495331
248.450317
249.405304
250.360291
251.315292
252.270294
253.225281
0.000000
0.828011
1.701164
2.619458
3.582895
4.591472
5.645191
6.744052
7.888055
9.077199
10.286251
11.489978
12.688380
13.881457
15.069208
16.251635
17.428734
18.600512
19.766962
20.928083
22.083885
23.234358
24.379507
25.519331
26.653830
27.783003
28.906851
30.025373
31.138573
32.246441
33.348991
34.446213
35.538109
36.624680
37.705929
38.781849
39.852440
40.917709
41.977654
43.032272
44.081566
45.125538
46.164177
47.197498
48.225487
49.248158
50.265499
51.277515
52.284214
53.285583
54.281624
55.272335
56.257725
57.237793
58.212532
59.181950
60.146038
61.104797
62.058239
63.006348
63.949139
64.886597
65.818962
66.751236
67.685478
68.621689
69.559860
70.499985
71.442078
72.386139
73.332161
74.280144
75.230095
76.182007
77.135880
78.091713
79.049515
80.009285
80.971001
81.934700
82.900352
83.867966
84.837547
85.809090
86.782600
87.758072
88.735497
89.714897
90.696251
91.679581
92.664864
93.652115
94.641327
95.632492
96.625641
97.620735
98.617805
99.616837
100.617828
101.620773
102.625702
103.632576
104.641418
105.652229
106.664993
107.679733
108.696426
109.715088
110.735710
111.758293
112.782852
113.809364
114.837830
115.868279
116.900681
117.934769
118.968826
120.002579
121.036034
122.069176
123.102020
124.134552
125.166779
126.198700
127.230324
128.261627
129.292633
130.323334
131.353745
132.383835
133.413620
134.443115
135.472275
136.501160
137.529709
138.557983
139.585938
140.613586
141.640930
142.667969
143.694702
144.721130
145.747253
146.773071
147.798584
148.823807
149.848694
150.873291
151.897583
152.921585
153.945251
154.968628
155.991714
157.014481
158.036926
159.059082
160.080948
161.102478
162.123734
163.144653
164.165298
165.185623
166.205627
167.225342
168.244751
169.263870
170.282654
171.301147
172.318924
173.335022
174.349411
175.362030
176.372940
177.382126
178.389572
179.395294
180.399292
181.401535
182.402069
183.400864
184.397934
185.393265
186.386871
187.378754
188.368896
189.357300
190.343994
191.328949
192.312180
193.293671
194.273438
195.251465
196.227768
197.202332
198.175171
199.146301
200.115662
201.083328
202.049255
203.013443
203.975876
204.936615
205.895615
206.852890
207.808411
208.762222
209.714310
210.664642
211.613281
212.560165
213.505310
214.448746
215.390442
216.330399
217.268631
218.205139
219.139908
220.072952
221.004257
221.933853
222.861710
223.789536
224.719101
225.650406
226.583420
227.518173
228.454651
229.392838
230.332779
231.274414
232.217789
233.162872
234.109711
235.058243
236.008514
236.960510
237.914230
238.869675
239.826843
240.785736
241.746353
242.708694
243.672760
244.638565
245.606079
246.575317
247.546295
248.518982
249.493393
250.469528
251.447403
252.426987
253.408310
254.391342
255.000000
255.000000
0.000000
1.583080
3.040061
4.370942
5.575725
6.716488
7.855313
8.992199
10.127148
11.260158
12.391228
13.520361
14.647555
15.772812
16.896132
18.017511
19.136955
20.254456
21.370024
22.483648
23.595335
24.705090
25.812901
26.918770
28.022709
29.124704
30.224764
31.322882
32.419067
33.513309
34.605618
35.695980
36.784409
37.870899
38.955456
40.038067
41.118740
42.197479
43.274277
44.349136
45.422062
46.493050
47.562092
48.629200
49.694370
50.757599
51.818890
52.878250
53.935665
54.991142
56.044678
57.096279
58.145943
59.193665
60.239456
61.283855
62.328278
63.372765
64.417320
65.461952
66.506645
67.551414
68.596252
69.641159
70.686134
71.731186
72.776299
73.821480
74.866737
75.912064
76.957451
78.002922
79.048447
80.094055
81.139732
82.185471
83.231277
84.277168
85.323112
86.369141
87.415237
88.461395
89.507614
90.553925
91.600288
92.646729
93.693237
94.739815
95.786461
96.833183
97.879967
98.926826
99.973747
101.020744
102.067810
103.114944
104.162155
105.209435
106.256775
107.304192
108.351669
109.399231
110.446846
111.494545
112.542297
113.590088
114.637535
115.684616
116.731316
117.777634
118.823578
119.869141
120.914330
121.959137
123.003571
124.047630
125.091301
126.134598
127.177521
128.220062
129.262222
130.304001
131.345428
132.386444
133.427109
134.467377
135.507278
136.546799
137.585938
138.624695
139.663086
140.701080
141.738724
142.775970
143.812851
144.849335
145.885452
146.921204
147.956558
148.991562
150.026154
151.060379
152.094223
153.127716
154.160797
155.193527
156.225845
157.257812
158.289398
159.320602
160.351425
161.381882
162.411942
163.441650
164.470963
165.499817
166.526062
167.548828
168.568146
169.584000
170.596375
171.605301
172.610733
173.612732
174.611237
175.606293
176.597885
177.586014
178.570663
179.551834
180.529572
181.503830
182.474609
183.441940
184.405807
185.366196
186.323120
187.276581
188.226578
189.173111
190.116165
191.055771
191.991898
192.924576
193.853775
194.779510
195.701782
196.620590
197.535919
198.447784
199.356201
200.261139
201.162598
202.060623
202.955170
203.846237
204.733856
205.617996
206.498672
207.375900
208.249634
209.119919
209.986740
210.850082
211.709976
212.566391
213.422363
214.280746
215.141617
216.004959
216.870758
217.739044
218.609802
219.483032
220.358734
221.236893
222.117554
223.000671
223.886246
224.774307
225.664841
226.557861
227.453339
228.351288
229.251694
230.154587
231.059967
231.967804
232.878113
233.790909
234.706161
235.623886
236.544083
237.466751
238.391891
239.319519
240.249603
241.182159
242.117203
243.054703
243.994675
244.937134
245.882050
246.829453
247.779327
248.731659
249.686478
250.643753
251.603500
252.565735
253.530426
254.497604
255.000000
255.000000
255.000000
255.000000
