0.988063
0.005968
0.005968
0.005968
0.988063
0.005968
0.005968
0.005968
0.988063
0.000000
1.123173
2.242009
3.356507
4.466670
5.572494
6.673981
7.771132
8.863946
9.952422
11.036561
12.116364
13.191828
14.262956
15.329747
16.392200
17.450319
18.504099
19.553539
20.598646
21.639416
22.675846
23.707941
24.735699
25.759117
26.778198
27.792944
28.803352
29.809423
30.811159
31.808558
32.801617
33.790344
34.774727
35.754780
36.730488
37.701866
38.668903
39.631603
40.589970
41.543995
42.493687
43.439037
44.380054
45.316734
46.249073
47.177078
48.100746
49.022739
49.945736
50.869732
51.794727
52.720726
53.647720
54.575714
55.504707
56.434700
57.365696
58.297688
59.230679
60.164669
61.099659
62.035645
62.972637
63.910625
64.849617
65.789597
66.730583
67.672569
68.615555
69.559540
70.504517
71.450500
72.397484
73.345467
74.294449
75.244431
76.195412
77.147385
78.100365
79.054337
80.009315
80.965294
81.922264
82.880241
83.839218
84.799194
85.760170
86.722137
87.685112
88.649078
89.614052
90.580017
91.546989
92.514961
93.483925
94.453896
95.424866
96.396828
97.368805
98.339798
99.309799
100.278831
101.246872
102.213928
103.180008
104.145103
105.109215
106.072342
107.034485
107.995651
108.955841
109.915039
110.873245
111.830482
112.786736
113.742004
114.696281
115.649590
116.601906
117.553246
118.503593
119.452965
120.401360
121.348763
122.295181
123.240623
124.185081
125.128555
126.071045
127.012558
127.953087
128.892624
129.831192
130.768768
131.705353
132.640976
133.575607
134.509247
135.441910
136.373581
137.304291
138.233994
139.162735
140.090485
141.017258
141.943039
142.867828
143.791672
144.714508
145.638458
146.565659
147.496109
148.429779
149.366684
150.306839
151.250214
152.196838
153.146698
154.099792
155.056122
156.015686
156.978500
157.944550
158.913834
159.886353
160.862091
161.841080
162.823318
163.808777
164.797470
165.789413
166.784592
167.783005
168.784653
169.789536
170.797653
171.809021
172.823624
173.841446
174.862518
175.886826
176.914368
177.945145
178.979172
180.016434
181.056915
182.100632
183.147598
184.197815
185.251251
186.307922
187.367844
188.430984
189.497375
190.567001
191.639862
192.715942
193.795288
194.877869
195.963669
197.050522
198.136292
199.220932
200.304474
201.386902
202.468216
203.548416
204.627518
205.705490
206.782364
207.858124
208.932755
210.006317
211.078735
212.150040
213.220245
214.289337
215.357315
216.424179
217.489929
218.554596
219.618118
220.680542
221.741852
222.802063
223.861160
224.919128
225.975998
227.031754
228.086395
229.139923
230.192352
231.243668
232.293884
233.342957
234.390945
235.437805
236.483566
237.528198
238.571732
239.614151
240.655472
241.695663
242.734741
243.772720
244.809601
245.845352
246.879990
247.913513
248.945938
249.977249
251.034851
252.146103
253.311050
254.529663
0.000000
1.219280
2.432486
3.639617
4.840674
6.035655
7.224562
8.407394
9.584152
10.754835
11.919445
13.077979
14.230438
15.376822
16.517132
17.651367
18.779530
19.901617
21.017628
22.127563
23.231424
24.329212
25.420927
26.506567
27.586130
28.659618
29.727032
30.788372
31.843636
32.892826
33.935944
34.972984
36.003952
37.028847
38.047661
39.060402
40.067070
41.067669
42.062187
43.050629
44.032997
45.009296
45.979511
46.943657
47.901733
48.853729
49.799648
50.739498
51.673267
52.600971
53.522594
54.438141
55.347614
56.251011
57.148338
58.039585
58.924767
59.803867
60.681442
61.562065
62.445736
63.332439
64.222191
65.114975
66.010811
66.909683
67.811600
68.716553
69.624542
70.535583
71.449661
72.366783
73.286949
74.210144
75.136391
76.065674
76.998001
77.933372
78.871773
79.813225
80.757721
81.705254
82.655823
83.609436
84.566086
85.525787
86.488525
87.454308
88.423126
89.394981
90.369888
91.347824
92.328812
93.312836
94.299904
95.290016
96.283173
97.279373
98.278595
99.280876
100.286179
101.294540
102.305939
103.320381
104.337860
105.358376
106.381935
107.407494
108.432449
109.456696
110.480240
111.503075
112.525192
113.546608
114.567322
115.587318
116.606606
117.625191
118.643066
119.660233
120.676689
121.692436
122.707474
123.721809
124.735435
125.748352
126.760559
127.772064
128.782837
129.792938
130.802292
131.810974
132.818924
133.826172
134.832703
135.838547
136.843674
137.848083
138.851791
139.854797
140.857071
141.858673
142.859543
143.859695
144.859161
145.857910
146.855942
147.853287
148.849899
149.845810
150.841019
151.835526
152.829315
153.822403
154.814774
155.806442
156.797470
157.788422
158.779358
159.770264
160.761185
161.752075
162.742950
163.733826
164.724686
165.715530
166.706375
167.697189
168.688004
169.678802
170.669571
171.660355
172.651108
173.641861
174.632599
175.623322
176.614044
177.604736
178.595413
179.586090
180.576752
181.567398
182.558044
183.548660
184.539291
185.529877
186.520477
187.511047
188.501602
189.492157
190.482697
191.473236
192.463745
193.454254
194.444733
195.435211
196.425690
197.416122
198.406570
199.397003
200.387421
201.377823
202.368225
203.358597
204.348969
205.339310
206.329788
207.320435
208.311234
209.302200
210.293335
211.284622
212.276077
213.267685
214.259476
215.251434
216.243546
217.235825
218.228256
219.220856
220.213623
221.206558
222.199661
223.192917
224.186325
225.179916
226.173660
227.167572
228.161667
229.155899
230.150299
231.144867
232.139603
233.134506
234.129547
235.124771
236.120163
237.115707
238.111420
239.107300
240.103333
241.099548
242.095917
243.092438
244.089142
245.085999
246.083038
247.080215
248.077560
249.075089
250.072754
251.070602
252.068604
253.066788
254.065109
254.953674
0.000000
1.230661
2.454424
3.671288
4.881255
6.084322
7.280491
8.469763
9.652137
10.827610
11.996187
13.157865
14.312646
15.460526
16.601511
17.735594
18.862783
19.983070
21.096460
22.202951
23.302546
24.395241
25.481035
26.559937
27.631937
28.697039
29.755239
30.806547
31.850952
32.888462
33.919075
34.942787
35.959602
36.969521
37.972534
38.968655
39.957874
40.940201
41.915619
42.888279
43.862297
44.837681
45.814426
46.792538
47.772007
48.752838
49.735039
50.718594
51.703518
52.689804
53.677456
54.666466
55.656841
56.648575
57.641678
58.636143
59.631966
60.629154
61.627708
62.627625
63.628899
64.631538
65.635544
66.640915
67.647644
68.655731
69.665192
70.676010
71.688187
72.701729
73.716637
74.732910
75.750542
76.769531
77.789894
78.811615
79.834702
80.859146
81.884949
82.912132
83.940666
84.970566
86.001823
87.034454
88.068436
89.103790
90.140503
91.178574
92.218018
93.258820
94.300987
95.344513
96.388962
97.433273
98.477379
99.521294
100.565010
101.608528
102.651855
103.694992
104.737923
105.780663
106.823204
107.865547
108.907707
109.949654
110.991417
112.032974
113.074341
114.115517
115.156487
116.197266
117.237854
118.278244
119.318428
120.358429
121.398224
122.437828
123.477242
124.516457
125.555466
126.594292
127.632919
128.671341
129.709564
130.747604
131.785461
132.823090
133.860550
134.897812
135.934860
136.971725
138.008377
139.044861
140.081131
141.117203
142.153091
143.188782
144.224274
145.259567
146.294662
147.329559
148.364273
149.398773
150.433090
151.466965
152.499008
153.528976
154.556885
155.582718
156.606476
157.628143
158.647751
159.665283
160.680740
161.694138
162.705444
163.714691
164.721863
165.726959
166.729980
167.730911
168.729797
169.726593
170.721329
171.713974
172.704559
173.693069
174.679504
175.663879
176.646149
177.626373
178.604523
179.580582
180.554581
181.526505
182.496368
183.464127
184.429840
185.393463
186.355026
187.314499
188.271912
189.227264
190.180527
191.131714
192.080826
193.027878
193.972839
194.915756
195.856567
196.795334
197.732010
198.666611
199.599136
200.529602
201.457993
202.384293
203.308594
204.231934
205.154739
206.077042
206.998840
207.920120
208.840881
209.761139
210.680847
211.600067
212.518784
213.436966
214.354630
215.271790
216.188431
217.104553
218.020172
218.935272
219.849854
220.763916
221.677460
222.590500
223.503021
224.415024
225.326523
226.237503
227.147964
228.057907
228.967331
229.876266
230.784653
231.692551
232.599930
233.506790
234.413132
235.318954
236.224258
237.129059
238.033340
238.937103
239.840363
240.743103
241.645325
242.547028
243.448227
244.348907
245.249069
246.148727
247.047852
247.946487
248.844574
249.742172
250.639236
251.535797
252.320038
252.880219
253.216324
253.328384
