0.970170
0.014915
0.014915
0.014915
0.970170
0.014915
0.014915
0.014915
0.970170
0.000000
1.167638
2.322496
3.464573
4.593871
5.710389
6.814126
7.905084
8.983260
10.048658
11.101275
12.141112
13.168169
14.182446
15.190338
16.198248
17.206173
18.214109
19.222063
20.230030
21.238014
22.246014
23.254025
24.262051
25.270096
26.278151
27.286226
28.294312
29.302412
30.310528
31.318659
32.326809
33.334969
34.343143
35.351334
36.359543
37.367760
38.375996
39.384243
40.392509
41.400791
42.409084
43.417393
44.425720
45.434055
46.442406
47.450775
48.459164
49.467564
50.475975
51.484402
52.492847
53.501305
54.509777
55.518257
56.526772
57.535282
58.543816
59.552357
60.560921
61.569504
62.578091
63.586693
64.595322
65.603951
66.612610
67.621269
68.629951
69.638641
70.647354
71.656075
72.664680
73.672386
74.679062
75.684708
76.689331
77.692917
78.695473
79.696999
80.697502
81.696968
82.695404
83.692802
84.689186
85.684525
86.678841
87.672127
88.664383
89.655602
90.645798
91.634964
92.623100
93.610199
94.596275
95.581314
96.565331
97.548302
98.530258
99.511169
100.491066
101.469933
102.447762
103.424553
104.400322
105.375061
106.348770
107.321457
108.293091
109.263718
110.233299
111.201866
112.169388
113.135887
114.101357
115.065788
116.029190
116.991562
117.952904
118.913223
119.872513
120.830765
121.787987
122.744179
123.699341
124.653473
125.606575
126.558647
127.509697
128.459702
129.409760
130.360931
131.313217
132.266632
133.221161
134.176819
135.133575
136.091461
137.050461
138.010605
138.971848
139.934189
140.897690
141.862274
142.828003
143.794830
144.762787
145.731857
146.702057
147.673355
148.645782
149.619339
150.594009
151.569794
152.546707
153.524734
154.503876
155.484131
156.465515
157.448013
158.431625
159.416367
160.402222
161.389191
162.377289
163.366486
164.356842
165.348282
166.340851
167.334518
168.329330
169.325272
170.322296
171.320465
172.319748
173.320145
174.321671
175.324295
176.328049
177.332932
178.338913
179.346024
180.354248
181.363602
182.374069
183.385666
184.398361
185.412140
186.426743
187.442123
188.458267
189.475204
190.492920
191.511398
192.530655
193.550690
194.571487
195.593079
196.615433
197.638580
198.662491
199.687195
200.712662
201.738892
202.765915
203.793716
204.822296
205.851639
206.881775
207.912689
208.944351
209.976807
211.010040
212.044052
213.078827
214.114395
215.150726
216.187851
217.225739
218.264389
219.303833
220.344070
221.385056
222.426819
223.469376
224.512695
225.556808
226.601669
227.647339
228.693756
229.740967
230.788940
231.837708
232.887238
233.937546
234.988632
236.040512
237.093140
238.146545
239.200745
240.255722
241.311462
242.367981
243.425278
244.483353
245.520218
246.513931
247.464462
248.371811
249.235992
250.056992
250.834824
251.569504
252.260986
252.909302
253.514450
254.076401
0.000000
0.976703
1.959246
2.947627
3.941847
4.941905
5.947804
6.959541
7.977117
9.000532
10.029786
11.064878
12.105811
13.152581
14.205192
15.263639
16.327929
17.398056
18.474022
19.555826
20.639465
21.720934
22.800232
23.877359
24.952316
26.025105
27.095718
28.164165
29.230440
30.294544
31.356480
32.416245
33.473835
34.529255
35.582516
36.633591
37.682503
38.729248
39.773815
40.816216
41.856445
42.894505
43.930393
44.964111
45.995659
47.025040
48.052242
49.077278
50.100143
51.120838
52.139366
53.155720
54.169899
55.181908
56.191757
57.199425
58.204933
59.208263
60.209419
61.208416
62.205231
63.199883
64.192368
65.182671
66.170807
67.156776
68.140572
69.122208
70.101654
71.078941
72.054062
73.027008
73.997780
74.966385
75.932816
76.897079
77.859169
78.820473
79.782356
80.744835
81.707893
82.671539
83.635773
84.600594
85.565987
86.531982
87.498558
88.465729
89.433472
90.401817
91.370735
92.340240
93.310341
94.281029
95.252296
96.224152
97.196587
98.169617
99.143234
100.117432
101.092224
102.067589
103.043556
104.020103
104.997231
105.974945
106.953255
107.932144
108.911629
109.891693
110.872345
111.853577
112.835403
113.817818
114.800804
115.784393
116.768555
117.753311
118.738655
119.724586
120.711105
121.698196
122.685883
123.674171
124.663025
125.652473
126.642509
127.633118
128.624329
129.616119
130.608505
131.601471
132.595016
133.589157
134.583542
135.577835
136.572037
137.566162
138.560181
139.554123
140.547974
141.541733
142.535400
143.528976
144.522461
145.515869
146.509186
147.502396
148.495529
149.488571
150.481537
151.474380
152.467163
153.459839
154.452438
155.444946
156.437363
157.429688
158.421921
159.414078
160.406128
161.398102
162.389969
163.381760
164.373459
165.365082
166.356598
167.348022
168.339355
169.330612
170.321777
171.312851
172.303818
173.294724
174.285522
175.276230
176.266861
177.257385
178.247849
179.238190
180.228470
181.218628
182.208725
183.198715
184.188629
185.178436
186.168167
187.157806
188.147354
189.136810
190.126190
191.115906
192.106476
193.097839
194.090027
195.083023
196.076828
197.071487
198.066925
199.063202
200.060303
201.058197
202.056931
203.056458
204.056824
205.057983
206.059982
207.062790
208.066406
209.070862
210.076111
211.082184
212.089081
213.096786
214.105316
215.114670
216.124832
217.135803
218.147598
219.160217
220.173660
221.187897
222.202957
223.218842
224.235550
225.253052
226.271393
227.290543
228.310501
229.331299
230.352890
231.375320
232.398560
233.422592
234.447479
235.473160
236.499680
237.526993
238.555130
239.584091
240.613846
241.644440
242.675858
243.708084
244.741135
245.774979
246.809662
247.845154
248.859772
249.831757
250.761139
251.647934
252.492126
253.293701
254.052658
254.769028
0.000000
1.173327
2.346960
3.520898
4.695144
5.869695
7.044551
8.219713
9.395182
10.570957
11.747037
12.923424
14.100114
15.275290
16.447128
17.615631
18.780794
19.942619
21.101109
22.256260
23.408073
24.556551
25.701691
26.843493
27.981956
29.117083
30.248873
31.377321
32.502438
33.624214
34.742653
35.857758
36.969524
38.077946
39.183037
40.284794
41.383202
42.478283
43.570019
44.658421
45.743488
46.825211
47.903603
48.978657
50.050365
51.118744
52.183781
53.245487
54.303856
55.358879
56.410572
57.458927
58.503937
59.545616
60.583954
61.618961
62.650627
63.678951
64.703949
65.725601
66.743912
67.758888
68.770531
69.778831
70.783806
71.785423
72.783722
73.778671
74.771568
75.765572
76.760818
77.757309
78.755035
79.754013
80.754234
81.755692
82.758400
83.762344
84.767525
85.773964
86.781639
87.790550
88.800713
89.812111
90.824753
91.838638
92.853775
93.870148
94.887764
95.906624
96.926727
97.948067
98.970657
99.994484
101.019554
102.045876
103.073425
104.102234
105.132271
106.163567
107.196091
108.229866
109.264885
110.301132
111.338638
112.377388
113.417366
114.458595
115.501068
116.544785
117.589737
118.635941
119.683388
120.732063
121.781998
122.833168
123.885582
124.939240
125.994141
127.050278
128.107666
129.166290
130.226151
131.286957
132.346741
133.405228
134.462418
135.518250
136.572784
137.626022
138.677917
139.728516
140.777802
141.825760
142.872406
143.917755
144.961761
146.004471
147.045868
148.085922
149.124680
150.162140
151.198257
152.233078
153.266571
154.298767
155.329636
156.359177
157.387421
158.414352
159.439957
160.464249
161.487228
162.508896
163.529236
164.548264
165.565994
166.582397
167.597488
168.611252
169.623718
170.634857
171.644699
172.653198
173.660416
174.666290
175.670868
176.674103
177.676056
178.676666
179.675995
180.673981
181.670654
182.666016
183.660080
184.652817
185.644226
186.634323
187.623093
188.609985
189.594818
190.577576
191.558258
192.536865
193.513397
194.487854
195.460236
196.430542
197.398773
198.364914
199.329010
200.291016
201.250961
202.208817
203.164597
204.118301
205.069931
206.019485
206.966980
207.912399
208.855713
209.796982
210.736176
211.673279
212.608322
213.541275
214.472168
215.400970
216.327713
217.252365
218.174957
219.095490
220.013916
220.930283
221.844559
222.756790
223.666931
224.574982
225.480988
226.384888
227.286728
228.186493
229.084183
229.979797
230.873352
231.764832
232.654205
233.541519
234.426758
235.309937
236.191025
237.070038
237.946991
238.821869
239.692047
240.554962
241.410614
242.258942
243.100021
243.933823
244.760345
245.579575
246.391525
247.196213
247.993607
248.783737
249.566559
250.342133
251.110413
251.871414
252.625122
253.371582
254.110748
254.842621
255.000000
255.000000
