0.998523
0.000739
0.000739
0.000739
0.998523
0.000739
0.000739
0.000739
0.998523
0.000000
1.082317
2.164108
3.245372
4.326112
5.406324
6.486011
7.565171
8.643806
9.721914
10.799496
11.876553
12.953081
14.029086
15.103541
16.175426
17.244738
18.311478
19.375647
20.437244
21.496271
22.552725
23.606607
24.657919
25.706657
26.752827
27.796425
28.837446
29.875900
30.911783
31.945091
32.975830
34.004002
35.029598
36.052620
37.073071
38.090954
39.106262
40.118999
41.129169
42.136765
43.141785
44.144238
45.144115
46.141426
47.136158
48.128323
49.117916
50.104942
51.089394
52.071278
53.050583
54.028847
55.007610
55.986870
56.966614
57.946861
58.927601
59.908829
60.890556
61.872776
62.855488
63.838696
64.822395
65.806587
66.791275
67.776459
68.762138
69.748306
70.734970
71.722122
72.709778
73.697922
74.686562
75.675690
76.665314
77.655434
78.646049
79.637161
80.628754
81.620850
82.613441
83.606529
84.600105
85.594177
86.588737
87.583794
88.579346
89.575394
90.571930
91.568619
92.565094
93.561363
94.557419
95.553268
96.548904
97.544334
98.539558
99.534569
100.529381
101.523979
102.518372
103.512550
104.506523
105.500290
106.493843
107.487190
108.480331
109.473267
110.465988
111.458496
112.450798
113.442902
114.434799
115.426476
116.417946
117.409210
118.400261
119.391113
120.381752
121.372185
122.362404
123.352417
124.342216
125.331818
126.321213
127.310387
128.299362
129.288208
130.277100
131.265991
132.254883
133.243790
134.232712
135.221634
136.210556
137.199509
138.188461
139.177414
140.166382
141.155365
142.144348
143.133331
144.122345
145.111359
146.100388
147.089401
148.078445
149.067490
150.056549
151.045624
152.034683
153.023773
154.012863
155.001968
155.991074
156.980179
157.969315
158.958450
159.947586
160.936752
161.925903
162.915070
163.904266
164.893448
165.882660
166.870178
167.854355
168.835190
169.812668
170.786804
171.757599
172.725037
173.689117
174.649857
175.607254
176.561295
177.512009
178.459351
179.403351
180.344009
181.281311
182.215271
183.145874
184.073120
184.997040
185.917603
186.834824
187.748688
188.659210
189.566391
190.470200
191.370682
192.267792
193.161591
194.052017
194.939102
195.822830
196.703217
197.580246
198.453934
199.324280
200.191269
201.054916
201.915207
202.772156
203.625748
204.476013
205.322906
206.166458
207.006668
207.843521
208.677032
209.507202
210.334000
211.157486
211.977600
212.794373
213.607788
214.417862
215.224579
216.027954
216.827988
217.624680
218.417999
219.207993
219.994629
220.777908
221.557846
222.334427
223.107666
223.877579
224.644135
225.407303
226.167160
226.923676
227.676819
228.426620
229.173096
229.916199
230.655960
231.392349
232.125427
232.855148
233.581512
234.304520
235.024200
235.740524
236.453506
237.163116
237.869400
238.572327
239.271912
239.968140
240.661026
241.350555
0.000000
1.000932
2.004707
3.011325
4.020788
5.033092
6.048242
7.066233
8.087069
9.110747
10.137270
11.166636
12.195414
13.220177
14.240922
15.257652
16.270367
17.279062
18.283741
19.284407
20.281054
21.273684
22.262299
23.246897
24.227478
25.204042
26.176590
27.145121
28.109638
29.070135
30.026619
30.979084
31.927536
32.871967
33.812382
34.748787
35.681168
36.612331
37.545090
38.479439
39.415371
40.352901
41.292011
42.232712
43.175003
44.118885
45.064350
46.011410
46.960052
47.910290
48.862110
49.815525
50.770527
51.727116
52.685295
53.645058
54.606415
55.569359
56.533894
57.500015
58.467728
59.437027
60.407200
61.377537
62.348034
63.318687
64.289513
65.260490
66.231628
67.202934
68.174393
69.146019
70.117805
71.089752
72.061859
73.034126
74.006554
74.979141
75.951897
76.924812
77.897888
78.871124
79.844521
80.818077
81.791794
82.765671
83.739708
84.713371
85.686089
86.657860
87.628708
88.598618
89.567589
90.535614
91.502716
92.468872
93.434097
94.398384
95.361732
96.324158
97.285629
98.246178
99.205772
100.164452
101.122177
102.078979
103.034836
103.989761
104.943748
105.896797
106.848915
107.800087
108.749382
109.695869
110.639549
111.580421
112.518478
113.453720
114.386147
115.315765
116.242569
117.166565
118.087753
119.006119
119.921677
120.834427
121.744362
122.651482
123.555794
124.457298
125.355980
126.251862
127.144928
128.035172
128.922607
129.807236
130.689041
131.568054
132.444244
133.317627
134.188187
135.055939
135.920898
136.783020
137.642334
138.498840
139.352539
140.203430
141.051498
141.896759
142.739197
143.578842
144.415665
145.249664
146.080872
146.909271
147.734833
148.557587
149.377548
150.194687
151.009018
151.820541
152.629242
153.435135
154.238205
155.038483
155.835938
156.630569
157.422409
158.211426
158.997635
159.781036
160.561600
161.339371
162.114334
162.886490
163.655823
164.422348
165.186050
165.946945
166.705032
167.460312
168.212784
168.962433
169.709259
170.453293
171.194504
171.932907
172.668518
173.401291
174.131256
174.858414
175.582748
176.304276
177.023010
177.738907
178.452011
179.162292
179.869766
180.574432
181.276260
181.975311
182.671524
183.364929
184.055542
184.743317
185.428299
186.110458
186.789810
187.466339
188.140076
188.810989
189.479111
190.144379
190.806870
191.466522
192.123398
192.777420
193.428665
194.077072
194.722702
195.365479
196.005463
196.642639
197.276993
197.908554
198.537277
199.163208
199.786316
200.406631
201.024109
201.638794
202.250656
202.859695
203.465927
204.069351
204.669983
205.267776
205.862762
206.454956
207.044327
207.630859
208.214615
208.795547
209.373657
209.948975
210.521469
211.091156
211.658020
212.222076
212.783325
213.341766
213.897400
214.450195
215.000198
215.547379
0.000000
0.518537
1.379046
2.405441
3.421634
4.427626
5.423415
6.409003
7.384390
8.349574
9.304557
10.249338
11.183919
12.108296
13.022472
13.926448
14.820219
15.703791
16.577160
17.440327
18.293295
19.142401
20.003153
20.876255
21.761707
22.659510
23.569664
24.492167
25.427019
26.374224
27.333776
28.305681
29.289934
30.286537
31.295492
32.316795
33.350449
34.396454
35.454811
36.522350
37.580154
38.625053
39.657047
40.676140
41.682331
42.675617
43.656002
44.623482
45.578064
46.519741
47.448513
48.364384
49.267349
50.157413
51.034576
51.898838
52.750191
53.589233
54.428917
55.274544
56.126110
56.983620
57.847069
58.716465
59.591797
60.473072
61.360291
62.253445
63.152546
64.057587
64.968575
65.885490
66.808365
67.737175
68.671921
69.612617
70.553650
71.489449
72.420006
73.345322
74.265388
75.180214
76.089798
76.994141
77.893242
78.787102
79.675713
80.559082
81.437218
82.310104
83.177750
84.040154
84.897308
85.749222
86.595901
87.437340
88.273521
89.104469
89.930168
90.750626
91.565849
92.375824
93.180557
93.980057
94.774300
95.563309
96.347069
97.125595
97.898872
98.666901
99.429695
100.187248
100.939560
101.686623
102.428444
103.165024
103.896362
104.622459
105.343315
106.058922
106.769287
107.474411
108.174301
108.868942
109.558334
110.242485
110.921402
111.595070
112.263496
112.926674
113.584625
114.237320
114.884773
115.526993
116.163963
116.795692
117.422180
118.043419
118.659424
119.270180
119.875694
120.475967
121.071007
121.660789
122.245338
122.824638
123.398705
123.967522
124.531097
125.089424
125.642525
126.190361
126.732971
127.270340
127.802467
128.329330
128.850967
129.367355
129.878525
130.384415
130.885086
131.380508
131.870682
132.355621
132.835312
133.309769
133.778976
134.242935
134.701675
135.155167
135.603378
136.046387
136.484146
136.916656
137.343918
137.765961
138.182709
138.594284
139.000565
139.401627
139.797455
140.188004
140.573334
140.953430
141.328278
141.697861
142.062210
142.421341
142.775208
143.123856
143.467224
143.805374
144.138275
144.465958
144.788376
145.105545
145.417465
145.724152
146.025620
146.321823
146.612762
146.898499
147.178955
147.454224
147.724197
147.988953
148.248459
148.502716
148.751740
148.995514
149.234039
149.467346
149.695404
149.918198
150.135788
150.348114
150.555191
150.757019
150.953613
151.144974
151.331070
151.511948
151.687576
151.857956
152.023087
152.182999
152.337662
152.487061
152.631241
152.770157
152.903854
153.032288
153.155487
153.273438
153.386154
153.493652
153.595856
153.692856
153.784607
153.871109
153.952362
154.028381
154.099152
154.164688
154.224976
154.280014
154.329819
154.374374
154.413712
154.447784
154.476608
154.500198
154.518555
154.531662
154.539536
154.542145
