0.928140
0.035930
0.035930
0.035930
0.928140
0.035930
0.035930
0.035930
0.928140
0.000000
0.000000
0.000000
0.000000
0.000000
0.802019
2.451842
4.084062
5.698680
7.295695
8.875106
10.436915
11.981122
13.507726
15.016726
16.508125
17.981924
19.438116
20.876705
22.297691
23.701077
25.086861
26.455038
27.805614
29.138586
30.453959
31.751724
33.031895
34.294453
35.539417
36.766766
37.976524
39.168678
40.343227
41.500172
42.639519
43.761257
44.865402
45.951931
47.020866
48.072193
49.105919
50.122040
51.120564
52.101482
53.064808
54.010513
54.938622
55.849129
56.742027
57.617332
58.475040
59.315136
60.137634
60.942513
61.729809
62.499496
63.251572
63.997631
64.749237
65.506393
66.269104
67.037369
67.811180
68.590538
69.375450
70.165916
70.961929
71.763496
72.570618
73.383278
74.201500
75.025269
75.854591
76.689461
77.529884
78.375854
79.227379
80.084450
80.947075
81.815247
82.688980
83.568260
84.453079
85.343468
86.239395
87.140877
88.047295
88.958061
89.873146
90.792587
91.716347
92.644447
93.576889
94.513657
95.454765
96.400208
97.349983
98.304100
99.262543
100.225327
101.192444
102.163902
103.139687
104.119820
105.104279
106.093071
107.086205
108.083672
109.085472
110.091614
111.102089
112.116890
113.136040
114.159515
115.187332
116.215721
117.240936
118.262970
119.281822
120.297493
121.309990
122.319305
123.325447
124.328400
125.328171
126.324776
127.318192
128.308426
129.295502
130.279373
131.260071
132.237579
133.211929
134.183090
135.151077
136.115875
137.077515
138.035950
138.991211
139.943298
140.892197
141.837921
142.780472
143.719833
144.658661
145.599564
146.542587
147.487686
148.434891
149.384186
150.335556
151.289032
152.244614
153.202255
154.162018
155.123871
156.087814
157.053848
158.021973
158.992188
159.964508
160.938919
161.915421
162.894012
163.874710
164.857483
165.842346
166.829315
167.818375
168.809525
169.802780
170.798111
171.795547
172.791901
173.783951
174.771744
175.755234
176.734467
177.709412
178.680084
179.646454
180.608566
181.566391
182.519943
183.469208
184.414200
185.354904
186.291336
187.223495
188.151367
189.074966
189.994278
190.909332
191.820068
192.726562
193.628769
194.526672
195.420319
196.309692
197.194763
198.075577
198.952103
199.824341
200.692307
201.555984
202.415405
203.270538
204.121384
204.967957
205.810242
206.648270
207.481995
208.311447
209.136627
209.957520
210.774139
211.586472
212.394547
213.198318
213.997833
214.793045
215.583984
216.370667
217.153046
217.931152
218.704987
219.474518
220.239807
221.000793
221.757492
222.509933
223.258087
224.001968
224.741562
225.476868
226.207916
226.934662
227.657150
228.375351
229.089264
229.798904
230.504272
231.205353
231.902161
232.594666
233.282913
233.966904
234.646591
235.321991
235.993118
236.659958
237.322540
237.980835
238.634857
239.284592
0.000000
0.000000
0.000000
0.000000
0.000000
0.000000
0.000000
1.479518
3.242793
4.984580
6.704881
8.403693
10.081018
11.736859
13.371211
14.984076
16.575457
18.145350
19.693752
21.220673
22.726101
24.210047
25.672503
27.113472
28.532957
29.930952
31.307467
32.662483
33.996021
35.308071
36.598633
37.867702
39.115299
40.341396
41.546013
42.729141
43.890781
45.030930
46.149601
47.246780
48.322472
49.376678
50.409397
51.420628
52.410374
53.378632
54.325405
55.250690
56.154488
57.036800
57.897621
58.736958
59.554806
60.351166
61.126049
61.879436
62.611340
63.321754
64.010681
64.678123
65.324081
65.966118
66.621811
67.291153
67.974144
68.670799
69.381096
70.105042
70.842651
71.593910
72.358818
73.137383
73.929604
74.735466
75.554985
76.388161
77.234993
78.095467
78.969597
79.857384
80.758812
81.673912
82.602654
83.545044
84.501091
85.470787
86.454140
87.451141
88.461334
89.474815
90.487503
91.499405
92.510506
93.520828
94.530350
95.539085
96.547028
97.554184
98.560555
99.566132
100.570915
101.574913
102.578117
103.580528
104.582153
105.582993
106.583031
107.582291
108.580757
109.578430
110.575310
111.571404
112.566711
113.561234
114.554955
115.547882
116.540100
117.531921
118.523415
119.514587
120.505424
121.495949
122.486145
123.476013
124.465569
125.454781
126.443680
127.432259
128.420502
129.408432
130.396027
131.383301
132.370239
133.356873
134.343170
135.329147
136.314804
137.300125
138.285126
139.269806
140.254150
141.238174
142.221878
143.205261
144.188446
145.171768
146.155258
147.138885
148.122650
149.106583
150.090668
151.074905
152.059296
153.043823
154.028519
155.013367
155.998352
156.983505
157.968781
158.954239
159.939850
160.925583
161.911499
162.897552
163.883759
164.870117
165.856628
166.843292
167.830093
168.817062
169.804184
170.791443
171.778061
172.763229
173.746964
174.729263
175.710114
176.689514
177.667480
178.643997
179.619064
180.592697
181.564865
182.535614
183.504913
184.472763
185.439163
186.404129
187.367661
188.329742
189.290375
190.249557
191.207306
192.163605
193.118469
194.071884
195.023849
195.974380
196.923462
197.871094
198.817307
199.762054
200.705368
201.647232
202.587646
203.526627
204.464157
205.400238
206.334885
207.268082
208.199860
209.130173
210.059036
210.986465
211.912445
212.836975
213.760086
214.681732
215.601929
216.520691
217.438019
218.353897
219.268326
220.181320
221.092865
222.002960
222.911621
223.818848
224.724609
225.628922
226.531799
227.433243
228.333237
229.231796
230.128906
231.024567
231.918793
232.811569
233.702881
234.592789
235.481216
236.368210
237.253769
238.137894
239.020554
239.901764
240.781555
241.659882
242.536789
243.412231
244.286240
245.158798
246.029922
246.899597
247.767838
248.634613
0.000000
0.000000
0.369437
1.933331
3.483451
5.019798
6.542371
8.051169
9.546197
11.027449
12.494927
13.948631
15.388562
16.814720
18.227104
19.625713
21.010551
22.381615
23.738903
25.082418
26.412159
27.728127
29.030321
30.318747
31.593391
32.854267
34.101360
35.334690
36.554245
37.760017
38.952030
40.130253
41.294716
42.445400
43.582310
44.705444
45.814812
46.910397
47.992222
49.060253
50.114529
51.155022
52.181740
53.194691
54.193863
55.179264
56.150894
57.108746
58.052822
58.983124
59.899658
60.802414
61.691399
62.566616
63.428043
64.275719
65.109604
65.929726
66.736061
67.528633
68.307419
69.083305
69.867104
70.658836
71.458488
72.266075
73.081581
73.905029
74.736397
75.575699
76.422920
77.278069
78.141159
79.012169
79.891106
80.777969
81.672768
82.575493
83.486137
84.404716
85.331223
86.265663
87.208023
88.158318
89.116531
90.082680
91.054070
92.024117
92.992516
93.959282
94.924408
95.887886
96.849724
97.809929
98.768486
99.725410
100.680687
101.634331
102.586327
103.536682
104.485405
105.432480
106.377922
107.321716
108.263870
109.204384
110.143265
111.080498
112.016090
112.950043
113.882362
114.813751
115.748505
116.687347
117.630264
118.577271
119.528366
120.483543
121.442795
122.406136
123.373566
124.345078
125.320663
126.300346
127.284103
128.271957
129.263885
130.259888
131.259979
132.264160
133.272415
134.284760
135.301193
136.321716
137.346298
138.374985
139.407516
140.438263
141.464966
142.487625
143.506241
144.520828
145.531342
146.537827
147.540268
148.538651
149.533005
150.523300
151.509552
152.491776
153.469955
154.444061
155.414139
156.380188
157.342163
158.300110
159.253998
160.203857
161.149658
162.091431
163.029144
163.962814
164.894028
165.824356
166.753845
167.682434
168.610153
169.537003
170.462982
171.388092
172.312317
173.235687
174.158173
175.079788
176.000519
176.920395
177.839401
178.757523
179.674774
180.591141
181.506653
182.421280
183.335037
184.247940
185.159943
186.071091
186.981369
187.890762
188.799286
189.706940
190.613724
191.519623
192.424652
193.328827
194.232117
195.134537
196.036072
196.936737
197.836533
198.735458
199.633514
200.530701
201.427002
202.322433
203.216995
204.110703
205.003494
205.895447
206.786530
207.676727
208.566055
209.454498
210.342087
211.228790
212.114624
212.999588
213.883682
214.766907
215.649246
216.530716
217.411316
218.291046
219.169891
220.047882
220.924988
221.801224
222.676590
223.551086
224.424713
225.297455
226.169327
227.040329
227.910446
228.779709
229.648102
230.515610
231.382233
232.248001
233.112900
233.976913
234.840057
235.702332
236.563721
237.424271
238.283920
239.142685
240.000626
240.857651
241.713821
242.569107
243.423523
244.277069
245.129745
245.981567
246.832474
247.682541
