0.994553
0.002724
0.002724
0.002724
0.994553
0.002724
0.002724
0.002724
0.994553
0.000000
1.343019
2.639647
3.889884
5.093729
6.251184
7.362247
8.426919
9.445201
10.417090
11.366449
12.317140
13.269160
14.222511
15.177192
16.133204
17.090544
18.049217
19.009218
19.970551
20.933214
21.897207
22.862530
23.829184
24.797169
25.766481
26.737129
27.709101
28.682407
29.657043
30.633011
31.610306
32.588936
33.568893
34.550179
35.532799
36.516743
37.502022
38.488632
39.476570
40.465836
41.456436
42.448364
43.441628
44.436218
45.432140
46.429390
47.427971
48.427883
49.429131
50.431698
51.435604
52.440838
53.447399
54.455296
55.464520
56.475075
57.486958
58.500172
59.514717
60.530594
61.547798
62.566338
63.586201
64.607391
65.629929
66.653778
67.678925
68.704636
69.730598
70.756813
71.783287
72.810005
73.836975
74.864197
75.891678
76.919411
77.947388
78.975624
80.004112
81.032852
82.061852
83.091095
84.120590
85.150345
86.180344
87.210594
88.241104
89.271873
90.302887
91.334152
92.365662
93.397438
94.429466
95.461731
96.494255
97.527039
98.560074
99.593361
100.626900
101.660690
102.694733
103.729034
104.763588
105.798378
106.833443
107.868752
108.904297
109.940109
110.976173
112.012497
113.049057
114.085884
115.122955
116.160286
117.197861
118.235695
119.273773
120.312119
121.350708
122.389549
123.428642
124.467987
125.507584
126.547440
127.587486
128.627396
129.667130
130.706665
131.746017
132.785172
133.824142
134.862915
135.901505
136.939896
137.978088
139.016113
140.053955
141.091583
142.129028
143.166290
144.203354
145.240234
146.276917
147.313416
148.349731
149.385834
150.421768
151.457504
152.493057
153.528427
154.563599
155.598572
156.633362
157.667969
158.702377
159.736588
160.770615
161.804459
162.838104
163.871567
164.904846
165.937927
166.970825
168.003510
169.036041
170.068359
171.100494
172.132431
173.164185
174.195755
175.227127
176.258316
177.289307
178.320114
179.350708
180.381134
181.411377
182.441422
183.471268
184.500946
185.530426
186.559708
187.588211
188.614502
189.638504
190.660217
191.679642
192.696777
193.711624
194.724182
195.734467
196.742447
197.748169
198.751572
199.752716
200.751556
201.748108
202.742371
203.734360
204.724060
205.711456
206.696594
207.679428
208.659973
209.638229
210.614212
211.587906
212.559296
213.528412
214.495255
215.459793
216.422043
217.382019
218.339691
219.295074
220.248184
221.199020
222.147537
223.093796
224.037750
224.979416
225.918823
226.855911
227.790726
228.723251
229.653503
230.581451
231.507111
232.430481
233.351593
234.270401
235.186920
236.101151
237.013092
237.922745
238.830124
239.735199
240.638000
241.538513
242.436737
243.326965
244.203583
245.066544
245.915878
246.751572
247.573608
248.382004
249.176773
249.957886
250.725357
251.479172
252.219360
252.945892
253.658798
254.358047
0.000000
1.057324
2.107181
3.149571
4.184495
5.211952
6.231944
7.244468
8.249526
9.251117
10.253237
11.255887
12.259068
13.262780
14.267020
15.271791
16.277094
17.282927
18.289289
19.296181
20.303602
21.311556
22.320040
23.329054
24.338596
25.348671
26.359276
27.370411
28.382074
29.394268
30.406994
31.420250
32.434036
33.448353
34.463200
35.478573
36.494480
37.510918
38.527889
39.545383
40.563408
41.581966
42.601055
43.620670
44.640827
45.661503
46.682705
47.704449
48.726723
49.749523
50.772854
51.796715
52.821102
53.846020
54.871471
55.897457
56.923969
57.951008
58.978607
60.006924
61.035992
62.065804
63.096367
64.127670
65.159721
66.192535
67.226074
68.260376
69.295425
70.331207
71.367744
72.405029
73.443069
74.481842
75.521362
76.561646
77.602661
78.644432
79.686943
80.730209
81.774216
82.818970
83.864479
84.910728
85.957726
87.005470
88.053963
89.103195
90.153191
91.203918
92.255402
93.307625
94.360603
95.414322
96.468788
97.524010
98.579971
99.636688
100.694138
101.752350
102.811295
103.870995
104.931442
105.992638
107.054573
108.117271
109.180695
110.244881
111.309135
112.372818
113.435921
114.498436
115.560364
116.621719
117.682480
118.742668
119.802269
120.861282
121.919724
122.977585
124.034851
125.091537
126.147644
127.203171
128.258102
129.312469
130.366241
131.419434
132.472046
133.524078
134.575516
135.626373
136.676666
137.726349
138.775467
139.824005
140.871933
141.919312
142.966080
144.012283
145.057907
146.102936
147.147400
148.191254
149.234543
150.277252
151.319366
152.360916
153.401871
154.442245
155.482040
156.521225
157.559845
158.597900
159.635361
160.672241
161.708527
162.744202
163.779144
164.813293
165.846695
166.879288
167.911133
168.942184
169.972473
171.001984
172.030716
173.058670
174.085861
175.112259
176.137894
177.162750
178.186829
179.210144
180.232666
181.254440
182.275421
183.295624
184.315048
185.333710
186.351593
187.368698
188.385025
189.400574
190.415359
191.429367
192.442596
193.455048
194.466721
195.477615
196.487762
197.497101
198.505692
199.513489
200.520508
201.526779
202.532242
203.536942
204.540863
205.544022
206.546402
207.547989
208.548828
209.548874
210.548157
211.546661
212.544373
213.538452
214.525955
215.506912
216.481308
217.449173
218.410461
219.365204
220.313400
221.255035
222.190125
223.118652
224.040634
224.956055
225.864944
226.767258
227.663025
228.552231
229.434906
230.311005
231.180573
232.043579
232.900024
233.749924
234.593277
235.430069
236.260300
237.083984
237.901123
238.711700
239.515747
240.313217
241.104141
241.888519
242.666321
243.437592
244.202301
244.960464
245.712067
246.457123
247.195618
247.927582
248.652969
249.371796
250.084091
250.789825
251.489014
252.181641
252.867722
253.547241
0.000000
2.395392
3.337335
4.281452
5.227748
6.176222
7.126875
8.079706
9.034717
9.991904
10.951271
11.912817
12.876540
13.842443
14.810526
15.780785
16.753223
17.727839
18.704638
19.683611
20.664764
21.648094
22.633606
23.621292
24.611160
25.603205
26.597429
27.593830
28.592411
29.593172
30.596107
31.601227
32.608521
33.617992
34.629646
35.643478
36.659485
37.677677
38.698044
39.720592
40.744549
41.769154
42.794403
43.820301
44.846848
45.874035
46.901871
47.930355
48.959484
49.989262
51.019684
52.050755
53.082466
54.114834
55.147839
56.181499
57.215801
58.250744
59.286343
60.322582
61.359474
62.397007
63.435188
64.474014
65.513489
66.553612
67.594376
68.635788
69.677849
70.720551
71.763908
72.807907
73.852547
74.897842
75.943779
76.990356
78.037598
79.085472
80.134850
81.186592
82.240692
83.297150
84.355957
85.417137
86.480667
87.546555
88.614807
89.685417
90.758385
91.833717
92.911400
93.991447
95.073845
96.158607
97.245728
98.335205
99.427048
100.521240
101.617798
102.716713
103.817986
104.921608
106.027596
107.135948
108.246651
109.359718
110.475151
111.592926
112.713074
113.835571
114.960426
116.087646
117.217224
118.349167
119.483459
120.620102
121.755424
122.885696
124.010925
125.131126
126.246277
127.356392
128.461472
129.561508
130.656509
131.746460
132.831375
133.911255
134.986099
136.055893
137.120651
138.180374
139.235062
140.284698
141.329315
142.368881
143.403397
144.432877
145.457321
146.476730
147.491089
148.500427
149.504715
150.503952
151.498154
152.487335
153.471451
154.450562
155.424591
156.393616
157.357574
158.316513
159.270416
160.219269
161.166031
162.113617
163.062042
164.011307
164.961411
165.912338
166.864105
167.816711
168.770157
169.724442
170.679581
171.635529
172.592316
173.549942
174.508408
175.467712
176.427841
177.388824
178.350632
179.313278
180.276764
181.241089
182.206238
183.172241
184.139069
185.106735
186.075241
187.044586
188.014755
188.985779
189.957611
190.930298
191.903824
192.878204
193.853378
194.829422
195.806290
196.783997
197.762527
198.741928
199.722137
200.703171
201.685074
202.667801
203.651367
204.635757
205.621002
206.607071
207.593979
208.581726
209.570312
210.559708
211.549973
212.541061
213.532990
214.525757
215.519363
216.513794
217.509064
218.505173
219.502121
220.499924
221.498535
222.497986
223.498291
224.499420
225.501389
226.504181
227.507828
228.512299
229.517609
230.523758
231.530762
232.538589
233.547226
234.556732
235.567047
236.578217
237.590225
238.603088
239.616760
240.631271
241.646637
242.662827
243.679825
244.697693
245.716400
246.735931
247.756317
248.777512
249.799576
250.822449
251.846161
252.870712
253.896103
254.922333
255.000000
255.000000
255.000000
255.000000
255.000000
255.000000
