0.979539
0.010231
0.010231
0.010231
0.979539
0.010231
0.010231
0.010231
0.979539
0.000000
1.214639
2.405648
3.573027
4.716777
5.836896
6.933386
8.006247
9.055476
10.081076
11.093465
12.103062
13.109866
14.113879
15.115099
16.113525
17.109161
18.102005
19.092054
20.079313
21.063780
22.045454
23.024336
24.000423
24.973722
25.944229
26.911942
27.876862
28.838989
29.798325
30.754869
31.708622
32.659580
33.607750
34.553123
35.495708
36.435497
37.372494
38.306702
39.238117
40.166737
41.092564
42.015598
42.935841
43.853294
44.767956
45.679821
46.588902
47.495186
48.398678
49.299377
50.197281
51.092396
51.984718
52.875652
53.768635
54.663822
55.561211
56.460804
57.362602
58.266605
59.172810
60.081223
60.991833
61.904652
62.819668
63.736893
64.656319
65.577950
66.501793
67.427834
68.356064
69.286514
70.219170
71.154022
72.091087
73.030350
73.971809
74.915482
75.861359
76.809433
77.759712
78.712196
79.666893
80.623787
81.582878
82.544174
83.507675
84.473389
85.441299
86.411415
87.383728
88.358253
89.334984
90.313919
91.295052
92.278389
93.263931
94.251534
95.240303
96.230080
97.220879
98.212685
99.205521
100.199364
101.194221
102.190102
103.187004
104.184914
105.183846
106.183792
107.184753
108.186737
109.189735
110.193748
111.198776
112.204826
113.211884
114.219971
115.229065
116.239182
117.250305
118.262451
119.275620
120.289803
121.304993
122.321213
123.338448
124.356697
125.375961
126.396233
127.417534
128.439850
129.463181
130.487534
131.512894
132.539276
133.566681
134.595093
135.624527
136.654968
137.686432
138.718872
139.751205
140.783035
141.814331
142.845108
143.875366
144.905106
145.934311
146.963013
147.991180
149.018829
150.045944
151.072540
152.098618
153.124176
154.149216
155.173737
156.197723
157.221191
158.244141
159.266556
160.288452
161.309845
162.330688
163.351028
164.370850
165.390137
166.408905
167.427170
168.444885
169.462097
170.478760
171.494919
172.510559
173.525681
174.540253
175.554337
176.567886
177.580917
178.593414
179.605392
180.616867
181.627792
182.638199
183.648102
184.658752
185.671402
186.686050
187.702713
188.721390
189.742081
190.764771
191.789474
192.816177
193.844910
194.875641
195.908386
196.943146
197.979904
199.018677
200.059464
201.102249
202.147049
203.193848
204.242691
205.293518
206.346344
207.401199
208.458054
209.516922
210.577820
211.640701
212.705597
213.772507
214.841415
215.912354
216.985291
218.060226
219.137192
220.216156
221.297119
222.380096
223.465103
224.552109
225.641113
226.732147
227.825180
228.920227
230.017288
231.116333
232.217407
233.320496
234.425583
235.532669
236.641785
237.752914
238.866028
239.981186
241.098328
242.217484
243.338654
244.461823
245.587021
246.714218
247.843430
248.974655
250.107864
251.243103
252.380341
253.519592
254.660873
255.000000
255.000000
255.000000
0.000000
1.096882
2.201692
3.314430
4.435095
5.563689
6.700209
7.844658
8.997035
10.157339
11.325571
12.501730
13.678871
14.850053
16.015274
17.174532
18.327829
19.475166
20.616543
21.751955
22.881409
24.004900
25.122429
26.233999
27.339607
28.439255
29.532938
30.620663
31.702423
32.778225
33.848064
34.911942
35.969860
37.021816
38.067818
39.107845
40.141918
41.170033
42.192181
43.208363
44.218594
45.222858
46.221165
47.213505
48.199886
49.180309
50.154766
51.123264
52.085804
53.042381
53.992992
54.937645
55.876335
56.809067
57.735836
58.660683
59.587658
60.516750
61.447968
62.381306
63.316769
64.254356
65.194061
66.135895
67.079834
68.025909
68.974113
69.924423
70.876869
71.831436
72.788116
73.746933
74.707863
75.670914
76.636086
77.603386
78.572807
79.544357
80.518013
81.493805
82.471718
83.451744
84.433899
85.418182
86.404579
87.393105
88.383743
89.376518
90.371399
91.368423
92.367554
93.368813
94.372192
95.377693
96.385315
97.395065
98.406937
99.420937
100.436584
101.453415
102.471443
103.490646
104.511047
105.532631
106.555405
107.579369
108.604515
109.630852
110.658379
111.687088
112.716988
113.748077
114.780350
115.813812
116.848465
117.884300
118.921326
119.959541
120.998940
122.039528
123.081299
124.124268
125.168411
126.213760
127.260284
128.307983
129.356903
130.406998
131.458267
132.510727
133.564377
134.619217
135.675247
136.732468
137.790863
138.850464
139.911240
140.973206
142.036362
143.100708
144.166245
145.232300
146.298279
147.364166
148.429962
149.495651
150.561264
151.626770
152.692200
153.757523
154.822754
155.887894
156.952927
158.017883
159.082733
160.147491
161.212173
162.276733
163.341232
164.405609
165.469910
166.534103
167.598221
168.662216
169.726151
170.789963
171.853699
172.917343
173.980881
175.044327
176.107697
177.170929
178.234116
179.297180
180.360168
181.423065
182.485840
183.548538
184.611145
185.673660
186.736069
187.798401
188.860626
189.922760
190.983246
192.040436
193.094391
194.145081
195.192520
196.236679
197.277603
198.315262
199.349670
200.380814
201.408707
202.433350
203.454712
204.472839
205.487701
206.499313
207.507660
208.512741
209.514587
210.513153
211.508469
212.500549
213.489349
214.474899
215.457199
216.436234
217.412003
218.384521
219.353790
220.319809
221.282562
222.242050
223.198273
224.151245
225.100983
226.047440
226.990662
227.930603
228.867294
229.800735
230.730911
231.657837
232.581512
233.501907
234.419052
235.332962
236.243591
237.150970
238.055099
238.955963
239.853592
240.747940
241.639023
242.526871
243.411438
244.292770
245.170837
246.045639
246.917191
247.785492
248.650543
249.512314
250.370850
251.226105
252.078125
252.926880
253.772369
254.614609
255.000000
255.000000
255.000000
255.000000
0.000000
1.428809
2.807352
4.135629
5.413640
6.641386
7.818866
8.946079
10.023028
11.073900
12.122896
13.170011
14.215245
15.258599
16.300074
17.339666
18.377380
19.413212
20.447163
21.479237
22.509428
23.537741
24.564169
25.588720
26.611393
27.632181
28.651093
29.668121
30.683270
31.696541
32.707932
33.717438
34.725067
35.730816
36.734680
37.736668
38.736778
39.735004
40.731354
41.725815
42.718403
43.709103
44.697929
45.684875
46.669941
47.653126
48.636097
49.620518
50.606396
51.593723
52.582497
53.572731
54.564415
55.557549
56.552139
57.548176
58.545670
59.544613
60.545010
61.546856
62.550156
63.554913
64.561111
65.568771
66.577881
67.588440
68.600456
69.613922
70.628838
71.645210
72.663033
73.682304
74.703033
75.725212
76.748840
77.773926
78.800461
79.828445
80.857880
81.888779
82.921120
83.954918
84.990158
86.028786
87.072701
88.121918
89.176430
90.236237
91.301338
92.371742
93.447441
94.528442
95.614731
96.706314
97.803200
98.905388
100.012871
101.125641
102.243713
103.367088
104.495743
105.629707
106.768967
107.913521
109.063377
110.218521
111.378960
112.544701
113.715736
114.892082
116.073708
117.260635
118.452866
119.650383
120.853203
122.061310
123.274727
124.493431
125.717438
126.946732
128.177032
129.404007
130.627640
131.847977
133.064972
134.278641
135.488998
136.696045
137.899750
139.100159
140.297226
141.490967
142.681396
143.868500
145.052292
146.232758
147.409897
148.583710
149.754227
150.921402
152.085251
153.245789
154.403015
155.556900
156.707474
157.854721
158.998642
160.139252
161.276535
162.410492
163.541138
164.668457
165.792465
166.913132
168.030487
169.144516
170.255234
171.362137
172.464828
173.563293
174.657501
175.747482
176.833221
177.914719
178.991989
180.065018
181.133804
182.198349
183.258667
184.314743
185.366577
186.414169
187.457535
188.496658
189.531540
190.562195
191.588593
192.610764
193.628708
194.642380
195.651840
196.657059
197.658035
198.654785
199.647278
200.635544
201.619583
202.599365
203.574905
204.546234
205.513306
206.476151
207.434723
208.389084
209.339218
210.285110
211.226746
212.164154
213.097321
214.026245
214.950958
215.871399
216.787628
217.699600
218.607346
219.510849
220.410126
221.305145
222.195938
223.082489
223.964798
224.842865
225.716705
226.586304
227.451660
228.312790
229.169662
230.022308
230.870728
231.714890
232.554825
233.390533
234.221985
235.049194
235.872192
236.690918
237.505432
238.315689
239.121719
239.923508
240.721069
241.514374
242.303452
243.088272
243.868881
244.645248
245.417374
246.185257
246.948898
247.708313
248.463470
249.214417
249.961105
250.703552
251.441772
252.175766
252.905502
253.631012
254.352264
255.000000
255.000000
255.000000
255.000000
255.000000
255.000000
255.000000
