0.994967
0.002516
0.002516
0.002516
0.994967
0.002516
0.002516
0.002516
0.994967
0.000000
1.001173
2.001736
3.001692
4.001038
4.999775
5.997903
6.995423
7.992334
8.988637
9.984331
10.979416
11.973891
12.967758
13.961016
14.953666
15.945707
16.937140
17.927963
18.918177
19.907782
20.896778
21.885164
22.872946
23.860115
24.846676
25.832628
26.817972
27.802708
28.786833
29.770353
30.753262
31.735563
32.717255
33.698338
34.678810
35.658672
36.637932
37.616577
38.594616
39.572044
40.548866
41.525078
42.500683
43.475483
44.449284
45.422092
46.393906
47.364723
48.334541
49.303368
50.271194
51.238029
52.203865
53.168705
54.132549
55.095394
56.057247
57.018101
57.977962
58.936825
59.894691
60.851566
61.807438
62.762318
63.716202
64.669090
65.620972
66.571877
67.521767
68.470673
69.418579
70.365494
71.311401
72.256325
73.200241
74.143173
75.085098
76.026031
76.965973
77.904907
78.842857
79.779808
80.715752
81.650719
82.584679
83.517639
84.449615
85.380585
86.310562
87.239540
88.167526
89.094521
90.020515
90.945503
91.869499
92.793434
93.719505
94.647835
95.578423
96.511253
97.446350
98.383690
99.323296
100.265152
101.209259
102.155624
103.104248
104.055122
105.008247
105.963638
106.921280
107.881165
108.843323
109.807724
110.774376
111.743294
112.714462
113.687889
114.663559
115.641487
116.621689
117.604126
118.588821
119.575768
120.564980
121.556442
122.550156
123.546127
124.544350
125.544838
126.547569
127.552559
128.559814
129.569305
130.581055
131.595078
132.611328
133.629852
134.650620
135.673645
136.698944
137.726471
138.756271
139.788315
140.822617
141.859177
142.897995
143.938126
144.974213
146.005295
147.031372
148.052475
149.068573
150.079681
151.085785
152.086899
153.083023
154.074158
155.060303
156.041443
157.017593
157.988739
158.954910
159.916092
160.872253
161.823441
162.769638
163.710831
164.647034
165.578247
166.504456
167.425674
168.341904
169.253143
170.159378
171.060638
171.956879
172.848145
173.734421
174.615677
175.491974
176.363251
177.229538
178.090851
178.947144
179.798462
180.644791
181.486099
182.322433
183.153778
183.980103
184.801468
185.617813
186.429184
187.235565
188.036942
188.833313
189.624710
190.411102
191.192978
191.980621
192.778259
193.585876
194.403503
195.231094
196.068680
196.916260
197.773804
198.641357
199.518906
200.406448
201.303955
202.211472
203.128952
204.056442
204.993912
205.941376
206.898819
207.866272
208.843674
209.831100
210.828491
211.835892
212.853271
213.880646
214.917984
215.965332
217.022675
218.089996
219.167297
220.254608
221.351898
222.459167
223.576431
224.703674
225.840912
226.988144
228.145370
229.312576
230.489761
231.676941
232.874115
234.081268
235.298416
236.525558
237.762695
239.009811
240.266907
241.533997
242.811081
244.098145
245.395187
247.106735
249.637146
252.986450
0.000000
1.187670
2.368482
3.542433
4.709525
5.869757
7.023129
8.169641
9.309295
10.442086
11.568021
12.687092
13.799305
14.904658
16.003153
17.094786
18.179558
19.257473
20.328529
21.392723
22.450054
23.500530
24.544144
25.580900
26.610792
27.633831
28.650007
29.659325
30.661774
31.657373
32.646111
33.627987
34.603004
35.571159
36.537060
37.505337
38.475979
39.448986
40.424362
41.402100
42.382206
43.364681
44.349522
45.336727
46.326298
47.318233
48.312538
49.309208
50.308243
51.309650
52.313416
53.319553
54.328053
55.338921
56.352154
57.367752
58.385719
59.406052
60.428745
61.453815
62.481239
63.511040
64.543198
65.577736
66.614624
67.653885
68.695511
69.739510
70.785873
71.834595
72.885681
73.939148
74.994965
76.053162
77.113716
78.176643
79.241928
80.309586
81.379608
82.451996
83.526749
84.603874
85.681114
86.756264
87.829292
88.900215
89.969025
91.035728
92.100327
93.162811
94.223190
95.281456
96.337616
97.391663
98.443604
99.493439
100.541161
101.586777
102.630280
103.671677
104.710968
105.748146
106.783211
107.816177
108.847023
109.875763
110.902397
111.926926
112.949333
113.969643
114.987839
116.003929
117.017914
118.029785
119.039543
120.047195
121.052734
122.056168
123.057495
124.056717
125.053818
126.048813
127.041718
128.032486
129.021164
130.007721
130.992172
131.974518
132.954758
133.932877
134.909714
135.886093
136.862015
137.837479
138.812485
139.787033
140.761124
141.734756
142.707916
143.680634
144.652878
145.624664
146.595993
147.566879
148.537292
149.507248
150.476746
151.445786
152.414368
153.382477
154.350143
155.317352
156.284088
157.250366
158.216202
159.181564
160.146469
161.110916
162.074905
163.038422
164.001511
164.964127
165.926270
166.887955
167.849197
168.809967
169.770279
170.730148
171.689545
172.648483
173.606964
174.564987
175.522552
176.479645
177.436295
178.392471
179.348206
180.303467
181.259674
182.218155
183.178955
184.142059
185.107452
186.075150
187.045151
188.017456
188.992050
189.968964
190.948181
191.929688
192.913498
193.899612
194.888046
195.878754
196.871780
197.867111
198.864731
199.864670
200.866898
201.871429
202.878265
203.887405
204.898849
205.912598
206.928650
207.946991
208.967621
209.990601
211.015839
212.043396
213.073257
214.105408
215.139877
216.176651
217.215714
218.257080
219.300751
220.346725
221.395004
222.445587
223.498459
224.553650
225.611130
226.670914
227.733017
228.797394
229.845169
230.857437
231.834183
232.775406
233.681107
234.551300
235.385986
236.185135
236.948776
237.676895
238.369492
239.026581
239.648148
240.234192
240.784714
241.299744
241.779236
242.223206
242.631668
243.004608
243.342026
243.643936
243.910309
244.141190
244.336533
244.496353
244.620682
244.709473
244.762741
244.780487
0.000000
2.568821
5.024992
7.368515
9.599389
11.717612
13.723186
15.616114
17.396391
19.064018
20.618998
22.061327
23.391006
24.608038
25.771133
26.939005
28.111652
29.289074
30.471272
31.658247
32.849998
34.046528
35.247829
36.453907
37.664764
38.880394
40.100803
41.325985
42.555946
43.790680
45.030190
46.274479
47.523544
48.777382
50.036003
51.299389
52.567562
53.840504
55.118225
56.400723
57.687992
58.980042
60.276863
61.578465
62.884842
64.195992
65.511917
66.832626
68.158112
69.488358
70.823395
72.163208
73.507790
74.855652
76.197754
77.532600
78.860184
80.180519
81.493599
82.799408
84.097969
85.389267
86.673309
87.950104
89.219627
90.481903
91.736916
92.984673
94.225174
95.458420
96.684395
97.903130
99.114594
100.318810
101.515762
102.705460
103.887901
105.063087
106.231003
107.391678
108.545090
109.691238
110.830132
111.961777
113.086159
114.203278
115.313141
116.415749
117.511093
118.599190
119.680031
120.753609
121.819931
122.882614
123.945343
125.008110
126.070892
127.133698
128.196548
129.259415
130.322311
131.385208
132.448166
133.511139
134.574142
135.637161
136.700226
137.763290
138.826401
139.889542
140.952698
142.015884
143.079102
144.142349
145.205612
146.268890
147.332230
148.395569
149.458939
150.522354
151.585785
152.649246
153.712708
154.776230
155.839767
156.903320
157.966919
159.030533
160.094162
161.157837
162.221527
163.285263
164.347733
165.401138
166.444199
167.476944
168.499329
169.511368
170.513077
171.504456
172.485474
173.456161
174.416504
175.366501
176.306168
177.235489
178.154480
179.063110
179.961411
180.849380
181.726990
182.594284
183.451218
184.297821
185.134079
185.960007
186.775574
187.580811
188.375717
189.160263
189.934479
190.698364
191.451889
192.195084
192.927933
193.650452
194.362625
195.064453
195.755951
196.437088
197.107895
197.768387
198.419739
199.063339
199.699142
200.327133
200.947327
201.559723
202.164307
202.761108
203.350082
203.931290
204.504669
205.070251
205.628036
206.178009
206.720200
207.254593
207.781158
208.299942
208.810928
209.314087
209.809464
210.297043
210.776825
211.248779
211.712952
212.169327
212.617889
213.058655
213.491623
213.916794
214.334152
214.743713
215.145477
215.539444
215.925583
216.303940
216.674500
217.037262
217.392212
217.739365
218.078720
218.410278
218.734009
219.049957
219.358109
219.658463
219.951004
220.235748
220.512680
220.781830
221.043167
221.296707
221.542435
221.780380
222.010498
222.232834
222.447372
222.654099
222.853043
223.044174
223.227493
223.403030
223.570740
223.730667
223.882797
224.027115
224.163635
224.292358
224.413269
224.526398
224.631714
224.729218
224.818939
224.900848
224.974960
225.041275
225.099762
225.150482
225.193390
225.228485
225.255798
225.275299
225.287003
225.290894
