0.956417
0.021791
0.021791
0.021791
0.956417
0.021791
0.021791
0.021791
0.956417
0.000000
0.972767
1.959670
2.960710
3.975886
5.005198
6.048647
7.106232
8.177954
9.263812
10.363805
11.477936
12.606202
13.748605
14.905145
16.075823
17.260635
18.459583
19.672667
20.889334
22.099035
23.301767
24.497530
25.686327
26.868156
28.043016
29.210909
30.371834
31.525791
32.672775
33.812798
34.945850
36.071934
37.191051
38.303196
39.408379
40.506588
41.597832
42.682106
43.759415
44.829750
45.893124
46.949524
47.998959
49.041431
50.076927
51.105457
52.127022
53.141617
54.149246
55.149902
56.143589
57.130310
58.110065
59.082855
60.048668
61.007519
61.959404
62.904316
63.842258
64.773239
65.697243
66.614288
67.524368
68.427475
69.323608
70.217140
71.112450
72.009514
72.908356
73.808952
74.711319
75.615456
76.521347
77.429024
78.338448
79.249649
80.162621
81.077354
81.993851
82.912117
83.832146
84.753944
85.677505
86.602837
87.529938
88.458794
89.389427
90.321823
91.255981
92.191917
93.129608
94.069069
95.010300
95.953285
96.898056
97.844574
98.792870
99.742928
100.694748
101.648346
102.603706
103.560829
104.519714
105.480377
106.442802
107.406982
108.372940
109.340668
110.310158
111.281403
112.254425
113.229218
114.206322
115.186279
116.169113
117.154800
118.143349
119.134758
120.129036
121.126167
122.126167
123.129028
124.134750
125.143326
126.154770
127.169075
128.186249
129.206268
130.229172
131.254929
132.283539
133.315018
134.349350
135.386551
136.426620
137.469543
138.515320
139.563980
140.615479
141.669861
142.727097
143.787186
144.850143
145.915970
146.984650
148.056183
149.130600
150.207855
151.287979
152.370972
153.456833
154.545547
155.637131
156.731552
157.828842
158.929031
160.032043
161.137924
162.246674
163.353271
164.452713
165.545013
166.630142
167.708145
168.778976
169.842667
170.899185
171.948578
172.990799
174.025864
175.053772
176.074554
177.088165
178.094620
179.093933
180.086075
181.071075
182.048935
183.019623
183.983170
184.939560
185.888794
186.830872
187.765793
188.693573
189.614197
190.527679
191.433990
192.333160
193.225159
194.110031
194.987717
195.858292
196.721680
197.577942
198.427017
199.268967
200.103760
200.931396
201.751862
202.565201
203.371384
204.170395
204.962265
205.746979
206.524536
207.302399
208.087967
208.881226
209.682205
210.490875
211.307266
212.131363
212.963181
213.802689
214.649918
215.504852
216.367508
217.237854
218.115921
219.001709
219.895187
220.796371
221.705276
222.621887
223.546219
224.478241
225.417984
226.365433
227.320602
228.283463
229.254044
230.232315
231.218323
232.212036
233.213440
234.222580
235.239426
236.263947
237.296204
238.336182
239.383835
240.439224
241.502319
242.573120
243.651627
244.737839
245.831772
246.933411
248.042770
249.159821
250.284592
251.417068
252.557251
253.705154
0.000000
0.997852
2.009639
3.035362
4.075020
5.128613
6.196140
7.277604
8.373003
9.482336
10.605605
11.742808
12.893947
14.059021
15.238029
16.430975
17.637857
18.858671
20.093422
21.342106
22.593702
23.837185
25.072556
26.299816
27.518959
28.729992
29.932913
31.127720
32.314415
33.493000
34.663467
35.825825
36.980072
38.126202
39.264221
40.394127
41.515919
42.629601
43.735168
44.832623
45.921967
47.003197
48.076313
49.141319
50.198208
51.246986
52.287655
53.320210
54.344654
55.360981
56.369198
57.369293
58.361290
59.345161
60.320927
61.288578
62.248123
63.199551
64.142868
65.078064
66.005157
66.924126
67.834991
68.737740
69.632385
70.518913
71.397316
72.272842
73.150726
74.030960
74.913536
75.798462
76.685745
77.575378
78.467354
79.361679
80.258362
81.157379
82.058762
82.962494
83.868568
84.776993
85.687767
86.600891
87.516373
88.434189
89.354362
90.276894
91.201767
92.128990
93.058563
93.990486
94.924759
95.861374
96.800354
97.741669
98.685341
99.631363
100.579735
101.530457
102.483528
103.438950
104.396713
105.356834
106.319298
107.284119
108.251282
109.220810
110.192673
111.166885
112.143456
113.122368
114.103638
115.087250
116.073174
117.061409
118.051918
119.044724
120.039825
121.037216
122.036888
123.038857
124.043121
125.049667
126.058510
127.069641
128.083069
129.098770
130.116776
131.137070
132.159653
133.184525
134.211685
135.241150
136.272888
137.306946
138.343262
139.381866
140.422791
141.465988
142.511475
143.559250
144.609329
145.661682
146.716339
147.773285
148.832504
149.894028
150.957840
152.023941
153.092346
154.163025
155.236008
156.311264
157.388824
158.468674
159.550812
160.635239
161.721970
162.810974
163.902267
164.991364
166.073669
167.149246
168.218063
169.280121
170.335449
171.384018
172.425842
173.460907
174.489227
175.510788
176.525589
177.533661
178.534988
179.529541
180.517365
181.498428
182.472748
183.440292
184.401108
185.355179
186.302490
187.243057
188.176865
189.103928
190.024231
190.937790
191.844604
192.744675
193.637970
194.524536
195.404343
196.277405
197.143707
198.003265
198.856079
199.702133
200.541443
201.373993
202.199799
203.018845
203.831161
204.636719
205.435516
206.227585
207.012878
207.791428
208.569992
209.355347
210.147461
210.946381
211.752075
212.564545
213.383820
214.209839
215.042664
215.882248
216.728638
217.581802
218.441742
219.308472
220.181961
221.062256
221.949326
222.843170
223.743790
224.651215
225.565399
226.486374
227.414124
228.348663
229.289978
230.238068
231.192947
232.154602
233.123047
234.098267
235.080261
236.069046
237.064606
238.066956
239.076096
240.091995
241.114700
242.144165
243.180420
244.223450
245.273254
246.329834
247.393219
248.463379
249.540314
250.624039
251.714523
252.811813
0.000000
1.015301
2.043159
3.083573
4.136544
5.202072
6.280155
7.370796
8.473994
9.589748
10.718060
11.858927
13.012351
14.178332
15.356871
16.547966
17.751616
18.967827
20.196589
21.428783
22.655279
23.876080
25.091183
26.300587
27.504293
28.702303
29.894619
31.081234
32.262154
33.437374
34.606899
35.770721
36.928852
38.081284
39.228016
40.369057
41.504398
42.634037
43.757980
44.876232
45.988781
47.095631
48.196789
49.292248
50.382008
51.466068
52.544434
53.617107
54.684078
55.745354
56.800926
57.850807
58.894989
59.933472
60.966263
61.993355
63.014744
64.030441
65.040443
66.044739
67.043343
68.038086
69.030830
70.021545
71.010262
71.996971
72.981659
73.964340
74.945007
75.923660
76.900307
77.874939
78.847565
79.818169
80.786766
81.753349
82.717926
83.680496
84.641037
85.599579
86.556107
87.510628
88.463127
89.413628
90.362106
91.308578
92.253036
93.195488
94.135918
95.074341
96.010757
96.945152
97.877541
98.807922
99.736290
100.662643
101.586983
102.509315
103.429634
104.347946
105.264236
106.178520
107.090790
108.005157
108.925743
109.852539
110.785545
111.724762
112.670189
113.621811
114.579659
115.543716
116.513985
117.490456
118.473145
119.462044
120.457146
121.458458
122.465996
123.479721
124.499680
125.525841
126.558205
127.596786
128.641571
129.692566
130.749786
131.813187
132.882828
133.958664
135.040726
136.128983
137.223450
138.324127
139.431030
140.544128
141.663437
142.788971
143.920700
145.058640
146.202789
147.353165
148.509735
149.672516
150.841507
152.008514
153.165329
154.311935
155.448349
156.574585
157.690613
158.796448
159.892075
160.977509
162.052765
163.117813
164.172668
165.217316
166.251801
167.276062
168.290146
169.294022
170.287689
171.271194
172.244476
173.207581
174.160492
175.103195
176.035706
176.958023
177.870163
178.772079
179.663818
180.545349
181.416687
182.277847
183.128784
183.969543
184.800110
185.620483
186.430649
187.230621
188.020401
188.799988
189.569382
190.328583
191.077576
191.823807
192.574661
193.330154
194.090286
194.855057
195.624481
196.398529
197.177231
197.960541
198.748520
199.541122
200.338364
201.140244
201.946777
202.757919
203.573730
204.394165
205.219238
206.048950
206.883301
207.722290
208.565918
209.414185
210.267090
211.124634
211.986816
212.853638
213.725082
214.601181
215.481903
216.367294
217.257294
218.151947
219.051239
219.955170
220.863724
221.776917
222.694778
223.617249
224.544373
225.476135
226.412521
227.353561
228.299225
229.249542
230.204498
231.164078
232.128296
233.097168
234.070663
235.048813
236.031586
237.018997
238.011063
239.007751
240.009094
241.015045
242.025665
243.040924
244.060791
245.085327
246.114502
247.148285
248.186722
249.229813
250.277527
251.329880
252.386871
253.448502
