0.892909
0.053545
0.053545
0.053545
0.892909
0.053545
0.053545
0.053545
0.892909
0.000000
0.000000
1.280072
2.700367
4.101339
5.482985
6.845309
8.188308
9.511983
10.816334
12.101360
13.367064
14.613441
15.840495
17.048223
18.236631
19.405714
20.555471
21.685907
22.797018
23.888803
24.961262
26.014400
27.048214
28.062702
29.057869
30.033710
30.990227
31.927414
32.845295
33.743832
34.623051
35.482952
36.323528
37.144772
37.946693
38.729301
39.507702
40.297077
41.097404
41.908688
42.730930
43.564129
44.408287
45.263397
46.129459
47.006485
47.894466
48.793404
49.703293
50.624142
51.555946
52.498711
53.452423
54.417099
55.392727
56.379314
57.376862
58.385357
59.404812
60.435226
61.476593
62.528919
63.592201
64.666435
65.751625
66.843369
67.930840
69.013557
70.091530
71.164749
72.233215
73.296928
74.355888
75.410110
76.459564
77.504272
78.544235
79.579437
80.609886
81.635590
82.656540
83.672745
84.684189
85.690880
86.692825
87.690025
88.682465
89.670151
90.653091
91.631279
92.604706
93.573395
94.537323
95.496506
96.451820
97.408508
98.367462
99.328682
100.292160
101.257904
102.225906
103.196175
104.168701
105.143501
106.120560
107.099884
108.081459
109.065308
110.051414
111.039787
112.030411
113.023315
114.018478
115.015892
116.015579
117.017525
118.021736
119.028206
120.036942
121.047935
122.061203
123.076729
124.094513
125.114487
126.135239
127.156158
128.177261
129.198532
130.219986
131.241608
132.263428
133.285400
134.307556
135.329910
136.352417
137.375107
138.397964
139.421021
140.444229
141.467621
142.491196
143.514954
144.538879
145.562988
146.587250
147.611710
148.636353
149.661148
150.686142
151.711304
152.736649
153.762161
154.787857
155.813644
156.839539
157.865494
158.891510
159.917618
160.943787
161.970016
162.996323
164.022720
165.049164
166.075684
167.102280
168.128937
169.155670
170.182480
171.209366
172.236313
173.263321
174.290421
175.317581
176.344803
177.372101
178.399475
179.426926
180.454437
181.482010
182.509659
183.537384
184.565186
185.593063
186.621002
187.649002
188.677078
189.705231
190.733459
191.761734
192.790100
193.818542
194.847046
195.875610
196.904266
197.932968
198.961761
199.990631
201.019547
202.048553
203.077606
204.106750
205.135971
206.165253
207.194595
208.224030
209.253525
210.283081
211.312729
212.342422
213.372208
214.402054
215.431961
216.461945
217.492035
218.522156
219.552338
220.582626
221.612976
222.643402
223.673874
224.704422
225.735046
226.765747
227.796524
228.827362
229.858276
230.889252
231.920303
232.951431
233.982635
235.013870
236.045212
237.076599
238.108078
239.139648
240.171249
241.202942
242.234695
243.266541
244.298431
245.330399
246.362442
247.394562
248.426743
249.459000
250.491318
251.523697
252.556183
253.588730
254.621323
255.000000
255.000000
255.000000
255.000000
255.000000
0.000000
0.000000
0.000000
0.000000
0.348978
2.004373
3.632643
5.233792
6.807819
8.354724
9.874505
11.367167
12.832704
14.271120
15.682412
17.066586
18.423635
19.753561
21.056368
22.332050
23.580610
24.802050
25.996365
27.163559
28.303631
29.416580
30.502405
31.561115
32.592697
33.597160
34.574497
35.524712
36.447811
37.343781
38.212627
39.054359
39.868965
40.656445
41.416813
42.169609
42.934429
43.711254
44.500092
45.300945
46.113808
46.938679
47.775566
48.624458
49.485367
50.358288
51.243214
52.140156
53.049110
53.970074
54.903049
55.848034
56.805031
57.774036
58.755062
59.748093
60.753132
61.770184
62.799252
63.840328
64.893417
65.958519
67.035622
68.124741
69.218086
70.307869
71.394081
72.476723
73.555801
74.631317
75.703262
76.771645
77.836449
78.897697
79.955376
81.009483
82.060028
83.107010
84.150429
85.190277
86.226555
87.259270
88.288422
89.314003
90.336021
91.354462
92.369339
93.380661
94.388412
95.392586
96.393211
97.390259
98.383743
99.375381
100.366928
101.358353
102.349663
103.340881
104.331985
105.322975
106.313858
107.304634
108.295296
109.285851
110.276299
111.266640
112.256866
113.246986
114.237000
115.226906
116.216705
117.206390
118.195961
119.185432
120.174789
121.164040
122.153183
123.142212
124.131142
125.119949
126.108658
127.097252
128.087769
129.082214
130.080643
131.082993
132.089310
133.099564
134.113754
135.131927
136.154022
137.180054
138.210052
139.244003
140.281891
141.323730
142.369507
143.419250
144.472931
145.530563
146.592148
147.657669
148.727158
149.800568
150.877945
151.959259
153.044525
154.133728
155.226898
156.324005
157.425064
158.527359
159.628174
160.727493
161.825363
162.921738
164.016647
165.110077
166.202026
167.292496
168.381485
169.469009
170.555054
171.639618
172.722702
173.804306
174.884430
175.963089
177.040253
178.115967
179.190170
180.262924
181.334167
182.403961
183.472275
184.539108
185.604462
186.668335
187.730728
188.791656
189.851105
190.909073
191.965546
193.020554
194.074097
195.126160
196.176727
197.225830
198.273453
199.319595
200.364258
201.407440
202.449173
203.489395
204.528152
205.565445
206.601242
207.635574
208.668411
209.699768
210.729675
211.758072
212.785019
213.810486
214.834457
215.856964
216.878006
217.897537
218.915619
219.932220
220.947327
221.960953
222.973129
223.983810
224.993011
226.000748
227.006989
228.011780
229.015060
230.016891
231.017212
232.016083
233.013474
234.009384
235.003799
235.996765
236.988235
237.978241
238.966751
239.953796
240.939362
241.923447
242.906052
243.887192
244.866837
245.845016
246.821716
247.796936
248.770676
249.742966
250.713745
251.683044
252.650879
253.617233
254.582108
255.000000
255.000000
255.000000
255.000000
255.000000
255.000000
255.000000
0.000000
0.000000
0.455998
2.140173
3.793587
5.416238
7.008128
8.569255
10.099621
11.599223
13.068065
14.506144
15.913461
17.290014
18.635807
19.950836
21.235107
22.488613
23.711359
24.903339
26.064560
27.195017
28.294716
29.363646
30.401823
31.409229
32.385880
33.331760
34.246887
35.131248
35.984848
36.807682
37.599766
38.361073
39.114338
39.882286
40.664909
41.462212
42.274185
43.100845
43.942173
44.798183
45.668869
46.554230
47.454269
48.368984
49.298374
50.242447
51.201191
52.174618
53.162716
54.165493
55.182949
56.215076
57.261887
58.323368
59.399529
60.490368
61.595879
62.716076
63.850937
64.997803
66.140549
67.276505
68.405663
69.528030
70.643600
71.752380
72.854355
73.949539
75.037933
76.119530
77.194336
78.262344
79.323555
80.377968
81.425591
82.466415
83.500450
84.527687
85.548134
86.561783
87.568626
88.568687
89.561951
90.548416
91.528091
92.500969
93.467049
94.430344
95.394829
96.360527
97.327431
98.295532
99.264839
100.235344
101.207062
102.179985
103.154099
104.129433
105.105957
106.083687
107.062630
108.042763
109.024117
110.006660
110.990410
111.975372
112.961525
113.948891
114.937454
115.927223
116.918205
117.910385
118.903770
119.898354
120.894470
121.894081
122.897522
123.904778
124.915855
125.930763
126.949493
127.972038
128.998413
130.028610
131.062622
132.100479
133.142136
134.187622
135.236938
136.290070
137.347015
138.407806
139.472397
140.540817
141.613068
142.689133
143.769043
144.852753
145.940292
147.031647
148.126846
149.225830
150.326111
151.425018
152.522598
153.618851
154.713760
155.807343
156.899582
157.990479
159.080063
160.168289
161.255188
162.340759
163.424988
164.507889
165.589447
166.669662
167.748550
168.826111
169.902313
170.977203
172.050751
173.122971
174.193848
175.263397
176.331604
177.398483
178.464020
179.528229
180.591080
181.652634
182.712814
183.771683
184.829208
185.885406
186.940262
187.993790
189.045959
190.096817
191.146347
192.194519
193.241364
194.286880
195.331055
196.373886
197.415390
198.455566
199.494400
200.531921
201.568069
202.602905
203.636414
204.668564
205.699387
206.728882
207.757034
208.783859
209.809341
210.833496
211.856308
212.877792
213.897919
214.916748
215.934204
216.950363
217.965149
218.978638
219.990768
221.001556
222.011017
223.019150
224.025940
225.031403
226.035522
227.038300
228.039764
229.039886
230.038651
231.036118
232.032242
233.027008
234.020447
235.012558
236.003326
236.992767
237.980865
238.967621
239.953064
240.937164
241.919922
242.901337
243.881454
244.860199
245.837631
246.813705
247.788437
248.761856
249.733963
250.704712
251.674118
252.642181
253.608932
254.574326
255.000000
255.000000
255.000000
255.000000
255.000000
255.000000
255.000000
255.000000
255.000000
255.000000
