0.934556
0.032722
0.032722
0.032722
0.934556
0.032722
0.032722
0.032722
0.934556
0.000000
0.905020
1.820403
2.746147
3.682255
4.628725
5.585557
6.552751
7.530309
8.518229
9.516511
10.525154
11.544162
12.573530
13.613262
14.663356
15.723813
16.794634
17.875814
18.967360
20.069263
21.181532
22.304163
23.437157
24.580515
25.734232
26.890244
28.040485
29.184952
30.323647
31.456566
32.583714
33.705093
34.820694
35.930523
37.034580
38.132866
39.225376
40.312115
41.393078
42.468269
43.537693
44.601334
45.659210
46.711308
47.757629
48.798191
49.832970
50.861980
51.885212
52.902676
53.914364
54.920284
55.920429
56.914799
57.903397
58.886223
59.863274
60.834553
61.800053
62.759789
63.713749
64.661934
65.604347
66.540985
67.471863
68.396950
69.316277
70.229820
71.137604
72.039604
72.935837
73.826294
74.710983
75.592316
76.476257
77.363068
78.252747
79.145302
80.040718
80.939011
81.840172
82.744194
83.651093
84.560860
85.473495
86.389000
87.307373
88.228622
89.152740
90.079720
91.009575
91.942299
92.877892
93.816360
94.757690
95.701881
96.648956
97.598900
98.551712
99.507385
100.465942
101.427361
102.391647
103.358803
104.328827
105.301727
106.277496
107.256134
108.237633
109.222008
110.209259
111.199364
112.192345
113.188202
114.186928
115.188515
116.192978
117.200302
118.210510
119.223572
120.239517
121.257950
122.276657
123.295258
124.313759
125.332153
126.350449
127.368637
128.386719
129.404694
130.422592
131.440353
132.458038
133.475601
134.493073
135.510437
136.527695
137.544846
138.561905
139.578857
140.595703
141.612442
142.629089
143.645645
144.662064
145.678391
146.694626
147.710754
148.726776
149.742691
150.758499
151.774216
152.789825
153.805313
154.820724
155.836029
156.851227
157.866318
158.881302
159.896194
160.910965
161.925644
162.940231
163.954697
164.969070
165.983353
166.997513
168.011566
169.025528
170.039291
171.051331
172.061005
173.068268
174.073166
175.075668
176.075790
177.073532
178.068893
179.061859
180.052460
181.040665
182.026489
183.009949
183.990997
184.969666
185.945969
186.919876
187.891403
188.860550
189.827316
190.791687
191.753693
192.713287
193.670517
194.625381
195.577835
196.527908
197.475601
198.420914
199.363846
200.304398
201.242554
202.178329
203.111725
204.042740
204.971390
205.897629
206.821487
207.742966
208.662064
209.578781
210.493103
211.405060
212.314621
213.221817
214.126617
215.029037
215.929062
216.825500
217.717148
218.603989
219.486038
220.363281
221.235733
222.103378
222.966217
223.824265
224.677521
225.525970
226.369614
227.208466
228.042511
228.871765
229.696213
230.515884
231.330719
232.140778
232.946030
233.746490
234.542145
235.332993
236.119049
236.900330
237.676773
238.448441
239.215302
239.977356
240.734619
241.487076
242.234741
242.977600
243.715668
244.448944
245.177383
245.901062
0.000000
0.000000
1.104871
2.318851
3.531409
4.742544
5.952255
7.160543
8.367410
9.572853
10.776873
11.979470
13.180642
14.380394
15.578722
16.775629
17.971109
19.165169
20.357807
21.549021
22.738811
23.927176
25.114122
26.299643
27.483744
28.666422
29.845913
31.020468
32.190086
33.354763
34.514503
35.669300
36.819157
37.964081
39.104061
40.239109
41.369209
42.494373
43.614601
44.729885
45.840237
46.945641
48.046112
49.141640
50.232227
51.317879
52.398594
53.474373
54.545208
55.611095
56.672050
57.728073
58.779152
59.825291
60.866489
61.902752
62.934071
63.960449
64.981895
65.998398
67.009964
68.016594
69.018280
70.015022
71.006836
71.993706
72.975632
73.952629
74.924683
75.891792
76.853958
77.811195
78.763496
79.714943
80.669624
81.627556
82.588722
83.553123
84.520775
85.491661
86.465790
87.443153
88.423759
89.407608
90.394691
91.385017
92.378593
93.375397
94.375443
95.378738
96.385262
97.395035
98.408035
99.424294
100.443779
101.466507
102.492477
103.521690
104.554138
105.589828
106.628754
107.670929
108.716339
109.764992
110.816879
111.872017
112.930382
113.991989
115.056839
116.124931
117.196266
118.270844
119.348648
120.429703
121.513992
122.601524
123.692291
124.786308
125.883568
126.984055
128.085541
129.185745
130.284683
131.382370
132.478775
133.573929
134.667816
135.760422
136.851776
137.941849
139.030670
140.118210
141.204498
142.289520
143.373276
144.455750
145.536957
146.616913
147.695602
148.773026
149.849167
150.924057
151.997665
153.070007
154.141098
155.210922
156.279480
157.346756
158.412781
159.477539
160.541016
161.603241
162.664200
163.723877
164.782288
165.839462
166.895340
167.949966
169.003311
170.055405
171.106232
172.155777
173.204071
174.251114
175.296860
176.341354
177.384567
178.424103
179.457550
180.484879
181.506104
182.521225
183.530258
184.533188
185.530014
186.520721
187.505341
188.483856
189.456268
190.422592
191.382797
192.336899
193.284897
194.226791
195.162598
196.092300
197.015884
197.933365
198.844757
199.750046
200.649231
201.542313
202.429291
203.310165
204.184952
205.053604
205.916183
206.772659
207.623016
208.467270
209.305450
210.137497
210.963455
211.783310
212.597061
213.404694
214.206238
215.001694
215.791031
216.574280
217.351410
218.122437
218.887375
219.646194
220.406952
221.177612
221.958221
222.748764
223.549210
224.359604
225.179916
226.010162
226.850342
227.700439
228.560471
229.430435
230.310318
231.200150
232.099884
233.009583
233.929184
234.858719
235.798187
236.747574
237.706894
238.676147
239.655350
240.644440
241.643494
242.652451
243.671371
244.700180
245.738937
246.787643
247.846252
248.914795
249.993271
251.081665
252.180008
253.288254
254.406448
255.000000
255.000000
255.000000
255.000000
255.000000
0.000000
1.502019
2.988928
4.460726
5.917414
7.358991
8.785459
10.196814
11.593060
12.974195
14.340219
15.691134
17.026937
18.347631
19.653212
20.943684
22.219048
23.479298
24.724440
25.954470
27.169388
28.374729
29.576033
30.773294
31.966518
33.155697
34.340839
35.521942
36.699001
37.872021
39.040997
40.205940
41.366833
42.523693
43.676506
44.825283
45.970016
47.110710
48.247364
49.379978
50.508549
51.633083
52.753571
53.870029
54.982433
56.090805
57.195133
58.295422
59.391670
60.483883
61.572044
62.656174
63.736256
64.812302
65.884300
66.952271
68.016190
69.076073
70.131912
71.183723
72.231476
73.275200
74.314880
75.352272
76.391701
77.433342
78.477196
79.523270
80.571579
81.622086
82.674812
83.729767
84.786934
85.846321
86.907928
87.971756
89.037796
90.106056
91.176537
92.249229
93.324150
94.401283
95.480629
96.562195
97.645988
98.732002
99.820221
100.910667
102.003326
103.098213
104.195305
105.294624
106.396164
107.499908
108.605881
109.714066
110.824486
111.937111
113.051956
114.169022
115.288307
116.409798
117.533524
118.659454
119.787613
120.917725
122.048225
123.178871
124.309639
125.440544
126.571571
127.702744
128.834045
129.965469
131.097046
132.228745
133.360565
134.492523
135.624619
136.756851
137.889206
139.021683
140.154312
141.287064
142.419968
143.552963
144.686127
145.819412
146.952835
148.086365
149.220062
150.353851
151.487808
152.621887
153.756104
154.890442
156.024918
157.159515
158.294250
159.429123
160.564117
161.699265
162.834534
163.969925
165.105453
166.241119
167.376923
168.512543
169.641281
170.760361
171.869812
172.969604
174.059769
175.140289
176.211182
177.272415
178.324005
179.365967
180.398285
181.420944
182.433975
183.437363
184.431107
185.415222
186.389679
187.354492
188.309677
189.255219
190.191101
191.117355
192.033981
192.940933
193.838272
194.725952
195.604004
196.472397
197.331161
198.180283
199.019760
199.849594
200.669785
201.480331
202.281250
203.072510
203.854141
204.626114
205.388458
206.141159
206.884216
207.617630
208.347916
209.081543
209.818558
210.558929
211.302658
212.049744
212.800217
213.554047
214.311218
215.071777
215.835678
216.602966
217.373596
218.147598
218.924973
219.705704
220.489792
221.277267
222.068100
222.862274
223.659836
224.460739
225.265015
226.072647
226.883652
227.698029
228.515762
229.336868
230.161316
230.989136
231.820312
232.654877
233.492783
234.334061
235.178696
236.026703
236.878067
237.732819
238.590897
239.452362
240.317200
241.185364
242.056915
242.931839
243.810120
244.691742
245.576752
246.465118
247.356842
248.251938
249.150406
250.052231
250.957413
251.865952
252.777878
253.693146
254.611786
255.000000
255.000000
255.000000
255.000000
255.000000
255.000000
255.000000
255.000000
255.000000
