0.925296
0.037352
0.037352
0.037352
0.925296
0.037352
0.037352
0.037352
0.925296
0.000000
0.931018
1.867666
2.809944
3.757852
4.711390
5.670557
6.635354
7.605782
8.581839
9.563525
10.550841
11.543788
12.542364
13.546571
14.556406
15.571873
16.592968
17.619694
18.652050
19.690035
20.733650
21.782896
22.837770
23.898273
24.964409
26.036175
27.113567
28.196590
29.285248
30.379530
31.479441
32.584988
33.696163
34.808479
35.917450
37.023083
38.125366
39.224308
40.319904
41.412155
42.501060
43.586628
44.668850
45.747726
46.823257
47.895443
48.964291
50.029789
51.091946
52.150757
53.206226
54.258354
55.307129
56.352566
57.394657
58.433407
59.468807
60.500870
61.529591
62.554958
63.576988
64.595665
65.611008
66.623009
67.631660
68.636963
69.638924
70.637550
71.632828
72.624756
73.613342
74.598587
75.580482
76.559044
77.534264
78.506126
79.474648
80.439827
81.401665
82.360153
83.315300
84.267105
85.215569
86.160683
87.102455
88.040878
88.976387
89.911575
90.846848
91.782219
92.717682
93.653244
94.588905
95.524666
96.460518
97.396454
98.332497
99.268639
100.204872
101.141205
102.077621
103.014145
103.950760
104.887474
105.824280
106.761185
107.698189
108.635292
109.572479
110.509766
111.447151
112.384628
113.322205
114.259880
115.197647
116.135506
117.073463
118.011520
118.949669
119.887917
120.826256
121.764694
122.703232
123.641853
124.580589
125.519409
126.458321
127.397339
128.336441
129.275650
130.214951
131.154343
132.093826
133.033432
133.973099
134.912888
135.852768
136.792740
137.732803
138.672974
139.614426
140.558334
141.504730
142.453583
143.404907
144.358704
145.314957
146.273712
147.234909
148.198578
149.164734
150.133362
151.104446
152.078003
153.054031
154.032532
155.013489
155.996933
156.982849
157.971222
158.962067
159.955383
160.951172
161.949417
162.950150
163.953354
164.959030
165.967163
166.977768
167.990860
169.006409
170.024414
171.044907
172.067871
173.093292
174.121185
175.151566
176.184402
177.219711
178.257492
179.297745
180.340469
181.385651
182.433319
183.483444
184.536041
185.591110
186.648666
187.708664
188.771133
189.836090
190.903519
191.973404
193.045197
194.115417
195.183502
196.249466
197.313309
198.375000
199.434570
200.491989
201.547287
202.600449
203.651489
204.700378
205.747147
206.791794
207.834290
208.874649
209.912888
210.948990
211.982971
213.014786
214.044495
215.072083
216.097504
217.120804
218.141983
219.161026
220.177933
221.192703
222.205338
223.215866
224.224228
225.230484
226.234589
227.236557
228.236404
229.234131
230.229706
231.223145
232.214462
233.203644
234.190674
235.175598
236.158371
237.139023
238.117554
239.093933
240.068192
241.040314
242.010284
242.978134
243.943848
244.907440
245.868896
246.828217
247.787018
248.746857
249.707748
250.669708
251.632706
252.596786
253.561905
254.528076
0.000000
1.126978
2.250495
3.370550
4.487144
5.600276
6.709948
7.816156
8.918905
10.018191
11.114016
12.206379
13.295281
14.380721
15.462700
16.541218
17.616274
18.687868
19.756002
20.820673
21.881884
22.939631
23.993919
25.044743
26.092110
27.136011
28.176453
29.213430
30.246950
31.277004
32.303600
33.326736
34.346409
35.362621
36.375374
37.384655
38.390484
39.394413
40.398018
41.401302
42.404263
43.406895
44.409206
45.411190
46.412849
47.414181
48.415192
49.415882
50.416241
51.416279
52.415993
53.415375
54.414440
55.413177
56.411591
57.409679
58.407440
59.404881
60.401993
61.398785
62.395248
63.391388
64.387199
65.382690
66.377853
67.372696
68.367218
69.361404
70.355278
71.348816
72.342033
73.334923
74.327492
75.319733
76.311653
77.303253
78.294510
79.285461
80.276070
81.266373
82.256348
83.245987
84.235306
85.224304
86.212982
87.201324
88.189346
89.177040
90.164413
91.151459
92.139015
93.127884
94.118073
95.109573
96.102409
97.096558
98.092026
99.088821
100.086937
101.086365
102.087120
103.089195
104.092598
105.097313
106.103348
107.110710
108.119392
109.129395
110.140717
111.153351
112.167320
113.182610
114.199219
115.217140
116.236389
117.256958
118.278854
119.302063
120.326591
121.352448
122.379623
123.408119
124.437927
125.469070
126.501518
127.535309
128.570404
129.606827
130.644562
131.683640
132.724014
133.765717
134.808746
135.853088
136.898743
137.945740
138.994049
140.043671
141.094635
142.146912
143.200500
144.255417
145.311646
146.367203
147.420105
148.470352
149.517929
150.562851
151.605103
152.644699
153.681625
154.715897
155.747498
156.776459
157.802734
158.826355
159.847321
160.865616
161.881256
162.894241
163.904541
164.912201
165.917191
166.919510
167.919174
168.916183
169.910522
170.902206
171.891220
172.877579
173.861282
174.842316
175.820679
176.796387
177.769455
178.739822
179.707535
180.672607
181.635010
182.594742
183.551819
184.506241
185.457993
186.407089
187.353500
188.297287
189.238388
190.176834
191.112595
192.045715
192.976181
193.903976
194.829117
195.751587
196.671402
197.588547
198.505386
199.424301
200.345291
201.268341
202.193451
203.120636
204.049881
204.981201
205.914581
206.850037
207.787552
208.727127
209.668777
210.612488
211.558273
212.506119
213.456024
214.407990
215.362045
216.318146
217.276337
218.236572
219.198883
220.163254
221.129700
222.098206
223.068787
224.041412
225.016129
225.992905
226.971741
227.952652
228.935638
229.920654
230.907776
231.896942
232.888184
233.881485
234.876862
235.874283
236.873795
237.875351
238.878998
239.884705
240.892471
241.902298
242.914200
243.928177
244.944183
245.962296
246.982468
248.004700
249.029007
250.035522
251.004440
251.935760
252.829453
253.685547
254.504013
255.000000
0.000000
1.182698
2.359807
3.531327
4.697258
5.857601
7.012355
8.161519
9.305097
10.443082
11.575481
12.702290
13.823510
14.939142
16.049183
17.153639
18.252502
19.345779
20.433468
21.515564
22.592075
23.662994
24.728329
25.788069
26.842224
27.890791
28.933764
29.971151
31.002949
32.031422
33.058826
34.085159
35.110428
36.134628
37.157761
38.179829
39.200825
40.220753
41.239616
42.257412
43.274143
44.289799
45.304394
46.317917
47.330376
48.341766
49.352089
50.361343
51.369534
52.376652
53.382706
54.387691
55.391613
56.394463
57.396240
58.396957
59.396603
60.395184
61.392696
62.389141
63.384514
64.378830
65.372070
66.364243
67.355362
68.345398
69.334373
70.322273
71.309113
72.294884
73.279587
74.263214
75.245789
76.227295
77.207718
78.187080
79.165375
80.142609
81.118767
82.093864
83.067886
84.040939
85.014786
85.990158
86.967072
87.945511
88.925499
89.907005
90.890053
91.874634
92.860741
93.848389
94.837570
95.828285
96.820526
97.814316
98.809624
99.806480
100.804863
101.804779
102.806229
103.809212
104.813728
105.819778
106.827362
107.836479
108.847137
109.859314
110.873032
111.888298
112.905083
113.923393
114.943253
115.964638
116.987556
118.012024
119.038010
120.065529
121.094589
122.125183
123.157303
124.190964
125.226158
126.262878
127.301132
128.340927
129.382248
130.425110
131.469513
132.515427
133.562897
134.611893
135.662415
136.714493
137.767624
138.819107
139.868454
140.915680
141.960785
143.003754
144.044617
145.083359
146.119980
147.154465
148.186813
149.217072
150.245178
151.271179
152.295059
153.316803
154.336426
155.353928
156.369308
157.382568
158.393692
159.402710
160.409607
161.414368
162.417007
163.417526
164.415924
165.412186
166.406342
167.398376
168.388275
169.376068
170.361710
171.345245
172.326645
173.305954
174.283127
175.258148
176.231079
177.201859
178.170532
179.137085
180.101517
181.063812
182.024002
182.982071
183.937988
184.891800
185.843491
186.793045
187.740494
188.685822
189.629013
190.570862
191.513275
192.456360
193.400070
194.344467
195.289505
196.235184
197.181534
198.128510
199.076172
200.024475
200.973419
201.923035
202.873306
203.824203
204.775787
205.727997
206.680878
207.634399
208.588593
209.543427
210.498917
211.455063
212.411850
213.369308
214.327408
215.286179
216.245575
217.205643
218.166351
219.127731
220.089752
221.052444
222.015762
222.979752
223.944382
224.909668
225.875626
226.842224
227.809479
228.777374
229.745941
230.715149
231.685028
232.655548
233.626709
234.598541
235.571014
236.544144
237.517944
238.492386
239.467468
240.443222
241.417694
242.389053
243.357285
244.322357
245.284317
246.243118
247.198776
248.151291
249.100677
250.046921
250.990036
251.929993
252.866806
253.800491
254.731033
255.000000
