0.982446
0.008777
0.008777
0.008777
0.982446
0.008777
0.008777
0.008777
0.982446
0.000000
0.928147
1.855852
2.783116
3.709938
4.636319
5.562258
6.487756
7.412813
8.337428
9.261602
10.185333
11.108624
12.031474
12.953881
13.875848
14.797374
15.718457
16.639099
17.559299
18.479057
19.398375
20.317253
21.235687
22.153681
23.071234
23.988342
24.905012
25.821239
26.737026
27.652370
28.567274
29.481737
30.395756
31.309334
32.222473
33.135170
34.047424
34.959236
35.870605
36.781536
37.692024
38.602070
39.511677
40.420845
41.329567
42.237850
43.147514
44.060390
44.976475
45.895775
46.818283
47.743999
48.672928
49.605068
50.540421
51.478977
52.420750
53.365726
54.313915
55.265320
56.219929
57.177750
58.138783
59.103024
60.070480
61.041142
62.015018
62.992100
63.972393
64.955902
65.942612
66.932541
67.925674
68.922028
69.921585
70.924347
71.930321
72.939514
73.951904
74.967514
75.986336
77.008369
78.033600
79.062050
80.093712
81.128586
82.166672
83.207962
84.252472
85.300179
86.351097
87.405228
88.462578
89.523125
90.586899
91.653870
92.724052
93.796120
94.866890
95.936195
97.004036
98.070427
99.135361
100.198822
101.260834
102.321381
103.380478
104.438103
105.494270
106.548973
107.602226
108.654015
109.704346
110.753220
111.800629
112.846573
113.891060
114.934097
115.975662
117.015770
118.054420
119.091614
120.127350
121.161621
122.194427
123.225777
124.255676
125.284103
126.311073
127.336578
128.360641
129.383224
130.404358
131.424042
132.442245
133.459000
134.474304
135.488113
136.500504
137.511398
138.520874
139.528854
140.535400
141.540466
142.544083
143.546234
144.546921
145.546158
146.544067
147.541260
148.537903
149.533981
150.529495
151.524445
152.518814
153.512634
154.505875
155.498550
156.490662
157.482208
158.473206
159.463608
160.453461
161.442749
162.431458
163.419617
164.407196
165.394211
166.380676
167.366547
168.351883
169.336639
170.320816
171.304443
172.287491
173.269989
174.251923
175.233276
176.214066
177.194290
178.173965
179.153046
180.131561
181.109528
182.086929
183.063766
184.040024
185.015717
185.990860
186.965408
187.939423
188.912857
189.885727
190.858017
191.829758
192.800919
193.771530
194.741562
195.711029
196.679977
197.649307
198.619400
199.590256
200.561859
201.534225
202.507355
203.481232
204.455872
205.431259
206.407410
207.384338
208.362015
209.340454
210.319641
211.299576
212.280289
213.261765
214.243973
215.226959
216.210709
217.195206
218.180466
219.166473
220.153259
221.140778
222.129074
223.118118
224.107925
225.098495
226.089813
227.081894
228.074738
229.068344
230.062698
231.057816
232.053680
233.050308
234.047714
235.045853
236.044769
237.044434
238.044861
239.046021
240.047974
241.050674
242.054123
243.058334
244.063324
245.069046
246.075546
247.082794
248.254349
249.753906
251.581421
253.736877
0.000000
0.000000
0.934308
2.296593
3.644914
4.979269
6.299658
7.606082
8.898541
10.177034
11.441563
12.692124
13.928721
15.151353
16.360020
17.554722
18.735456
19.902227
21.055033
22.193872
23.318747
24.429655
25.526600
26.609577
27.678589
28.733637
29.774717
30.801834
31.814985
32.814175
33.799393
34.770645
35.727940
36.671265
37.600624
38.516018
39.417442
40.304909
41.178406
42.037937
42.892624
43.751564
44.614769
45.482239
46.353962
47.229954
48.110207
48.994724
49.883495
50.776535
51.673836
52.575401
53.481220
54.391308
55.305656
56.224270
57.147141
58.074276
59.005669
59.941326
60.881245
61.825428
62.773872
63.726578
64.683548
65.644775
66.610268
67.580017
68.554039
69.532318
70.514854
71.501656
72.492722
73.488045
74.487633
75.491478
76.499596
77.511963
78.528603
79.549500
80.574661
81.604080
82.637764
83.675705
84.717911
85.764381
86.815109
87.870102
88.929367
89.992325
91.055664
92.118820
93.181801
94.244606
95.307220
96.369667
97.431931
98.494019
99.555923
100.617653
101.679199
102.740578
103.801765
104.862778
105.923607
106.984261
108.044739
109.105034
110.165146
111.225082
112.284851
113.344429
114.403839
115.463051
116.522102
117.580956
118.639648
119.698151
120.756485
121.814629
122.872604
123.930397
124.987999
126.045441
127.102692
128.159760
129.216660
130.273376
131.329926
132.386276
133.442459
134.498459
135.554291
136.609940
137.665390
138.720673
139.775787
140.830719
141.885468
142.939301
143.991531
145.042130
146.091110
147.138458
148.184189
149.228302
150.270782
151.311630
152.350861
153.388474
154.424454
155.458817
156.491562
157.522675
158.552155
159.580017
160.606277
161.630890
162.653885
163.675247
164.695007
165.713120
166.729614
167.744492
168.757751
169.769379
170.779373
171.787766
172.794510
173.799652
174.803162
175.805038
176.805298
177.803940
178.800949
179.796356
180.790100
181.782242
182.772781
183.761673
184.748932
185.734573
186.718613
187.700989
188.681778
189.660919
190.638443
191.614349
192.588562
193.560654
194.530594
195.498337
196.463913
197.427307
198.388519
199.347580
200.304443
201.259140
202.211655
203.162003
204.110153
205.056152
205.999954
206.941589
207.881058
208.818344
209.753448
210.686386
211.617142
212.545715
213.472122
214.396332
215.318390
216.238266
217.155960
218.071487
218.984833
219.895996
220.804993
221.711807
222.616455
223.518906
224.419189
225.317322
226.213242
227.107010
227.998581
228.888000
229.775238
230.660278
231.543152
232.423859
233.302383
234.178741
235.052917
235.924911
236.794739
237.662384
238.532593
239.410156
240.295013
241.187210
242.086731
242.993576
243.907745
244.829224
245.758041
246.694183
247.637650
248.588440
249.546570
250.511993
251.484756
252.464859
253.452271
254.446991
0.000000
1.118813
2.227886
3.327221
4.416817
5.496674
6.566792
7.627172
8.677812
9.718714
10.749877
11.771300
12.782986
13.784931
14.777137
15.759607
16.732338
17.695328
18.648581
19.592093
20.525866
21.449900
22.364197
23.268757
24.163574
25.048653
25.923994
26.789598
27.645460
28.491583
29.335600
30.185135
31.040190
31.900766
32.766861
33.638477
34.515614
35.398270
36.286449
37.180145
38.079361
38.984100
39.894356
40.810139
41.731434
42.658253
43.590588
44.528450
45.471828
46.420727
47.375149
48.335087
49.300545
50.271526
51.248028
52.230049
53.217587
54.210651
55.209232
56.213333
57.222954
58.238091
59.258755
60.284939
61.316647
62.353867
63.396610
64.444878
65.498657
66.557961
67.622780
68.693130
69.768997
70.850372
71.937286
73.029709
74.127655
75.231117
76.340111
77.452141
78.561195
79.666992
80.769524
81.868805
82.964813
84.057579
85.147079
86.233315
87.316307
88.396027
89.472488
90.545700
91.615646
92.682335
93.745766
94.805931
95.862854
96.916504
97.966896
99.014030
100.057907
101.098534
102.135887
103.169991
104.200836
105.228416
106.252739
107.273804
108.291611
109.306168
110.317459
111.325485
112.330254
113.331779
114.330025
115.325027
116.316757
117.305237
118.290466
119.272423
120.251129
121.226570
122.198753
123.167686
124.133347
125.095757
126.054909
127.010796
127.964005
128.917999
129.873337
130.830032
131.788086
132.747498
133.708252
134.670380
135.633865
136.598709
137.564880
138.532440
139.501343
140.471588
141.443207
142.416153
143.390488
144.366165
145.343201
146.321594
147.301346
148.282440
149.264893
150.248703
151.233871
152.220413
153.208282
154.197525
155.188110
156.180054
157.173370
158.168015
159.164032
160.161407
161.160141
162.160217
163.161652
164.164444
165.168594
166.174103
167.180969
168.189178
169.198746
170.209671
171.221954
172.235596
173.250595
174.266953
175.284653
176.303558
177.320389
178.333786
179.343750
180.350281
181.353394
182.353073
183.349319
184.342133
185.331528
186.317490
187.300003
188.279114
189.254776
190.227005
191.195801
192.161194
193.123138
194.081635
195.036728
195.988373
196.936615
197.881409
198.822769
199.760696
200.695206
201.626266
202.553925
203.478134
204.398926
205.316269
206.230194
207.140686
208.047745
208.951385
209.851578
210.748352
211.641693
212.531616
213.418091
214.301147
215.180771
216.056961
216.929718
217.799042
218.664948
219.527420
220.386459
221.242065
222.094254
222.954391
223.833862
224.732681
225.650833
226.588318
227.545151
228.521332
229.516846
230.531693
231.565887
232.619415
233.692291
234.784500
235.896057
237.026947
238.177185
239.346756
240.535660
241.743912
242.971497
244.218430
245.484695
246.770309
248.075256
249.399536
250.743164
252.106140
253.488434
254.890091
