0.999906
0.000047
0.000047
0.000047
0.999906
0.000047
0.000047
0.000047
0.999906
0.000000
1.663118
3.198781
4.606990
5.887743
7.041041
8.066883
9.029698
9.993916
10.959534
11.926551
12.894971
13.864792
14.836013
15.808636
16.782658
17.758085
18.734909
19.713135
20.692762
21.673790
22.656219
23.640051
24.625282
25.611916
26.599949
27.589382
28.580217
29.572453
30.566092
31.561129
32.557568
33.555408
34.554649
35.555294
36.557335
37.560780
38.565624
39.571869
40.579517
41.588566
42.599018
43.610863
44.624119
45.638771
46.654819
47.672276
48.691132
49.711384
50.733044
51.756100
52.780560
53.806416
54.833679
55.862343
56.892330
57.922104
58.951035
59.979122
61.006359
62.032742
63.058285
64.082985
65.106834
66.129829
67.151978
68.173279
69.193741
70.213356
71.232117
72.250038
73.267105
74.283325
75.298706
76.313225
77.326912
78.339745
79.351738
80.362877
81.373169
82.382614
83.391205
84.398956
85.405861
86.411919
87.417122
88.421486
89.424995
90.427666
91.429489
92.430458
93.430588
94.429855
95.428291
96.425873
97.422615
98.418503
99.413551
100.407745
101.401093
102.393593
103.385246
104.376053
105.366020
106.355492
107.346695
108.339981
109.335358
110.332817
111.332367
112.334000
113.337730
114.343544
115.351440
116.361427
117.373497
118.387665
119.403908
120.422249
121.442680
122.465187
123.489784
124.516479
125.545250
126.576103
127.609055
128.644089
129.681213
130.720428
131.761734
132.805115
133.850586
134.898148
135.947800
136.999542
138.053360
139.109268
140.167267
141.227356
142.289520
143.353790
144.420120
145.488571
146.559097
147.631699
148.706406
149.783188
150.862061
151.943024
153.026077
154.111206
155.198425
156.287735
157.378082
158.466949
159.554230
160.639893
161.723953
162.806427
163.887283
164.966537
166.044189
167.120239
168.194687
169.267548
170.338791
171.408432
172.476471
173.542908
174.607742
175.670975
176.732605
177.792633
178.851059
179.907883
180.963104
182.016708
183.068741
184.119141
185.167953
186.215149
187.260757
188.304764
189.347153
190.387970
191.427155
192.464752
193.500732
194.535126
195.567902
196.599075
197.628677
198.656631
199.683014
200.707779
201.730957
202.752533
203.772491
204.790848
205.807617
206.822769
207.836319
208.847183
209.854370
210.857834
211.857559
212.853577
213.845871
214.834457
215.819321
216.800446
217.777863
218.751572
219.721558
220.687805
221.650360
222.609192
223.564285
224.515686
225.463348
226.407288
227.347519
228.284027
229.216812
230.145905
231.071243
231.992874
232.910782
233.824982
234.735458
235.642212
236.545258
237.444580
238.340179
239.232040
240.120209
241.004654
241.885376
242.762375
243.635666
244.505219
245.371078
246.233200
247.091599
247.946289
248.797256
249.644501
250.488037
251.327850
252.163940
252.996323
253.824966
254.649902
255.000000
255.000000
255.000000
0.000000
0.919832
1.840380
2.761643
3.683621
4.606315
5.529724
6.453847
7.378687
8.304242
9.231084
10.159792
11.090363
12.022797
12.957094
13.893254
14.831279
15.771166
16.712917
17.656528
18.602007
19.549347
20.498550
21.449617
22.402550
23.357340
24.313999
25.272516
26.232899
27.195148
28.159256
29.125233
30.093067
31.062767
32.034332
33.007759
33.983047
34.960197
35.939217
36.920097
37.902840
38.887444
39.873913
40.862247
41.852440
42.844051
43.834358
44.822906
45.809704
46.794746
47.778034
48.759567
49.739346
50.717373
51.693642
52.668159
53.640923
54.611931
55.581188
56.548687
57.514431
58.478424
59.440662
60.401146
61.359875
62.316845
63.272068
64.225540
65.177246
66.127205
67.075409
68.021851
68.966553
69.909492
70.850677
71.790108
72.727791
73.663712
74.597885
75.530296
76.460953
77.392113
78.326027
79.262680
80.202095
81.144264
82.089188
83.036842
83.987267
84.940437
85.896362
86.855034
87.816460
88.780632
89.747559
90.717239
91.689667
92.664848
93.642776
94.623466
95.606895
96.593079
97.582016
98.573708
99.568146
100.565346
101.565285
102.567970
103.573418
104.581619
105.592567
106.606270
107.622719
108.641922
109.663879
110.688576
111.715149
112.738174
113.756767
114.770943
115.780685
116.786003
117.786896
118.783348
119.775391
120.762993
121.746170
122.724907
123.699234
124.669128
125.634590
126.595627
127.552238
128.504425
129.452164
130.395493
131.334396
132.268845
133.198883
134.124496
135.045700
135.962448
136.874771
137.782669
138.686142
139.585190
140.479797
141.369980
142.255753
143.137085
144.013992
144.886475
145.758804
146.635376
147.516144
148.401108
149.290298
150.183670
151.081268
151.983047
152.889038
153.799240
154.713638
155.632233
156.555038
157.482040
158.413254
159.348679
160.288300
161.232132
162.180145
163.132370
164.088821
165.049454
166.014297
166.983337
167.956573
168.934036
169.915695
170.901550
171.891617
172.885880
173.884354
174.887009
175.893906
176.904984
177.920258
178.939758
179.963440
180.991348
182.023422
183.059738
184.100250
185.144943
186.193863
187.246979
188.304291
189.365814
190.431534
191.501465
192.575607
193.653946
194.736481
195.823227
196.914185
198.009338
199.108673
200.212250
201.320007
202.431976
203.548141
204.668503
205.793091
206.921875
208.054855
209.192047
210.333420
211.479019
212.628845
213.782822
214.941025
216.103439
217.270065
218.440887
219.615891
220.795120
221.978561
223.166168
224.358017
225.554047
226.754288
227.958740
229.167374
230.380219
231.597290
232.818542
234.044006
235.273682
236.507553
237.745605
238.987885
240.234360
241.485031
242.739944
243.999023
245.262314
246.529816
247.801514
249.077423
250.357529
251.641830
252.930359
254.223083
255.000000
255.000000
255.000000
0.000000
1.091399
2.061132
2.909198
3.699591
4.496314
5.299362
6.108737
6.924440
7.746468
8.574823
9.409505
10.250512
11.097848
11.951509
12.811497
13.677811
14.550452
15.429420
16.314711
17.206333
18.104282
19.008556
19.919157
20.836082
21.759336
22.688915
23.624823
24.567055
25.515615
26.470501
27.430016
28.389997
29.350264
30.310810
31.271641
32.232750
33.194145
34.155815
35.117771
36.080009
37.042534
38.005333
38.968414
39.931782
40.895428
41.859356
42.823566
43.788059
44.752831
45.717884
46.683224
47.648842
48.614746
49.580929
50.547394
51.514141
52.481167
53.448311
54.414589
55.379837
56.344044
57.307220
58.269367
59.230480
60.190556
61.149601
62.107613
63.064598
64.020546
64.975456
65.929337
66.882187
67.834000
68.784782
69.734528
70.683243
71.630928
72.577576
73.523193
74.467781
75.411324
76.353851
77.295334
78.235779
79.175262
80.115570
81.057388
82.000725
82.945587
83.891968
84.839867
85.789284
86.740227
87.692680
88.646660
89.602158
90.559174
91.517715
92.477776
93.439346
94.402443
95.367073
96.333206
97.300865
98.270035
99.240730
100.212952
101.186684
102.161942
103.138718
104.117020
105.096832
106.073990
107.044281
108.007713
108.964294
109.914009
110.856873
111.792877
112.722023
113.644318
114.559746
115.468323
116.370041
117.264900
118.152901
119.034058
119.908340
120.775772
121.636353
122.490074
123.336929
124.176941
125.010086
125.836372
126.655807
127.468384
128.274094
129.072968
129.864960
130.650101
131.428391
132.199829
132.964417
133.722122
134.472992
135.216995
135.954132
136.684433
137.407867
138.124435
138.834152
139.537003
140.233032
140.922150
141.604446
142.279892
142.948456
143.610184
144.265030
144.913040
145.554184
146.188477
146.815918
147.436478
148.050201
148.657059
149.257050
149.850220
150.436493
151.015930
151.588501
152.154221
152.713074
153.265076
153.810226
154.348511
154.879944
155.404510
155.922226
156.433090
156.937103
157.434250
157.924545
158.407974
158.884537
159.354248
159.817108
160.273117
160.722260
161.164551
161.599976
162.028564
162.450272
162.865128
163.273132
163.674271
164.068573
164.455994
164.836563
165.210281
165.577148
165.937149
166.290298
166.636581
166.976028
167.308578
167.634293
167.953156
168.265152
168.570312
168.868591
169.160019
169.444595
169.722321
169.993164
170.257156
170.514313
170.764603
171.008026
171.244583
171.474304
171.697174
171.913177
172.122330
172.324615
172.520050
172.708603
172.890335
173.065186
173.233185
173.394333
173.548599
173.696030
173.836609
173.970337
174.097183
174.217194
174.330322
174.436630
174.536057
174.628632
174.714355
174.793182
174.865189
174.930328
174.988632
175.040039
175.084625
175.122330
175.153198
175.177200
175.194336
175.204620
175.208054
