0.997953
0.001023
0.001023
0.001023
0.997953
0.001023
0.001023
0.001023
0.997953
0.000000
1.163718
2.323575
3.479570
4.631705
5.779978
6.924390
8.064939
9.201630
10.334459
11.463425
12.588531
13.709777
14.827160
15.940681
17.050341
18.156141
19.257874
20.355333
21.448517
22.537430
23.622066
24.702433
25.778524
26.850344
27.917887
28.981159
30.040154
31.094879
32.145329
33.191509
34.233414
35.271038
36.304401
37.333485
38.358288
39.378830
40.395088
41.407078
42.414795
43.418236
44.417404
45.412296
46.402924
47.389271
48.371349
49.349144
50.322678
51.291935
52.256916
53.217617
54.174049
55.126217
56.074100
57.017719
57.957584
58.896904
59.836205
60.775486
61.714745
62.653988
63.593204
64.532410
65.471588
66.410744
67.349892
68.289009
69.228104
70.167191
71.106247
72.045288
72.984306
73.923309
74.862289
75.801254
76.740196
77.679108
78.618011
79.556892
80.495758
81.434601
82.373413
83.312218
84.250992
85.189758
86.128502
87.067223
88.005913
88.944603
89.883263
90.821899
91.760513
92.699127
93.637703
94.577896
95.521332
96.468018
97.417938
98.371101
99.327522
100.287186
101.250084
102.216225
103.185616
104.158249
105.134125
106.113243
107.095612
108.081215
109.070068
110.062164
111.057510
112.056091
113.057922
114.062996
115.071312
116.082870
117.097679
118.115738
119.137032
120.161560
121.189346
122.220367
123.254639
124.292152
125.332909
126.376907
127.424156
128.474655
129.528381
130.585358
131.645584
132.708282
133.768860
134.826538
135.881317
136.933228
137.982224
139.028320
140.071548
141.111877
142.149292
143.183823
144.215469
145.244232
146.270081
147.293045
148.313126
149.330307
150.344589
151.355988
152.364487
153.370087
154.372818
155.372635
156.369553
157.363602
158.354736
159.342987
160.328354
161.310806
162.290390
163.267075
164.240845
165.211746
166.179749
167.144852
168.107071
169.066391
170.022812
170.976349
171.922836
172.858124
173.782211
174.695099
175.596786
176.487274
177.366547
178.234634
179.091522
179.937180
180.771667
181.594940
182.407028
183.207901
183.997574
184.776047
185.543320
186.299393
187.044266
187.777924
188.500412
189.211670
189.911728
190.600601
191.278259
191.944717
192.599991
193.244049
193.876907
194.498566
195.109024
195.708267
196.296326
196.873184
197.438828
197.993301
198.536545
199.068604
199.589447
200.099091
200.597534
201.084778
201.560822
202.025681
202.479309
202.921753
203.352982
203.773041
204.181870
204.579514
204.965942
205.341202
205.705215
206.058044
206.399689
206.730118
207.049347
207.357376
207.654205
207.939835
208.214249
208.477478
208.729507
208.970337
209.199951
209.418381
209.625580
209.821609
210.006439
210.180038
210.342453
210.493668
210.633682
210.762497
210.880112
210.986511
211.081726
211.165741
211.238541
211.300140
211.350555
211.389755
211.417755
211.434540
211.440155
0.000000
0.882569
1.796726
2.742471
3.719805
4.728727
5.769238
6.841338
7.945026
9.080302
10.247167
11.445621
12.675662
13.937291
15.206529
16.459393
17.695883
18.915998
20.119741
21.307112
22.478107
23.632729
24.770977
25.892853
26.998358
28.087482
29.160238
30.216618
31.256624
32.280254
33.287518
34.278400
35.252918
36.211052
37.152821
38.078213
38.987232
39.879875
40.756145
41.618797
42.484383
43.355659
44.232616
45.115269
46.003609
46.897629
47.797344
48.702747
49.613834
50.530613
51.453075
52.381229
53.315067
54.254597
55.199818
56.150723
57.107315
58.069595
59.037563
60.011223
60.990566
61.975601
62.966324
63.962727
64.964828
65.972649
66.986229
68.005562
69.030663
70.061523
71.098137
72.140511
73.188644
74.242546
75.302200
76.367615
77.438789
78.515717
79.598419
80.686867
81.781082
82.881050
83.986786
85.098274
86.215523
87.338524
88.467300
89.601830
90.742111
91.888161
93.037560
94.175804
95.300476
96.411591
97.509132
98.593102
99.663513
100.720360
101.763641
102.793350
103.809494
104.812080
105.801086
106.776543
107.738426
108.686737
109.621490
110.542671
111.450294
112.344345
113.224838
114.091751
114.945107
115.784897
116.611115
117.423775
118.226761
119.023994
119.815475
120.601204
121.381172
122.155388
122.923843
123.686546
124.443489
125.194679
125.940109
126.679787
127.413704
128.141861
128.864273
129.580917
130.291809
130.996964
131.696350
132.389969
133.077835
133.759949
134.436310
135.106918
135.771759
136.430847
137.084183
137.731750
138.373566
139.009644
139.639954
140.264496
140.883286
141.496338
142.103622
142.705139
143.300919
143.890915
144.475174
145.053696
145.626419
146.193420
146.754639
147.310135
147.859848
148.403824
148.942017
149.474472
150.001175
150.522110
151.037292
151.546722
152.050385
152.548294
153.040466
153.526871
154.007507
154.482391
154.951538
155.414917
155.872528
156.324402
156.770493
157.210846
157.645447
158.074280
158.497375
158.914703
159.326279
159.732086
160.132126
160.526443
160.914978
161.297791
161.674820
162.046097
162.411621
162.771378
163.125381
163.473648
163.816147
164.152878
164.483856
164.809082
165.128555
165.442276
165.750244
166.052429
166.348877
166.639572
166.924500
167.203674
167.477112
167.744766
168.006683
168.262833
168.513214
168.757874
168.996750
169.229874
169.457245
169.678864
169.894714
170.104813
170.309174
170.507767
170.700592
170.887665
171.069000
171.244553
171.414368
171.578430
171.736710
171.889252
172.036041
172.177063
172.312332
172.441864
172.565613
172.683624
172.795868
172.902359
173.003098
173.098068
173.187286
173.270752
173.348465
173.420410
173.486603
173.547058
173.601746
173.650665
173.693832
173.731247
173.762909
173.788818
173.808960
173.823349
173.831985
173.834869
0.000000
1.729613
3.373296
4.931051
6.402877
7.788773
9.088740
10.302777
11.430887
12.480537
13.520817
14.568528
15.623674
16.686258
17.756273
18.833721
19.918608
21.010927
22.100769
23.167700
24.211100
25.230968
26.227304
27.200109
28.149382
29.075125
29.978907
30.912579
31.901283
32.945015
34.043781
35.197578
36.406406
37.670265
38.989155
40.334675
41.590076
42.742729
43.792641
44.739811
45.584236
46.325912
46.964851
47.501045
47.984718
48.466110
48.945217
49.422031
49.896564
50.368805
50.838760
51.306431
51.771812
52.234909
52.695717
53.154240
53.610474
54.064423
54.516087
54.965458
55.412544
55.857346
56.299862
56.740086
57.178024
57.613678
58.047047
58.478127
58.906918
59.333420
59.757641
60.179569
60.599216
61.016575
61.431644
61.844429
62.254925
62.663136
63.069061
63.472698
63.874046
64.273109
64.669884
65.064369
65.456581
65.846489
66.234116
66.619461
67.002510
67.383278
67.761765
68.137962
68.511856
68.883476
69.252823
69.619865
69.984619
70.347099
70.707283
71.065178
71.420792
71.774117
72.125153
72.473907
72.820374
73.164551
73.506432
73.846039
74.183357
74.518387
74.851128
75.181580
75.509750
75.835632
76.159233
76.480537
76.799561
77.116302
77.430740
77.742905
78.052773
78.360367
78.665657
78.968674
79.269402
79.567841
79.863991
80.157852
80.449432
80.738739
81.025742
81.310455
81.592888
81.873039
82.150894
82.426460
82.699745
82.970734
83.239449
83.505867
83.770012
84.031860
84.291428
84.548691
84.803680
85.056381
85.306801
85.554924
85.800766
86.044327
86.285591
86.524574
86.761261
86.995667
87.227783
87.457619
87.685173
87.910423
88.133400
88.354080
88.572479
88.788589
89.002419
89.213951
89.423203
89.630165
89.834839
90.037231
90.237335
90.435158
90.630684
90.823929
91.014885
91.203552
91.389931
91.574020
91.755836
91.935356
92.112587
92.287529
92.460197
92.630569
92.798653
92.964462
93.127968
93.289192
93.448128
93.604782
93.759148
93.911232
94.061020
94.208527
94.353737
94.496674
94.637321
94.775681
94.911751
95.045532
95.177017
95.306229
95.433159
95.557800
95.680145
95.800201
95.917976
96.033463
96.146667
96.257584
96.366211
96.472549
96.576607
96.678368
96.777847
96.875038
96.969955
97.062569
97.152901
97.240944
97.326698
97.410172
97.491371
97.570259
97.646873
97.721199
97.793228
97.862984
97.930443
97.995613
98.058510
98.119110
98.177429
98.233452
98.287201
98.338654
98.387825
98.434708
98.479294
98.521599
98.561623
98.599358
98.634804
98.667969
98.698837
98.727417
98.753723
98.777733
98.799461
98.818893
98.836052
98.850922
98.863487
98.873779
98.881790
98.887505
98.890938
98.892082
