0.696189
0.151905
0.151905
0.151905
0.696189
0.151905
0.151905
0.151905
0.696189
0.000000
0.908339
1.812661
2.712968
3.609258
4.501533
5.389792
6.274035
7.154262
8.030474
8.902668
9.770847
10.637041
11.503282
12.369568
13.235899
14.102278
14.968700
15.835170
16.701685
17.568247
18.434853
19.301506
20.168205
21.034948
21.901739
22.768576
23.635458
24.502384
25.369360
26.236378
27.103443
27.970556
28.837713
29.704916
30.572166
31.439459
32.306801
33.174187
34.041618
34.909100
35.776619
36.644192
37.511799
38.379463
39.247169
40.114925
40.982723
41.850574
42.718464
43.586395
44.454689
45.323654
46.193283
47.063580
47.934547
48.806179
49.678486
50.551453
51.425095
52.299400
53.174377
54.050026
54.926338
55.803318
56.680965
57.559284
58.438271
59.317924
60.198246
61.079239
61.960896
62.843224
63.726219
64.609886
65.494209
66.379219
67.264885
68.151222
69.038231
69.925903
70.814247
71.703255
72.592934
73.483276
74.374290
75.265984
76.158325
77.051353
77.945038
78.841545
79.743034
80.649513
81.560959
82.477386
83.398796
84.325188
85.256554
86.192902
87.134232
88.080544
89.031830
89.988091
90.949341
91.915573
92.886772
93.862961
94.844124
95.830269
96.821396
97.817497
98.818581
99.824646
100.835693
101.851707
102.872719
103.898697
104.929657
105.965599
107.006523
108.052422
109.103302
110.159157
111.220001
112.285812
113.356613
114.432396
115.513145
116.598885
117.683960
118.762703
119.835129
120.901230
121.961014
123.014481
124.061607
125.102432
126.136932
127.165100
128.186951
129.202484
130.211700
131.214584
132.211166
133.201431
134.185349
135.162964
136.134232
137.099197
138.057846
139.010178
139.956177
140.895844
141.829208
142.756241
143.676956
144.591354
145.499435
146.401184
147.296616
148.185730
149.068527
149.944992
150.815140
151.678955
152.536469
153.387650
154.232513
155.072388
155.908524
156.740936
157.569656
158.394653
159.215958
160.033539
160.847412
161.657547
162.464005
163.266754
164.065765
164.861084
165.652695
166.440582
167.224762
168.005234
168.781982
169.555038
170.324371
171.089996
171.851898
172.610123
173.364609
174.115387
174.862457
175.605820
176.345474
177.081390
177.813614
178.542130
179.266937
179.988022
180.705414
181.419083
182.129028
182.835297
183.537827
184.236633
184.931763
185.623169
186.310852
186.994843
187.675110
188.351669
189.024506
189.693649
190.359070
191.020782
191.678787
192.333084
192.983658
193.630524
194.273682
194.913132
195.548874
196.180893
196.809204
197.433823
198.054703
198.671890
199.285355
199.895111
200.501160
201.103500
201.702118
202.297043
202.888229
203.475739
204.059509
204.639587
205.215942
205.788589
206.357513
206.922745
207.484253
208.042053
208.596161
209.146545
209.693207
210.236145
210.775406
211.310944
211.842773
212.370880
212.895279
213.415970
213.932953
0.000000
0.704522
1.536990
2.497404
3.585764
4.802070
6.146322
7.618520
9.218664
10.946754
12.723754
14.470641
16.187410
17.874062
19.530596
21.157015
22.753313
24.319496
25.855562
27.361509
28.837341
30.283052
31.698650
33.084129
34.439491
35.764732
37.059860
38.324863
39.559761
40.764534
41.939194
43.083736
44.198158
45.282467
46.336651
47.360718
48.354679
49.318512
50.253632
51.190964
52.143150
53.110195
54.092094
55.088856
56.100468
57.126942
58.168266
59.224449
60.295490
61.381386
62.482140
63.597752
64.728218
65.873535
67.033722
68.208755
69.398651
70.603394
71.822998
73.057465
74.306786
75.570961
76.849991
78.143875
79.452629
80.776222
82.114685
83.465675
84.815308
86.161255
87.503525
88.842117
90.177017
91.508240
92.835785
94.159645
95.479820
96.796310
98.109123
99.418259
100.723701
102.025467
103.323555
104.617966
105.908676
107.195717
108.479073
109.758751
111.034737
112.307045
113.575676
114.840630
116.101891
117.359467
118.613373
119.863586
121.111176
122.358727
123.606339
124.854042
126.101814
127.349655
128.597580
129.845566
131.093628
132.341782
133.589981
134.838272
136.086639
137.335068
138.583572
139.832169
141.080826
142.329559
143.578369
144.827255
146.076202
147.325226
148.574326
149.823502
151.072754
152.322083
153.571487
154.820938
156.070496
157.315308
158.550598
159.776321
160.992523
162.199188
163.396317
164.583878
165.761932
166.930420
168.089386
169.238815
170.378708
171.509064
172.629868
173.741150
174.842880
175.935059
177.017715
178.090836
179.154419
180.208450
181.252945
182.287903
183.313339
184.329224
185.335556
186.332367
187.319626
188.297363
189.265549
190.224213
191.173309
192.112885
193.042908
193.963409
194.874374
195.775787
196.667664
197.550003
198.422806
199.286072
200.139786
200.983978
201.818619
202.643723
203.459290
204.265320
205.061798
205.848770
206.626175
207.394058
208.152390
208.901184
209.640442
210.370163
211.090347
211.800980
212.502075
213.193634
213.875671
214.548157
215.211105
215.864502
216.508362
217.142700
217.767502
218.382751
218.988464
219.584656
220.171280
220.748383
221.315933
221.873962
222.422440
222.961380
223.490784
224.010651
224.520981
225.021774
225.513000
225.994720
226.466904
226.929520
227.382629
227.826172
228.260193
228.684662
229.099609
229.505005
229.900864
230.287186
230.663956
231.031219
231.388916
231.737076
232.075714
232.404800
232.724350
233.034363
233.334839
233.625763
233.907166
234.179016
234.441345
234.694122
234.937347
235.171051
235.395218
235.609833
235.814926
236.010468
236.196487
236.372940
236.539871
236.697266
236.845123
236.983429
237.112198
237.231430
237.341125
237.441299
237.531906
237.612991
237.684540
237.746521
237.798996
237.841919
237.875305
237.899155
237.913452
237.918228
0.000000
5.000000
10.000000
15.000000
20.000000
25.000000
30.000000
35.000000
39.999996
44.999996
49.964954
54.570564
58.737946
62.467121
65.758080
68.610817
71.025330
73.001640
74.539719
75.639595
76.534805
77.707062
79.170975
80.926529
82.973732
85.312592
87.943092
90.865250
94.079048
97.575600
101.061142
104.393257
107.571930
110.597183
113.468994
116.187386
118.752335
121.163857
123.421936
125.537544
127.555641
129.481125
131.313980
133.054214
134.701797
136.256760
137.719101
139.088821
140.365891
141.593689
142.815536
144.031433
145.241379
146.445389
147.643463
148.835587
150.021744
151.201965
152.376251
153.544586
154.706985
155.863403
157.013916
158.158463
159.297073
160.429733
161.556442
162.677200
163.792038
164.900909
166.003845
167.100815
168.191864
169.276962
170.356110
171.429321
172.496582
173.557877
174.613251
175.662659
176.706146
177.743668
178.775253
179.800873
180.820572
181.834320
182.842117
183.843979
184.839874
185.829849
186.813873
187.791946
188.764053
189.730240
190.690475
191.644775
192.593109
193.535507
194.471954
195.402466
196.327011
197.245636
198.158310
199.065033
199.965805
200.860626
201.749527
202.632462
203.509445
204.380478
205.245590
206.104752
206.957962
207.805222
208.646561
209.481918
210.311356
211.134842
211.952362
212.763962
213.569611
214.369308
215.163055
215.950867
216.732727
217.508636
218.278625
219.042648
219.800720
220.552856
221.299042
222.039291
222.773590
223.501938
224.224335
224.940796
225.651321
226.355896
227.054504
227.747192
228.433929
229.114700
229.789536
230.458420
231.121384
231.778381
232.429443
233.074539
233.713715
234.346924
234.974213
235.595535
236.210922
236.820343
237.423843
238.021393
238.612991
239.198639
239.778351
240.352127
240.919937
241.481781
242.037704
242.587708
243.131744
243.669830
244.201965
244.728149
245.248413
245.762726
246.271072
246.773499
247.269958
247.760483
248.245056
248.723679
249.196381
249.663116
250.123901
250.578751
251.027649
251.470596
251.907608
252.338684
252.763809
253.182968
253.596207
254.003479
254.404816
254.800201
255.189651
255.573166
255.950714
256.322327
256.687988
257.047699
257.401459
257.749298
258.091156
255.000000
255.000000
255.000000
255.000000
255.000000
255.000000
255.000000
255.000000
255.000000
255.000000
255.000000
255.000000
255.000000
255.000000
255.000000
255.000000
255.000000
255.000000
255.000000
255.000000
255.000000
255.000000
255.000000
255.000000
255.000000
255.000000
255.000000
255.000000
255.000000
255.000000
255.000000
255.000000
255.000000
255.000000
255.000000
255.000000
255.000000
255.000000
255.000000
255.000000
255.000000
255.000000
255.000000
255.000000
255.000000
255.000000
255.000000
255.000000
255.000000
255.000000
255.000000
255.000000
255.000000
255.000000
255.000000
255.000000
255.000000
