0.976516
0.011742
0.011742
0.011742
0.976516
0.011742
0.011742
0.011742
0.976516
0.000000
1.131445
2.243975
3.337588
4.412285
5.468067
6.504931
7.522880
8.521914
9.502030
10.463231
11.405517
12.328885
13.233337
14.118875
14.985495
15.843824
16.704493
17.567499
18.432842
19.300526
20.170544
21.042898
21.917593
22.794624
23.673992
24.555698
25.439741
26.326122
27.214838
28.105894
28.999289
29.895020
30.793087
31.693493
32.596241
33.501316
34.408733
35.318489
36.230583
37.145012
38.061783
38.980885
39.902328
40.826111
41.752228
42.680683
43.611473
44.544605
45.480072
46.417877
47.358021
48.300499
49.245319
50.192471
51.141964
52.093792
53.047958
54.004467
54.963306
55.924488
56.888000
57.853855
58.822044
59.792580
60.765442
61.740646
62.718189
63.698063
64.680283
65.664841
66.651726
67.640961
68.632523
69.626427
70.622391
71.618752
72.615242
73.611862
74.608604
75.605469
76.602463
77.599571
78.596817
79.594177
80.591667
81.589279
82.587029
83.584892
84.582886
85.581001
86.579239
87.577599
88.576088
89.574707
90.573448
91.572304
92.571297
93.570412
94.569641
95.569016
96.568504
97.568115
98.567848
99.567711
100.567703
101.567818
102.568062
103.568420
104.568909
105.569519
106.570259
107.571121
108.572105
109.573219
110.574463
111.575821
112.577301
113.578918
114.580658
115.582520
116.584511
117.586624
118.588852
119.591209
120.593704
121.596313
122.599045
123.601913
124.604889
125.608002
126.611244
127.614601
128.618088
129.621704
130.625107
131.628052
132.630508
133.632477
134.633972
135.634964
136.635468
137.635498
138.635040
139.634079
140.632660
141.630737
142.628342
143.625458
144.622070
145.618210
146.613861
147.609024
148.603699
149.597885
150.591583
151.584808
152.577545
153.569794
154.561554
155.552826
156.543610
157.533905
158.523727
159.513062
160.501892
161.490250
162.478119
163.465515
164.452408
165.438828
166.424744
167.410187
168.395142
169.379608
170.363586
171.347076
172.330078
173.312607
174.294647
175.276199
176.257248
177.237839
178.217911
179.197540
180.176651
181.155273
182.133423
183.111084
184.088272
185.064957
186.041153
187.016861
187.992081
188.967255
189.944839
190.925278
191.908569
192.894699
193.883682
194.875504
195.870193
196.867706
197.868073
198.871292
199.877365
200.886276
201.898026
202.912659
203.930099
204.950409
205.973572
206.999557
208.028412
209.060120
210.094650
211.132034
212.172287
213.215378
214.261307
215.310074
216.361710
217.416183
218.473511
219.533691
220.596710
221.662582
222.731293
223.802856
224.877274
225.954544
227.034637
228.117599
229.203400
230.292038
231.383545
232.477875
233.575073
234.675125
235.778000
236.883743
237.992325
239.103745
240.218033
241.335159
242.455139
243.577972
244.703629
245.832138
246.963501
248.097717
249.234787
250.374695
251.517441
252.926971
254.867294
0.000000
1.321662
2.620013
3.895051
5.146777
6.375192
7.580294
8.762083
9.920563
11.055728
12.167582
13.256124
14.321355
15.363272
16.393904
17.425272
18.457380
19.490225
20.523811
21.558134
22.593197
23.628996
24.665533
25.702810
26.740826
27.779579
28.819071
29.859299
30.900269
31.941975
32.984421
34.027603
35.071526
36.116188
37.161587
38.207726
39.254601
40.302216
41.350567
42.399654
43.449482
44.500050
45.551357
46.603405
47.656185
48.709705
49.763966
50.818958
51.874699
52.931171
53.988384
55.046337
56.105026
57.164452
58.224621
59.285526
60.347168
61.409550
62.472668
63.536526
64.601128
65.666458
66.732536
67.799347
68.866898
69.935188
71.004204
72.073967
73.144478
74.215683
75.287338
76.359421
77.431915
78.504845
79.578178
80.651939
81.726120
82.800720
83.875740
84.951180
86.027039
87.103317
88.180016
89.257133
90.334671
91.412628
92.491013
93.569809
94.649025
95.728661
96.808716
97.889191
98.970093
100.051407
101.133141
102.215302
103.297867
104.380867
105.464287
106.548111
107.632370
108.717049
109.802147
110.887657
111.973587
113.059937
114.146713
115.233910
116.321518
117.409554
118.498001
119.586876
120.676163
121.765877
122.856010
123.946556
125.037537
126.128914
127.220734
128.312958
129.405609
130.498672
131.592163
132.686081
133.780411
134.873917
135.965347
137.054718
138.142029
139.227264
140.310455
141.391556
142.470581
143.547577
144.622467
145.695312
146.766098
147.834793
148.901443
149.966003
151.028519
152.088974
153.147354
154.203644
155.257889
156.310074
157.360184
158.408218
159.454208
160.498108
161.539963
162.579727
163.617447
164.653091
165.686676
166.718185
167.747620
168.774994
169.800323
170.823563
171.844742
172.863846
173.880905
174.895889
175.908798
176.919647
177.928436
178.935135
179.939789
180.942368
181.942886
182.941330
183.937714
184.932037
185.924286
186.914459
187.902588
188.888626
189.872620
190.854538
191.834366
192.811890
193.787064
194.759933
195.730469
196.698654
197.664505
198.628052
199.589264
200.548126
201.504669
202.458878
203.410767
204.360306
205.307510
206.252396
207.194962
208.135178
209.073074
210.008636
210.941864
211.872772
212.801331
213.727570
214.651489
215.573059
216.492310
217.409210
218.323807
219.236038
220.145981
221.053558
221.958832
222.861755
223.762329
224.660599
225.556534
226.450134
227.341415
228.230362
229.116974
230.001251
230.883194
231.762817
232.640106
233.515060
234.387680
235.257980
236.125931
236.991562
237.854858
238.715836
239.574463
240.430771
241.284760
242.136398
242.976624
243.796295
244.595444
245.374039
246.132111
246.869659
247.586639
248.283096
248.959045
249.614426
250.249283
250.863602
251.457382
252.030624
252.583344
253.115509
253.627167
254.118271
254.588837
255.000000
0.000000
1.753732
3.433198
5.038399
6.569334
8.026003
9.408406
10.716544
11.950417
13.110023
14.233045
15.357169
16.482397
17.608727
18.736156
19.864689
20.994324
22.125059
23.256895
24.389835
25.523876
26.659016
27.795261
28.932610
30.071056
31.210604
32.351254
33.493008
34.635860
35.779816
36.924877
38.071030
39.218296
40.366653
41.516125
42.666687
43.818352
44.971127
46.124996
47.279964
48.436039
49.593212
50.751492
51.910870
53.071350
54.232933
55.395615
56.559402
57.724293
58.890282
60.057373
61.225567
62.394855
63.565254
64.736755
65.909348
67.083054
68.257851
69.433754
70.610764
71.788513
72.966179
74.143692
75.321060
76.498299
77.675400
78.852348
80.029167
81.205849
82.382378
83.558777
84.735031
85.911140
87.087120
88.262955
89.438644
90.614197
91.789604
92.964882
94.140015
95.315010
96.489861
97.664581
98.839149
100.013580
101.187874
102.362022
103.536041
104.709908
105.883644
107.057236
108.230690
109.403984
110.577148
111.750191
112.923080
114.095833
115.268440
116.440903
117.613235
118.785423
119.957481
121.129387
122.301147
123.472778
124.644272
125.815620
126.986832
128.157898
129.328827
130.499161
131.666260
132.829651
133.989334
135.145340
136.297623
137.446228
138.591125
139.732330
140.869827
142.003647
143.133743
144.260147
145.382858
146.501862
147.617188
148.728790
149.836700
150.940933
152.041458
153.138275
154.231384
155.320816
156.406540
157.488571
158.566910
159.641541
160.712463
161.779694
162.843246
163.903076
164.959213
166.011642
167.060394
168.105438
169.146805
170.184433
171.218384
172.248627
173.275192
174.298050
175.317215
176.332672
177.344421
178.352493
179.356857
180.357498
181.354477
182.347748
183.337326
184.323212
185.306107
186.286224
187.263580
188.238174
189.210007
190.179077
191.145401
192.108948
193.069748
194.027786
194.983063
195.935577
196.885330
197.832321
198.776566
199.718048
200.656738
201.592712
202.525894
203.456329
204.384018
205.308929
206.231079
207.150482
208.067108
208.980972
209.892090
210.800430
211.706039
212.608871
213.508926
214.406250
215.300797
216.192596
217.081619
217.967880
218.851395
219.732147
220.610138
221.485367
222.357834
223.227554
224.094498
224.958694
225.820114
226.678787
227.534698
228.387833
229.238235
230.085861
230.925018
231.750000
232.560806
233.357422
234.139862
234.908142
235.662216
236.402130
237.127853
237.839401
238.536774
239.219986
239.888992
240.543823
241.184494
241.810974
242.423264
243.021393
243.605316
244.175095
244.730682
245.272079
245.799316
246.312363
246.811249
247.295929
247.766434
248.222778
248.664932
249.092911
249.506714
249.906326
250.291779
250.663040
251.020126
251.363037
251.691757
252.006302
252.306671
252.592880
252.864883
253.122711
253.366379
253.595856
253.811157
