0.981426
0.009287
0.009287
0.009287
0.981426
0.009287
0.009287
0.009287
0.981426
0.000000
1.149801
2.288986
3.417555
4.535508
5.642845
6.739564
7.825669
8.901157
9.966029
11.020285
12.063924
13.096947
14.119354
15.131145
16.132318
17.122881
18.102821
19.072149
20.030857
20.978952
21.916428
22.847994
23.778339
24.707472
25.635386
26.562086
27.487570
28.411839
29.334892
30.256731
31.177351
32.096760
33.014950
33.931923
34.847687
35.762230
36.675560
37.587673
38.498569
39.408257
40.316719
41.223972
42.130009
43.034828
43.938435
44.840824
45.741997
46.641956
47.540699
48.438225
49.334538
50.229633
51.123512
52.016178
52.907627
53.797863
54.686878
55.574684
56.461269
57.346645
58.230797
59.113739
59.995468
60.875980
61.755276
62.633347
63.510216
64.385857
65.260300
66.133514
67.005516
67.876297
68.745865
69.614227
70.481361
71.347290
72.211990
73.077568
73.946083
74.817558
75.691978
76.569344
77.449646
78.332909
79.219116
80.108276
81.000374
81.895424
82.793427
83.694366
84.598267
85.505112
86.414894
87.327629
88.243309
89.161942
90.083519
91.008049
91.935524
92.865944
93.799316
94.735634
95.674896
96.617111
97.562271
98.510384
99.461433
100.415436
101.372391
102.332283
103.295128
104.260925
105.229668
106.201355
107.176003
108.153580
109.134109
110.117592
111.104019
112.093391
113.085716
114.080986
115.079193
116.080368
117.084480
118.091537
119.101547
120.114502
121.130402
122.149254
123.171059
124.195801
125.223495
126.252197
127.280006
128.306931
129.332916
130.358017
131.382217
132.405518
133.427917
134.449387
135.469971
136.489655
137.508438
138.526291
139.543274
140.559341
141.574493
142.588745
143.602112
144.614548
145.626114
146.636749
147.646484
148.655319
149.663254
150.670273
151.676407
152.681610
153.685944
154.689346
155.691864
156.693466
157.694168
158.693970
159.692871
160.690857
161.687958
162.684143
163.679413
164.673782
165.667267
166.659836
167.651505
168.642258
169.632111
170.621078
171.609131
172.596268
173.582520
174.567856
175.552277
176.535828
177.518448
178.500183
179.481003
180.460922
181.439926
182.420822
183.406326
184.396454
185.391235
186.390640
187.394669
188.403336
189.416611
190.434540
191.457092
192.484268
193.516083
194.552521
195.593597
196.639297
197.689621
198.744583
199.804184
200.868408
201.937241
203.010727
204.088837
205.171585
206.258972
207.350967
208.447601
209.548874
210.654770
211.765289
212.880447
214.000229
215.124649
216.253693
217.387375
218.525681
219.668610
220.816177
221.968369
223.125214
224.286667
225.452759
226.623474
227.798828
228.978806
230.163406
231.352646
232.546524
233.745026
234.948135
236.155914
237.368286
238.585327
239.806976
241.033264
242.264160
243.499710
244.704956
245.845001
246.919830
247.929443
248.873856
249.753052
250.567047
251.315842
251.999405
252.617767
0.000000
0.000000
0.000000
0.000000
1.065816
3.056091
4.982187
6.844101
8.641834
10.375389
12.044761
13.649953
15.190962
16.667791
18.080442
19.428911
20.713200
21.933306
23.089233
24.180981
25.239872
26.297245
27.353094
28.407423
29.460228
30.511511
31.561272
32.609512
33.656227
34.701420
35.745090
36.787239
37.827866
38.866970
39.904552
40.940613
41.975155
43.008167
44.039661
45.069633
46.098076
47.125004
48.150410
49.174290
50.196651
51.217487
52.236801
53.254589
54.270866
55.285614
56.298840
57.310539
58.320717
59.329376
60.336514
61.342129
62.346218
63.348789
64.349838
65.349358
66.347359
67.343842
68.338799
69.332237
70.324150
71.314545
72.303406
73.290756
74.276573
75.260872
76.243652
77.224915
78.204651
79.182854
80.160034
81.139153
82.120697
83.104675
84.091072
85.079895
86.071152
87.064835
88.060944
89.059486
90.060448
91.063843
92.069664
93.077919
94.088600
95.101700
96.117233
97.135193
98.155579
99.178398
100.203644
101.231308
102.261406
103.293938
104.328888
105.366272
106.406075
107.448318
108.492981
109.540085
110.589600
111.641541
112.695923
113.752724
114.811966
115.873611
116.937706
118.004219
119.073158
120.144531
121.218330
122.294556
123.373207
124.454285
125.537796
126.623726
127.712090
128.802872
129.896103
130.991745
132.089813
133.190338
134.293259
135.398605
136.506393
137.613968
138.718704
139.820602
140.919632
142.015839
143.109192
144.199707
145.287384
146.372208
147.454193
148.533325
149.609619
150.683075
151.753677
152.821442
153.886368
154.948441
156.007660
157.064056
158.117599
159.168289
160.216156
161.261154
162.303329
163.342651
164.379135
165.412766
166.443558
167.471512
168.496613
169.518875
170.538300
171.554871
172.568588
173.579468
174.587524
175.592712
176.595062
177.594574
178.591248
179.585068
180.576035
181.564178
182.549469
183.531921
184.511520
185.488266
186.462189
187.433258
188.401489
189.366867
190.329407
191.289093
192.245941
193.200226
194.153580
195.106277
196.058319
197.009705
197.960434
198.910507
199.859940
200.808701
201.756821
202.704269
203.651077
204.597229
205.542725
206.487564
207.431747
208.375275
209.318146
210.260361
211.201935
212.142838
213.083099
214.022690
214.961639
215.899948
216.837585
217.774551
218.710876
219.646561
220.581573
221.515945
222.449646
223.382690
224.315094
225.246841
226.177917
227.108353
228.038132
228.967270
229.895721
230.823532
231.750702
232.677200
233.603043
234.528244
235.452789
236.376663
237.299911
238.222473
239.144394
240.065659
240.986282
241.906235
242.825531
243.744186
244.644485
245.508774
246.337036
247.129288
247.885498
248.605698
249.289886
249.938034
250.550171
251.126282
251.666367
252.170425
252.638474
253.070496
253.466492
253.826477
254.150421
254.438354
0.000000
1.670148
3.619572
5.499153
7.308890
9.048785
10.718836
12.319043
13.849408
15.309930
16.700607
18.021441
19.272434
20.486872
21.698061
22.905996
24.110674
25.312099
26.510267
27.705183
28.896845
30.085251
31.270403
32.452301
33.630943
34.806332
35.978466
37.147346
38.312965
39.475338
40.634449
41.790314
42.942921
44.092274
45.238369
46.381214
47.520805
48.657139
49.790218
50.920040
52.046612
53.169930
54.289989
55.406796
56.520348
57.630650
58.737690
59.841476
60.942013
62.039295
63.133324
64.224091
65.311607
66.395866
67.476875
68.554626
69.629128
70.700371
71.768356
72.833092
73.894577
74.955055
76.019997
77.089661
78.164047
79.243164
80.326996
81.415565
82.508850
83.606850
84.709587
85.817032
86.929214
88.046120
89.167740
90.294083
91.425156
92.560951
93.701469
94.846703
95.996666
97.151352
98.310760
99.474899
100.643753
101.817329
102.995636
104.178658
105.366417
106.558884
107.756088
108.958008
110.164650
111.376015
112.592110
113.812912
115.038452
116.268715
117.503693
118.743401
119.987831
121.236984
122.490868
123.749466
125.012787
126.280830
127.553589
128.831100
130.113312
131.398804
132.678940
133.952271
135.218796
136.478516
137.731445
138.977570
140.216904
141.449417
142.675125
143.894043
145.106140
146.311447
147.509933
148.701645
149.886551
151.064636
152.235931
153.400406
154.558090
155.708969
156.853043
157.990326
159.120789
160.244476
161.361343
162.471390
163.574661
164.671112
165.760757
166.843613
167.919662
168.988907
170.051346
171.106995
172.155823
173.197845
174.233078
175.261520
176.283142
177.297974
178.305984
179.307190
180.301605
181.289215
182.270020
183.244034
184.211227
185.171753
186.128052
187.081146
188.031067
188.977783
189.921280
190.861618
191.798737
192.732666
193.663406
194.590927
195.515289
196.436432
197.354370
198.269135
199.180695
200.089050
200.994217
201.896194
202.794968
203.690552
204.582916
205.472107
206.358109
207.240891
208.120499
208.996902
209.870117
210.740128
211.606934
212.470551
213.330978
214.188217
215.042236
215.893082
216.740723
217.585175
218.426422
219.264465
220.099335
220.930984
221.759445
222.584717
223.406799
224.225662
225.041351
225.853851
226.663132
227.469238
228.267227
229.052246
229.824265
230.583313
231.329346
232.062424
232.782501
233.489578
234.183685
234.864792
235.532913
236.188049
236.830200
237.459351
238.075531
238.678711
239.268890
239.846100
240.410324
240.961548
241.499786
242.025040
242.537308
243.036591
243.522873
243.996170
244.456497
244.903824
245.338150
245.759506
246.167862
246.563232
246.945618
247.315018
247.671417
248.014847
248.345276
248.662735
248.967178
249.258652
249.537125
249.802628
250.055130
250.294632
250.521164
250.734711
250.935272
251.122818
251.297409
251.458984
