0.988864
0.005568
0.005568
0.005568
0.988864
0.005568
0.005568
0.005568
0.988864
0.000000
1.094321
2.185566
3.273733
4.358825
5.440840
6.519778
7.593936
8.661609
9.722797
10.777501
11.825721
12.867455
13.902706
14.931472
15.953752
16.969551
17.978861
18.981689
19.978033
20.967890
21.951267
22.928156
23.898560
24.862480
25.819914
26.770866
27.715332
28.653316
29.584814
30.509829
31.428356
32.340401
33.245960
34.145031
35.037624
35.923729
36.803661
37.684250
38.568283
39.455765
40.346691
41.241070
42.138893
43.040165
43.944881
44.853046
45.764660
46.679726
47.598232
48.520187
49.445591
50.374443
51.306744
52.242489
53.181679
54.124325
55.070415
56.019951
56.972935
57.929367
58.889244
59.852573
60.819347
61.789566
62.763237
63.740353
64.720917
65.704643
66.689827
67.676170
68.663673
69.652359
70.642197
71.633217
72.625389
73.618736
74.613251
75.608925
76.605774
77.603783
78.602959
79.603302
80.604813
81.607491
82.611336
83.616356
84.622528
85.629875
86.638382
87.648056
88.658905
89.670914
90.684097
91.698433
92.713943
93.730629
94.748474
95.767479
96.786469
97.802551
98.815575
99.825554
100.832474
101.836357
102.837189
103.834969
104.829704
105.821388
106.810028
107.795609
108.778145
109.757637
110.734077
111.707466
112.677818
113.645111
114.609352
115.570549
116.528694
117.483795
118.435844
119.384850
120.330803
121.273705
122.213554
123.150368
124.084122
125.014832
125.942497
126.866562
127.786491
128.702286
129.613968
130.521484
131.424896
132.324158
133.219299
134.110306
134.997162
135.879898
136.758514
137.632965
138.503296
139.369492
140.231567
141.089493
141.943298
142.792969
143.638489
144.479889
145.317154
146.150299
146.979294
147.804153
148.624893
149.441483
150.253952
151.062271
151.866486
152.666534
153.462479
154.254272
155.041931
155.825455
156.604858
157.380127
158.151260
158.918243
159.681107
160.439819
161.194427
161.944901
162.691223
163.433411
164.171463
164.905411
165.635193
166.360855
167.082382
167.799789
168.513031
169.222153
169.927155
170.628021
171.324753
172.017334
172.705795
173.390121
174.070312
174.746368
175.418289
176.086090
176.749756
177.409271
178.064667
178.715912
179.363052
180.006042
180.644897
181.279602
181.910202
182.536652
183.158981
183.777176
184.391235
185.001144
185.606934
186.208603
186.806122
187.399506
187.988754
188.573883
189.154861
189.731720
190.304443
190.873032
191.437485
191.997803
192.554001
193.106033
193.653961
194.197754
194.737396
195.272919
195.804321
196.331558
196.854675
197.373657
197.888519
198.399246
198.905823
199.408264
199.906586
200.400757
200.890808
201.376724
201.858521
202.336166
202.809677
203.279053
203.744324
204.205444
204.662430
205.115280
205.563980
206.008560
206.449020
206.885345
207.317520
207.745560
208.169479
208.589264
209.004898
209.416412
209.823792
0.000000
0.832539
1.730810
2.694813
3.724550
4.820018
5.981218
7.208150
8.500816
9.859214
11.240911
12.603470
13.946894
15.271181
16.576334
17.862347
19.129229
20.376970
21.605579
22.815052
24.005386
25.176584
26.328648
27.461576
28.575369
29.670025
30.745541
31.801926
32.839176
33.857285
34.856258
35.836098
36.796806
37.738373
38.672344
39.610271
40.552143
41.497963
42.447739
43.401463
44.359131
45.320755
46.286320
47.255840
48.229313
49.206730
50.188095
51.173412
52.162682
53.155899
54.153061
55.154179
56.159241
57.168259
58.181221
59.198132
60.218994
61.243805
62.275459
63.316860
64.368011
65.428902
66.499550
67.579926
68.670059
69.769936
70.879555
71.998924
73.128036
74.266884
75.415489
76.573837
77.741928
78.919769
80.107346
81.304680
82.511749
83.728569
84.955124
86.191437
87.437485
88.693291
89.944229
91.175674
92.387634
93.580109
94.753105
95.906609
97.040627
98.155167
99.250221
100.325790
101.381866
102.418465
103.435577
104.433212
105.411354
106.370010
107.309189
108.228882
109.129082
110.009804
110.871033
111.712791
112.535049
113.337837
114.128220
114.913330
115.693153
116.467690
117.236931
118.000893
118.759567
119.512947
120.261055
121.003868
121.741394
122.473633
123.200584
123.922249
124.638626
125.349716
126.055519
126.756035
127.451271
128.141205
128.825867
129.505249
130.179321
130.848129
131.511627
132.169861
132.822784
133.470444
134.112793
134.749878
135.381653
136.008148
136.629379
137.245285
137.855927
138.461288
139.061356
139.656143
140.245621
140.829834
141.408752
141.982391
142.550735
143.113785
143.671555
144.224045
144.771225
145.313141
145.849762
146.381088
146.907150
147.427917
147.943390
148.453583
148.958481
149.458099
149.952423
150.441467
150.925232
151.403687
151.876862
152.344757
152.807373
153.264679
153.716705
154.163452
154.604919
155.041092
155.471970
155.897568
156.317886
156.732910
157.142639
157.547089
157.946243
158.340134
158.728714
159.112030
159.490021
159.862762
160.230194
160.592361
160.949219
161.300812
161.647095
161.988098
162.323822
162.654266
162.979416
163.299271
163.613846
163.923126
164.227127
164.525833
164.819260
165.107407
165.390244
165.667816
165.940094
166.207077
166.468781
166.725189
166.976318
167.222153
167.462708
167.697983
167.927963
168.152649
168.372070
168.586197
168.795029
168.998581
169.196838
169.389801
169.577484
169.759888
169.937012
170.108826
170.275375
170.436615
170.592575
170.743256
170.888657
171.028763
171.163574
171.293106
171.417343
171.536285
171.649963
171.758347
171.861435
171.959259
172.051773
172.139008
172.220963
172.297623
172.368988
172.435089
172.495880
172.551392
172.601608
172.646545
172.686203
172.720566
172.749649
172.773453
172.791946
172.805145
172.813080
172.815735
0.000000
2.144756
3.807356
4.987799
5.940622
6.920378
7.927061
8.960671
10.021210
11.108674
12.223067
13.364387
14.532636
15.727810
16.949911
18.198940
19.474897
20.777781
22.107594
23.464331
24.848000
26.258595
27.666718
29.042980
30.387377
31.699907
32.980572
34.229378
35.446320
36.631390
37.784603
38.905949
39.995430
41.053047
42.078796
43.072689
44.034714
44.964870
45.863167
46.729595
47.601032
48.514351
49.469555
50.466637
51.505596
52.586437
53.709160
54.873764
56.080250
57.328609
58.618858
59.950981
61.324989
62.740875
64.198639
65.698296
67.239822
68.823227
70.401375
71.927147
73.400528
74.821518
76.190132
77.506348
78.770180
79.981621
81.140678
82.247345
83.301620
84.303520
85.253029
86.150146
86.994873
87.787224
88.527176
89.214745
89.874283
90.530144
91.182335
91.830841
92.475685
93.116852
93.754349
94.388161
95.018303
95.644775
96.267570
96.886681
97.502129
98.113907
98.722000
99.326424
99.927177
100.524246
101.117645
101.707375
102.293419
102.875801
103.454506
104.029533
104.600883
105.168571
105.732574
106.292900
106.849556
107.402542
107.951851
108.497482
109.039444
109.577728
110.112335
110.643272
111.170532
111.694122
112.214043
112.730286
113.242844
113.751740
114.256950
114.758492
115.256363
115.750557
116.241081
116.727921
117.211098
117.690590
118.166412
118.638557
119.107033
119.571831
120.032959
120.490410
120.944183
121.394287
121.840714
122.283470
122.722549
123.157959
123.589684
124.017738
124.442123
124.862831
125.279861
125.693230
126.102905
126.508919
126.911255
127.309921
127.704903
128.096222
128.483856
128.867813
129.248123
129.624725
129.997665
130.366928
130.732529
131.094452
131.452698
131.807266
132.158157
132.505386
132.848923
133.188812
133.525009
133.857529
134.186386
134.511551
134.833054
135.150879
135.465042
135.775513
136.082306
136.385437
136.684891
136.980682
137.272781
137.561218
137.845993
138.127075
138.404480
138.678207
138.948273
139.214661
139.477386
139.736404
139.991791
140.243469
140.491486
140.735825
140.976486
141.213486
141.446808
141.676453
141.902420
142.124710
142.343338
142.558289
142.769562
142.977142
143.181076
143.381317
143.577911
143.770798
143.960037
144.145584
144.327454
144.505661
144.680206
144.851059
145.018234
145.181732
145.341568
145.497726
145.650208
145.799026
145.944153
146.085617
146.223404
146.357529
146.487946
146.614716
146.737808
146.857224
146.972961
147.085037
147.193436
147.298141
147.399185
147.496552
147.590256
147.680267
147.766617
147.849289
147.928284
148.003601
148.075256
148.143234
148.207535
148.268158
148.325119
148.378387
148.427994
148.473923
148.516174
148.554764
148.589661
148.620895
148.648453
148.672348
148.692535
148.709076
148.721939
148.731140
148.736633
148.738480
