0.960498
0.019751
0.019751
0.019751
0.960498
0.019751
0.019751
0.019751
0.960498
0.000000
1.145869
2.287830
3.425883
4.560028
5.690264
6.816591
7.939011
9.057522
10.172125
11.282819
12.389605
13.492481
14.591451
15.686512
16.777666
17.864908
18.948244
20.027670
21.103189
22.174803
23.242506
24.306297
25.366182
26.422159
27.474230
28.522390
29.566643
30.606985
31.644426
32.679970
33.713623
34.745377
35.775238
36.803204
37.829269
38.853443
39.875721
40.896099
41.914585
42.931175
43.945869
44.958672
45.969574
46.978577
47.985687
48.990906
49.994225
50.995651
51.995178
52.992817
53.988552
54.982395
55.974342
56.964394
57.952545
58.938805
59.923168
60.905636
61.886208
62.864883
63.841667
64.816551
65.789543
66.760643
67.729828
68.697136
69.662544
70.626068
71.587669
72.547394
73.505219
74.461151
75.415176
76.367317
77.317558
78.265907
79.212357
80.156998
81.101616
82.046944
82.992996
83.939758
84.887238
85.835442
86.784348
87.733978
88.684326
89.635384
90.587151
91.539650
92.492851
93.446777
94.401413
95.356766
96.312836
97.269623
98.227119
99.185341
100.144272
101.103920
102.064285
103.025360
103.987160
104.949669
105.912903
106.876839
107.841499
108.806870
109.772964
110.739769
111.707291
112.675522
113.644478
114.614143
115.584534
116.555626
117.527451
118.499977
119.473221
120.447182
121.421860
122.397263
123.373367
124.350197
125.327736
126.306000
127.284966
128.264679
129.245255
130.226715
131.209076
132.192307
133.176437
134.161453
135.147354
136.134140
137.121811
138.110367
139.099823
140.090149
141.081390
142.073502
143.066483
144.060379
145.055145
146.050812
147.047363
148.044800
149.043121
150.042343
151.042450
152.043427
153.045303
154.048050
155.051697
156.056244
157.061676
158.067978
159.075165
160.083252
161.092239
162.102081
163.112823
164.124466
165.136993
166.150406
167.164703
168.179886
169.195953
170.212906
171.230759
172.249481
173.269104
174.289612
175.311005
176.333298
177.356461
178.379913
179.402237
180.423325
181.443207
182.461899
183.479355
184.495590
185.510620
186.524429
187.537018
188.548401
189.558578
190.567520
191.575256
192.581787
193.587082
194.591187
195.594070
196.595718
197.596176
198.595398
199.593430
200.590225
201.585815
202.580185
203.573349
204.565277
205.556000
206.545517
207.533813
208.520889
209.506775
210.491425
211.474854
212.457092
213.438095
214.417877
215.396454
216.373825
217.349960
218.324905
219.298599
220.271103
221.242401
222.212479
223.181335
224.148987
225.115402
226.080612
227.044632
228.004395
228.956985
229.902390
230.840607
231.771637
232.695450
233.612106
234.521545
235.423782
236.318848
237.206711
238.087402
238.960861
239.827148
240.686249
241.538162
242.382874
243.220367
244.050705
244.873825
245.689774
246.498520
247.300064
248.094437
248.881592
249.661560
250.434341
251.199951
0.000000
1.189705
2.375565
3.557580
4.735752
5.910078
7.080559
8.247195
9.409988
10.568935
11.724037
12.875295
14.022710
15.166277
16.306000
17.441879
18.573914
19.702105
20.826448
21.946949
23.063606
24.176416
25.285381
26.390503
27.491779
28.589211
29.682796
30.772543
31.858440
32.940495
34.018700
35.093475
36.165230
37.233959
38.299664
39.362350
40.422012
41.478653
42.532269
43.582863
44.630436
45.674988
46.716518
47.755024
48.790508
49.822964
50.852406
51.878822
52.902214
53.922585
54.939930
55.954254
56.965565
57.973843
58.979103
59.981339
60.980549
61.976742
62.969910
63.960052
64.947182
65.931282
66.912361
67.890411
68.865456
69.837463
70.806450
71.772415
72.735359
73.695282
74.652184
75.606056
76.556908
77.504745
78.449554
79.391342
80.330109
81.265846
82.198570
83.129753
84.063049
84.998627
85.936478
86.876610
87.819016
88.763702
89.710663
90.659904
91.611420
92.565216
93.521278
94.479637
95.440254
96.403160
97.368332
98.335793
99.305527
100.277534
101.251823
102.228386
103.207230
104.188339
105.171745
106.157410
107.145355
108.135582
109.128090
110.122879
111.119926
112.119270
113.120880
114.124771
115.130936
116.139381
117.150101
118.163101
119.178375
120.195923
121.215759
122.237869
123.262253
124.288918
125.317856
126.349068
127.382553
128.418320
129.456375
130.496429
131.536865
132.577408
133.618057
134.658813
135.699692
136.740662
137.781754
138.822952
139.864243
140.905670
141.947189
142.988815
144.030579
145.072418
146.114380
147.156433
148.198624
149.240906
150.283310
151.325821
152.368423
153.411148
154.453995
155.496933
156.539978
157.583145
158.626404
159.669769
160.713272
161.756866
162.800568
163.844376
164.888306
165.932343
166.976471
168.020737
169.065094
170.109558
171.154144
172.198822
173.243622
174.288528
175.333542
176.378662
177.423889
178.469238
179.514694
180.560150
181.603195
182.642868
183.679153
184.712051
185.741592
186.767731
187.790482
188.809860
189.825851
190.838470
191.847702
192.853561
193.856018
194.855103
195.850815
196.843140
197.832077
198.817642
199.799820
200.778610
201.754013
202.726059
203.694702
204.659973
205.621857
206.580368
207.535492
208.487228
209.435577
210.380554
211.322159
212.260376
213.195206
214.126663
215.054718
215.979401
216.900726
217.818634
218.733185
219.644348
220.552109
221.456512
222.357513
223.255157
224.149399
225.040283
225.927765
226.811859
227.691681
228.566360
229.435837
230.300156
231.159302
232.013290
232.862106
233.705734
234.544205
235.377502
236.205627
237.028595
237.846375
238.658997
239.466431
240.268723
241.065826
241.857773
242.644516
243.426132
244.202560
244.973816
245.739899
246.500809
247.256561
248.007141
248.752548
249.492783
250.227844
250.957748
251.682480
252.402039
0.000000
1.286464
2.566041
3.838732
5.104537
6.363453
7.615484
8.860628
10.098886
11.330256
12.554740
13.772337
14.983047
16.186871
17.383806
18.573860
19.757025
20.933300
22.102690
23.265194
24.420811
25.569542
26.711388
27.846342
28.974413
30.097815
31.218773
32.337292
33.453358
34.566986
35.678162
36.786896
37.893185
38.997032
40.098434
41.197388
42.293896
43.387962
44.479584
45.568760
46.655487
47.739773
48.821613
49.901012
50.977962
52.052464
53.124527
54.194145
55.261314
56.326042
57.388325
58.448158
59.505550
60.560497
61.612999
62.663055
63.710663
64.755829
65.798546
66.838821
67.876663
68.912048
69.944992
70.975479
72.003540
73.029144
74.052315
75.073029
76.091293
77.107994
78.125267
79.143204
80.161804
81.181076
82.201012
83.221611
84.242874
85.264809
86.287415
87.310684
88.334602
89.359207
90.384476
91.410400
92.436996
93.464256
94.492188
95.520782
96.550041
97.579964
98.610558
99.641815
100.673744
101.706329
102.739586
103.773514
104.808098
105.843353
106.879272
107.915855
108.953117
109.991043
111.029617
112.068878
113.108788
114.149368
115.190620
116.232544
117.275124
118.318359
119.362282
120.406860
121.452110
122.498039
123.544861
124.592583
125.641212
126.690750
127.741180
128.792542
129.844772
130.897949
131.952011
133.006973
134.062851
135.119629
136.177307
137.235901
138.295410
139.355804
140.417114
141.479324
142.542450
143.606476
144.671402
145.737228
146.803970
147.871613
148.940186
150.009628
151.080002
152.151276
153.223434
154.296524
155.370514
156.445404
157.521194
158.597900
159.675522
160.754028
161.833450
162.913788
163.995010
165.077148
166.160187
167.244141
168.328995
169.414581
170.496368
171.572525
172.643082
173.708023
174.767365
175.821075
176.869186
177.911682
178.948578
179.979828
181.005508
182.025558
183.039993
184.048813
185.052032
186.049637
187.041626
188.028000
189.008774
189.983917
190.953476
191.917404
192.875717
193.828430
194.775528
195.717010
196.652878
197.583145
198.507812
199.426849
200.340271
201.248077
202.150299
203.046875
203.937851
204.823242
205.703003
206.577133
207.445679
208.308594
209.165909
210.017609
210.863678
211.704147
212.541428
213.377930
214.213638
215.048584
215.882736
216.716110
217.548721
218.380524
219.211578
220.041824
220.871307
221.699997
222.527908
223.355057
224.181412
225.006989
225.831787
226.655807
227.479050
228.301514
229.123169
229.944061
230.764191
231.583527
232.402084
233.219864
234.036865
234.853073
235.668503
236.483170
237.297043
238.110138
238.922455
239.733978
240.544739
241.354721
242.163910
242.972321
243.779968
244.586823
245.392899
246.198181
247.002701
247.806442
248.609375
249.411560
250.212952
251.013580
251.813400
252.612457
253.410721
254.208221
255.000000
255.000000
