0.993837
0.003082
0.003082
0.003082
0.993837
0.003082
0.003082
0.003082
0.993837
0.000000
2.002923
3.612847
4.829769
5.847659
6.860491
7.868265
8.870978
9.868633
10.861227
11.848762
12.831236
13.808652
14.781008
15.748303
16.710539
17.669401
18.634995
19.609005
20.591433
21.582277
22.581539
23.589218
24.605314
25.629826
26.662756
27.704103
28.753866
29.812046
30.866299
31.904278
32.925980
33.931404
34.920555
35.893433
36.850037
37.790363
38.714417
39.622192
40.513691
41.388924
42.250572
43.114838
43.984421
44.859322
45.739540
46.625072
47.515923
48.412090
49.313572
50.220371
51.132484
52.049919
52.972664
53.895992
54.815159
55.730175
56.641022
57.547718
58.450253
59.348637
60.242851
61.132915
62.018822
62.900566
63.778156
64.651588
65.520859
66.385971
67.246925
68.103722
68.956360
69.804840
70.649170
71.489334
72.325333
73.157188
73.984879
74.808411
75.627785
76.443008
77.254066
78.060959
78.863701
79.662285
80.456711
81.246979
82.033081
82.815033
83.592834
84.366470
85.135941
85.901260
86.662422
87.419434
88.172279
88.920959
89.665489
90.405861
91.142075
91.874130
92.602028
93.325760
94.045349
94.760765
95.472031
96.179131
96.882080
97.580872
98.275513
98.965981
99.652290
100.334450
101.012451
101.686279
102.355972
103.021500
103.682861
104.340073
104.993126
105.642006
106.286751
106.927330
107.563736
108.195999
108.824104
109.448051
110.067833
110.683472
111.294937
111.902245
112.505394
113.104393
113.699234
114.289909
114.876434
115.458794
116.036995
116.611046
117.180923
117.746651
118.308235
118.865646
119.418900
119.968002
120.512932
121.053719
121.590347
122.122818
122.651108
123.175270
123.695267
124.211098
124.722778
125.230293
125.733643
126.232841
126.727882
127.218773
127.705505
128.188065
128.666473
129.140732
129.610825
130.076767
130.538544
130.996155
131.449615
131.898911
132.344070
132.785065
133.221878
133.654556
134.083069
134.507431
134.927612
135.343658
135.755539
136.163269
136.566833
136.966232
137.361481
137.752563
138.139511
138.522263
138.900894
139.275360
139.645660
140.011780
140.373764
140.731598
141.085266
141.434784
141.780121
142.121323
142.458359
142.791229
143.119965
143.444504
143.764908
144.081161
144.393234
144.701172
145.004944
145.304550
145.600006
145.891296
146.178436
146.461426
146.740250
147.014908
147.285400
147.551773
147.813934
148.071976
148.325867
148.575562
148.821121
149.062515
149.299744
149.532837
149.761765
149.986526
150.207138
150.423599
150.635880
150.844009
151.047989
151.247803
151.443466
151.634964
151.822311
152.005493
152.184525
152.359390
152.530106
152.696655
152.859055
153.017288
153.171356
153.321289
153.467041
153.608643
153.746094
153.879379
154.008514
154.133484
154.254303
154.370956
154.483444
154.591797
154.695984
154.795990
154.891861
154.983566
155.071106
0.000000
1.144970
2.272838
3.383605
4.477271
5.553835
6.613297
7.655659
8.692430
9.735126
10.783744
11.838283
12.898746
13.965132
15.037440
16.115671
17.199827
18.289900
19.385900
20.487820
21.595667
22.708641
23.821978
24.934881
26.047356
27.159399
28.271011
29.382193
30.492943
31.603262
32.713150
33.822609
34.931633
36.040226
37.148392
38.248425
39.332649
40.401062
41.453659
42.490440
43.511410
44.516560
45.505898
46.479420
47.437130
48.379025
49.305103
50.215370
51.110622
51.995659
52.871277
53.737476
54.594261
55.441631
56.279583
57.108116
57.927238
58.736942
59.537228
60.328094
61.109547
61.881584
62.646935
63.408329
64.165764
64.919258
65.668785
66.414352
67.155975
67.893639
68.627350
69.357101
70.082901
70.804749
71.522629
72.236565
72.946541
73.652557
74.354622
75.052734
75.746895
76.437096
77.123337
77.805626
78.483963
79.158340
79.828758
80.495232
81.157745
81.816299
82.470901
83.121552
83.768242
84.410980
85.049759
85.684578
86.315460
86.942375
87.565338
88.184341
88.799385
89.410477
90.017616
90.620804
91.220032
91.815300
92.406616
92.993980
93.577385
94.156845
94.732338
95.303879
95.871468
96.435104
96.994766
97.550491
98.102257
98.650063
99.193924
99.733818
100.269768
100.801750
101.329788
101.853851
102.373985
102.890152
103.402359
103.910606
104.414917
104.915260
105.411659
105.904083
106.392570
106.877090
107.357658
107.834274
108.306931
108.775635
109.240387
109.701180
110.158020
110.610893
111.059822
111.504799
111.945808
112.382874
112.815979
113.245125
113.670326
114.091568
114.508850
114.922173
115.331551
115.736969
116.138428
116.535942
116.929497
117.319084
117.704735
118.086418
118.464142
118.837921
119.207748
119.573608
119.935516
120.293472
120.647476
120.997520
121.343605
121.685738
122.023918
122.358147
122.688408
123.014717
123.337082
123.655487
123.969925
124.280418
124.586952
124.889542
125.188156
125.482834
125.773552
126.060303
126.343102
126.621956
126.896851
127.167793
127.434769
127.697800
127.956871
128.211990
128.463135
128.710358
128.953613
129.192902
129.428238
129.659637
129.887070
130.110535
130.330063
130.545624
130.757233
130.964890
131.168579
131.368332
131.564117
131.755936
131.943817
132.127747
132.307709
132.483719
132.655777
132.823883
132.988022
133.148209
133.304443
133.456726
133.605042
133.749420
133.889832
134.026291
134.158798
134.287338
134.411942
134.532578
134.649261
134.761978
134.870743
134.975571
135.076416
135.173325
135.266266
135.355270
135.440308
135.521378
135.598526
135.671692
135.740906
135.806168
135.867493
135.924835
135.978226
136.027664
136.073166
136.114685
136.152252
136.185883
136.215546
136.241241
136.263016
136.280807
136.294662
136.304535
136.310486
136.312454
0.000000
1.592020
3.028795
4.310323
5.506785
6.688361
7.855052
9.006856
10.143775
11.265808
12.372954
13.465214
14.542589
15.605078
16.652679
17.685394
18.710226
19.734175
20.757240
21.779423
22.800724
23.821140
24.840673
25.859324
26.877094
27.893978
28.909981
29.925098
30.940189
31.956110
32.972858
33.990437
35.008842
36.028080
37.048141
38.069035
39.090755
40.113304
41.136684
42.160889
43.177265
44.177147
45.160538
46.127438
47.077843
48.011761
48.929184
49.830116
50.714558
51.582500
52.433956
53.268925
54.093613
54.914249
55.730839
56.543373
57.351852
58.156281
58.956661
59.752987
60.545258
61.333477
62.117645
62.897758
63.673820
64.445824
65.213791
65.977692
66.737534
67.493340
68.245079
68.992775
69.736420
70.476013
71.211548
71.943031
72.670464
73.393837
74.113167
74.828445
75.539658
76.246834
76.949944
77.649010
78.344017
79.034973
79.721878
80.404732
81.083534
81.758286
82.428978
83.095619
83.758217
84.416756
85.071243
85.721664
86.368057
87.010376
87.648659
88.282883
88.913048
89.539169
90.161224
90.779243
91.393204
92.003113
92.608963
93.210770
93.808517
94.402222
94.991859
95.577454
96.158997
96.736481
97.309921
97.879295
98.444633
99.005898
99.563126
100.116295
100.665413
101.210487
101.751495
102.288460
102.821373
103.350227
103.875023
104.395782
104.912483
105.425133
105.933723
106.438263
106.938759
107.435188
107.927567
108.415901
108.900177
109.380417
109.856590
110.328705
110.796776
111.260796
111.720757
112.176666
112.628525
113.076324
113.520081
113.959785
114.395432
114.827026
115.254578
115.678062
116.097496
116.512886
116.924217
117.331505
117.734718
118.133896
118.529030
118.920090
119.307106
119.690079
120.069000
120.443855
120.814651
121.181412
121.544121
121.902763
122.257362
122.607903
122.954391
123.296844
123.635231
123.969566
124.299843
124.626076
124.948257
125.266373
125.580452
125.890465
126.196426
126.498360
126.796204
127.090019
127.379776
127.665474
127.947128
128.224731
128.498276
128.767761
129.033218
129.294601
129.551941
129.805222
130.054459
130.299622
130.540771
130.777847
131.010864
131.239822
131.464737
131.685608
131.902420
132.115173
132.323883
132.528534
132.729141
132.925690
133.118179
133.306625
133.490997
133.671356
133.847641
134.019867
134.188049
134.352173
134.512253
134.668274
134.820251
134.968170
135.112030
135.251846
135.387604
135.519302
135.646957
135.770554
135.890121
136.005615
136.117050
136.224457
136.327789
136.427078
136.522308
136.613495
136.700623
136.783707
136.862732
136.937698
137.008621
137.075485
137.138306
137.197067
137.251770
137.302429
137.349045
137.391586
137.430084
137.464539
137.494919
137.521255
137.543564
137.561798
137.575974
137.586105
137.592178
137.594223
