0.981624
0.009188
0.009188
0.009188
0.981624
0.009188
0.009188
0.009188
0.981624
0.000000
1.138523
2.272085
3.400684
4.524321
5.642996
6.756710
7.865461
8.969251
10.068077
11.161942
12.250847
13.334788
14.413766
15.487782
16.556839
17.620934
18.681252
19.738989
20.794144
21.846714
22.896706
23.944111
24.988935
26.031176
27.070837
28.107912
29.142403
30.174314
31.203640
32.230389
33.254547
34.276127
35.295120
36.311535
37.325367
38.336613
39.345276
40.351357
41.354862
42.355774
43.354107
44.349861
45.343029
46.333614
47.321621
48.307037
49.289875
50.270130
51.247799
52.222889
53.195396
54.165318
55.132660
56.097416
57.059593
58.019180
58.976192
59.930618
60.882462
61.831722
62.778408
63.722500
64.664017
65.602951
66.539291
67.473053
68.404243
69.332840
70.258850
71.182289
72.103134
73.021400
73.937088
74.850189
75.761292
76.673859
77.588463
78.505119
79.423813
80.344551
81.267334
82.192169
83.119034
84.047958
84.978912
85.911919
86.846970
87.784058
88.723206
89.664383
90.607605
91.552879
92.500191
93.449547
94.400948
95.354393
96.309891
97.267426
98.227005
99.188622
100.152290
101.118004
102.085754
103.055557
104.027397
105.001289
105.977219
106.955200
107.935211
108.917282
109.901390
110.887543
111.875740
112.865982
113.858261
114.852592
115.848961
116.847382
117.847839
118.850349
119.854904
120.861488
121.870132
122.880814
123.893539
124.908310
125.925125
126.943985
127.964882
128.987839
130.012817
131.039856
132.068939
133.098480
134.126968
135.154343
136.180649
137.205872
138.229980
139.253021
140.274994
141.295853
142.315643
143.334351
144.351959
145.368500
146.383942
147.398285
148.411575
149.423752
150.434860
151.444855
152.453796
153.461639
154.468384
155.474060
156.478638
157.482132
158.484558
159.485886
160.486115
161.485291
162.483353
163.480331
164.476242
165.471039
166.464767
167.457413
168.448959
169.439423
170.428818
171.417114
172.404312
173.390442
174.375488
175.359451
176.342300
177.324097
178.304794
179.284409
180.262924
181.240372
182.216721
183.191986
184.166168
185.139252
186.111282
187.082199
188.052032
189.020782
189.988449
190.955322
191.923080
192.892044
193.862198
194.833511
195.806030
196.779739
197.754623
198.730713
199.707977
200.686447
201.666077
202.646912
203.628937
204.612137
205.596527
206.582108
207.568878
208.556824
209.545975
210.536285
211.527817
212.520508
213.514404
214.509491
215.505753
216.503220
217.501846
218.501678
219.502701
220.504898
221.508301
222.512863
223.518646
224.525604
225.533737
226.543076
227.553589
228.565292
229.578186
230.592255
231.607513
232.623978
233.641617
234.660446
235.680450
236.701660
237.724060
238.747635
239.772400
240.798355
241.825485
242.853821
243.883331
244.914032
245.945923
246.978989
248.013275
249.048721
250.095978
251.165619
252.257675
253.372101
254.508942
0.000000
1.108869
2.214639
3.317312
4.416886
5.513362
6.606740
7.697021
8.784204
9.868287
10.949274
12.027163
13.101952
14.173642
15.242236
16.307734
17.370131
18.429432
19.485632
20.538736
21.588741
22.636583
23.683208
24.728607
25.772787
26.815744
27.857479
28.897991
29.937283
30.975349
32.012196
33.047821
34.082226
35.115406
36.147362
37.178093
38.207611
39.235905
40.262974
41.288818
42.313442
43.336849
44.359028
45.379986
46.399727
47.418240
48.435535
49.451603
50.466454
51.480080
52.492489
53.503666
54.513626
55.522362
56.529877
57.536171
58.541245
59.545097
60.547722
61.549129
62.549309
63.548271
64.546013
65.542534
66.537834
67.531906
68.524750
69.516380
70.506783
71.495972
72.483940
73.470673
74.456192
75.440483
76.423569
77.405411
78.386040
79.365463
80.343636
81.320839
82.298569
83.277046
84.256287
85.236282
86.217033
87.198540
88.180809
89.163834
90.147621
91.132164
92.117462
93.103523
94.090340
95.077911
96.066238
97.055336
98.045181
99.035789
100.027145
101.019264
102.012146
103.005783
104.000175
104.995331
105.991241
106.987907
107.985336
108.983521
109.982452
110.982155
111.982613
112.983833
113.985802
114.988533
115.992027
116.996269
118.001274
119.007034
120.013557
121.020828
122.028870
123.037674
124.047218
125.057526
126.068604
127.080429
128.093018
129.106339
130.120453
131.135315
132.150925
133.167282
134.184418
135.202301
136.220963
137.240372
138.260529
139.281433
140.302368
141.322556
142.341995
143.360687
144.378632
145.395844
146.412292
147.428024
148.443008
149.457230
150.470703
151.483459
152.495453
153.506699
154.517212
155.526978
156.536011
157.544281
158.551819
159.558609
160.564636
161.569946
162.574509
163.578323
164.581390
165.583710
166.585297
167.586136
168.586227
169.585571
170.584167
171.582031
172.579132
173.575516
174.571152
175.566025
176.560165
177.553558
178.546219
179.538116
180.529282
181.519714
182.509369
183.498306
184.486496
185.473938
186.460648
187.446579
188.431793
189.416260
190.399979
191.382965
192.365189
193.346695
194.327438
195.307434
196.286697
197.265198
198.242966
199.219879
200.195938
201.171127
202.145462
203.118942
204.091568
205.063324
206.034225
207.004272
207.973465
208.941803
209.909271
210.875885
211.841644
212.806549
213.770584
214.733780
215.696091
216.657562
217.618164
218.577927
219.536819
220.494858
221.452026
222.408340
223.363815
224.318405
225.272156
226.225037
227.177078
228.128250
229.078568
230.028015
230.976608
231.924362
232.871231
233.817261
234.762421
235.706726
236.650177
237.592773
238.534515
239.475388
240.415390
241.354553
242.292862
243.230301
244.166885
245.102615
246.037476
246.971497
247.904663
248.836945
249.768387
250.698959
251.628677
252.557556
253.485550
254.856827
0.000000
0.992722
1.995182
3.007381
4.029318
5.060994
6.102407
7.153560
8.214452
9.285081
10.365449
11.455555
12.555399
13.664983
14.784304
15.913363
17.052162
18.200701
19.358974
20.520279
21.677904
22.831848
23.982115
25.128702
26.271606
27.410831
28.546379
29.678246
30.806433
31.930941
33.051765
34.168915
35.282379
36.392166
37.498276
38.600708
39.699455
40.794521
41.885914
42.973618
44.057648
45.137997
46.214672
47.287659
48.356972
49.422604
50.484554
51.542820
52.597416
53.648327
54.695557
55.739109
56.778976
57.815174
58.847687
59.876518
60.901672
61.923149
62.940941
63.955051
64.965485
65.972244
66.975311
67.974701
68.970428
69.962463
70.950821
71.935501
72.916489
73.893806
74.867447
75.837402
76.803673
77.766281
78.726837
79.689362
80.654045
81.620888
82.589882
83.561035
84.534340
85.509796
86.487419
87.467186
88.449104
89.433189
90.419426
91.407814
92.398354
93.391052
94.385902
95.382912
96.382080
97.383392
98.386864
99.392487
100.400269
101.410210
102.422302
103.436546
104.452950
105.471504
106.492218
107.515083
108.540108
109.567284
110.596603
111.628098
112.661736
113.697533
114.735481
115.775581
116.817848
117.862259
118.908829
119.957550
121.008430
122.061455
123.116646
124.173996
125.233490
126.295143
127.358948
128.424911
129.493042
130.563309
131.635727
132.710312
133.787033
134.865295
135.941315
137.014420
138.084671
139.152008
140.216476
141.278061
142.336746
143.392563
144.445496
145.495529
146.542679
147.586960
148.628342
149.666840
150.702454
151.735184
152.765030
153.791992
154.816071
155.837250
156.855576
157.870987
158.883514
159.893173
160.899933
161.903809
162.904816
163.902908
164.898148
165.890472
166.879929
167.866516
168.850189
169.830994
170.808899
171.783936
172.756088
173.725342
174.691711
175.655197
176.615799
177.573532
178.528366
179.480316
180.429367
181.375549
182.318832
183.259262
184.196793
185.131409
186.063171
186.992035
187.918030
188.841125
189.761429
190.680832
191.600128
192.519302
193.438370
194.357300
195.276138
196.194855
197.113464
198.031952
198.950333
199.868591
200.786728
201.704773
202.622681
203.540482
204.458160
205.375748
206.293198
207.210541
208.127762
209.044891
209.961884
210.878769
211.795547
212.712189
213.628738
214.545151
215.461472
216.377670
217.293747
218.209717
219.125565
220.041306
220.956924
221.872437
222.787827
223.703110
224.618271
225.533325
226.448257
227.363083
228.277786
229.192383
230.106857
231.021225
231.935471
232.849594
233.763611
234.677521
235.591309
236.504974
237.418549
238.331985
239.245316
240.158524
241.071732
241.985031
242.898438
243.811951
244.725586
245.639297
246.553116
247.467041
248.381058
249.295197
250.209412
251.123749
252.038177
252.952713
253.867355
254.782104
