0.988290
0.005855
0.005855
0.005855
0.988290
0.005855
0.005855
0.005855
0.988290
0.000000
0.950264
1.899763
2.848497
3.796465
4.743667
5.690104
6.635775
7.580681
8.524821
9.468195
10.410803
11.352647
12.293725
13.234036
14.173583
15.112365
16.050381
16.987631
17.924114
18.859835
19.794786
20.728975
21.663622
22.599960
23.537985
24.477701
25.419107
26.362200
27.306984
28.253456
29.201616
30.151466
31.103003
32.056232
33.011147
33.967754
34.926044
35.886032
36.847702
37.811066
38.776115
39.742851
40.711281
41.681396
42.653206
43.626698
44.601879
45.578751
46.557316
47.537571
48.519505
49.503136
50.488453
51.475456
52.464149
53.454536
54.446609
55.440369
56.435818
57.432961
58.431789
59.432308
60.434509
61.438408
62.443996
63.451267
64.460228
65.470879
66.483223
67.497253
68.512970
69.530373
70.549469
71.570251
72.592735
73.616837
74.641281
75.665543
76.689621
77.713509
78.737213
79.760735
80.784065
81.807213
82.830185
83.852959
84.875557
85.897964
86.920181
87.942223
88.964081
89.985748
91.007233
92.028526
93.049637
94.070564
95.091309
96.111862
97.132233
98.152420
99.172424
100.192230
101.211861
102.231308
103.250565
104.269646
105.288536
106.307243
107.325760
108.344086
109.362236
110.380203
111.397987
112.415573
113.432976
114.450203
115.467232
116.484085
117.500763
118.517235
119.533531
120.549644
121.565567
122.581306
123.596863
124.612228
125.627419
126.642418
127.657234
128.671783
129.685562
130.698532
131.710663
132.721954
133.732407
134.742050
135.750839
136.758789
137.765915
138.772202
139.777664
140.782272
141.786057
142.789017
143.791138
144.792435
145.792877
146.792496
147.791275
148.789230
149.786346
150.782623
151.778076
152.772690
153.766464
154.759415
155.751526
156.742798
157.733261
158.722870
159.711639
160.699600
161.686707
162.672974
163.658417
164.643021
165.626785
166.609741
167.591843
168.573120
169.553558
170.533157
171.511932
172.489853
173.466965
174.443222
175.418671
176.393265
177.367035
178.339966
179.312073
180.283325
181.253769
182.224213
183.196655
184.171188
185.147842
186.126617
187.107498
188.090469
189.075562
190.062759
191.052063
192.043472
193.037003
194.032639
195.030365
196.030212
197.032166
198.036224
199.042389
200.050674
201.061066
202.073547
203.088165
204.104858
205.123688
206.144623
207.167648
208.192795
209.220047
210.249405
211.280869
212.314438
213.350128
214.387909
215.427811
216.469818
217.513931
218.560165
219.608490
220.658936
221.711472
222.766129
223.822906
224.881775
225.942749
227.005844
228.071030
229.138351
230.207748
231.279266
232.352890
233.428635
234.506485
235.586426
236.668488
237.733643
238.762833
239.756088
240.713379
241.634735
242.520142
243.369614
244.183136
244.960709
245.702332
246.408005
247.077744
247.711533
248.309387
248.871277
249.397232
249.887238
250.341278
0.000000
1.020840
2.040509
3.059004
4.076328
5.092479
6.107457
7.121264
8.133897
9.145357
10.155646
11.164762
12.172708
13.179477
14.185076
15.189503
16.192757
17.194841
18.195749
19.195482
20.194048
21.191441
22.187658
23.182707
24.177233
25.171883
26.166662
27.161564
28.156595
29.151754
30.147039
31.142450
32.137993
33.133656
34.129444
35.125366
36.121414
37.117588
38.113884
39.110310
40.106865
41.103542
42.100349
43.097279
44.094341
45.091530
46.088844
47.086285
48.083855
49.081547
50.079369
51.077316
52.075394
53.073593
54.071918
55.070377
56.068954
57.067669
58.066502
59.065464
60.064552
61.063766
62.063110
63.062584
64.062180
65.061905
66.061752
67.061737
68.061836
69.062073
70.062416
71.062904
72.063515
73.064255
74.065125
75.066109
76.067230
77.068474
78.069893
79.071800
80.074249
81.077240
82.080765
83.084831
84.089432
85.094582
86.100258
87.106476
88.113228
89.120529
90.128365
91.136734
92.145645
93.155106
94.165085
95.175613
96.186676
97.198280
98.210426
99.223114
100.236328
101.250092
102.264381
103.279221
104.294601
105.310516
106.326958
107.343948
108.361473
109.379547
110.398148
111.417297
112.436989
113.457199
114.477959
115.499252
116.521095
117.543472
118.566391
119.589844
120.613831
121.638359
122.663429
123.689034
124.715179
125.741867
126.769089
127.796852
128.825150
129.853989
130.883362
131.913284
132.943741
133.973724
135.002243
136.029297
137.054871
138.078979
139.101624
140.122803
141.142502
142.160736
143.177505
144.192795
145.206619
146.218979
147.229874
148.239288
149.247238
150.253723
151.258728
152.262283
153.264343
154.264938
155.264099
156.261749
157.257950
158.252670
159.245926
160.237717
161.228043
162.216888
163.204269
164.190170
165.174606
166.157593
167.139099
168.119125
169.097687
170.074783
171.050400
172.024567
172.997253
173.968460
174.938217
175.906494
176.873306
177.838654
178.802521
179.764923
180.725861
181.685318
182.643311
183.599838
184.554901
185.508484
186.460602
187.411652
188.364151
189.318466
190.274643
191.232620
192.192459
193.154129
194.117630
195.082977
196.050156
197.019180
197.990036
198.962738
199.937256
200.913620
201.891830
202.871872
203.853760
204.837463
205.823029
206.810410
207.799637
208.790695
209.783600
210.778336
211.774918
212.773315
213.773575
214.775665
215.779587
216.785339
217.792938
218.802368
219.813644
220.826752
221.841705
222.858475
223.877106
224.897552
225.919861
226.943985
227.969955
228.997757
230.027405
231.058884
232.092178
233.127335
234.164337
235.203171
236.243820
237.286316
238.330673
239.376846
240.424866
241.474701
242.510300
243.515594
244.490555
245.435196
246.349518
247.233536
248.087219
248.910583
249.703629
250.466354
251.198776
251.900848
252.572617
253.214066
0.000000
0.678403
1.381129
2.108179
2.859553
3.635250
4.435271
5.259615
6.108284
6.981275
7.878590
8.800229
9.746191
10.716476
11.711085
12.730018
13.773275
14.840856
15.932759
17.048988
18.176100
19.300671
20.422695
21.542177
22.659107
23.773497
24.885336
25.994633
27.101383
28.205584
29.307241
30.406357
31.502920
32.596943
33.688416
34.777344
35.863731
36.947563
38.028854
39.107601
40.183800
41.257454
42.328564
43.397121
44.463139
45.526611
46.587536
47.645912
48.701744
49.755032
50.805771
51.853966
52.899612
53.942719
54.983273
56.021286
57.056755
58.089676
59.120049
60.147877
61.173161
62.195896
63.216087
64.233727
65.248840
66.261383
67.271393
68.278854
69.283768
70.286133
71.285965
72.283241
73.277977
74.270523
75.263069
76.255974
77.249229
78.242851
79.236824
80.231155
81.225838
82.220886
83.216286
84.212051
85.208168
86.204643
87.201477
88.198662
89.196213
90.194122
91.192375
92.191002
93.189980
94.189308
95.189003
96.189049
97.189461
98.190216
99.191345
100.192818
101.194656
102.196854
103.199402
104.202309
105.205582
106.209198
107.213181
108.217514
109.222214
110.227264
111.232681
112.238441
113.244560
114.251053
115.257896
116.265083
117.272636
118.280556
119.288826
120.297440
121.306435
122.315773
123.325470
124.335533
125.345940
126.356712
127.367836
128.379150
129.390457
130.401794
131.413116
132.424469
133.435806
134.447189
135.458542
136.469925
137.481293
138.492691
139.504074
140.515488
141.526901
142.538315
143.549744
144.561172
145.572617
146.584076
147.595535
148.606995
149.618469
150.629959
151.641449
152.652954
153.664459
154.675964
155.687485
156.699020
157.710556
158.722092
159.733643
160.745209
161.756775
162.768356
163.779938
164.791534
165.803131
166.814728
167.826340
168.837967
169.849609
170.861237
171.872879
172.884537
173.896194
174.907867
175.919540
176.931229
177.942917
178.954620
179.966324
180.978043
181.989670
183.000671
184.010986
185.020584
186.029480
187.037674
188.045151
189.051910
190.057968
191.063339
192.067978
193.071930
194.075150
195.077667
196.079498
197.080612
198.081009
199.080704
200.079697
201.077972
202.075546
203.072418
204.068573
205.064011
206.058746
207.052795
208.046112
209.038727
210.030640
211.021851
212.012344
213.002136
213.991211
214.979584
215.967255
216.954224
217.940460
218.926010
219.910843
220.894974
221.878387
222.861115
223.843094
224.824402
225.804993
226.784882
227.764069
228.742523
229.720291
230.697342
231.673691
232.649323
233.624252
234.598465
235.561523
236.502853
237.422485
238.320435
239.196701
240.051254
240.884125
241.695282
242.484772
243.252563
243.998672
244.723068
245.425797
246.106827
246.766144
247.403778
248.019730
248.613983
249.186554
249.737427
250.266602
250.774078
