0.945860
0.027070
0.027070
0.027070
0.945860
0.027070
0.027070
0.027070
0.945860
0.000000
0.885057
1.828047
2.828970
3.887828
5.004618
6.179341
7.379533
8.572729
9.758932
10.938139
12.110351
13.275568
14.433787
15.585013
16.729244
17.866482
18.996719
20.119967
21.236216
22.345470
23.447729
24.542992
25.631260
26.712536
27.786814
28.854095
29.914383
30.967674
32.013973
33.053272
34.085579
35.110889
36.129208
37.140526
38.144848
39.142181
40.132519
41.115852
42.092197
43.061550
44.023907
44.979450
45.932388
46.884418
47.835552
48.785782
49.735119
50.683548
51.631073
52.577702
53.523430
54.468262
55.412182
56.355209
57.297333
58.238560
59.178883
60.118305
61.056828
61.994450
62.931168
63.866989
64.801903
65.735916
66.669037
67.601250
68.532570
69.462975
70.392494
71.321106
72.248825
73.175629
74.101540
75.026550
75.950661
76.873863
77.796173
78.718063
79.642433
80.569756
81.500023
82.433258
83.369438
84.308594
85.250687
86.195747
87.143753
88.094734
89.048653
90.005531
90.965370
91.928169
92.893921
93.862625
94.834290
95.808907
96.786484
97.767021
98.750504
99.736946
100.726349
101.718712
102.714020
103.712296
104.713516
105.717697
106.724846
107.734932
108.747993
109.763992
110.782967
111.804878
112.829765
113.855934
114.879425
115.900032
116.917755
117.932602
118.944565
119.953636
120.959831
121.963142
122.963570
123.961113
124.955780
125.947556
126.936455
127.922462
128.905594
129.885849
130.863220
131.837692
132.809280
133.778015
134.743835
135.706787
136.666855
137.624039
138.578354
139.529755
140.478317
141.423950
142.366730
143.306625
144.243622
145.177750
146.108978
147.037338
147.962814
148.885666
149.806107
150.724167
151.639847
152.553131
153.464020
154.372543
155.278656
156.182388
157.083725
157.982681
158.879227
159.773422
160.665192
161.554596
162.441605
163.326233
164.208450
165.088303
165.965744
166.840805
167.713486
168.583771
169.451675
170.317184
171.180298
172.041046
172.899384
173.755341
174.608902
175.460083
176.308868
177.155258
177.999283
178.840897
179.680145
180.516983
181.351440
182.183502
183.013184
183.840469
184.665375
185.487900
186.308014
187.125748
187.941101
188.754044
189.564621
190.372803
191.178589
191.981995
192.783020
193.581650
194.377869
195.171722
195.963196
196.752258
197.538940
198.323227
199.105133
199.884659
200.661789
201.436523
202.208878
202.978836
203.746399
204.511597
205.274384
206.034790
206.792801
207.548431
208.301682
209.052536
209.800995
210.547073
211.290741
212.032059
212.770950
213.507477
214.241608
214.973343
215.702698
216.429672
217.154251
217.876419
218.596222
219.313629
220.028656
220.741287
221.451523
222.159378
222.864853
223.567932
224.268616
224.966919
225.662827
226.356354
227.047485
227.736221
228.422577
229.106552
229.788132
230.467316
231.144119
231.818542
232.490555
0.000000
0.645790
1.341517
2.087181
2.882780
3.728316
4.623788
5.569196
6.564541
7.609822
8.705038
9.850192
11.045281
12.290307
13.585269
14.930166
16.292656
17.640390
18.973372
20.291597
21.595068
22.883785
24.157747
25.416956
26.661409
27.891109
29.106054
30.306244
31.491680
32.662365
33.818287
34.959461
36.085880
37.197544
38.294456
39.376610
40.444012
41.496658
42.534550
43.557686
44.566067
45.559700
46.538570
47.502689
48.452057
49.386669
50.306522
51.211624
52.101974
52.977570
53.848137
54.723423
55.603420
56.488129
57.377556
58.271690
59.170540
60.074100
60.982372
61.895359
62.813057
63.735470
64.662598
65.594429
66.530983
67.472244
68.418213
69.368904
70.324310
71.284416
72.249245
73.218781
74.193031
75.171997
76.155670
77.144058
78.137161
79.134979
80.137505
81.144745
82.156700
83.173363
84.194740
85.220825
86.248306
87.273811
88.297348
89.318924
90.338547
91.356201
92.371895
93.385628
94.397400
95.407211
96.415062
97.420944
98.424873
99.426834
100.426834
101.424866
102.420944
103.415062
104.407211
105.397400
106.385628
107.371902
108.356201
109.338547
110.318932
111.297348
112.273804
113.248299
114.220840
115.191414
116.160027
117.126671
118.091354
119.054085
120.015785
120.977409
121.938950
122.900414
123.861801
124.823105
125.784332
126.745483
127.706543
128.667542
129.628448
130.589264
131.550018
132.510681
133.471268
134.431793
135.392212
136.352570
137.312836
138.273026
139.233139
140.193176
141.153122
142.112976
143.072784
144.032486
144.992126
145.951675
146.911148
147.870560
148.829865
149.789093
150.748245
151.707321
152.664276
153.617020
154.565582
155.509964
156.450165
157.386169
158.317993
159.245621
160.169067
161.088333
162.003387
162.914276
163.820969
164.723480
165.621811
166.515945
167.405884
168.291641
169.173233
170.050613
170.923813
171.792831
172.657654
173.518295
174.374741
175.227020
176.075089
176.918976
177.758682
178.594208
179.425522
180.252670
181.075623
181.894394
182.708969
183.519379
184.325592
185.127594
185.925415
186.719070
187.508545
188.293808
189.074890
189.851776
190.624496
191.393021
192.157364
192.917496
193.673462
194.425247
195.172836
195.916229
196.655441
197.390472
198.121307
198.847961
199.570435
200.288712
201.002792
201.712692
202.418427
203.119949
203.817291
204.510452
205.199417
205.884201
206.564789
207.241196
207.913422
208.581467
209.245300
209.904968
210.560440
211.211731
211.858810
212.501724
213.140457
213.774994
214.405350
215.031494
215.653473
216.271255
216.884872
217.494278
218.099518
218.700546
219.297409
219.890060
220.478546
221.062836
221.642944
222.218857
222.790588
223.358139
223.921494
224.480667
225.035645
225.586441
226.133041
226.675476
227.213699
227.747742
228.277618
228.803284
0.000000
0.886613
1.866375
2.939287
4.105348
5.364559
6.716918
8.109912
9.491028
10.860268
12.217629
13.563114
14.896720
16.218449
17.528297
18.826271
20.112366
21.386583
22.648920
23.899380
25.137966
26.364672
27.579494
28.782444
29.973518
31.152712
32.320030
33.475468
34.619026
35.750710
36.870514
37.978439
39.074486
40.158657
41.230949
42.291367
43.343910
44.392590
45.437408
46.478367
47.515453
48.548687
49.578053
50.603558
51.625195
52.642975
53.656891
54.666943
55.673130
56.675457
57.673920
58.668518
59.659256
60.646133
61.629143
62.608292
63.583576
64.555000
65.522560
66.486259
67.446091
68.402061
69.354164
70.302406
71.246796
72.192764
73.145821
74.105965
75.073166
76.047447
77.028801
78.017235
79.012726
80.015305
81.024956
82.041672
83.065460
84.096329
85.134270
86.179283
87.231369
88.290527
89.356766
90.430069
91.510452
92.597908
93.692436
94.794029
95.902702
97.018456
98.141281
99.271172
100.408134
101.552177
102.698296
103.841446
104.981644
106.118881
107.253174
108.384514
109.512894
110.638321
111.760803
112.880333
113.996902
115.110519
116.221184
117.328896
118.433655
119.535461
120.634315
121.730225
122.823166
123.913170
125.000206
126.084297
127.165436
128.243622
129.318848
130.391129
131.460449
132.526825
133.590240
134.648453
135.699188
136.742462
137.778244
138.806580
139.827454
140.840836
141.846771
142.845230
143.836227
144.819733
145.795792
146.764374
147.725479
148.679123
149.625305
150.563995
151.495239
152.419022
153.335312
154.244156
155.145508
156.039398
156.925827
157.804794
158.676270
159.540298
160.396835
161.245926
162.087540
162.921661
163.748352
164.567551
165.379288
166.183563
166.980362
167.769699
168.551559
169.325958
170.092865
170.852325
171.604324
172.348846
173.085876
173.815460
174.537567
175.252213
175.959396
176.659088
177.351334
178.036102
178.713394
179.383240
180.045593
180.700485
181.347916
181.987854
182.620346
183.245361
183.862915
184.472992
185.075607
185.670746
186.258408
186.838623
187.411362
187.976608
188.534424
189.084747
189.627609
190.162994
190.690933
191.211380
191.724365
192.229889
192.727921
193.218506
193.701614
194.177261
194.645432
195.106125
195.559357
196.005127
196.443420
196.874268
197.297623
197.713516
198.121918
198.522888
198.916382
199.302383
199.680923
200.052002
200.415619
200.771759
201.120422
201.461639
201.795364
202.121643
202.440430
202.751755
203.055603
203.352005
203.640915
203.922379
204.196365
204.462860
204.721924
204.973495
205.217590
205.454239
205.683426
205.905121
206.119354
206.326096
206.525421
206.717239
206.901596
207.078491
207.247894
207.409866
207.564331
207.711349
207.850906
207.982971
208.107590
208.224716
208.334381
208.436600
208.531326
208.618591
208.698395
208.770706
