0.986643
0.006679
0.006679
0.006679
0.986643
0.006679
0.006679
0.006679
0.986643
0.000000
1.160195
2.311468
3.453820
4.587250
5.711758
6.827344
7.934010
9.031754
10.120576
11.200476
12.271455
13.333512
14.386646
15.430862
16.466154
17.492527
18.509975
19.518501
20.518110
21.508795
22.490559
23.463400
24.427319
25.386858
26.346563
27.306429
28.266459
29.226652
30.187010
31.147530
32.108212
33.069054
34.030067
34.991234
35.952572
36.914070
37.875729
38.837555
39.799541
40.761692
41.724007
42.686485
43.649124
44.611923
45.574890
46.538017
47.501312
48.464767
49.428387
50.392170
51.356113
52.320221
53.284492
54.248928
55.213524
56.178284
57.143204
58.108292
59.073536
60.038952
61.004524
61.970268
62.936169
63.902237
64.868462
65.834854
66.801414
67.768135
68.735008
69.702057
70.669250
71.636627
72.604164
73.571854
74.539719
75.507736
76.475922
77.444321
78.413963
79.385277
80.358276
81.332939
82.309280
83.287300
84.266991
85.248360
86.231392
87.216103
88.202492
89.190552
90.180290
91.171700
92.164787
93.159538
94.155975
95.154083
96.153862
97.155319
98.158447
99.163254
100.169731
101.177887
102.187714
103.199211
104.212387
105.227234
106.243759
107.261963
108.281830
109.303383
110.326591
111.351486
112.378067
113.406303
114.436226
115.467819
116.501083
117.536026
118.572639
119.610924
120.650887
121.692528
122.735840
123.780823
124.827484
125.875816
126.925827
127.977516
129.030869
130.085892
131.142609
132.200989
133.260513
134.317993
135.372894
136.425217
137.474976
138.522156
139.566772
140.608810
141.648285
142.685165
143.719482
144.751205
145.780380
146.806976
147.830994
148.852432
149.871307
150.887604
151.901337
152.912476
153.921051
154.927048
155.930481
156.931335
157.929596
158.925323
159.918442
160.909012
161.896988
162.882401
163.865234
164.845490
165.823181
166.798279
167.770828
168.740799
169.708176
170.673004
171.635239
172.594910
173.552002
174.506531
175.458466
176.407837
177.354645
178.298874
179.240524
180.179596
181.116104
182.050034
182.981400
183.910172
184.836380
185.760010
186.681076
187.601044
188.523514
189.448639
190.376465
191.306931
192.240097
193.175919
194.114426
195.055588
195.999420
196.945938
197.895126
198.846985
199.801498
200.758698
201.718582
202.681107
203.646317
204.614197
205.584763
206.557999
207.533890
208.512451
209.493698
210.477600
211.464203
212.453461
213.445389
214.439972
215.437256
216.437195
217.439804
218.445099
219.453049
220.463669
221.476974
222.492935
223.511597
224.532898
225.556885
226.583542
227.612869
228.644867
229.679535
230.716888
231.756897
232.799591
233.844940
234.892975
235.943680
236.997040
238.053085
239.111801
240.173187
241.237244
242.295624
243.339905
244.370117
245.386276
246.388336
247.376343
248.350281
249.310150
250.255936
251.187668
252.105316
253.008896
253.898407
0.000000
1.031302
2.059965
3.085992
4.109381
5.130131
6.148245
7.163721
8.176558
9.186758
10.194321
11.199244
12.201532
13.201182
14.198192
15.192566
16.184305
17.173401
18.159863
19.143686
20.124870
21.103418
22.079329
23.052603
24.023233
24.991232
25.956591
26.919312
27.879396
28.836843
29.791649
30.745367
31.699545
32.654179
33.609272
34.564827
35.520840
36.477310
37.434238
38.391624
39.349472
40.307774
41.266537
42.225758
43.185440
44.145580
45.106174
46.067230
47.028748
47.990719
48.953152
49.916042
50.879391
51.843197
52.807461
53.772186
54.737370
55.703011
56.669109
57.635674
58.602692
59.570164
60.538097
61.506485
62.475342
63.444653
64.414421
65.384651
66.355339
67.326477
68.298080
69.270149
70.242668
71.215645
72.189079
73.162979
74.137337
75.112144
76.087410
77.063148
78.039330
79.015984
79.993088
80.970642
81.948677
82.927055
83.905197
84.882988
85.860451
86.837563
87.814331
88.790764
89.766846
90.742592
91.717995
92.693054
93.667770
94.642143
95.616188
96.589874
97.563225
98.536232
99.508896
100.481216
101.453194
102.424835
103.396133
104.367081
105.337700
106.307968
107.277893
108.247482
109.216721
110.185623
111.154182
112.122398
113.090279
114.057808
115.024994
115.991844
116.958344
117.924515
118.890335
119.855812
120.820953
121.785744
122.750198
123.714310
124.678078
125.641502
126.604591
127.567329
128.529724
129.491791
130.453506
131.414886
132.375916
133.336609
134.296951
135.256943
136.216888
137.177032
138.137405
139.097977
140.058762
141.019775
141.980988
142.942413
143.904068
144.865921
145.828003
146.790268
147.752777
148.715485
149.678406
150.641541
151.604874
152.568436
153.532227
154.496201
155.460388
156.424805
157.389435
158.354263
159.319321
160.284576
161.250061
162.215759
163.181656
164.147766
165.114090
166.080643
167.047394
168.014374
168.981537
169.948929
170.916534
171.884354
172.852386
173.820633
174.789093
175.757767
176.726654
177.695740
178.665039
179.634567
180.604309
181.574265
182.544418
183.514786
184.485382
185.456177
186.427185
187.398422
188.370193
189.344574
190.321869
191.302109
192.285248
193.271347
194.260361
195.252304
196.247192
197.244995
198.245728
199.249390
200.255981
201.265518
202.277985
203.293365
204.311676
205.332932
206.357086
207.384201
208.414246
209.447205
210.483093
211.521927
212.563675
213.608368
214.655991
215.706528
216.759995
217.816391
218.875732
219.937988
221.003174
222.071304
223.142365
224.216354
225.293259
226.373093
227.455856
228.541565
229.630188
230.721756
231.816238
232.913666
234.014008
235.117294
236.223511
237.332657
238.444717
239.559708
240.677643
241.798508
242.922287
244.049011
245.178650
246.318604
247.476212
248.651459
249.844360
251.054932
252.283142
253.529022
0.000000
1.462668
2.898322
4.306962
5.688590
7.043205
8.370807
9.671393
10.944969
12.191530
13.411080
14.603614
15.769135
16.907644
18.019138
19.103621
20.161091
21.191547
22.208765
23.226536
24.244852
25.263718
26.283129
27.303089
28.323595
29.344648
30.366249
31.388397
32.411095
33.434338
34.458130
35.482464
36.507355
37.532784
38.558765
39.585293
40.612366
41.639988
42.668156
43.696873
44.726139
45.755943
46.786304
47.817211
48.848667
49.880669
50.913216
51.946304
52.979954
54.014145
55.048878
56.084164
57.119995
58.156372
59.193298
60.230770
61.268795
62.307362
63.346478
64.386139
65.426346
66.467102
67.508408
68.550270
69.592674
70.635620
71.679108
72.723152
73.767738
74.812881
75.858559
76.904785
77.951195
78.997406
80.043404
81.089211
82.134811
83.180214
84.225410
85.270416
86.315224
87.359825
88.404228
89.448433
90.492432
91.536240
92.579834
93.623238
94.666435
95.709442
96.752243
97.794838
98.837242
99.879433
100.921440
101.963242
103.004837
104.046234
105.087433
106.128433
107.169235
108.209831
109.250237
110.290428
111.330421
112.370232
113.409821
114.449219
115.488411
116.527412
117.566208
118.604797
119.643204
120.681404
121.719391
122.757187
123.794792
124.832176
125.869370
126.906364
127.943161
128.979767
130.016144
131.052353
132.088333
133.124130
134.158554
135.190475
136.219849
137.246704
138.271042
139.292847
140.312119
141.328888
142.343124
143.354828
144.364014
145.370682
146.374817
147.376434
148.375519
149.372086
150.366119
151.357620
152.346619
153.333099
154.317032
155.298462
156.277344
157.253708
158.227554
159.198868
160.167664
161.133942
162.097672
163.058899
164.017593
164.973770
165.927414
166.878540
167.827148
168.773209
169.716751
170.657776
171.596283
172.532272
173.465714
174.396622
175.325043
176.250916
177.174271
178.095108
179.013412
179.929169
180.842438
181.753174
182.661362
183.567062
184.470215
185.370834
186.271118
187.173096
188.076859
188.982346
189.889587
190.798584
191.709320
192.621811
193.536057
194.452057
195.369797
196.289307
197.210541
198.133545
199.058289
199.984787
200.913040
201.843033
202.774765
203.708267
204.643509
205.580505
206.519257
207.459747
208.401993
209.345978
210.291733
211.239227
212.188477
213.139465
214.092209
215.046707
216.002945
216.960953
217.920700
218.882187
219.845444
220.810440
221.777176
222.745667
223.715927
224.687912
225.661667
226.637161
227.614410
228.593414
229.574158
230.556641
231.540894
232.526901
233.514648
234.504150
235.495377
236.488388
237.465210
238.408035
239.316849
240.191620
241.032379
241.839096
242.611801
243.350464
244.055115
244.725739
245.362320
245.964890
246.533432
247.067947
247.568436
248.034882
248.467331
248.865738
249.230118
249.560471
249.856796
250.119080
