0.965780
0.017110
0.017110
0.017110
0.965780
0.017110
0.017110
0.017110
0.965780
0.000000
1.776241
3.305354
4.587337
5.622191
6.534629
7.449359
8.366382
9.285697
10.207305
11.131207
12.057399
12.985887
13.916666
14.849738
15.785104
16.722761
17.662714
18.604958
19.549494
20.496323
21.445444
22.396860
23.350569
24.306572
25.264866
26.225452
27.188332
28.153505
29.120968
30.090729
31.062778
32.036995
33.013054
33.990944
34.970661
35.952209
36.935589
37.920795
38.907829
39.896698
40.887394
41.879925
42.874283
43.870464
44.868481
45.868332
46.870007
47.873512
48.878849
49.886013
50.895008
51.905838
52.918491
53.932976
54.949291
55.967442
56.987411
58.009220
59.034451
60.072697
61.125565
62.193050
63.275146
64.371864
65.483192
66.609138
67.749710
68.904884
70.074684
71.259094
72.458130
73.671776
74.900032
76.142914
77.400406
78.672516
79.959236
81.260582
82.576546
83.907112
85.252312
86.612122
87.986542
89.375580
90.779236
92.196175
93.597206
94.970367
96.315674
97.633110
98.922684
100.184387
101.418236
102.624214
103.802338
104.952591
106.074982
107.169502
108.236168
109.274971
110.285904
111.268974
112.224182
113.151527
114.051003
114.922623
115.766373
116.582268
117.370293
118.130447
118.862747
119.567184
120.243752
120.907448
121.573250
122.241180
122.911224
123.583374
124.257652
124.934036
125.612534
126.293152
126.975883
127.660728
128.347687
129.036774
129.727966
130.421265
131.116684
131.814240
132.513885
133.215652
133.919540
134.625549
135.333664
136.043884
136.756226
137.470688
138.187271
138.905960
139.626755
140.349686
141.074722
141.801865
142.531143
143.262527
143.996017
144.731628
145.469360
146.209213
146.951157
147.695236
148.441422
149.189728
149.940140
150.692673
151.447327
152.204086
152.962982
153.723969
154.487076
155.252319
156.019638
156.789108
157.560669
158.334351
159.110168
159.888077
160.668121
161.450272
162.234512
163.020889
163.809387
164.599991
165.392715
166.187561
166.984512
167.783585
168.584763
169.388077
170.193481
171.001007
171.810654
172.622406
173.436279
174.252274
175.070374
175.890610
176.712936
177.537384
178.363968
179.192642
180.023438
180.856354
181.691391
182.528519
183.367798
184.209167
185.052658
185.898239
186.745972
187.595810
188.447754
189.301819
190.158005
191.016296
191.876694
192.739227
193.603867
194.470612
195.339493
196.210464
197.083572
197.958801
198.836121
199.715576
200.597137
201.480820
202.366608
203.254517
204.144531
205.036682
205.930923
206.827316
207.725800
208.626373
209.529083
210.433929
211.340881
212.249924
213.161118
214.074402
214.989807
215.907333
216.826965
217.748718
218.672577
219.598557
220.526657
221.456863
222.389191
223.323639
224.260193
225.198868
226.139633
227.082550
228.027573
228.974716
229.923965
230.875305
231.828796
232.784393
233.742096
234.701935
235.663864
0.000000
1.047331
2.097701
3.151107
4.207552
5.267034
6.329554
7.391492
8.449221
9.502744
10.552060
11.597170
12.638074
13.674771
14.707262
15.735546
16.759624
17.779497
18.795162
19.806620
20.813873
21.816917
22.815758
23.810389
24.800817
25.787039
26.769051
27.746861
28.720463
29.689856
30.655045
31.616024
32.573044
33.531532
34.493702
35.459553
36.429085
37.402302
38.379200
39.359779
40.344044
41.331985
42.323616
43.318924
44.317917
45.320595
46.326954
47.336994
48.350719
49.368122
50.389210
51.413982
52.442432
53.474567
54.510384
55.549889
56.593067
57.639935
58.690819
59.747746
60.811054
61.880749
62.956818
64.039268
65.128105
66.223320
67.324905
68.432892
69.547241
70.667984
71.795105
72.928604
74.068481
75.214745
76.367386
77.526413
78.691818
79.863594
81.041763
82.226311
83.417244
84.614548
85.818245
87.028313
88.240074
89.442062
90.633766
91.815163
92.986275
94.147095
95.297615
96.437851
97.567787
98.687439
99.796791
100.895851
101.984612
103.063087
104.131271
105.189156
106.236748
107.274048
108.301056
109.317780
110.324196
111.320320
112.306168
113.281700
114.246956
115.201912
116.151443
117.100418
118.048836
118.996696
119.943993
120.890739
121.836922
122.782555
123.727623
124.672134
125.616089
126.559479
127.502327
128.444595
129.386322
130.327499
131.268112
132.208160
133.147659
134.086578
135.024963
135.962784
136.900040
137.836746
138.772903
139.708481
140.643524
141.578003
142.511917
143.445267
144.378067
145.310318
146.241989
147.173126
148.103699
149.033722
149.963165
150.892059
151.820404
152.748184
153.675415
154.602081
155.528183
156.453735
157.378738
158.303162
159.227051
160.150375
161.073135
161.995346
162.916992
163.838074
164.758606
165.678589
166.598007
167.516876
168.435165
169.352905
170.270096
171.186707
172.102798
173.018311
173.933258
174.847641
175.761490
176.674774
177.587494
178.499664
179.411285
180.322327
181.232819
182.142761
183.052139
183.960953
184.869232
185.776932
186.684067
187.590668
188.496704
189.402176
190.307083
191.211456
192.115265
193.018509
193.921188
194.823334
195.724884
196.625900
197.526352
198.426270
199.325607
200.224396
201.122604
202.020264
202.917374
203.813934
204.709946
205.605377
206.500259
207.394577
208.288345
209.181549
210.074188
210.966278
211.857819
212.748795
213.639206
214.529068
215.418381
216.307098
217.195297
218.082932
218.970001
219.856506
220.742462
221.627869
222.512711
223.396988
224.280716
225.163879
226.046494
226.928543
227.810059
228.690979
229.571365
230.451187
231.330444
232.209152
233.087311
233.964890
234.841934
235.718384
236.594299
237.469666
238.344482
239.218719
240.092407
240.965546
241.838120
242.710129
243.581589
244.452484
245.322830
246.192612
247.061829
247.930511
0.000000
1.877942
3.397135
4.557578
5.538640
6.519691
7.500731
8.481759
9.462777
10.443784
11.424778
12.405761
13.386733
14.367694
15.348641
16.329580
17.310507
18.291422
19.272324
20.253216
21.234098
22.214966
23.195826
24.176670
25.157505
26.138330
27.119143
28.101995
29.091917
30.089132
31.093639
32.105442
33.124538
34.150928
35.184616
36.225594
37.273865
38.329430
39.392288
40.462440
41.539886
42.624630
43.716663
44.815987
45.922611
47.036530
48.157738
49.286243
50.422039
51.565132
52.715225
53.870583
55.030910
56.196213
57.366489
58.541737
59.721958
60.907150
62.097317
63.292450
64.492561
65.697647
66.907700
68.122726
69.342720
70.567703
71.797646
73.032562
74.272453
75.517319
76.767143
78.021957
79.281738
80.545967
81.803360
83.049294
84.283760
85.506767
86.718307
87.918381
89.106987
90.284134
91.449821
92.604042
93.746788
94.878082
95.997902
97.106270
98.203163
99.288597
100.362564
101.425072
102.476105
103.515678
104.543793
105.560432
106.565613
107.564278
108.561317
109.556747
110.550575
111.542801
112.533417
113.522423
114.509827
115.495621
116.479813
117.462395
118.443375
119.422752
120.400513
121.376671
122.351227
123.324173
124.295509
125.265251
126.233376
127.199898
128.164810
129.128128
130.089813
131.049927
132.008408
132.965286
133.920578
134.874252
135.826309
136.776779
137.725632
138.672882
139.618515
140.562546
141.504990
142.445801
143.385010
144.322632
145.258636
146.193024
147.125824
148.057007
148.986588
149.914551
150.840927
151.765686
152.688828
153.610397
154.530319
155.448654
156.365387
157.280518
158.194046
159.105942
160.016251
160.924957
161.832047
162.737518
163.641403
164.543671
165.444336
166.343399
167.240845
168.136703
169.030945
169.923584
170.814606
171.704025
172.591843
173.478058
174.362671
175.245667
176.127060
177.006851
177.885025
178.761597
179.636581
180.509918
181.381683
182.251846
183.120377
183.987320
184.852631
185.716370
186.578476
187.438980
188.297897
189.155197
190.010895
190.864975
191.717468
192.568329
193.417603
194.265259
195.111328
195.955780
196.798615
197.639862
198.479492
199.317520
200.153931
200.988724
201.821945
202.653534
203.483536
204.311935
205.138718
205.963867
206.787460
207.609421
208.429764
209.248505
210.065643
210.881210
211.695129
212.507462
213.318161
214.127274
214.934799
215.740692
216.544968
217.347672
218.148758
218.948212
219.746094
220.542358
221.337006
222.130066
222.921509
223.711334
224.499573
225.286209
226.071213
226.854630
227.636444
228.416626
229.195221
229.972214
230.747604
231.521362
232.293549
233.064117
233.833069
234.600418
235.366165
236.130310
236.892838
237.653763
238.413071
239.170792
239.926895
240.681396
241.434280
242.185577
242.935272
243.683334
244.429810
245.174683
