0.967102
0.016449
0.016449
0.016449
0.967102
0.016449
0.016449
0.016449
0.967102
0.000000
1.165794
2.319401
3.460820
4.590052
5.707096
6.811952
7.904619
8.985102
10.053394
11.109499
12.153416
13.185147
14.204689
15.212044
16.207211
17.190191
18.160982
19.119591
20.066006
21.000235
21.922276
22.839449
23.759069
24.681137
25.605654
26.532618
27.462030
28.393892
29.328201
30.264957
31.204165
32.145821
33.089920
34.036472
34.985466
35.936916
36.890812
37.847157
38.805946
39.767185
40.730873
41.697010
42.665592
43.636627
44.610107
45.586040
46.564415
47.545246
48.528519
49.514240
50.502411
51.493027
52.486092
53.481606
54.479572
55.479984
56.482845
57.488152
58.495907
59.506115
60.518764
61.533863
62.551414
63.571419
64.593857
65.618752
66.646095
67.675888
68.708122
69.742744
70.778053
71.813362
72.848686
73.884026
74.919373
75.954727
76.990082
78.025459
79.060844
80.096237
81.131645
82.167053
83.202477
84.237907
85.273354
86.308807
87.344261
88.379730
89.415215
90.450706
91.486198
92.521713
93.557236
94.592766
95.628296
96.663849
97.699402
98.734970
99.770546
100.806137
101.841736
102.877335
103.912956
104.948586
105.984215
107.019859
108.055519
109.091171
110.126854
111.162537
112.198227
113.233925
114.269646
115.305359
116.341095
117.376831
118.412590
119.448349
120.484344
121.521927
122.561317
123.602509
124.645515
125.690331
126.736954
127.785378
128.835632
129.887665
130.941544
131.997192
133.054672
134.113953
135.175049
136.237946
137.302658
138.369186
139.437500
140.507645
141.579590
142.653351
143.728912
144.806274
145.885452
146.966446
148.049255
149.133850
150.220276
151.308487
152.398529
153.490356
154.584000
155.679474
156.776733
157.875809
158.976700
160.079391
161.183899
162.290207
163.398331
164.508270
165.619995
166.733551
167.848892
168.966064
170.085037
171.205811
172.328415
173.450943
174.568909
175.682083
176.790451
177.894043
178.992828
180.086838
181.176041
182.260468
183.340103
184.414932
185.484985
186.550247
187.610703
188.666382
189.717270
190.763351
191.804657
192.841171
193.872894
194.899811
195.921951
196.939301
197.951859
198.959625
199.962601
200.960770
201.954178
202.942764
203.926575
204.905594
205.879822
206.849258
207.813904
208.773758
209.728821
210.679108
211.624588
212.565277
213.501160
214.432281
215.358597
216.280121
217.196869
218.108795
219.015945
219.918304
220.815887
221.708664
222.598068
223.485596
224.371231
225.254944
226.136734
227.016647
227.894638
228.770721
229.644897
230.517166
231.387543
232.255997
233.122574
233.987198
234.849960
235.710785
236.569717
237.426727
238.281860
239.135056
239.986374
240.835770
241.683258
242.528854
243.372528
244.214294
245.054169
245.892136
246.728180
247.562332
248.394577
249.224899
250.053329
250.879852
251.704468
252.527176
253.347977
254.166870
254.983856
0.000000
0.000000
0.000000
0.000000
0.000000
1.068692
2.692455
4.279264
5.829120
7.342023
8.817972
10.256967
11.659007
13.024096
14.352231
15.643413
16.897642
18.114916
19.295237
20.438606
21.545019
22.614481
23.646984
24.642538
25.601139
26.542036
27.484510
28.428551
29.374159
30.321331
31.270073
32.220383
33.172256
34.125698
35.080708
36.037285
36.995430
37.955139
38.916416
39.879257
40.843670
41.809650
42.777191
43.746307
44.716988
45.689232
46.663048
47.638424
48.615376
49.593887
50.573967
51.555618
52.538830
53.523613
54.509960
55.497875
56.487358
57.478405
58.471024
59.465210
60.460957
61.458275
62.457161
63.457611
64.459633
65.463219
66.468376
67.475090
68.483376
69.493233
70.504654
71.517632
72.532196
73.548317
74.565193
75.582031
76.598824
77.615570
78.632271
79.648926
80.665535
81.682106
82.698624
83.715103
84.731529
85.747925
86.764259
87.780556
88.796814
89.813011
90.829178
91.845299
92.861366
93.877388
94.893372
95.909309
96.925201
97.941048
98.956841
99.972595
100.988304
102.003975
103.019592
104.035164
105.050697
106.066185
107.081627
108.097015
109.112366
110.127678
111.142937
112.158150
113.173317
114.188438
115.203522
116.218559
117.233543
118.248482
119.263390
120.278244
121.293045
122.307816
123.322533
124.337524
125.353104
126.369263
127.386017
128.403351
129.421265
130.439774
131.458878
132.478546
133.498825
134.519684
135.541122
136.563156
137.585770
138.608963
139.632751
140.657135
141.682083
142.707642
143.733765
144.760483
145.787796
146.815689
147.844162
148.873230
149.902878
150.933136
151.963959
152.995361
154.027359
155.059952
156.093109
157.126877
158.161224
159.196152
160.231659
161.267776
162.304459
163.341751
164.379608
165.418045
166.457092
167.496719
168.536911
169.577728
170.619095
171.661072
172.703613
173.746765
174.789520
175.830933
176.870987
177.909698
178.947052
179.983047
181.017700
182.050995
183.082932
184.113525
185.142776
186.170654
187.197205
188.222382
189.246216
190.268707
191.289841
192.309616
193.328033
194.345123
195.360840
196.375214
197.388229
198.399887
199.410217
200.419174
201.426804
202.433060
203.437973
204.441528
205.443726
206.444580
207.444092
208.442245
209.439041
210.434494
211.428574
212.421326
213.412720
214.402756
215.391449
216.378784
217.364761
218.349396
219.332687
220.314606
221.295181
222.274414
223.252274
224.221100
225.173264
226.108734
227.027512
227.929611
228.815018
229.683716
230.535751
231.371094
232.189728
232.991684
233.776947
234.545517
235.297409
236.032608
236.751114
237.452927
238.138062
238.806488
239.458237
240.093292
240.711655
241.313339
241.898315
242.466614
243.018219
243.553146
244.071381
244.572922
245.057755
245.525925
245.977386
246.412170
246.830261
247.231659
0.000000
1.474341
2.916078
4.325213
5.701745
7.045673
8.356998
9.635720
10.881840
12.095357
13.276270
14.424582
15.540288
16.623394
17.673895
18.691792
19.677088
20.629782
21.549871
22.437357
23.311338
24.190924
25.076107
25.966888
26.863270
27.765255
28.672834
29.586016
30.504795
31.429176
32.359154
33.294731
34.235912
35.182690
36.135067
37.093044
38.056618
39.025791
40.000568
40.980946
41.966915
42.958488
43.955662
44.958435
45.966808
46.980778
48.000347
49.025517
50.056290
51.092659
52.134632
53.182194
54.235363
55.294128
56.358498
57.428463
58.504028
59.585190
60.671955
61.764317
62.862286
63.965843
65.075005
66.189774
67.308243
68.425819
69.542282
70.657631
71.771881
72.885017
73.997040
75.107956
76.217751
77.326454
78.434036
79.540520
80.645874
81.750137
82.853287
83.955315
85.056244
86.156059
87.254768
88.352371
89.448860
90.544235
91.638496
92.731659
93.823708
94.914642
96.004471
97.093185
98.180801
99.267303
100.352692
101.436974
102.520142
103.602203
104.683151
105.762993
106.841728
107.919342
108.995857
110.071259
111.145538
112.218727
113.290802
114.361755
115.432045
116.504158
117.578529
118.655159
119.734055
120.815201
121.898613
122.984291
124.072220
125.162415
126.254860
127.349571
128.446548
129.545776
130.647263
131.751007
132.857025
133.965302
135.075836
136.188614
137.303665
138.420975
139.540558
140.662384
141.786469
142.912827
144.041443
145.172302
146.305435
147.440811
148.578476
149.718384
150.860550
152.004974
153.151657
154.300613
155.451813
156.605301
157.761032
158.919006
160.079269
161.241760
162.406540
163.573563
164.742584
165.907303
167.065201
168.216263
169.360489
170.497864
171.628418
172.752136
173.869019
174.979080
176.082275
177.178650
178.268204
179.350922
180.426788
181.495834
182.558029
183.613403
184.661926
185.703629
186.738495
187.766525
188.787735
189.802078
190.809601
191.810303
192.804153
193.791168
194.771362
195.744705
196.711212
197.670914
198.623749
199.569763
200.508926
201.441284
202.366776
203.285461
204.197281
205.102295
206.000458
206.891785
207.776291
208.653946
209.524765
210.394211
211.267700
212.145233
213.026810
213.912445
214.802124
215.695847
216.593643
217.495468
218.401352
219.311279
220.225250
221.143280
222.065353
222.991486
223.921661
224.855881
225.794159
226.736481
227.682861
228.633270
229.587753
230.546280
231.508835
232.475464
233.446121
234.420853
235.399612
236.382446
237.369308
238.360214
239.355194
240.354202
241.357269
242.364380
243.375549
244.390762
245.410034
246.433350
247.460709
248.492111
249.527557
250.567078
251.610641
252.658249
253.709915
254.765610
255.000000
255.000000
255.000000
255.000000
255.000000
255.000000
255.000000
255.000000
255.000000
255.000000
255.000000
255.000000
