0.973796
0.013102
0.013102
0.013102
0.973796
0.013102
0.013102
0.013102
0.973796
0.000000
0.867850
1.773980
2.718392
3.701086
4.722060
5.762332
6.802918
7.843819
8.885035
9.926564
10.968408
12.010567
13.053040
14.095826
15.138928
16.182344
17.226076
18.270121
19.314478
20.359152
21.404137
22.449440
23.495056
24.540991
25.587236
26.633795
27.680670
28.727858
29.775360
30.823179
31.871309
32.919754
33.968513
35.017590
36.066978
37.116680
38.166698
39.217030
40.267677
41.318642
42.369915
43.421505
44.473412
45.525631
46.578159
47.631012
48.684166
49.737282
50.790016
51.842361
52.894318
53.945881
54.997055
56.047840
57.098232
58.148239
59.197857
60.247078
61.295918
62.344360
63.392418
64.440079
65.487358
66.534248
67.580742
68.626846
69.672562
70.717888
71.762825
72.807373
73.851532
74.895294
75.938675
76.981667
78.024261
79.066467
80.108292
81.149712
82.190758
83.231400
84.271667
85.311531
86.351006
87.390099
88.428795
89.467110
90.505035
91.542557
92.579697
93.614937
94.646759
95.675163
96.700142
97.721710
98.739861
99.754593
100.765915
101.773804
102.778290
103.779350
104.777000
105.771225
106.762032
107.749428
108.733398
109.713959
110.691101
111.664825
112.635139
113.602020
114.565491
115.525551
116.482185
117.435402
118.385201
119.331596
120.274559
121.214104
122.150238
123.082954
124.012253
124.938133
125.860596
126.779640
127.695267
128.607468
129.516281
130.421646
131.323608
132.222137
133.117264
134.011154
134.905960
135.801697
136.698380
137.595993
138.494522
139.394012
140.294418
141.195755
142.098022
143.001236
143.905380
144.810440
145.716446
146.623383
147.531250
148.440048
149.349792
150.260437
151.172043
152.084579
152.998047
153.912445
154.827774
155.744019
156.661209
157.579330
158.498398
159.418396
160.339310
161.261169
162.183960
163.107681
164.032333
164.957916
165.884430
166.811890
167.740265
168.669571
169.599823
170.531006
171.463120
172.395813
173.328690
174.261780
175.195068
176.128571
177.062271
177.996170
178.930283
179.864609
180.799133
181.733856
182.668777
183.603912
184.539261
185.474792
186.410553
187.346497
188.282654
189.219009
190.155563
191.092346
192.029327
192.966492
193.903870
194.841461
195.779251
196.717255
197.655457
198.593857
199.532455
200.471268
201.410294
202.349503
203.288940
204.228561
205.168411
206.108444
207.048691
207.989136
208.929794
209.870636
210.811722
211.752975
212.694458
213.636124
214.578003
215.520081
216.462372
217.404861
218.347565
219.290451
220.233566
221.176895
222.120392
223.064117
224.008041
224.952164
225.896500
226.841034
227.785782
228.730713
229.675873
230.621231
231.566788
232.512543
233.458511
234.404694
235.351074
236.297653
237.244431
238.191422
239.138611
240.086014
241.033615
241.981430
242.929443
243.877655
244.826080
245.774704
246.723526
247.672562
248.621796
0.000000
0.765010
1.580438
2.446285
3.362550
4.329233
5.346334
6.413855
7.531793
8.700149
9.891396
11.078012
12.259993
13.437342
14.610057
15.778138
16.941589
18.100405
19.254585
20.404133
21.549049
22.689333
23.824980
24.955997
26.082378
27.204126
28.321245
29.433725
30.541576
31.644793
32.743374
33.837326
34.926643
36.011326
37.091373
38.166794
39.237572
40.303722
41.365238
42.422123
43.474373
44.521988
45.564968
46.603317
47.637035
48.666115
49.690567
50.711155
51.732494
52.755352
53.779728
54.805622
55.833042
56.861977
57.892433
58.924408
59.957905
60.992920
62.029461
63.067516
64.107086
65.148186
66.190796
67.234940
68.280594
69.327766
70.376465
71.426682
72.478424
73.531677
74.586449
75.642746
76.700554
77.759895
78.820755
79.883125
80.947029
82.012436
83.079376
84.147820
85.217796
86.289299
87.362312
88.436852
89.512909
90.587128
91.656143
92.719971
93.778610
94.832047
95.880295
96.923347
97.961197
98.993858
100.021324
101.043602
102.060677
103.072556
104.079239
105.080742
106.077042
107.068146
108.054054
109.034767
110.010292
110.980614
111.945747
112.905685
113.860428
114.809975
115.754326
116.693489
117.627457
118.556221
119.479797
120.398178
121.311363
122.219353
123.122147
124.019753
124.912163
125.799377
126.682281
127.566254
128.452179
129.340073
130.229904
131.121704
132.015472
132.911163
133.808838
134.708450
135.610046
136.513565
137.419052
138.326508
139.235901
140.147263
141.060562
141.975830
142.893051
143.812241
144.733368
145.656464
146.581512
147.508514
148.437469
149.368378
150.301239
151.236069
152.172852
153.111588
154.052277
154.994934
155.939529
156.886093
157.834610
158.785080
159.737503
160.691895
161.647064
162.601883
163.556305
164.510391
165.464111
166.417450
167.370438
168.323044
169.275314
170.227188
171.178696
172.129852
173.080658
174.031052
174.981110
175.930801
176.880127
177.829086
178.777664
179.725891
180.673752
181.621246
182.568375
183.515137
184.461533
185.407562
186.353210
187.298523
188.243439
189.188004
190.132187
191.076035
192.019501
192.962601
193.905334
194.847687
195.789688
196.731339
197.672592
198.613510
199.554047
200.494217
201.434036
202.373459
203.312531
204.251251
205.189575
206.127548
207.065170
208.002426
208.939301
209.875793
210.811951
211.747726
212.683151
213.618179
214.552872
215.487183
216.421127
217.354721
218.287933
219.220779
220.153275
221.085388
222.017151
222.948532
223.879562
224.810211
225.740509
226.670425
227.599976
228.529160
229.457993
230.386459
231.314560
232.242294
233.169632
234.096634
235.023270
235.949524
236.875427
237.800964
238.726120
239.650925
240.575363
241.499420
242.423126
243.346466
244.269440
245.192032
246.114288
247.036148
247.957642
248.878784
249.799576
250.719971
0.000000
0.562343
1.191936
1.888782
2.652879
3.484228
4.382828
5.348680
6.349594
7.353384
8.360047
9.369585
10.381999
11.397285
12.415446
13.436481
14.460392
15.487176
16.516836
17.549368
18.584776
19.623056
20.664213
21.708242
22.755148
23.804928
24.857582
25.913109
26.971512
28.032791
29.096939
30.163967
31.233864
32.306637
33.382286
34.460812
35.542210
36.626480
37.713627
38.803646
39.895245
40.987122
42.079281
43.171719
44.264439
45.357437
46.450718
47.544277
48.638119
49.732239
50.826637
51.921322
53.016281
54.111526
55.207047
56.302849
57.398930
58.495296
59.591938
60.688862
61.786068
62.883549
63.981316
65.079361
66.177681
67.276283
68.375175
69.474342
70.573792
71.673515
72.773521
73.873810
74.971489
76.063652
77.150291
78.231422
79.307053
80.377167
81.441757
82.500847
83.554420
84.602486
85.645035
86.682068
87.713600
88.739601
89.760109
90.775093
91.784576
92.788536
93.786995
94.779922
95.767357
96.749268
97.725677
98.696564
99.661949
100.621811
101.576164
102.525009
103.468338
104.406151
105.338463
106.265259
107.189903
108.115753
109.042816
109.971092
110.900574
111.831276
112.763184
113.696304
114.630638
115.566177
116.502930
117.440887
118.380066
119.320450
120.262047
121.204857
122.148872
123.094109
124.040543
124.988197
125.937050
126.887131
127.838409
128.790909
129.744614
130.699539
131.655655
132.613007
133.571548
134.531311
135.492279
136.454468
137.414841
138.370407
139.321167
140.267105
141.208221
142.144531
143.076035
144.002716
144.924591
145.841629
146.753876
147.661301
148.563904
149.461716
150.354691
151.242859
152.126221
153.004761
153.878494
154.747391
155.611496
156.470779
157.325256
158.174896
159.019745
159.859772
160.694992
161.525391
162.350967
163.171753
163.987717
164.798843
165.605179
166.406693
167.203400
167.995285
168.782349
169.564606
170.342056
171.114685
171.882507
172.645493
173.403702
174.157059
174.905624
175.649368
176.388306
177.122421
177.851715
178.576202
179.295868
180.010757
180.720795
181.426025
182.126434
182.822037
183.512817
184.198807
184.879959
185.556305
186.227844
186.894562
187.556473
188.213562
188.865845
189.513290
190.155945
190.793777
191.426804
192.055008
192.678391
193.296967
193.910736
194.519684
195.123810
195.723145
196.317657
196.907349
197.492218
198.072296
198.647537
199.217972
199.783600
200.344406
200.900391
201.451569
201.997940
202.539505
203.076233
203.608154
204.135254
204.657547
205.175034
205.687698
206.195541
206.698593
207.196808
207.690231
208.178818
208.662613
209.141571
209.615723
210.085052
210.549591
211.009308
211.464188
211.914261
212.359543
212.800003
213.235641
213.666458
214.092453
214.513657
214.930054
215.341614
215.748383
216.150314
216.547424
216.939758
217.327240
