0.996934
0.001533
0.001533
0.001533
0.996934
0.001533
0.001533
0.001533
0.996934
0.000000
1.412536
2.787073
4.123610
5.422149
6.682688
7.905227
9.089768
10.236310
11.344851
12.415395
13.447939
14.442485
15.399028
16.317575
17.218721
18.123066
19.030611
19.941357
20.855301
21.772444
22.692789
23.616329
24.543074
25.473015
26.406155
27.342495
28.282034
29.224775
30.170712
31.119852
32.072186
33.027729
33.986462
34.948395
35.913532
36.881870
37.853401
38.828136
39.806072
40.787201
41.771534
42.759068
43.749798
44.743729
45.740860
46.741184
47.744713
48.751446
49.761375
50.774502
51.790829
52.810352
53.833080
54.859005
55.888130
56.920456
57.955975
58.994701
60.036621
61.081745
62.130066
63.181583
64.236305
65.294220
66.355347
67.419662
68.487183
69.557899
70.631821
71.708931
72.789246
73.872765
74.959473
76.049240
77.138657
78.226357
79.312340
80.396599
81.479126
82.559937
83.639023
84.716385
85.792030
86.865952
87.938148
89.008629
90.077377
91.144409
92.209709
93.273308
94.335167
95.395309
96.453728
97.510422
98.565399
99.618645
100.670174
101.719978
102.768066
103.814430
104.859070
105.901985
106.943176
107.982651
109.020401
110.056427
111.090729
112.123322
113.154175
114.183311
115.210732
116.236420
117.260384
118.282639
119.303154
120.321968
121.339043
122.354408
123.368042
124.379951
125.390137
126.398613
127.405357
128.410385
129.413681
130.415268
131.415115
132.413239
133.409653
134.404358
135.397308
136.388565
137.378082
138.366119
139.354156
140.342438
141.330948
142.319702
143.308701
144.297928
145.287399
146.277100
147.267059
148.257233
149.247665
150.238312
151.229218
152.220352
153.211731
154.203339
155.195190
156.187286
157.179611
158.172195
159.164993
160.158051
161.151321
162.144852
163.138611
164.132599
165.126846
166.121323
167.116043
168.110992
169.106186
170.101608
171.097275
172.093185
173.089340
174.085709
175.082336
176.079208
177.076309
178.073639
179.071228
180.069046
181.067093
182.065369
183.063919
184.062683
185.061676
186.060944
187.060425
188.060150
189.060104
190.060303
191.060745
192.061417
193.062332
194.063492
195.064880
196.066513
197.068390
198.069839
199.069366
200.066864
201.062347
202.055801
203.047241
204.036652
205.024033
206.009415
206.992752
207.974075
208.953369
209.930664
210.905914
211.879150
212.850372
213.819565
214.786728
215.751877
216.715012
217.676117
218.635193
219.592255
220.547287
221.500320
222.451309
223.400284
224.347244
225.292175
226.235092
227.175964
228.114838
229.051682
229.986496
230.919296
231.850082
232.778824
233.705566
234.630280
235.552963
236.473633
237.392273
238.308914
239.223511
240.136078
241.046646
241.955185
242.861710
243.766190
244.668655
245.569122
246.467545
247.363937
248.258331
249.150681
250.041031
250.929352
251.815643
252.699921
253.582169
254.356049
254.915237
0.000000
1.063871
2.121578
3.173119
4.218496
5.257708
6.290754
7.317637
8.338353
9.352906
10.361294
11.363518
12.359575
13.349468
14.336533
15.324112
16.312202
17.300806
18.289919
19.279549
20.269688
21.260338
22.251499
23.243176
24.235365
25.228062
26.221275
27.214998
28.209234
29.203983
30.199240
31.195013
32.191299
33.188095
34.185402
35.183224
36.181553
37.180397
38.179756
39.179623
40.180004
41.180897
42.182304
43.184219
44.186646
45.189583
46.193039
47.197002
48.201485
49.206470
50.211971
51.217987
52.224510
53.231552
54.239098
55.247162
56.255733
57.264820
58.274418
59.284531
60.295151
61.306282
62.317928
63.330090
64.342751
65.355942
66.369629
67.383842
68.398560
69.413788
70.429535
71.445786
72.462555
73.479836
74.497269
75.513985
76.529945
77.545158
78.559616
79.573311
80.586258
81.598450
82.609879
83.620560
84.630486
85.639656
86.648064
87.655731
88.662636
89.668785
90.674179
91.678818
92.682701
93.685837
94.688217
95.689835
96.690697
97.690804
98.690155
99.688759
100.686607
101.683701
102.680038
103.675613
104.670441
105.664513
106.657829
107.650383
108.642189
109.633247
110.623543
111.613083
112.601868
113.589897
114.577171
115.563698
116.549461
117.534470
118.518723
119.502235
120.484985
121.466972
122.448204
123.428688
124.408409
125.387390
126.365608
127.343071
128.319778
129.295715
130.270920
131.245361
132.219040
133.191986
134.164337
135.137146
136.110596
137.084686
138.059402
139.034775
140.010773
140.987396
141.964661
142.942566
143.921112
144.900284
145.880096
146.860535
147.841629
148.823349
149.805710
150.788712
151.772339
152.756607
153.741501
154.727051
155.713211
156.700027
157.687485
158.675568
159.664291
160.653641
161.643631
162.634262
163.625534
164.617432
165.609970
166.603134
167.596954
168.591400
169.586487
170.582214
171.578568
172.575546
173.573181
174.571442
175.570343
176.569885
177.570068
178.570877
179.572311
180.574402
181.577118
182.580475
183.584457
184.589081
185.594360
186.600250
187.606781
188.613953
189.621765
190.630203
191.639297
192.649002
193.659348
194.669754
195.679993
196.690109
197.700043
198.709854
199.719498
200.729019
201.738358
202.747559
203.756622
204.765518
205.774277
206.782883
207.791336
208.799652
209.807800
210.815811
211.823654
212.831375
213.838928
214.846329
215.853592
216.860687
217.867645
218.874451
219.881119
220.887619
221.893967
222.900192
223.906235
224.912155
225.917908
226.923538
227.928986
228.934296
229.939468
230.944458
231.949326
232.954041
233.958618
234.963028
235.967270
236.971390
237.975357
238.979172
239.982834
240.986359
241.989716
242.992920
243.996002
244.998901
246.001678
247.004288
248.006760
249.009079
250.011230
251.013260
252.015121
253.016846
254.018402
254.959808
0.000000
1.616981
3.093816
4.430503
5.627044
6.683438
7.670335
8.658387
9.647593
10.637954
11.629468
12.622138
13.615961
14.610938
15.607070
16.604357
17.602798
18.602392
19.603140
20.605043
21.608103
22.612312
23.617678
24.624199
25.631874
26.640705
27.650686
28.661823
29.674116
30.687563
31.702162
32.717918
33.734825
34.752888
35.772110
36.792480
37.814007
38.836685
39.860519
40.885509
41.911652
42.938953
43.967403
44.997005
46.027771
47.059685
48.092754
49.126976
50.162350
51.198887
52.236568
53.275414
54.315407
55.356552
56.398857
57.442314
58.486931
59.532692
60.579609
61.627689
62.676914
63.727299
64.778831
65.831528
66.885368
67.940369
68.996529
70.053558
71.109833
72.165077
73.219284
74.272461
75.324608
76.375710
77.425797
78.474831
79.522850
80.569824
81.615768
82.660683
83.704559
84.747406
85.789215
86.830002
87.869743
88.908455
89.946136
90.982780
92.018394
93.052979
94.086525
95.119034
96.150520
97.180969
98.210381
99.238762
100.266113
101.292435
102.317711
103.341957
104.365181
105.387360
106.408516
107.428635
108.447716
109.465775
110.482788
111.498772
112.513725
113.527641
114.540520
115.552376
116.563202
117.572990
118.581741
119.589462
120.596153
121.601807
122.606422
123.610008
124.612564
125.614082
126.614571
127.614021
128.612457
129.609848
130.606201
131.601532
132.595795
133.588989
134.580994
135.571808
136.561432
137.549881
138.537140
139.523239
140.508133
141.491852
142.474396
143.455734
144.435898
145.414902
146.392700
147.369324
148.344757
149.319000
150.292068
151.263962
152.234665
153.204193
154.172516
155.139664
156.105652
157.070435
158.034042
158.996460
159.957703
160.917770
161.876633
162.834320
163.790833
164.746155
165.700287
166.653244
167.605026
168.555618
169.505035
170.453247
171.400284
172.346146
173.290833
174.234314
175.176636
176.117752
177.057693
177.996460
178.934036
179.870438
180.805634
181.739670
182.672516
183.604187
184.534668
185.463959
186.392075
187.319000
188.244751
189.169312
190.092682
191.014893
191.936310
192.859177
193.783920
194.710526
195.638992
196.569321
197.501511
198.435577
199.371506
200.309296
201.248947
202.190460
203.133835
204.079071
205.026169
205.975159
206.925980
207.878662
208.833237
209.789658
210.747940
211.708099
212.670105
213.633987
214.599716
215.567322
216.536789
217.508133
218.481308
219.456375
220.433304
221.412079
222.392731
223.375244
224.359634
225.345856
226.333969
227.323929
228.315765
229.309464
230.305023
231.302429
232.301727
233.302856
234.305878
235.310760
236.317490
237.326096
238.336563
239.348877
240.363083
241.379150
242.397049
243.416840
244.438477
245.461990
246.487381
247.514618
248.543701
249.574677
250.607513
251.642197
252.548355
253.195618
253.583969
253.713425
