0.939667
0.030167
0.030167
0.030167
0.939667
0.030167
0.030167
0.030167
0.939667
0.000000
1.023016
2.071146
3.144389
4.242746
5.366217
6.514799
7.688497
8.887309
10.111233
11.360271
12.634422
13.933687
15.258066
16.607557
17.982162
19.358870
20.714666
22.049553
23.363533
24.656599
25.928761
27.180006
28.410345
29.619774
30.808290
31.975901
33.122597
34.248390
35.353264
36.437237
37.500294
38.542442
39.563683
40.564011
41.543430
42.501938
43.439541
44.356228
45.252007
46.126881
46.980839
47.813892
48.626030
49.417259
50.188587
50.962330
51.747608
52.544415
53.352753
54.172623
55.004025
55.846958
56.701427
57.567429
58.444962
59.334030
60.234623
61.146751
62.070415
63.005608
63.952339
64.910591
65.880386
66.861717
67.854568
68.858955
69.874878
70.902328
71.941315
72.991837
74.053886
75.127464
76.212578
77.309219
78.415512
79.520050
80.620956
81.718216
82.811844
83.901825
84.988167
86.070885
87.149948
88.225372
89.297173
90.365326
91.429832
92.490707
93.547943
94.601540
95.651489
96.697815
97.740494
98.779533
99.814926
100.846695
101.874817
102.899300
103.920143
104.937347
105.950920
106.960846
107.967140
108.969788
109.969032
110.965477
111.959129
112.950005
113.938095
114.923393
115.905914
116.885658
117.862610
118.836777
119.808167
120.776764
121.742577
122.705612
123.665863
124.623329
125.578011
126.529907
127.479019
128.425339
129.368896
130.309647
131.247635
132.182816
133.115234
134.044861
134.971695
135.895752
136.817017
137.735504
138.648834
139.554550
140.452698
141.343262
142.226257
143.101669
143.969498
144.829758
145.682419
146.527527
147.365036
148.194962
149.017319
149.832108
150.639297
151.438919
152.230957
153.015396
153.792297
154.561584
155.323303
156.077438
156.824020
157.563004
158.294403
159.018234
159.734467
160.443130
161.144211
161.837723
162.523666
163.201996
163.872772
164.535965
165.191574
165.839615
166.480057
167.112930
167.738235
168.355942
168.966064
169.568619
170.163605
170.750992
171.330811
171.903046
172.467712
173.024796
173.574295
174.116211
174.650558
175.177322
175.696487
176.208099
176.712128
177.208572
177.697433
178.178726
178.652435
179.118561
179.577103
180.028076
180.471466
180.907288
181.335510
181.756165
182.169250
182.574738
182.972641
183.362976
183.745743
184.120911
184.488510
184.848526
185.200958
185.545822
185.883102
186.212814
186.534927
186.849472
187.156433
187.455811
187.747604
188.031830
188.308472
188.577545
188.839035
189.092926
189.339264
189.578018
189.809189
190.032776
190.248779
190.457214
190.658066
190.851334
191.037033
191.215149
191.385681
191.548630
191.704010
191.851807
191.992035
192.124664
192.249725
192.367203
192.477112
192.579422
192.674164
192.761337
192.840912
192.912918
192.977341
193.034180
193.083450
193.125137
193.159241
193.185776
193.204727
193.216095
193.219894
0.000000
0.982716
1.979708
2.990976
4.016520
5.056338
6.110434
7.178805
8.261452
9.358375
10.469572
11.595047
12.734797
13.888823
15.057123
16.239702
17.436556
18.647684
19.873087
21.112770
22.366726
23.634960
24.902493
26.154358
27.390551
28.611074
29.815929
31.005110
32.178623
33.336468
34.478634
35.605137
36.715965
37.811127
38.890617
39.954437
41.002583
42.035061
43.051872
44.053005
45.038475
46.008274
46.962395
47.900848
48.823639
49.730751
50.622192
51.497967
52.358074
53.202503
54.031265
54.844357
55.654125
56.472900
57.300694
58.137497
58.983315
59.838146
60.701992
61.574856
62.456734
63.347618
64.247520
65.156433
66.074364
67.001312
67.937271
68.882233
69.836227
70.799225
71.771233
72.752258
73.742302
74.741348
75.749420
76.766502
77.792603
78.827713
79.871826
80.924973
81.987122
83.058281
84.132217
85.202682
86.269684
87.333206
88.393257
89.449844
90.502968
91.552605
92.598785
93.641495
94.680717
95.716484
96.748779
97.777611
98.802963
99.824837
100.843262
101.858200
102.869675
103.877670
104.882210
105.883270
106.880859
107.874985
108.865631
109.852821
110.836525
111.816772
112.793541
113.766846
114.737900
115.707916
116.676910
117.644875
118.611809
119.577713
120.542587
121.506432
122.469254
123.431030
124.391792
125.351517
126.310226
127.267883
128.224533
129.180130
130.134720
131.088272
132.040787
132.992279
133.942749
134.892181
135.840576
136.787964
137.734314
138.679626
139.623901
140.567169
141.509399
142.450592
143.387161
144.315460
145.235519
146.147324
147.050858
147.946167
148.833206
149.712006
150.582565
151.444855
152.298889
153.144669
153.982224
154.811508
155.632538
156.445328
157.249847
158.046143
158.834167
159.613937
160.385468
161.148743
161.903763
162.650528
163.389038
164.119324
164.841324
165.555099
166.260605
166.957870
167.646881
168.327637
169.000137
169.664398
170.320404
170.968155
171.607651
172.238907
172.861908
173.476639
174.083130
174.681366
175.271378
175.853104
176.426605
176.991821
177.548813
178.097534
178.638016
179.170258
179.694229
180.209946
180.717422
181.216660
181.707611
182.190338
182.664795
183.131027
183.588989
184.038696
184.480164
184.913376
185.338318
185.755035
186.163483
186.563690
186.955658
187.339340
187.714798
188.081985
188.440933
188.791626
189.134064
189.468262
189.794189
190.111877
190.421326
190.722519
191.015427
191.300110
191.576538
191.844727
192.104645
192.356323
192.599747
192.834915
193.061829
193.280502
193.490921
193.693085
193.886993
194.072662
194.250076
194.419220
194.580124
194.732788
194.877197
195.013351
195.141235
195.260880
195.372299
195.475433
195.570328
195.656952
195.735352
195.805496
195.867386
195.921021
195.966400
196.003525
196.032425
196.053055
196.065414
196.069534
0.000000
1.045392
2.112858
3.202399
4.314015
5.447705
6.603469
7.781309
8.981223
10.203212
11.447274
12.713412
14.001623
15.311911
16.644272
17.998709
19.375219
20.773804
22.194462
23.614399
25.010813
26.383703
27.733072
29.058918
30.361240
31.640043
32.895321
34.127079
35.335312
36.520023
37.681213
38.818878
39.933022
41.023643
42.090744
43.134319
44.154377
45.150902
46.123917
47.073399
47.999367
48.901806
49.780727
50.636120
51.469101
52.304012
53.150814
54.009502
54.880081
55.762554
56.656914
57.563164
58.481300
59.411331
60.353249
61.307056
62.272758
63.250343
64.239822
65.241196
66.254448
67.279594
68.316628
69.365555
70.426369
71.499077
72.583672
73.680161
74.788528
75.908798
77.038818
78.165871
79.287804
80.404633
81.516357
82.622971
83.724480
84.820869
85.912163
86.998344
88.079414
89.155380
90.226234
91.291985
92.352623
93.408150
94.458580
95.503891
96.544106
97.579208
98.609192
99.634071
100.653847
101.668518
102.678078
103.682518
104.682724
105.680801
106.676857
107.670876
108.662872
109.652840
110.640778
111.626678
112.610558
113.592407
114.572220
115.550003
116.525772
117.499496
118.471199
119.440872
120.408516
121.374130
122.337708
123.299263
124.258789
125.216286
126.171753
127.125191
128.076599
129.025970
129.970795
130.908539
131.839218
132.762802
133.679321
134.588760
135.491119
136.386398
137.274612
138.155731
139.029785
139.896759
140.756653
141.609482
142.455215
143.293884
144.125473
144.949982
145.767410
146.577774
147.381042
148.177246
148.966370
149.748413
150.523392
151.291290
152.052094
152.805817
153.552475
154.292068
155.024567
155.750000
156.468353
157.179626
157.883820
158.580933
159.270981
159.953934
160.629837
161.298645
161.960373
162.615021
163.262589
163.903091
164.536514
165.162857
165.782120
166.394318
166.999420
167.597473
168.188431
168.772308
169.349106
169.918823
170.481491
171.037064
171.585541
172.126968
172.661301
173.188568
173.708740
174.221848
174.727875
175.226837
175.718719
176.203506
176.681229
177.151871
177.615433
178.071930
178.521347
178.963684
179.398941
179.827118
180.248230
180.662231
181.069199
181.469055
181.861847
182.247559
182.626190
182.997757
183.362244
183.719650
184.069977
184.413223
184.749405
185.078491
185.400513
185.715454
186.023315
186.324112
186.617813
186.904465
187.184006
187.456482
187.721893
187.980194
188.231461
188.475616
188.712708
188.942719
189.165665
189.381516
189.590317
189.792007
189.986649
190.174164
190.354660
190.528046
190.694382
190.853607
191.005783
191.150848
191.288864
191.419785
191.543655
191.660431
191.770126
191.872742
191.968292
192.056763
192.138153
192.212463
192.279694
192.339844
192.392929
192.438934
192.477859
192.509705
192.534485
192.552170
192.562790
192.566330
