0.952255
0.023872
0.023872
0.023872
0.952255
0.023872
0.023872
0.023872
0.952255
0.000000
0.993167
2.006675
3.040524
4.094714
5.169244
6.264115
7.379327
8.514880
9.670774
10.847007
12.043583
13.246748
14.442751
15.631593
16.813272
17.987793
19.155148
20.315346
21.468380
22.614252
23.752964
24.884516
26.008905
27.126133
28.236197
29.339104
30.434843
31.523426
32.604847
33.679104
34.746201
35.806141
36.858910
37.904526
38.942978
39.974270
40.998394
42.015366
43.025166
44.027813
45.023293
46.011616
46.992779
47.966770
48.933609
49.893288
50.845798
51.791157
52.729347
53.660374
54.588173
55.516682
56.445892
57.375809
58.306427
59.237751
60.169781
61.102512
62.035950
62.970093
63.904942
64.840485
65.776741
66.713707
67.651367
68.589737
69.528809
70.468590
71.409065
72.350258
73.292145
74.234749
75.178047
76.122055
77.066765
78.012177
78.958298
79.905121
80.852646
81.800888
82.749817
83.699463
84.649803
85.600853
86.552605
87.505074
88.458237
89.412102
90.366676
91.323898
92.285728
93.252167
94.223198
95.198830
96.179070
97.163918
98.153358
99.147408
100.146057
101.149307
102.157166
103.169632
104.186691
105.208359
106.234627
107.265495
108.300964
109.341042
110.385719
111.434998
112.488884
113.547371
114.610451
115.678154
116.750435
117.827339
118.908836
119.994942
121.085640
122.180946
123.280861
124.385368
125.494484
126.608200
127.726532
128.849442
129.976974
131.109100
132.240768
133.366867
134.487457
135.602493
136.711975
137.815948
138.914352
140.007233
141.094574
142.176361
143.252625
144.323318
145.388504
146.448120
147.502213
148.550766
149.593781
150.631241
151.663177
152.689560
153.710403
154.725708
155.735474
156.739700
157.738388
158.731522
159.719131
160.701187
161.677704
162.648697
163.614136
164.574036
165.528397
166.477219
167.420486
168.358215
169.290421
170.217072
171.138199
172.055893
172.972336
173.887497
174.801376
175.714005
176.625366
177.535431
178.444229
179.351761
180.258011
181.162994
182.066711
182.969147
183.870316
184.770203
185.668823
186.566177
187.462234
188.357056
189.250580
190.142853
191.033844
191.923538
192.811996
193.699158
194.585052
195.469681
196.353027
197.235107
198.115906
198.995438
199.873703
200.750687
201.626404
202.500839
203.374023
204.245926
205.116547
205.985901
206.853989
207.720795
208.586319
209.450592
210.313583
211.175308
212.035751
212.894913
213.752823
214.609451
215.464813
216.318893
217.171707
218.023239
218.873520
219.722504
220.570236
221.416672
222.261856
223.105759
223.948380
224.789749
225.629822
226.468658
227.306183
228.142456
228.977463
229.811188
230.643631
231.474808
232.304718
233.133362
233.960709
234.786804
235.611618
236.435165
237.257446
238.078430
238.898163
239.716614
240.533798
241.349701
242.164352
242.977707
243.789810
244.600632
245.410172
246.218445
247.025436
0.000000
0.652489
1.354588
2.106299
2.907620
3.758552
4.659094
5.609248
6.609012
7.658387
8.757373
9.905968
11.104177
12.351994
13.649423
14.996462
16.361305
17.712145
19.048983
20.371817
21.680649
22.975477
24.256302
25.523125
26.775946
28.014761
29.239576
30.450386
31.647192
32.829998
33.998802
35.153603
36.294399
37.421188
38.533981
39.632767
40.717552
41.788334
42.845112
43.887890
44.916660
45.931431
46.932194
47.918961
48.891724
49.850475
50.795235
51.725983
52.642735
53.545479
54.434223
55.308968
56.169704
57.016434
57.858528
58.705334
59.556858
60.413094
61.274052
62.139721
63.010113
63.885212
64.765038
65.649574
66.538826
67.432793
68.331482
69.234886
70.142998
71.055840
71.973381
72.895653
73.822639
74.754333
75.690742
76.631882
77.577728
78.528290
79.483574
80.443565
81.408279
82.377708
83.351852
84.330711
85.314293
86.302582
87.295593
88.293320
89.295753
90.302917
91.314789
92.331383
93.350731
94.370888
95.391838
96.413597
97.436150
98.459511
99.483673
100.508636
101.534401
102.560966
103.588333
104.616501
105.645470
106.675247
107.705826
108.737198
109.769386
110.802368
111.836143
112.870735
113.906120
114.942314
115.979309
117.017097
118.055695
119.095085
120.135292
121.176285
122.218094
123.260696
124.304100
125.348312
126.393318
127.439133
128.485748
129.533157
130.581375
131.630402
132.678680
133.724686
134.768417
135.809860
136.849030
137.885925
138.920532
139.952881
140.982941
142.010712
143.036209
144.059448
145.080399
146.099060
147.115463
148.129562
149.141403
150.150970
151.158249
152.163239
153.165985
154.166428
155.164597
156.160492
157.154114
158.145447
159.134506
160.121277
161.105789
162.088013
163.067963
164.045639
165.021027
165.994156
166.964981
167.933533
168.899826
169.863831
170.826523
171.788956
172.751083
173.712936
174.674500
175.635773
176.596756
177.557449
178.517838
179.477951
180.437790
181.397308
182.356552
183.315506
184.274170
185.232544
186.190613
187.148407
188.105911
189.063126
190.020050
190.976685
191.933014
192.889084
193.844849
194.800323
195.755493
196.710403
197.664993
198.619308
199.573334
200.527069
201.480515
202.433670
203.386536
204.339111
205.291382
206.243393
207.195084
208.146515
209.097626
210.048462
210.998993
211.949249
212.899231
213.848907
214.798279
215.747375
216.696182
217.644699
218.592926
219.540863
220.488525
221.435867
222.382935
223.329697
224.276199
225.222397
226.168304
227.113922
228.059250
229.004288
229.949036
230.893478
231.837662
232.781525
233.725128
234.668411
235.611435
236.554153
237.496567
238.438705
239.380554
240.322113
241.263367
242.204361
243.145065
244.085449
245.025558
245.965378
246.904907
247.844147
248.783096
249.721756
250.660110
251.598206
252.535995
253.473480
0.000000
2.231903
4.327829
6.287781
8.111757
9.799756
11.351781
12.767830
14.110551
15.442586
16.763939
18.074608
19.374594
20.663895
21.942514
23.210449
24.467701
25.714270
26.950153
28.175356
29.389874
30.593704
31.786856
32.969318
34.141106
35.302204
36.452621
37.592350
38.721401
39.839771
40.947449
42.044453
43.130764
44.206394
45.271343
46.325611
47.369190
48.402088
49.424301
50.435829
51.436680
52.432400
53.428555
54.425137
55.422157
56.419613
57.417496
58.415817
59.414566
60.413750
61.413364
62.413414
63.413898
64.414810
65.416161
66.417938
67.420158
68.422798
69.425880
70.429390
71.433334
72.437706
73.442520
74.447762
75.453430
76.459541
77.466080
78.473053
79.480461
80.488297
81.496574
82.505280
83.514412
84.523987
85.536209
86.553307
87.575279
88.602119
89.633842
90.670433
91.711891
92.758232
93.809441
94.865524
95.926491
96.992325
98.063034
99.138611
100.219070
101.304398
102.394592
103.489670
104.589622
105.694443
106.804138
107.918709
109.038155
110.162476
111.291664
112.425720
113.564667
114.708481
115.857170
117.010727
118.169151
119.332458
120.500648
121.668343
122.830246
123.986351
125.136650
126.281143
127.419823
128.552689
129.679779
130.801041
131.916504
133.026154
134.130005
135.228043
136.320267
137.406708
138.487320
139.562149
140.631149
141.694366
142.751755
143.803360
144.849136
145.889130
146.923309
147.951675
148.974228
149.990997
151.001953
152.007095
153.006439
153.999954
154.987701
155.969604
156.947754
157.924149
158.898773
159.871658
160.842804
161.812180
162.779800
163.745682
164.709793
165.672165
166.632782
167.591644
168.548752
169.504105
170.457718
171.409561
172.359665
173.307999
174.254608
175.199448
176.142532
177.083878
178.023453
178.961273
179.897354
180.831696
181.764252
182.695084
183.624146
184.551453
185.477020
186.400818
187.322876
188.243179
189.161728
190.078522
190.993576
191.906860
192.818405
193.728195
194.636230
195.542511
196.447021
197.349808
198.250839
199.150116
200.047623
200.943390
201.837402
202.729660
203.620163
204.508911
205.395905
206.281174
207.164673
208.046402
208.926392
209.804642
210.681122
211.555847
212.428833
213.300064
214.169540
215.037277
215.903229
216.767456
217.629913
218.490616
219.349579
220.206787
221.062225
221.915939
222.767883
223.618088
224.466522
225.313217
226.158142
227.001343
227.842773
228.682449
229.520355
230.356537
231.190964
232.023636
232.854538
233.683716
234.511124
235.336792
236.160675
236.982819
237.803238
238.621872
239.438766
240.253906
241.067307
241.878937
242.688812
243.496948
244.303329
245.107941
245.910828
246.711945
247.511307
248.308929
249.104782
249.898880
250.691238
251.481842
252.270691
253.057800
253.843140
254.626740
255.000000
255.000000
255.000000
255.000000
