0.946461
0.026770
0.026770
0.026770
0.946461
0.026770
0.026770
0.026770
0.946461
0.000000
0.000000
0.000000
0.000000
0.000000
0.000000
0.507225
2.102601
3.684241
5.252143
6.806307
8.346737
9.873428
11.386383
12.885603
14.371083
15.842830
17.300837
18.745108
20.175642
21.592440
22.995502
24.384829
25.760416
27.122267
28.470381
29.804758
31.125397
32.432301
33.725471
35.004898
36.270588
37.522552
38.760769
39.985256
41.196007
42.393009
43.576290
44.745823
45.901619
47.043678
48.172005
49.286602
50.387455
51.474567
52.547951
53.607594
54.653492
55.685661
56.704098
57.708794
58.699753
59.676975
60.640461
61.590202
62.526215
63.448494
64.362328
65.273048
66.180641
67.085106
67.986435
68.884651
69.779739
70.671700
71.560524
72.446236
73.328812
74.208267
75.084602
75.957802
76.827881
77.694824
78.558647
79.419350
80.276917
81.131363
81.982674
82.830864
83.675934
84.517876
85.356689
86.192368
87.024933
87.854370
88.680672
89.503853
90.323914
91.140839
91.954643
92.765320
93.574150
94.388908
95.210869
96.040031
96.876404
97.719971
98.570755
99.428734
100.293922
101.166313
102.045914
102.932709
103.826714
104.727928
105.636337
106.551956
107.474785
108.404816
109.342041
110.286484
111.238129
112.196976
113.163025
114.136284
115.116745
116.104408
117.099281
118.101357
119.110634
120.127121
121.150818
122.181702
123.219803
124.265106
125.317612
126.371506
127.420959
128.465973
129.506546
130.542679
131.574387
132.601639
133.624466
134.642838
135.656799
136.666290
137.671356
138.671997
139.668182
140.659927
141.647232
142.630112
143.608551
144.582550
145.552109
146.517212
147.477905
148.434143
149.385941
150.333313
151.276230
152.214722
153.148758
154.078369
155.003540
155.924286
156.840561
157.752426
158.659851
159.563293
160.465500
161.366928
162.267609
163.167496
164.066635
164.964996
165.862610
166.759430
167.655487
168.550781
169.445297
170.339035
171.232025
172.124237
173.015671
173.906357
174.796265
175.685394
176.573761
177.461365
178.348190
179.234253
180.119553
181.004074
181.887817
182.770798
183.653015
184.534470
185.415161
186.295059
187.174194
188.052567
188.930176
189.807007
190.685135
191.566635
192.451462
193.339645
194.231201
195.126099
196.024353
196.925964
197.830933
198.739243
199.650925
200.565964
201.484344
202.406097
203.331192
204.259628
205.191452
206.126617
207.065109
208.006989
208.952209
209.900803
210.852737
211.808029
212.766678
213.728683
214.694031
215.662750
216.634811
217.610229
218.589020
219.571136
220.556625
221.545471
222.537674
223.533218
224.532120
225.534393
226.540009
227.548981
228.561310
229.576996
230.596024
231.618408
232.644165
233.673264
234.705719
235.741547
236.780701
237.823212
238.869110
239.918335
240.970932
242.026855
243.086151
244.148819
245.214813
246.284180
247.356888
248.432968
249.512390
0.000000
0.000000
0.000000
0.000000
0.000000
0.000000
0.000000
0.635940
2.159509
3.669883
5.167065
6.651055
8.121853
9.579459
11.023870
12.455091
13.873120
15.277958
16.669600
18.048052
19.413309
20.765375
22.104250
23.429930
24.742422
26.041716
27.327818
28.600735
29.860455
31.106981
32.340317
33.560455
34.767414
35.961166
37.141735
38.309109
39.463284
40.604279
41.732075
42.846676
43.948086
45.036304
46.111336
47.173168
48.221806
49.257256
50.279514
51.288582
52.284454
53.267132
54.236618
55.192913
56.136021
57.065929
57.982647
58.886177
59.776501
60.653645
61.517597
62.368347
63.205921
64.038200
64.873108
65.710640
66.550804
67.393593
68.239021
69.087067
69.937737
70.791039
71.646965
72.505524
73.366707
74.230522
75.096962
75.966026
76.837715
77.712036
78.588989
79.468567
80.350769
81.235596
82.123055
83.013145
83.905853
84.801201
85.699165
86.599762
87.502983
88.408836
89.317307
90.228416
91.142151
92.058510
92.977501
93.899071
94.822998
95.749252
96.677826
97.608704
98.541916
99.477432
100.415276
101.355431
102.297905
103.242691
104.189804
105.139236
106.090973
107.045036
108.001419
108.960121
109.921135
110.884468
111.850113
112.818092
113.788368
114.760971
115.735893
116.713142
117.692696
118.674561
119.658752
120.645264
121.634094
122.625244
123.618706
124.614479
125.612579
126.612991
127.614403
128.615463
129.616180
130.616547
131.616577
132.616272
133.615616
134.614624
135.613281
136.611588
137.609558
138.607178
139.604477
140.601425
141.598022
142.594284
143.590195
144.585770
145.580978
146.575867
147.570419
148.564606
149.558456
150.551987
151.545135
152.537964
153.530457
154.522583
155.514374
156.505829
157.496948
158.487717
159.478134
160.468216
161.457916
162.447159
163.435944
164.424225
165.412033
166.399384
167.386230
168.372604
169.358475
170.343887
171.328812
172.313263
173.297226
174.280701
175.263718
176.246231
177.228271
178.209824
179.190903
180.171494
181.151596
182.131241
183.110397
184.089050
185.067245
186.044968
187.022202
187.998932
188.975204
189.950989
190.926285
191.901108
192.875443
193.849304
194.822693
195.795090
196.765945
197.735306
198.703156
199.669479
200.634308
201.597610
202.559402
203.519699
204.478455
205.435715
206.391464
207.345688
208.298401
209.249619
210.199310
211.147491
212.094162
213.039322
213.982971
214.925095
215.865723
216.804810
217.742416
218.678497
219.613083
220.546127
221.477661
222.407700
223.336227
224.263214
225.188736
226.112701
227.035172
227.956131
228.875580
229.793503
230.709930
231.624847
232.538223
233.450104
234.360474
235.269333
236.176682
237.082520
237.986832
238.889633
239.790939
240.690720
241.588989
242.485748
243.380981
244.274719
245.166946
246.057648
246.946838
247.834534
0.000000
1.322381
2.638123
3.947225
5.249688
6.545511
7.834695
9.117240
10.393147
11.662413
12.925039
14.181028
15.430375
16.673086
17.909155
19.138584
20.361376
21.577530
22.787041
23.989914
25.186148
26.375742
27.558697
28.735014
29.904692
31.067726
32.224125
33.373886
34.517002
35.653484
36.783325
37.906525
39.023090
40.133015
41.236290
42.332939
43.422947
44.506313
45.583035
46.653122
47.716572
48.773376
49.823547
50.867077
51.903965
52.934219
53.957832
54.974800
55.985130
56.988831
57.985882
58.976295
59.960072
60.937214
61.907703
62.871563
63.828785
64.779358
65.723305
66.660606
67.591263
68.517784
69.442680
70.365936
71.287575
72.207565
73.125931
74.042656
74.957764
75.871231
76.783066
77.693275
78.601845
79.508781
80.414093
81.317764
82.219803
83.120224
84.018997
84.916138
85.811661
86.705544
87.597794
88.488411
89.377396
90.264748
91.150475
92.034561
92.917023
93.797844
94.677032
95.554596
96.434319
97.319992
98.211609
99.109184
100.012711
100.922180
101.837616
102.758987
103.686317
104.619606
105.558830
106.504013
107.455147
108.412231
109.375275
110.344261
111.319199
112.300087
113.286934
114.279716
115.278473
116.283165
117.293808
118.310410
119.332954
120.361450
121.395905
122.436310
123.482658
124.534958
125.593216
126.651306
127.703110
128.748611
129.787842
130.820770
131.847412
132.867752
133.881821
134.889603
135.891068
136.886276
137.875198
138.857803
139.834137
140.804184
141.767929
142.725388
143.676559
144.621445
145.560028
146.492340
147.418365
148.338089
149.251526
150.158676
151.059540
151.954117
152.842392
153.724380
154.600082
155.469513
156.337280
157.208115
158.081985
158.958923
159.838882
160.721893
161.607941
162.497040
163.389175
164.284348
165.182571
166.083847
166.988159
167.895508
168.805908
169.719345
170.635849
171.555374
172.477936
173.403564
174.332214
175.263916
176.198654
177.136444
178.077271
179.021164
179.968079
180.918030
181.871033
182.827103
183.786179
184.745987
185.704132
186.660645
187.615524
188.568741
189.520340
190.470276
191.418594
192.365250
193.310272
194.253647
195.195389
196.135483
197.073944
198.010742
198.945923
199.879456
200.811356
201.741608
202.670212
203.597183
204.522507
205.446198
206.368240
207.288635
208.207397
209.124512
210.039993
210.953827
211.866028
212.776581
213.685486
214.592758
215.498383
216.402374
217.304718
218.205414
219.104477
220.001907
220.897675
221.791824
222.684311
223.575180
224.464401
225.351974
226.237900
227.122192
228.004852
228.885849
229.765213
230.642944
231.519028
232.393463
233.266281
234.137436
235.006943
235.874832
236.741074
237.605652
238.468613
239.329926
240.189590
241.047638
241.904022
242.758759
243.611862
244.463333
245.313156
246.161346
247.007874
247.852768
