0.949211
0.025394
0.025394
0.025394
0.949211
0.025394
0.025394
0.025394
0.949211
0.000000
1.137097
2.263432
3.379004
4.483814
5.577861
6.661145
7.733666
8.795427
9.846423
10.886658
11.916130
12.934838
13.942785
14.939968
15.926391
16.902052
17.872734
18.844240
19.816566
20.789711
21.763672
22.738455
23.714056
24.690477
25.667715
26.645773
27.624651
28.604347
29.584862
30.566195
31.548349
32.531319
33.515114
34.499722
35.485149
36.471397
37.458466
38.446354
39.435055
40.424580
41.414921
42.406082
43.398064
44.390865
45.384483
46.378922
47.374180
48.370255
49.367149
50.364861
51.363396
52.362743
53.362915
54.363907
55.365715
56.368340
57.371788
58.376053
59.381138
60.387043
61.393764
62.401257
63.409191
64.417526
65.426247
66.435379
67.444893
68.454803
69.465103
70.475815
71.486908
72.498398
73.510292
74.522575
75.535248
76.548325
77.561790
78.575653
79.589905
80.604568
81.619614
82.635056
83.650894
84.667122
85.683762
86.700783
87.718201
88.736015
89.754227
90.772827
91.791824
92.811218
93.831009
94.851196
95.871773
96.892746
97.914116
98.935883
99.958046
100.980598
102.003548
103.026894
104.050636
105.074776
106.099297
107.124222
108.149536
109.174767
110.199394
111.223404
112.246819
113.269638
114.291855
115.313469
116.334480
117.354897
118.374702
119.393921
120.412529
121.430550
122.447960
123.464767
124.480972
125.496582
126.511597
127.526009
128.539810
129.553009
130.565613
131.577637
132.589035
133.599838
134.610046
135.619644
136.628647
137.637054
138.644867
139.652054
140.658661
141.664658
142.670059
143.674850
144.679062
145.682663
146.685654
147.688049
148.689850
149.691040
150.691650
151.691635
152.691040
153.689819
154.688019
155.685654
156.682755
157.679306
158.675308
159.670776
160.665680
161.660049
162.653854
163.647141
164.639862
165.632034
166.623672
167.614746
168.605286
169.595276
170.584717
171.573624
172.561966
173.549759
174.537018
175.523743
176.509888
177.495514
178.480576
179.465103
180.449066
181.432495
182.415390
183.397705
184.379501
185.360748
186.341446
187.321579
188.301178
189.280228
190.258743
191.236679
192.214111
193.190964
194.167282
195.143051
196.118286
197.092957
198.067093
199.040680
200.009705
200.970139
201.921982
202.865265
203.799942
204.726044
205.643570
206.552490
207.452850
208.344620
209.227798
210.102386
210.968399
211.825836
212.674683
213.514938
214.346619
215.169724
215.984222
216.790161
217.587509
218.376251
219.156448
219.928040
220.691055
221.445480
222.191315
222.928574
223.657242
224.377350
225.088852
225.791779
226.486115
227.171875
227.849045
228.517639
229.177643
229.829071
230.471909
231.106171
231.731842
232.348923
232.957428
233.557358
234.148682
234.731430
235.305618
235.871185
236.428192
236.976608
237.516434
238.047699
238.570358
239.084442
239.589935
240.086868
240.575195
0.000000
1.059753
2.125224
3.196413
4.273321
5.355947
6.444291
7.538354
8.638137
9.743637
10.854855
11.971791
13.094447
14.222821
15.356914
16.496725
17.642256
18.788700
19.931265
21.069946
22.204742
23.335657
24.462688
25.585836
26.705101
27.820484
28.931982
30.039598
31.143330
32.243179
33.339146
34.431229
35.519424
36.603741
37.684174
38.760723
39.833393
40.902176
41.967075
43.028091
44.085228
45.138477
46.187843
47.233330
48.274929
49.312649
50.346485
51.376434
52.402500
53.424686
54.442993
55.457409
56.467941
57.474598
58.477364
59.476254
60.471256
61.462379
62.449612
63.432968
64.412437
65.391159
66.372292
67.355820
68.341743
69.330070
70.320793
71.313911
72.309433
73.307350
74.307671
75.310394
76.315506
77.323021
78.332939
79.345261
80.359970
81.377083
82.396599
83.418503
84.442818
85.469521
86.498634
87.530136
88.564041
89.600349
90.639053
91.680153
92.723648
93.769562
94.817856
95.868553
96.921646
97.977142
99.035042
100.095337
101.158035
102.223129
103.290619
104.360512
105.432800
106.507484
107.584572
108.664062
109.745956
110.828369
111.909500
112.989319
114.067825
115.145035
116.220932
117.295525
118.368813
119.440788
120.511459
121.580826
122.648895
123.715645
124.781090
125.845238
126.908066
127.969597
129.029816
130.088730
131.146332
132.202621
133.257629
134.311310
135.363693
136.414780
137.464539
138.513016
139.560150
140.606018
141.650543
142.693787
143.735703
144.776337
145.815659
146.853668
147.890366
148.925751
149.959854
150.992630
152.024109
153.054276
154.083145
155.110703
156.136948
157.161774
158.185013
159.206680
160.226791
161.245331
162.262299
163.277710
164.291534
165.303802
166.314499
167.323624
168.331177
169.337173
170.341599
171.344452
172.345718
173.345444
174.343582
175.340164
176.335175
177.328613
178.320480
179.310791
180.299515
181.286697
182.272278
183.256317
184.238785
185.219666
186.198990
187.176743
188.152924
189.127548
190.100586
191.072083
192.041977
193.010330
193.977097
194.942307
195.905945
196.868011
197.828506
198.787445
199.744812
200.695679
201.635101
202.563080
203.479645
204.384766
205.278458
206.160690
207.031494
207.890869
208.738800
209.575302
210.400375
211.214005
212.016205
212.806961
213.586273
214.354172
215.110626
215.855621
216.589218
217.311356
218.022049
218.721344
219.409164
220.085556
220.750519
221.404053
222.046143
222.676804
223.296021
223.903809
224.500168
225.085068
225.658554
226.220581
226.771194
227.310349
227.838089
228.354385
228.859253
229.352676
229.834671
230.305222
230.764343
231.212021
231.648254
232.073059
232.486450
232.888382
233.278885
233.657959
234.025589
234.381775
234.726532
235.059860
235.381744
235.692200
235.991211
236.278793
236.554932
236.819641
237.072906
237.314743
0.000000
1.288244
2.557652
3.808223
5.039960
6.252859
7.446923
8.622149
9.778543
10.916098
12.034819
13.134702
14.215750
15.286628
16.356001
17.423866
18.490227
19.555080
20.618431
21.680275
22.740614
23.799446
24.856773
25.912596
26.966913
28.019724
29.071030
30.120829
31.169123
32.215912
33.261196
34.304974
35.347244
36.388016
37.427277
38.465034
39.501282
40.536030
41.569267
42.601006
43.631229
44.659954
45.687172
46.712883
47.737095
48.759792
49.780987
50.800678
51.818867
52.835545
53.850723
54.864391
55.876553
56.887310
57.898949
58.912399
59.927662
60.944736
61.963619
62.984318
64.006828
65.031143
66.057274
67.085220
68.114967
69.146530
70.179909
71.215096
72.252098
73.290909
74.331520
75.373955
76.418198
77.464256
78.512123
79.561806
80.613289
81.666588
82.721695
83.778618
84.837357
85.897903
86.960266
88.024429
89.090416
90.158203
91.227798
92.299217
93.372444
94.447472
95.524323
96.602982
97.683456
98.765732
99.849701
100.934578
102.020226
103.106651
104.193863
105.281845
106.370613
107.460152
108.550468
109.641563
110.733444
111.826103
112.919525
114.013741
115.108727
116.204498
117.301033
118.398361
119.496468
120.595345
121.695007
122.795441
123.896652
124.998650
126.101418
127.204971
128.309296
129.414398
130.520294
131.626938
132.734390
133.842606
134.951599
136.061371
137.171921
138.283264
139.395370
140.508255
141.621933
142.736359
143.851593
144.966171
146.076660
147.182877
148.284836
149.382553
150.475998
151.565170
152.650101
153.730774
154.807175
155.879318
156.947220
158.010849
159.070206
160.125320
161.176163
162.222763
163.265091
164.303162
165.336975
166.366531
167.391830
168.412857
169.429626
170.442154
171.450409
172.454407
173.454132
174.449615
175.440826
176.427780
177.410477
178.388916
179.363098
180.333038
181.298691
182.260071
183.217224
184.170120
185.118744
186.063095
187.006317
187.951508
188.898651
189.847794
190.798904
191.751968
192.707031
193.664047
194.623032
195.583984
196.546921
197.511826
198.478699
199.447540
200.418365
201.391159
202.365906
203.342636
204.321350
205.302032
206.284668
207.269287
208.255859
209.244431
210.234970
211.227463
212.221939
213.218384
214.216782
215.217178
216.219543
217.223877
218.230179
219.238449
220.248688
221.260910
222.275085
223.291245
224.309387
225.329483
226.351562
227.375610
228.401611
229.429596
230.459549
231.491486
232.525391
233.561249
234.599106
235.638916
236.680695
237.724457
238.770187
239.817886
240.867554
241.919205
242.972809
244.028397
245.085953
246.145493
247.206985
248.270447
249.335892
250.403305
251.472687
252.544037
253.617355
254.692673
255.000000
255.000000
255.000000
255.000000
255.000000
255.000000
255.000000
255.000000
255.000000
255.000000
255.000000
255.000000
