0.947904
0.026048
0.026048
0.026048
0.947904
0.026048
0.026048
0.026048
0.947904
0.000000
0.000000
0.000000
0.000000
0.000000
0.000000
0.000000
0.000000
0.000000
0.000000
1.847885
4.124040
6.357188
8.547332
10.694464
12.798596
14.859724
16.877842
18.852957
20.785061
22.674164
24.520254
26.323343
28.083426
29.800503
31.474575
33.105640
34.693695
36.238754
37.740799
39.199844
40.615868
41.988903
43.318920
44.605942
45.849953
47.050953
48.208954
49.323944
50.395927
51.424911
52.410885
53.353855
54.253822
55.110775
55.924725
56.695671
57.423615
58.108543
58.775394
59.449112
60.129696
60.817139
61.511444
62.212608
62.920635
63.635525
64.357269
65.085876
65.821350
66.563690
67.312881
68.068932
68.831848
69.601624
70.378258
71.161758
71.952118
72.749336
73.553421
74.364357
75.182167
76.006828
76.838348
77.676743
78.521988
79.374100
80.233070
81.098907
81.971588
82.851151
83.737556
84.630836
85.530968
86.437973
87.351822
88.272545
89.200127
90.134567
91.074913
92.015450
92.955231
93.894249
94.832497
95.769989
96.706726
97.642693
98.577896
99.512337
100.446022
101.378937
102.311089
103.242493
104.173119
105.102989
106.032097
106.960442
107.888031
108.814842
109.740906
110.666206
111.590729
112.514511
113.437515
114.359764
115.281258
116.201973
117.121933
118.041138
118.959572
119.877243
120.794159
121.710312
122.625694
123.540321
124.454185
125.367279
126.279625
127.191200
128.102005
129.014038
129.929153
130.847412
131.768784
132.693268
133.620911
134.551666
135.485535
136.422546
137.362671
138.305939
139.252319
140.201828
141.154465
142.110214
143.069107
144.031113
144.996246
145.964523
146.935913
147.910416
148.888077
149.868835
150.852737
151.839767
152.829895
153.823181
154.819580
155.819107
156.821747
157.827530
158.836426
159.848450
160.863602
161.881897
162.903305
163.927841
164.955505
165.986282
167.020187
168.056793
169.093552
170.130066
171.166306
172.202271
173.237976
174.273407
175.308578
176.343491
177.378128
178.412491
179.446609
180.480453
181.514023
182.547333
183.580368
184.613159
185.645645
186.677902
187.709869
188.741577
189.773026
190.804199
191.835114
192.865753
193.896133
194.926239
195.956085
196.985657
198.014969
199.044022
200.072800
201.101303
202.129547
203.157532
204.185257
205.212708
206.239883
207.266785
208.293442
209.319824
210.337433
211.337814
212.320938
213.286789
214.235428
215.166779
216.080887
216.977753
217.857361
218.719711
219.564819
220.392670
221.203278
221.996628
222.772720
223.531570
224.273163
224.997498
225.704590
226.394440
227.067017
227.722336
228.360428
228.981262
229.584839
230.171158
230.740250
231.292068
231.826645
232.343964
232.844025
233.326843
233.792404
234.240723
234.671768
235.085587
235.482147
235.861450
236.223511
236.568298
236.895859
237.206146
237.499207
237.774994
238.033539
0.000000
0.000000
0.000000
0.000000
0.000000
0.000000
0.000000
0.000000
0.000000
0.056649
2.300442
4.503733
6.666526
8.788818
10.870610
12.911906
14.912701
16.872997
18.792789
20.672087
22.510880
24.309175
26.066971
27.784267
29.461063
31.097363
32.693157
34.248459
35.763256
37.237545
38.671345
40.064640
41.417442
42.729740
44.001541
45.232841
46.423645
47.573940
48.683739
49.753040
50.781841
51.770145
52.717945
53.625252
54.492054
55.318359
56.104156
56.849464
57.554264
58.218567
58.866188
59.520943
60.182831
60.851852
61.528008
62.211296
62.901718
63.599277
64.303963
65.015785
65.734749
66.460838
67.194069
67.934425
68.681915
69.436539
70.198303
70.967194
71.743217
72.526382
73.316681
74.114113
74.918663
75.730362
76.549194
77.375160
78.208252
79.048477
79.895851
80.750351
81.611984
82.480743
83.356644
84.239677
85.129845
86.027145
86.931580
87.843147
88.761856
89.687683
90.620651
91.557945
92.496780
93.437141
94.379021
95.322449
96.267387
97.213860
98.161865
99.111397
100.062454
101.015045
101.969162
102.924812
103.881989
104.840691
105.800926
106.762688
107.725983
108.690804
109.657150
110.625031
111.594444
112.565376
113.537842
114.511841
115.487358
116.464409
117.442986
118.423111
119.404739
120.387909
121.372612
122.358833
123.346588
124.335869
125.326683
126.319023
127.312897
128.308289
129.305222
130.303665
131.303177
132.303223
133.303818
134.304962
135.306656
136.308899
137.311691
138.315033
139.318924
140.323364
141.328369
142.333908
143.339996
144.346634
145.353821
146.361572
147.369858
148.378693
149.388092
150.398026
151.408493
152.419556
153.431137
154.443268
155.455948
156.469193
157.482971
158.497314
159.512192
160.527634
161.543610
162.560135
163.577225
164.594849
165.613037
166.631775
167.651047
168.670883
169.691269
170.712189
171.733673
172.754974
173.775391
174.794922
175.813553
176.831314
177.848160
178.864120
179.879196
180.893402
181.906677
182.919083
183.930603
184.941223
185.950974
186.959824
187.967773
188.974838
189.981003
190.986298
191.990692
192.994186
193.996796
194.998520
195.999344
196.999283
197.998352
198.996506
199.993774
200.990158
201.985641
202.980240
203.973953
204.966782
205.958710
206.949738
207.939896
208.929138
209.917511
210.905014
211.891586
212.877289
213.856644
214.824249
215.780106
216.724197
217.656540
218.577118
219.485931
220.382996
221.268295
222.141846
223.003616
223.853653
224.691910
225.518417
226.333160
227.136154
227.927383
228.706833
229.474548
230.230515
230.974716
231.707123
232.427811
233.136734
233.833893
234.519287
235.192917
235.854797
236.504913
237.143280
237.769882
238.384735
238.987808
239.579147
240.158707
240.726517
241.282562
241.826874
242.359390
242.880157
243.389175
243.886429
0.000000
0.000000
0.000000
0.000000
0.000000
0.000000
0.034811
2.072796
4.079043
6.053550
7.996319
9.907351
11.786643
13.634196
15.450013
17.234091
18.986433
20.707035
22.395899
24.053024
25.678410
27.272060
28.833969
30.364143
31.862576
33.329269
34.764229
36.167446
37.538929
38.878674
40.186676
41.462940
42.707478
43.920265
45.101315
46.250629
47.368206
48.454037
49.508137
50.530499
51.521114
52.480003
53.407154
54.302559
55.166229
55.998158
56.814697
57.632191
58.450645
59.270050
60.090416
60.911739
61.734013
62.557243
63.381435
64.206573
65.032684
65.859741
66.687744
67.516716
68.346642
69.177521
70.009361
70.842155
71.675896
72.510597
73.346260
74.182877
75.020454
75.858978
76.698463
77.538902
78.380302
79.222656
80.065956
80.910233
81.755447
82.601624
83.448761
84.296852
85.145889
85.995888
86.846848
87.698761
88.551636
89.406944
90.266197
91.129395
91.996529
92.867592
93.742607
94.621552
95.504433
96.391251
97.282013
98.176712
99.075348
99.977928
100.884438
101.794891
102.709282
103.627609
104.549881
105.476074
106.406219
107.340302
108.278320
109.220284
110.166183
111.116013
112.069786
113.027496
113.989143
114.954727
115.924255
116.897728
117.875122
118.856468
119.841743
120.830963
121.824112
122.821205
123.822235
124.827209
125.834656
126.843170
127.852745
128.863358
129.875015
130.887726
131.901505
132.916321
133.932175
134.949112
135.967072
136.986084
138.006149
139.027267
140.049438
141.072662
142.096939
143.122253
144.148621
145.176041
146.204514
147.234039
148.264603
149.296219
150.328903
151.362625
152.397400
153.433212
154.470108
155.508026
156.546997
157.587036
158.628098
159.670227
160.713394
161.757629
162.802902
163.849228
164.896622
165.943161
166.987045
168.028244
169.066757
170.102585
171.135727
172.166214
173.193985
174.219101
175.241516
176.261261
177.278320
178.292694
179.304398
180.313416
181.319733
182.323380
183.324356
184.322632
185.318237
186.311142
187.301392
188.288956
189.273819
190.256012
191.235519
192.212357
193.186493
194.157959
195.126740
196.092834
197.056259
198.016983
198.975052
199.930405
200.883087
201.833099
202.780441
203.725067
204.661469
205.584122
206.492981
207.388077
208.269409
209.136948
209.990738
210.830734
211.656967
212.469437
213.268112
214.053024
214.824158
215.581543
216.325134
217.054947
217.770996
218.473282
219.161789
219.836517
220.497467
221.144669
221.778076
222.397720
223.003586
223.595673
224.173996
224.738541
225.289337
225.826340
226.349564
226.859024
227.354706
227.836624
228.304764
228.759140
229.199738
229.626556
230.039597
230.438873
230.824387
231.196121
231.554077
231.898270
232.228668
232.545319
232.848190
233.137283
233.412598
233.674164
233.921936
234.155930
234.376160
234.582626
