0.967085
0.016457
0.016457
0.016457
0.967085
0.016457
0.016457
0.016457
0.967085
0.000000
0.904216
1.821399
2.751551
3.694672
4.650761
5.619818
6.601843
7.596837
8.604799
9.625728
10.659627
11.706493
12.766330
13.839133
14.924905
16.023647
17.135355
18.260033
19.397676
20.548292
21.711874
22.879955
24.044081
25.204247
26.360451
27.512697
28.660982
29.805307
30.945673
32.082077
33.214520
34.343006
35.467529
36.588093
37.704697
38.817341
39.926022
41.030746
42.131508
43.228313
44.321156
45.410038
46.494957
47.575920
48.652924
49.725964
50.795048
51.860168
52.921329
53.978527
55.031769
56.081055
57.126369
58.167728
59.205132
60.238571
61.268047
62.293568
63.315128
64.332726
65.346367
66.356041
67.361771
68.363525
69.361328
70.355164
71.345039
72.330956
73.312920
74.290916
75.264946
76.235031
77.201141
78.163292
79.121498
80.075729
81.026108
81.974731
82.922485
83.869354
84.815353
85.760475
86.704720
87.648087
88.590584
89.532196
90.472931
91.412796
92.351776
93.289886
94.227119
95.163467
96.098938
97.033546
97.967270
98.900116
99.832085
100.763176
101.693390
102.622726
103.551193
104.478775
105.405487
106.331322
107.256264
108.180344
109.103554
110.025879
110.947327
111.867897
112.787590
113.706406
114.624344
115.541412
116.457596
117.372902
118.287338
119.200897
120.113579
121.025383
121.936310
122.846359
123.755531
124.663826
125.571236
126.477783
127.383453
128.288239
129.192154
130.095184
130.997345
131.898636
132.799515
133.702988
134.609512
135.519104
136.431763
137.347473
138.266251
139.188095
140.112991
141.040970
141.972000
142.906082
143.843231
144.783447
145.726730
146.673065
147.622467
148.574936
149.530457
150.489044
151.450699
152.415421
153.383194
154.354019
155.327927
156.304886
157.284912
158.268005
159.254150
160.243362
161.235641
162.230972
163.229370
164.230835
165.235367
166.242950
167.253586
168.267319
169.284073
170.303909
171.326813
172.352768
173.381790
174.413879
175.449020
176.487228
177.528503
178.572845
179.620239
180.670700
181.724213
182.780807
183.840454
184.903152
185.968918
187.037766
188.108063
189.175949
190.241226
191.303925
192.364029
193.421524
194.476425
195.528732
196.578445
197.625549
198.670074
199.711990
200.751312
201.788055
202.822174
203.853714
204.882645
205.908997
206.932724
207.953888
208.972443
209.988403
211.001770
212.012527
213.020691
214.026260
215.029251
216.029633
217.027405
218.022583
219.015167
220.005173
220.992569
221.977371
222.959579
223.939194
224.916199
225.890610
226.862427
227.831650
228.798279
229.762299
230.723740
231.682587
232.638824
233.592468
234.543503
235.491974
236.437836
237.381073
238.321747
239.259811
240.195282
241.128159
242.058426
242.986115
243.935425
244.930603
245.971634
247.058533
248.191299
249.369919
250.594391
251.864746
253.180954
254.543015
255.000000
0.000000
0.000000
0.000000
0.000000
0.000000
0.571303
1.985749
3.383675
4.765080
6.129966
7.478329
8.810173
10.125495
11.424296
12.706579
13.972339
15.221581
16.454298
17.670500
18.870176
20.053333
21.219973
22.370087
23.503685
24.620758
25.721315
26.805347
27.872860
28.923853
29.966026
31.007093
32.047054
33.085903
34.123642
35.160275
36.195793
37.230206
38.263512
39.295700
40.326782
41.356762
42.385624
43.413380
44.440029
45.465565
46.489990
47.513313
48.535519
49.556622
50.576607
51.595490
52.613262
53.629925
54.645477
55.659924
56.673252
57.685478
58.696594
59.706600
60.715500
61.723282
62.729954
63.735523
64.739983
65.743332
66.745575
67.746712
68.746735
69.745636
70.743439
71.740135
72.735718
73.730194
74.723564
75.715813
76.706963
77.696999
78.685928
79.673744
80.660454
81.646057
82.630539
83.613922
84.596191
85.577606
86.558800
87.539795
88.520584
89.501167
90.481552
91.461739
92.441727
93.421516
94.401100
95.380486
96.359665
97.338654
98.317444
99.296021
100.274406
101.252586
102.230576
103.208359
104.185944
105.163322
106.140503
107.117485
108.094269
109.070847
110.047226
111.023399
111.999382
112.975166
113.950737
114.926125
115.901299
116.876274
117.851059
118.825630
119.800003
120.774178
121.748154
122.721931
123.695511
124.668877
125.642052
126.615028
127.587807
128.560379
129.532761
130.504929
131.476898
132.448669
133.420227
134.391617
135.362778
136.333755
137.304504
138.275085
139.245621
140.217300
141.190247
142.164490
143.140015
144.116852
145.094971
146.074387
147.055084
148.037094
149.020370
150.004959
150.990829
151.977997
152.966446
153.956207
154.947235
155.939575
156.933197
157.928116
158.924316
159.921814
160.920624
161.920700
162.922073
163.924744
164.928711
165.933960
166.940506
167.948349
168.957458
169.967896
170.979614
171.992599
173.006912
174.022491
175.039368
176.057556
177.077011
178.097763
179.119812
180.143158
181.167786
182.193726
183.220932
184.249435
185.279236
186.310333
187.342712
188.376389
189.411362
190.447601
191.485168
192.524017
193.564148
194.605499
195.646027
196.684952
197.722275
198.757950
199.792038
200.824478
201.855316
202.884552
203.912170
204.938156
205.962524
206.985291
208.006439
209.025970
210.043869
211.060165
212.074844
213.087906
214.099350
215.109177
216.117386
217.123978
218.128967
219.132324
220.134079
221.134216
222.132721
223.129623
224.124893
225.118561
226.110611
227.101044
228.089859
229.077057
230.062637
231.046616
232.028961
233.009705
233.988815
234.966324
235.942200
236.916473
237.889130
238.860168
239.829575
240.797394
241.763580
242.728149
243.691101
244.652435
245.612167
246.570251
247.526764
248.481628
249.434875
250.389145
251.346954
252.308319
253.273270
254.241776
255.000000
0.000000
0.957513
1.927866
2.911059
3.907093
4.915967
5.937683
6.972239
8.019635
9.079873
10.152950
11.238870
12.337626
13.449228
14.573668
15.710947
16.861069
18.024031
19.199835
20.388477
21.589962
22.795727
23.997229
25.194462
26.387426
27.576124
28.760550
29.940710
31.116602
32.288223
33.455578
34.618660
35.777477
36.932026
38.082310
39.228321
40.370060
41.507538
42.640743
43.769680
44.894352
46.014751
47.130886
48.242748
49.350342
50.453671
51.552731
52.647522
53.738045
54.824295
55.906281
56.984001
58.057446
59.126625
60.191536
61.252174
62.308552
63.360657
64.408493
65.452065
66.491371
67.526390
68.557152
69.583649
70.605881
71.623848
72.637535
73.646950
74.652100
75.652992
76.649612
77.641953
78.630035
79.613846
80.593384
81.568657
82.541534
83.513855
84.485649
85.456886
86.427597
87.397751
88.367371
89.336449
90.304993
91.272980
92.240440
93.207352
94.173721
95.139549
96.104836
97.069580
98.033783
98.997452
99.960564
100.923149
101.885185
102.846687
103.807640
104.768051
105.727928
106.687256
107.646049
108.604301
109.561996
110.519165
111.475792
112.431870
113.387413
114.342415
115.296867
116.250778
117.204155
118.156982
119.109283
120.061035
121.012245
121.962906
122.913033
123.862617
124.811661
125.760155
126.708115
127.655533
128.602417
129.548737
130.494522
131.439774
132.384506
133.328659
134.272278
135.216766
136.163498
137.112518
138.063766
139.017273
139.973038
140.931076
141.891357
142.853912
143.818710
144.785767
145.755096
146.726685
147.700500
148.676605
149.654953
150.635559
151.618423
152.603546
153.590927
154.580566
155.572464
156.566620
157.563034
158.561691
159.562622
160.565811
161.571259
162.578949
163.588913
164.601120
165.615601
166.632324
167.651321
168.672546
169.696060
170.721832
171.749847
172.780121
173.812653
174.847458
175.884506
176.923813
177.965363
179.009201
180.055283
181.103622
182.154221
183.207062
184.262177
185.319550
186.379181
187.441055
188.505188
189.571594
190.636963
191.697952
192.754562
193.806824
194.854736
195.898254
196.937424
197.972229
199.002686
200.028763
201.050491
202.067841
203.080841
204.089462
205.093735
206.093643
207.089188
208.080383
209.067184
210.049637
211.027740
212.001480
212.970840
213.935852
214.896484
215.852768
216.804672
217.752243
218.695419
219.634247
220.568726
221.498825
222.424561
223.345932
224.262955
225.175598
226.083893
226.987808
227.887390
228.782593
229.673416
230.559891
231.442001
232.319763
233.193146
234.062164
234.926834
235.787140
236.643066
237.494644
238.341843
239.184708
240.023178
240.857300
241.687057
242.525116
243.384079
244.263977
245.164810
246.086548
247.029221
247.992813
248.977341
249.982788
251.009171
252.056458
253.124695
254.213852
255.000000
255.000000
