0.967197
0.016401
0.016401
0.016401
0.967197
0.016401
0.016401
0.016401
0.967197
0.000000
1.035051
2.068122
3.099213
4.128325
5.155457
6.180610
7.203783
8.224976
9.244189
10.261423
11.276677
12.289952
13.301247
14.310561
15.317898
16.323256
17.326630
18.328026
19.327444
20.324879
21.320337
22.313816
23.305317
24.294832
25.282372
26.267931
27.251509
28.233110
29.212732
30.190371
31.166031
32.139717
33.111416
34.081139
35.048882
36.014637
36.978424
37.940228
38.900051
39.857891
40.813759
41.767643
42.719547
43.669472
44.617420
45.563385
46.507370
47.449375
48.389404
49.327450
50.263515
51.197605
52.129715
53.059845
53.987991
54.914158
55.838348
56.760555
57.680790
58.599037
59.515308
60.429600
61.344696
62.263378
63.185646
64.111496
65.040939
65.973969
66.910576
67.850784
68.794571
69.741943
70.692902
71.647453
72.605583
73.567307
74.532616
75.501511
76.473984
77.450058
78.429710
79.412949
80.399773
81.390190
82.384186
83.381767
84.382950
85.387703
86.396049
87.407990
88.423508
89.442612
90.465302
91.491577
92.521439
93.554901
94.591934
95.632561
96.676765
97.724571
98.775955
99.830925
100.889481
101.951630
103.017357
104.086678
105.159584
106.236076
107.316154
108.399170
109.481270
110.561798
111.640778
112.718185
113.794029
114.868309
115.941017
117.012177
118.081764
119.149788
120.216248
121.281143
122.344467
123.406235
124.466438
125.525078
126.582153
127.637657
128.691620
129.743988
130.794815
131.844070
132.891754
133.937881
134.982437
136.025436
137.066864
138.106750
139.145050
140.181793
141.216965
142.250580
143.282639
144.313126
145.342041
146.369385
147.395187
148.419418
149.442093
150.463181
151.482712
152.500687
153.517105
154.531937
155.545212
156.556931
157.567093
158.575592
159.582428
160.587540
161.590958
162.592682
163.592697
164.591019
165.587646
166.582581
167.575790
168.567322
169.557144
170.545258
171.531693
172.516418
173.499435
174.480759
175.460388
176.438309
177.414536
178.389053
179.361877
180.333008
181.302444
182.270172
183.236191
184.200516
185.163147
186.124069
187.083298
188.040833
188.996658
189.950790
190.903214
191.853958
192.802979
193.750305
194.695923
195.639862
196.582108
197.522629
198.461472
199.398590
200.334015
201.267746
202.199799
203.130127
204.059402
204.991440
205.926910
206.865784
207.808075
208.753754
209.702881
210.655411
211.611343
212.570679
213.533447
214.499634
215.469223
216.442230
217.418640
218.398468
219.381699
220.368347
221.358414
222.351898
223.348785
224.349091
225.352798
226.359955
227.370499
228.384445
229.401825
230.422592
231.446793
232.474396
233.505417
234.539856
235.577713
236.618973
237.663651
238.711731
239.763229
240.818146
241.876465
242.938202
244.003357
245.071930
246.143890
247.219299
248.298080
249.380310
250.465927
251.554977
252.564316
253.410782
254.094437
0.000001
1.034069
2.068569
3.103500
4.138863
5.174659
6.210886
7.247545
8.284636
9.322159
10.360114
11.398499
12.437317
13.476568
14.516250
15.556364
16.596909
17.637886
18.679300
19.721140
20.763412
21.806118
22.849253
23.892826
24.936823
25.981255
27.026121
28.071415
29.117142
30.163305
31.209894
32.256920
33.304379
34.352261
35.400585
36.449337
37.498516
38.548134
39.598175
40.648663
41.699566
42.750908
43.802685
44.854889
45.907524
46.960602
48.014099
49.068035
50.122398
51.177193
52.232426
53.288086
54.343342
55.397369
56.450157
57.501717
58.552044
59.601131
60.648987
61.695610
62.740997
63.785149
64.828072
65.869751
66.910210
67.949425
68.987411
70.024162
71.059677
72.093956
73.127007
74.158821
75.189400
76.218742
77.246864
78.273743
79.299377
80.323792
81.346962
82.368912
83.389618
84.409096
85.427338
86.444344
87.460106
88.474648
89.487946
90.500015
91.510857
92.520462
93.528816
94.535965
95.541931
96.548683
97.557190
98.567444
99.579437
100.593193
101.608688
102.625938
103.644943
104.665695
105.688187
106.712440
107.738441
108.766182
109.795677
110.826920
111.859917
112.894661
113.931145
114.969391
116.009384
117.051125
118.094612
119.139854
120.186844
121.235580
122.286072
123.338303
124.392288
125.448029
126.505508
127.564751
128.625732
129.688461
130.752945
131.819168
132.887146
133.956894
135.028351
136.101578
137.176559
138.252899
139.326965
140.397873
141.465637
142.530243
143.591690
144.649994
145.705139
146.757141
147.805984
148.851685
149.894211
150.933594
151.969833
153.002914
154.032837
155.059601
156.083221
157.103699
158.121002
159.135178
160.146179
161.154037
162.158752
163.160294
164.158707
165.153946
166.146042
167.134979
168.120758
169.103409
170.082886
171.059219
172.032394
173.002426
173.969284
174.933014
175.893570
176.850998
177.805237
178.756363
179.704681
180.651886
181.598114
182.543350
183.487610
184.430908
185.373199
186.314545
187.254913
188.194290
189.132690
190.070129
191.006592
191.942062
192.876556
193.810089
194.742630
195.674210
196.604797
197.534409
198.463043
199.390717
200.317413
201.243118
202.167847
203.091614
204.014404
204.936203
205.857025
206.776886
207.695740
208.613632
209.530579
210.446503
211.361481
212.275467
213.188492
214.100525
215.011581
215.921677
216.830795
217.739426
218.648560
219.558289
220.468552
221.379379
222.290741
223.202682
224.115189
225.028229
225.941849
226.856003
227.770737
228.686020
229.601852
230.518265
231.435211
232.352722
233.270782
234.189423
235.108597
236.028351
236.948639
237.869507
238.790924
239.712891
240.635422
241.558517
242.482147
243.406357
244.331116
245.256424
246.182297
247.108734
248.035721
248.963272
249.891373
250.820038
251.749252
252.679016
253.609360
254.540253
0.000000
1.056615
2.114618
3.174009
4.234788
5.296955
6.360509
7.425453
8.491784
9.559503
10.628610
11.699106
12.770988
13.844259
14.918918
15.994965
17.072401
18.151224
19.231436
20.313032
21.396021
22.480396
23.566156
24.653309
25.741848
26.831774
27.923088
29.015793
30.109880
31.205362
32.302231
33.400486
34.500126
35.601158
36.703579
37.807384
38.912579
40.019165
41.127132
42.236492
43.347240
44.459373
45.572895
46.687809
47.804111
48.921795
50.040871
51.161331
52.283180
53.406422
54.531052
55.656075
56.780479
57.904278
59.027470
60.150047
61.272015
62.393383
63.514130
64.634270
65.753815
66.872734
67.991051
69.108765
70.225853
71.342346
72.458229
73.573502
74.688164
75.802208
76.915657
78.028496
79.140717
80.252335
81.363342
82.473740
83.583527
84.692703
85.801277
86.909241
88.016594
89.123337
90.229469
91.334991
92.439903
93.544220
94.647911
95.750999
96.853485
97.955353
99.056610
100.157265
101.257309
102.356743
103.455574
104.553787
105.651390
106.748383
107.844780
108.940567
110.035728
111.129875
112.222076
113.312256
114.400414
115.486557
116.570694
117.652809
118.732895
119.810982
120.887047
121.961105
123.033142
124.103157
125.171158
126.237152
127.301117
128.363068
129.423019
130.480942
131.536865
132.590759
133.642624
134.692490
135.740326
136.786163
137.829971
138.871765
139.911560
140.949310
141.985077
143.018814
144.050522
145.080231
146.107925
147.133591
148.157257
149.178894
150.198517
151.216125
152.231720
153.245300
154.256851
155.266403
156.273941
157.279465
158.282959
159.284439
160.283890
161.281342
162.276779
163.270050
164.260193
165.247101
166.230713
167.211060
168.188141
169.161972
170.132507
171.099792
172.063812
173.024551
173.982040
174.936264
175.887192
176.834885
177.779297
178.720444
179.658310
180.592926
181.524277
182.452347
183.377151
184.298706
185.216995
186.131989
187.043732
187.952209
188.857422
189.759354
190.658020
191.553436
192.445572
193.334442
194.220062
195.102386
195.981461
196.857269
197.729813
198.599075
199.465073
200.327805
201.187271
202.043472
202.896408
203.746063
204.592484
205.435608
206.275467
207.112076
207.945404
208.775620
209.605728
210.436951
211.269333
212.102859
212.937515
213.773315
214.610260
215.448349
216.287552
217.127914
217.969421
218.812042
219.655838
220.500748
221.346817
222.194000
223.042343
223.891830
224.742432
225.594193
226.447083
227.301132
228.156296
229.012619
229.870071
230.728668
231.588394
232.449280
233.311279
234.174438
235.038727
235.904175
236.770737
237.638458
238.507309
239.377289
240.248428
241.120697
241.994110
242.868652
243.744339
244.621170
245.499146
246.378250
247.258499
248.139877
249.022400
249.906082
250.790894
251.676834
252.452545
253.006607
253.339050
253.449860
