0.998963
0.000518
0.000518
0.000518
0.998963
0.000518
0.000518
0.000518
0.998963
0.000000
0.971074
1.946169
2.925285
3.908421
4.895577
5.886754
6.881952
7.881170
8.884409
9.891668
10.902946
11.918247
12.937568
13.960909
14.988270
16.019651
17.055056
18.094479
19.137922
20.185387
21.236872
22.292376
23.351902
24.415449
25.483015
26.554602
27.630211
28.709841
29.793488
30.877821
31.959496
33.038517
34.114876
35.188587
36.259636
37.328030
38.393768
39.456848
40.517273
41.575043
42.630157
43.682613
44.732414
45.779556
46.824043
47.865879
48.905056
49.941570
50.975433
52.006645
53.035194
54.061089
55.084328
56.104912
57.122837
58.138107
59.150719
60.160679
61.167976
62.172626
63.174618
64.173950
65.170624
66.164650
67.156013
68.145111
69.134315
70.124039
71.114250
72.104965
73.096191
74.087906
75.080139
76.072868
77.066093
78.059837
79.054070
80.048805
81.044052
82.039795
83.036041
84.032784
85.030045
86.027794
87.026054
88.024818
89.024071
90.023842
91.024101
92.024872
93.026146
94.027924
95.030197
96.032974
97.036263
98.040047
99.044327
100.049126
101.054420
102.060211
103.066513
104.073318
105.079712
106.084816
107.088615
108.091110
109.092316
110.092209
111.090805
112.088104
113.084099
114.078789
115.072182
116.064278
117.055069
118.044556
119.032745
120.019638
121.005226
121.989510
122.972496
123.954185
124.934578
125.913651
126.891441
127.867928
128.843109
129.817001
130.789566
131.760849
132.730835
133.699509
134.666870
135.632965
136.597733
137.561203
138.523376
139.484253
140.443878
141.402496
142.360153
143.316849
144.272598
145.227386
146.181213
147.134079
148.085983
149.036957
149.986954
150.935989
151.884079
152.831207
153.777374
154.722595
155.666840
156.610138
157.552475
158.493851
159.434280
160.373749
161.312256
162.249817
163.186401
164.122055
165.056732
165.990463
166.923218
167.855042
168.785873
169.715775
170.644714
171.572693
172.499710
173.425781
174.350891
175.274277
176.195206
177.113678
178.029694
178.943222
179.854309
180.762924
181.669083
182.572769
183.473999
184.372757
185.269073
186.162903
187.054276
187.943207
188.829651
189.713638
190.595154
191.474213
192.350815
193.224945
194.096619
194.965836
195.832581
196.696869
197.558685
198.418045
199.274933
200.129364
200.981323
201.830841
202.677872
203.522446
204.364578
205.204224
206.041412
206.876129
207.708389
208.538193
209.365524
210.190399
211.012817
211.832764
212.650238
213.465271
214.277817
215.087921
215.895538
216.700714
217.503433
218.303665
219.101440
219.896759
220.689606
221.479996
222.267914
223.053375
223.836380
224.616928
225.395004
226.170609
226.943771
227.714432
228.482666
229.248428
230.011719
230.772568
231.530930
232.286819
233.040283
233.791260
234.539764
235.285828
236.029419
236.770538
237.509201
238.245407
238.979141
239.710419
240.439240
0.000000
0.784638
1.594432
2.429381
3.289484
4.174742
5.085155
6.020724
6.981448
7.967326
8.978359
10.014547
11.075891
12.162388
13.274040
14.410849
15.572813
16.742655
17.903099
19.054144
20.195795
21.328047
22.450901
23.564358
24.668417
25.763081
26.848345
27.924213
28.990683
30.047758
31.095432
32.133713
33.162590
34.182072
35.192162
36.192844
37.184139
38.166035
39.138531
40.101627
41.055328
41.999634
42.934540
43.860432
44.785660
45.713638
46.644375
47.577866
48.514114
49.453117
50.394875
51.339386
52.286655
53.236679
54.189457
55.144993
56.103283
57.064327
58.028130
58.994686
59.963997
60.936062
61.910885
62.888458
63.868790
64.851875
65.837715
66.826317
67.817665
68.811775
69.808136
70.803780
71.798203
72.791412
73.783394
74.774155
75.763710
76.752029
77.739136
78.725029
79.709694
80.693138
81.675369
82.656372
83.636162
84.614731
85.592087
86.568214
87.543121
88.516815
89.489288
90.460541
91.430573
92.399384
93.366982
94.333351
95.298508
96.262329
97.224602
98.185295
99.144409
100.101952
101.057907
102.012299
102.965111
103.916344
104.865997
105.814079
106.760582
107.705521
108.648865
109.590645
110.530838
111.469467
112.406509
113.341980
114.275871
115.208191
116.138931
117.068100
117.995682
118.921700
119.846130
120.768997
121.691055
122.613052
123.535004
124.456902
125.378746
126.300552
127.222305
128.143997
129.065659
129.987259
130.908813
131.830307
132.751770
133.673172
134.594528
135.515839
136.437088
137.358292
138.279465
139.200577
140.121628
141.042633
141.963608
142.884521
143.805374
144.726196
145.646957
146.567673
147.488342
148.408951
149.329529
150.250031
151.170517
152.090927
153.011292
153.931610
154.851883
155.772110
156.692276
157.612411
158.532486
159.452499
160.372482
161.292404
162.212280
163.132111
164.051880
164.971619
165.891281
166.810928
167.730515
168.650024
169.569519
170.488953
171.408325
172.327667
173.246948
174.166199
175.085373
176.004517
176.923599
177.842636
178.761627
179.680557
180.599442
181.518295
182.437088
183.355835
184.274536
185.193176
186.111771
187.030304
187.948792
188.867249
189.785645
190.703979
191.622284
192.540543
193.458740
194.376892
195.294983
196.213043
197.131058
198.049011
198.966904
199.884766
200.802567
201.720322
202.638031
203.555679
204.473297
205.390869
206.308365
207.225830
208.143234
209.060608
209.977921
210.895172
211.812378
212.729553
213.646667
214.563721
215.480759
216.397720
217.314621
218.231506
219.148315
220.065094
220.981812
221.898483
222.815109
223.731674
224.648209
225.564682
226.481094
227.397461
228.313797
229.230072
230.146301
231.062485
231.978622
232.894684
233.810730
234.726685
235.642624
236.558533
237.474335
238.390121
239.305847
240.221542
241.137177
242.052750
0.000000
1.218743
2.371600
3.458571
4.479658
5.434857
6.359718
7.289795
8.225084
9.165587
10.111303
11.062230
12.018373
12.979728
13.946296
14.918077
15.895070
16.877277
17.864700
18.857332
19.855021
20.854330
21.853848
22.853575
23.853516
24.853664
25.854025
26.854597
27.855377
28.856373
29.857574
30.858990
31.860615
32.862450
33.864494
34.865540
35.858326
36.841652
37.815506
38.779900
39.734818
40.680275
41.616264
42.542786
43.459846
44.367435
45.265556
46.154213
47.033401
47.903126
48.765659
49.626583
50.486145
51.344349
52.201195
53.056683
53.910809
54.763573
55.614983
56.465031
57.313717
58.161049
59.007019
59.851627
60.694878
61.535244
62.371193
63.202740
64.029869
64.852585
65.670898
66.484795
67.294281
68.099350
68.900017
69.696274
70.488113
71.275543
72.058556
72.837158
73.611359
74.381142
75.146515
75.907471
76.664017
77.416153
78.163887
78.907204
79.646103
80.380600
81.110672
81.836342
82.557610
83.274452
83.986885
84.694908
85.398521
86.097725
86.792519
87.482895
88.168869
88.850418
89.527565
90.200294
90.868622
91.532532
92.192032
92.847115
93.497787
94.144051
94.785912
95.423355
96.056381
96.685005
97.309212
97.929016
98.544395
99.155365
99.761932
100.364082
100.961830
101.555153
102.144066
102.728577
103.308678
103.884354
104.455620
105.022491
105.584938
106.142975
106.696594
107.245811
107.790619
108.331009
108.866997
109.398560
109.925713
110.448463
110.966797
111.480728
111.990234
112.495338
112.996025
113.492302
113.984169
114.471626
114.954666
115.433304
115.907524
116.377335
116.842743
117.303726
117.760300
118.212463
118.660217
119.103561
119.542496
119.977013
120.407120
120.832817
121.254105
121.670975
122.083435
122.491486
122.895134
123.294357
123.689171
124.079575
124.465576
124.847160
125.224335
125.597092
125.965439
126.329384
126.688904
127.044022
127.394722
127.741013
128.082886
128.420364
128.753418
129.082062
129.406311
129.726135
130.041550
130.352539
130.659134
130.961304
131.259079
131.552444
131.841370
132.125900
132.406021
132.681732
132.953049
133.219940
133.482391
133.740463
133.994125
134.243362
134.488190
134.728607
134.964630
135.196228
135.423401
135.646179
135.864532
136.078476
136.288025
136.493164
136.693863
136.890182
137.082077
137.269562
137.452637
137.631287
137.805542
137.975372
138.140793
138.301819
138.458435
138.610626
138.758408
138.901764
139.040726
139.175262
139.305405
139.431137
139.552429
139.669342
139.781845
139.889923
139.993576
140.092834
140.187668
140.278107
140.364136
140.445740
140.522934
140.595734
140.664108
140.728058
140.787613
140.842758
140.893494
140.939819
140.981720
141.019226
141.052307
141.080994
141.105240
141.125092
141.140533
141.151550
141.158173
141.160385
