0.996710
0.001645
0.001645
0.001645
0.996710
0.001645
0.001645
0.001645
0.996710
0.000000
1.037616
2.096949
3.177999
4.280767
5.405253
6.551455
7.719375
8.909013
10.120366
11.353438
12.608227
13.863799
15.099221
16.314493
17.509615
18.684586
19.839407
20.974077
22.088596
23.182966
24.257187
25.311255
26.345175
27.358946
28.352564
29.326035
30.279352
31.212519
32.125534
33.018406
33.891121
34.743690
35.576107
36.388374
37.180489
37.953548
38.731579
39.524418
40.332066
41.154518
41.991772
42.843834
43.710705
44.592377
45.488861
46.400146
47.326241
48.267139
49.222843
50.193352
51.178673
52.178795
53.193726
54.223461
55.268005
56.327351
57.401501
58.490459
59.594227
60.712799
61.844490
62.979195
64.115227
65.252594
66.391273
67.531288
68.672638
69.815308
70.959305
72.104637
73.251282
74.399269
75.548576
76.699211
77.851181
79.004471
80.159096
81.315033
82.472313
83.630920
84.790848
85.952103
87.114685
88.278603
89.443848
90.609581
91.773796
92.936371
94.097328
95.256653
96.414360
97.570442
98.724899
99.877724
101.028923
102.178505
103.326454
104.472786
105.617485
106.760559
107.902016
109.041840
110.180046
111.316612
112.451569
113.584885
114.716591
115.846664
116.975113
118.101944
119.224075
120.338440
121.445030
122.543861
123.634933
124.718231
125.793770
126.861534
127.921532
128.973770
130.018250
131.054947
132.083893
133.105072
134.118484
135.124130
136.122009
137.112122
138.094467
139.069046
140.035858
140.994919
141.946198
142.889725
143.825470
144.753464
145.673676
146.586151
147.490829
148.387756
149.276917
150.158325
151.031937
151.897812
152.755905
153.606247
154.448807
155.283615
156.110641
156.929901
157.741425
158.545151
159.341141
160.129333
160.909790
161.682449
162.447357
163.204514
163.953888
164.695511
165.429352
166.155441
166.873764
167.584305
168.287109
168.982117
169.669373
170.348862
171.020584
171.684540
172.340729
172.989166
173.629822
174.262726
174.887848
175.505203
176.114807
176.716644
177.310699
177.897018
178.475555
179.046310
179.609329
180.164566
180.712036
181.251755
181.783691
182.307861
182.824280
183.332932
183.833801
184.326920
184.812286
185.289856
185.759689
186.221741
186.676025
187.122543
187.561310
187.992294
188.415497
188.830978
189.238663
189.638580
190.030746
190.415161
190.791794
191.160660
191.521744
191.875076
192.220657
192.558472
192.888489
193.210754
193.525269
193.832001
194.130981
194.422195
194.705658
194.981323
195.249237
195.509384
195.761749
196.006378
196.243240
196.472321
196.693649
196.907196
197.112961
197.311005
197.501266
197.683746
197.858475
198.025436
198.184631
198.336060
198.479721
198.615616
198.743744
198.864120
198.976715
199.081558
199.178619
199.267929
199.349457
199.423233
199.489243
199.547485
199.597977
199.640686
199.675629
199.702805
199.722229
199.733871
199.737747
0.000000
0.887238
1.798780
2.734626
3.694777
4.679232
5.687991
6.721054
7.778422
8.860095
9.966071
11.076324
12.170835
13.249599
14.312617
15.359889
16.391417
17.407196
18.407230
19.391518
20.360064
21.312860
22.249912
23.171217
24.076777
24.966595
25.840662
26.698982
27.541561
28.372246
29.214132
30.071072
30.943064
31.830111
32.732212
33.649368
34.581577
35.528839
36.491154
37.468525
38.460953
39.468430
40.490959
41.528545
42.581184
43.648876
44.731625
45.829426
46.934319
48.038338
49.141479
50.243748
51.345139
52.445660
53.545307
54.644077
55.741974
56.839001
57.935146
59.030418
60.124821
61.218346
62.310993
63.402775
64.493675
65.583702
66.671776
67.751503
68.821808
69.882690
70.934143
71.976181
73.008781
74.031967
75.045723
76.050056
77.044960
78.030441
79.006500
79.973137
80.930344
81.878128
82.816490
83.745422
84.664940
85.577065
86.483841
87.385262
88.281342
89.172066
90.057442
90.937462
91.812141
92.681465
93.545448
94.404076
95.257347
96.105278
96.947853
97.785080
98.616959
99.443489
100.264664
101.080498
101.890968
102.696098
103.495880
104.290314
105.079391
105.863129
106.641502
107.414536
108.182220
108.944557
109.701546
110.453171
111.199455
111.940384
112.675972
113.406204
114.131088
114.850624
115.564812
116.273636
116.977135
117.675262
118.368050
119.055489
119.737572
120.414307
121.085701
121.751740
122.412422
123.067757
123.717751
124.362389
125.001678
125.635612
126.264206
126.887444
127.505333
128.117874
128.725067
129.326904
129.923401
130.514542
131.100342
131.680786
132.255875
132.825607
133.389999
133.949051
134.502747
135.051086
135.594086
136.131729
136.664017
137.190964
137.712555
138.228806
138.739700
139.245239
139.745453
140.240295
140.729797
141.213928
141.692734
142.166183
142.634277
143.097046
143.554428
144.006485
144.453186
144.894547
145.330521
145.761185
146.186493
146.606445
147.021042
147.430298
147.834198
148.232758
148.625961
149.013809
149.396317
149.773468
150.145264
150.511719
150.872818
151.228577
151.578979
151.924042
152.263748
152.598114
152.927109
153.250763
153.569061
153.882034
154.189651
154.491898
154.788803
155.080353
155.366562
155.647430
155.922928
156.193100
156.457916
156.717361
156.971497
157.220245
157.463638
157.701721
157.934418
158.161789
158.383804
158.600449
158.811783
159.017731
159.218353
159.413605
159.603531
159.788086
159.967316
160.141174
160.309692
160.472839
160.630661
160.783142
160.930237
161.072021
161.208450
161.339508
161.465225
161.585587
161.700607
161.810272
161.914597
162.013565
162.107193
162.195450
162.278381
162.355957
162.428162
162.495041
162.556549
162.612732
162.663559
162.709030
162.749146
162.783920
162.813339
162.837418
162.856140
162.869507
162.877533
162.880203
0.000000
0.847248
1.784347
2.811295
3.928094
5.134742
6.368948
7.568416
8.733148
9.863140
10.958396
12.018914
13.044698
14.035741
14.992049
15.913618
16.800453
17.652548
18.469904
19.259201
20.060514
20.880516
21.719212
22.576595
23.452671
24.347437
25.260893
26.193041
27.143881
28.113411
29.101631
30.108543
31.134146
32.180546
33.249863
34.342083
35.457214
36.595261
37.756214
38.940079
40.146851
41.376537
42.629131
43.904636
45.203053
46.524376
47.861530
49.171986
50.448669
51.691574
52.900700
54.076054
55.217628
56.325428
57.399445
58.439690
59.446159
60.418850
61.357761
62.262901
63.148880
64.030327
64.907249
65.779633
66.647491
67.510811
68.369598
69.223862
70.073593
70.918785
71.759445
72.595573
73.427185
74.254250
75.076782
75.894783
76.708260
77.517204
78.321609
79.121483
79.916824
80.707642
81.493919
82.275673
83.052887
83.825577
84.593727
85.357353
86.116432
86.871002
87.621017
88.366516
89.107475
89.843910
90.575798
91.303169
92.026009
92.744316
93.458084
94.167320
94.872032
95.572205
96.267853
96.958954
97.645531
98.327583
99.005104
99.678093
100.346535
101.010460
101.669853
102.324699
102.975021
103.620819
104.262077
104.898811
105.531006
106.158676
106.781799
107.400398
108.014481
108.624008
109.229012
109.829491
110.425430
111.016838
111.603722
112.186058
112.763878
113.337166
113.905914
114.470131
115.029831
115.584976
116.135597
116.681694
117.223251
117.760277
118.292778
118.820740
119.344162
119.863060
120.377434
120.887276
121.392578
121.893356
122.389595
122.881302
123.368477
123.851120
124.329239
124.802811
125.271858
125.736382
126.196365
126.651825
127.102745
127.549126
127.990997
128.428314
128.861115
129.289368
129.713104
130.132294
130.546982
130.957108
131.362701
131.763779
132.160309
132.552338
132.939804
133.322754
133.701157
134.075043
134.444382
134.809204
135.169479
135.525223
135.876450
136.223145
136.565308
136.902924
137.236023
137.564575
137.888611
138.208099
138.523071
138.833496
139.139420
139.440781
139.737610
140.029907
140.317703
140.600937
140.879654
141.153824
141.423477
141.688583
141.949173
142.205215
142.456726
142.703735
142.946182
143.184097
143.417496
143.646362
143.870697
144.090485
144.305740
144.516479
144.722687
144.924347
145.121475
145.314087
145.502151
145.685699
145.864716
146.039185
146.209137
146.374557
146.535431
146.691772
146.843613
146.990891
147.133636
147.271866
147.405548
147.534714
147.659332
147.779419
147.894989
148.006012
148.112518
148.214478
148.311920
148.404831
148.493210
148.577042
148.656357
148.731125
148.801346
148.867081
148.928253
148.984894
149.037018
149.084610
149.127655
149.166183
149.200165
149.229614
149.254547
149.274933
149.290802
149.302139
149.308914
149.311188
