0.984849
0.007576
0.007576
0.007576
0.984849
0.007576
0.007576
0.007576
0.984849
0.000000
1.274809
2.511413
3.709814
4.870011
5.992004
7.075794
8.121378
9.128760
10.116925
11.104862
12.092572
13.080053
14.067307
15.054331
16.041128
17.027699
18.014040
19.000151
19.986034
20.971693
21.957121
22.942322
23.927294
24.912039
25.896557
26.880844
27.864904
28.848736
29.832340
30.815716
31.798864
32.781788
33.764481
34.746944
35.729179
36.711185
37.692963
38.674515
39.655838
40.636936
41.617798
42.598438
43.578850
44.559036
45.538990
46.518719
47.498215
48.477489
49.456532
50.435349
51.413937
52.392296
53.370422
54.348328
55.326004
56.303448
57.280670
58.257660
59.234421
60.210953
61.187263
62.163338
63.139191
64.114807
65.090210
66.065376
67.040314
68.015022
68.989388
69.963135
70.936241
71.908722
72.880562
73.851768
74.822342
75.792274
76.761581
77.730240
78.698273
79.665672
80.632431
81.598564
82.564049
83.528908
84.493134
85.456726
86.419678
87.381996
88.343681
89.304733
90.265144
91.224922
92.184074
93.142578
94.100456
95.057693
96.014297
96.970268
97.925598
98.880302
99.834366
100.787796
101.740601
102.692757
103.644287
104.595177
105.545433
106.495056
107.444038
108.392387
109.340103
110.287201
111.233643
112.179451
113.124634
114.069183
115.013084
115.956360
116.898994
117.841003
118.782372
119.723106
120.663208
121.602669
122.541496
123.479691
124.417259
125.354179
126.290726
127.228378
128.167389
129.107788
130.049545
130.992661
131.937149
132.882996
133.830215
134.778793
135.728745
136.680054
137.632736
138.586777
139.542175
140.498962
141.457108
142.416595
143.377472
144.339706
145.303314
146.268280
147.234619
148.202316
149.171387
150.141815
151.113602
152.086777
153.061310
154.037201
155.014450
155.993073
156.973068
157.954422
158.937149
159.921234
160.906677
161.893509
162.881683
163.871231
164.862152
165.854431
166.848068
167.843094
168.839478
169.837204
170.836304
171.836777
172.838623
173.841827
174.846405
175.852341
176.859634
177.868301
178.878357
179.889740
180.902496
181.916641
182.932129
183.948975
184.967239
185.986816
187.007721
188.029984
189.053558
190.078506
191.104767
192.132385
193.161346
194.191650
195.223282
196.256256
197.290573
198.326218
199.363235
200.401566
201.441238
202.482254
203.524612
204.568314
205.613373
206.659744
207.707458
208.756531
209.806931
210.858658
211.911743
212.966171
214.021942
215.079041
216.137482
217.197250
218.258377
219.320847
220.384644
221.449814
222.516281
223.584106
224.653275
225.723785
226.795639
227.868820
228.943344
230.019211
231.096420
232.174957
233.254868
234.336090
235.418655
236.502563
237.587814
238.674408
239.762329
240.851608
241.942230
243.034164
244.127457
245.222092
246.318069
247.415375
248.514038
249.649033
250.855499
252.133392
253.482727
254.903488
255.000000
0.000000
1.110048
2.211515
3.304402
4.388708
5.464431
6.531575
7.590137
8.640118
9.681519
10.714337
11.738575
12.757739
13.775342
14.791380
15.805854
16.818766
17.830114
18.839899
19.848118
20.854774
21.859865
22.863396
23.865360
24.865765
25.864605
26.861877
27.857590
28.851738
29.844320
30.835342
31.824797
32.812691
33.799019
34.783787
35.766987
36.748627
37.728703
38.707211
39.684162
40.659546
41.633366
42.605625
43.576313
44.545444
45.513008
46.479012
47.443451
48.406330
49.367638
50.327389
51.285572
52.242191
53.197250
54.150742
55.102673
56.053040
57.001839
57.949081
58.894756
59.838867
60.781418
61.722397
62.661819
63.599678
64.535973
65.470711
66.403870
67.335472
68.265511
69.193985
70.120895
71.046341
71.971992
72.898590
73.826118
74.754578
75.683968
76.614304
77.545563
78.477760
79.410889
80.344955
81.279961
82.215897
83.152763
84.090569
85.029305
85.968979
86.909592
87.851128
88.793602
89.737007
90.681358
91.626633
92.572845
93.519989
94.468079
95.417091
96.367043
97.317924
98.269745
99.222496
100.176186
101.130798
102.086357
103.042847
104.000267
104.958618
105.917915
106.878143
107.839310
108.801399
109.764435
110.728401
111.693291
112.659119
113.625893
114.593597
115.562225
116.531799
117.502304
118.473740
119.446106
120.419411
121.393661
122.368828
123.344940
124.321991
125.299965
126.278885
127.258728
128.239502
129.221100
130.202744
131.184372
132.165939
133.147476
134.128937
135.110367
136.091736
137.073074
138.054337
139.035568
140.016754
140.997894
141.978989
142.960022
143.941025
144.921951
145.902847
146.883682
147.864487
148.845230
149.825928
150.806580
151.787186
152.767746
153.748245
154.728699
155.709122
156.689484
157.669785
158.650055
159.630264
160.610428
161.590561
162.570633
163.550659
164.530624
165.510544
166.490433
167.470261
168.450043
169.429779
170.409454
171.389084
172.368683
173.348221
174.327713
175.307144
176.286560
177.265900
178.245178
179.224442
180.203644
181.182785
182.161896
183.140945
184.119949
185.098923
186.077820
187.056686
188.035492
189.015030
189.997177
190.982010
191.969513
192.959717
193.952591
194.948181
195.946442
196.947403
197.951035
198.957352
199.966370
200.978073
201.992462
203.009552
204.029312
205.051773
206.076904
207.104736
208.135254
209.168457
210.204361
211.242935
212.284195
213.328156
214.374802
215.424118
216.476151
217.530853
218.588242
219.648346
220.711090
221.776566
222.844696
223.915543
224.989059
226.065262
227.144165
228.225754
229.310013
230.396973
231.486633
232.578949
233.673981
234.771698
235.872101
236.975174
238.080948
239.189407
240.300568
241.414413
242.530930
243.650146
244.772049
245.896637
247.023911
248.153854
249.286514
250.421875
251.559891
252.700607
254.272125
0.000000
1.383853
2.724093
4.020722
5.273739
6.483144
7.648936
8.771116
9.849685
10.906594
11.963800
13.021303
14.079102
15.137195
16.195583
17.254271
18.313250
19.372526
20.432100
21.491970
22.552132
23.612593
24.673349
25.734400
26.795748
27.857391
28.919329
29.981565
31.044094
32.106922
33.170044
34.233459
35.297176
36.361187
37.425495
38.490093
39.554993
40.620186
41.685669
42.751457
43.817535
44.883915
45.950581
47.017548
48.084816
49.152374
50.220230
51.288380
52.356827
53.425571
54.494614
55.563942
56.633575
57.703503
58.773720
59.844238
60.915051
61.986156
63.057564
64.129265
65.201263
66.273560
67.346146
68.419029
69.492203
70.565689
71.639458
72.712524
73.783905
74.853600
75.921600
76.987907
78.052513
79.115440
80.176682
81.236221
82.294067
83.350220
84.404686
85.457466
86.508553
87.557945
88.605644
89.651649
90.695976
91.738602
92.779533
93.818771
94.856323
95.892189
96.926353
97.958832
98.989616
100.018715
101.046120
102.071823
103.095848
104.118164
105.138809
106.157753
107.175011
108.190567
109.204437
110.216621
111.227104
112.235901
113.243004
114.248421
115.252136
116.254166
117.254509
118.253151
119.250114
120.245369
121.238945
122.230820
123.221016
124.209511
125.196320
126.181435
127.164856
128.146591
129.126633
130.104980
131.081650
132.057724
133.034393
134.011612
134.989410
135.967789
136.946716
137.926208
138.906296
139.886932
140.868118
141.849899
142.832245
143.815140
144.798615
145.782654
146.767273
147.752457
148.738205
149.724518
150.711411
151.698853
152.686859
153.675446
154.664612
155.654312
156.644608
157.635468
158.626877
159.618881
160.611435
161.604568
162.598267
163.592514
164.587341
165.582748
166.578720
167.575256
168.572342
169.570023
170.568253
171.567062
172.566437
173.566376
174.566879
175.567947
176.569595
177.571793
178.574585
179.577927
180.581848
181.586334
182.591354
183.596985
184.603165
185.609924
186.617249
187.625137
188.633575
189.640839
190.645126
191.646454
192.644836
193.640228
194.632675
195.622147
196.608658
197.592209
198.572784
199.550415
200.525070
201.496780
202.465500
203.431259
204.394073
205.353912
206.310791
207.264709
208.215652
209.163635
210.108658
211.050720
211.989822
212.925949
213.859116
214.789322
215.716583
216.640839
217.562180
218.480530
219.395905
220.308334
221.217789
222.124283
223.027817
223.928406
224.826004
225.720657
226.612335
227.501038
228.386810
229.269592
230.149429
231.026276
231.900177
232.771118
233.639084
234.504105
235.366135
236.225220
237.081345
237.934494
238.784683
239.631927
240.476181
241.317474
242.155807
242.995010
243.838898
244.687500
245.540787
246.398773
247.261444
248.128830
249.000900
249.877640
250.759109
251.645264
252.536102
253.431656
254.331894
255.000000
