0.995916
0.002042
0.002042
0.002042
0.995916
0.002042
0.002042
0.002042
0.995916
0.000000
1.111502
2.213507
3.306013
4.389021
5.462532
6.526544
7.581059
8.626077
9.661595
10.687616
11.704140
12.711164
13.708691
14.701164
15.693027
16.684280
17.674923
18.664955
19.654377
20.643188
21.631388
22.618980
23.605959
24.592333
25.578093
26.563242
27.547781
28.531712
29.515030
30.497738
31.479836
32.461327
33.442204
34.422474
35.402130
36.381180
37.359615
38.337444
39.314659
40.291264
41.267262
42.242645
43.217422
44.191582
45.165138
46.138084
47.110416
48.082146
49.053257
50.023766
50.993656
51.962940
52.931610
53.899673
54.867126
55.833969
56.800201
57.766087
58.732246
59.698727
60.665516
61.632622
62.600037
63.567764
64.535805
65.504158
66.472824
67.441803
68.411102
69.380707
70.350624
71.320862
72.291405
73.262260
74.233421
75.204910
76.176704
77.148811
78.121231
79.093964
80.067009
81.040367
82.014038
82.988029
83.962318
84.936935
85.911858
86.887085
87.862640
88.838493
89.814674
90.791161
91.767960
92.745064
93.722488
94.700233
95.678291
96.656647
97.635323
98.614311
99.593613
100.573021
101.551308
102.528267
103.503891
104.478195
105.451180
106.422829
107.393150
108.362144
109.329819
110.296158
111.261177
112.224861
113.187218
114.148254
115.107956
116.066338
117.023384
117.979111
118.933502
119.886574
120.838318
121.788734
122.737816
123.685577
124.632004
125.577110
126.520889
127.463341
128.404480
129.344269
130.282730
131.219879
132.155685
133.090164
134.023331
134.955170
135.885666
136.814850
137.742706
138.669220
139.594421
140.518280
141.440826
142.362198
143.285416
144.211746
145.141190
146.073746
147.009430
147.948212
148.890121
149.835129
150.783249
151.734497
152.688843
153.646301
154.606888
155.570587
156.537384
157.507309
158.480347
159.456497
160.435745
161.418137
162.403625
163.392227
164.383942
165.378769
166.376724
167.377762
168.381943
169.389221
170.399628
171.413132
172.429764
173.449493
174.472351
175.498306
176.527390
177.559570
178.594879
179.633301
180.674835
181.719467
182.767242
183.818115
184.872101
185.929184
186.987411
188.044724
189.101120
190.156616
191.211227
192.264923
193.317734
194.369629
195.420639
196.470734
197.519943
198.568237
199.615631
200.662125
201.707718
202.752426
203.796234
204.839127
205.881119
206.922211
207.962402
209.001694
210.040085
211.077576
212.114182
213.149872
214.184662
215.218536
216.251541
217.283615
218.314804
219.345078
220.374481
221.402969
222.430542
223.457245
224.483017
225.507904
226.531891
227.554962
228.577164
229.598419
230.618805
231.638306
232.656860
233.674561
234.691330
235.707199
236.722183
237.736267
238.749420
239.761703
240.773087
241.783554
242.793137
243.801804
244.809586
245.816437
246.822418
247.827484
248.831650
249.834915
250.837296
251.838760
252.839325
0.000000
0.990408
1.984023
2.980846
3.980878
4.984117
5.990564
7.000219
8.013083
9.029153
10.048431
11.070918
12.096613
13.125515
14.157625
15.192945
16.228935
17.263071
18.295349
19.325769
20.354332
21.381037
22.405886
23.428875
24.450005
25.469278
26.486696
27.502254
28.515955
29.527798
30.537785
31.545912
32.552185
33.556595
34.559155
35.559849
36.558685
37.555668
38.550793
39.544060
40.535465
41.525017
42.512711
43.498547
44.482521
45.464645
46.444904
47.423309
48.399857
49.374546
50.347378
51.318356
52.287563
53.257015
54.227531
55.199120
56.171776
57.145500
58.120285
59.096142
60.073067
61.051060
62.030117
63.010242
63.991440
64.973701
65.957031
66.941422
67.926888
68.913414
69.901009
70.889679
71.879410
72.870209
73.862076
74.855011
75.849014
76.844086
77.840225
78.837425
79.835701
80.835037
81.835449
82.836922
83.839462
84.843063
85.847748
86.853493
87.860298
88.867767
89.873474
90.877014
91.878380
92.877571
93.874603
94.869446
95.862129
96.852638
97.840981
98.827148
99.811142
100.792976
101.772629
102.750114
103.725426
104.698563
105.669540
106.638336
107.604965
108.569420
109.531715
110.491821
111.449776
112.405556
113.359154
114.310577
115.259850
116.206932
117.151848
118.094597
119.035179
119.973587
120.909813
121.843880
122.775772
123.705490
124.634338
125.565430
126.498924
127.434807
128.373093
129.313766
130.256836
131.202301
132.150192
133.100464
134.053116
135.008179
135.965637
136.925507
137.887756
138.852402
139.819458
140.788910
141.760742
142.735001
143.711639
144.690659
145.672104
146.655930
147.642151
148.630768
149.621811
150.615219
151.611038
152.609253
153.609863
154.612869
155.618271
156.626068
157.636276
158.648880
159.663879
160.679306
161.693222
162.705612
163.716492
164.725845
165.733688
166.740005
167.744797
168.748077
169.749847
170.750092
171.748795
172.746002
173.741684
174.735840
175.728485
176.719604
177.709213
178.697296
179.683868
180.668915
181.652451
182.634445
183.614929
184.593918
185.571350
186.547287
187.521698
188.494583
189.465973
190.435806
191.404144
192.370956
193.336258
194.300018
195.262283
196.223022
197.182236
198.139938
199.096115
200.050766
201.003906
201.955536
202.905624
203.854218
204.801270
205.746811
206.690842
207.633331
208.574341
209.513794
210.451736
211.388153
212.323059
213.256454
214.188339
215.118683
216.047501
216.974823
217.900620
218.824875
219.747635
220.668854
221.588577
222.506775
223.423447
224.338593
225.252228
226.164352
227.074951
227.984024
228.891586
229.797623
230.702148
231.605148
232.506622
233.406586
234.305038
235.201935
236.097351
236.991226
237.883591
238.774445
239.663757
240.551559
241.437866
242.322632
243.205872
244.087601
244.967804
245.846497
246.723679
247.599335
0.000000
0.874197
1.830211
2.868042
3.987690
5.189155
6.424987
7.647738
8.857406
10.053990
11.237494
12.407917
13.565257
14.709515
15.840689
16.958780
18.063793
19.155722
20.234568
21.300333
22.353016
23.392612
24.419132
25.432568
26.432924
27.420193
28.394384
29.355490
30.303516
31.238459
32.160316
33.074841
33.996059
34.924606
35.860493
36.803707
37.754261
38.712143
39.677364
40.649918
41.629807
42.617023
43.611584
44.613468
45.622692
46.639244
47.663139
48.694355
49.732918
50.778812
51.832035
52.892597
53.960487
55.035713
56.118275
57.208172
58.303490
59.392857
60.474365
61.548019
62.613808
63.671738
64.721802
65.764023
66.798370
67.824860
68.843498
69.854271
70.857185
71.852242
72.839439
73.818779
74.790245
75.753868
76.709625
77.657524
78.597565
79.529747
80.454063
81.370522
82.279129
83.180267
84.082779
84.990257
85.902718
86.820160
87.742577
88.669968
89.602333
90.539673
91.481995
92.429291
93.381554
94.338806
95.301033
96.268227
97.240402
98.217552
99.199684
100.186783
101.178856
102.175919
103.177948
104.184952
105.196945
106.213898
107.235840
108.259521
109.281677
110.302338
111.321480
112.339119
113.355255
114.369873
115.382980
116.394592
117.404686
118.413284
119.420364
120.425934
121.430008
122.432564
123.433617
124.433151
125.431190
126.427719
127.422745
128.416260
129.408264
130.398743
131.387741
132.375214
133.361191
134.345657
135.328598
136.310059
137.289993
138.268417
139.245346
140.220764
141.194656
142.167068
143.137955
144.107346
145.075211
146.041580
147.006454
147.969788
148.931641
149.891968
150.850800
151.808121
152.763931
153.718231
154.671036
155.622314
156.572098
157.520370
158.467133
159.412384
160.356140
161.298386
162.239120
163.178345
164.116058
165.052261
165.986969
166.920151
167.851837
168.782013
169.710693
170.637833
171.563507
172.487640
173.410278
174.331390
175.251038
176.169144
177.085739
178.000839
178.914429
179.826508
180.737091
181.646149
182.553696
183.459747
184.364288
185.267334
186.168854
187.068863
187.967377
188.864365
189.759872
190.653854
191.546341
192.437302
193.326752
194.214722
195.101166
195.986099
196.869537
197.751450
198.631882
199.510773
200.388168
201.264053
202.138458
203.011307
203.882675
204.752533
205.620895
206.487732
207.353058
208.216873
209.079208
209.940018
210.799316
211.657120
212.513397
213.368179
214.221436
215.073196
215.923462
216.772202
217.619461
218.465179
219.309402
220.152100
220.993317
221.833008
222.671219
223.507904
224.343063
225.176743
226.008881
226.839523
227.668671
228.496307
229.322433
230.147049
230.970169
231.791763
232.611862
233.430435
234.247513
235.063110
235.877151
236.689728
237.500748
238.310287
239.118347
239.924835
240.729874
241.533371
242.335373
243.135880
