0.939026
0.030487
0.030487
0.030487
0.939026
0.030487
0.030487
0.030487
0.939026
0.000000
0.723729
1.999030
3.264825
4.521115
5.767899
7.005178
8.232950
9.451218
10.659980
11.859236
13.048986
14.229232
15.399969
16.561205
17.712931
18.855154
19.987871
21.111082
22.224789
23.328989
24.423681
25.508871
26.584555
27.650732
28.707405
29.754574
30.792231
31.820389
32.839035
33.848183
34.847820
35.837952
36.818581
37.789703
38.751320
39.703430
40.646030
41.579132
42.502731
43.416813
44.321400
45.216476
46.108330
47.003246
47.901226
48.802269
49.706371
50.613537
51.523769
52.437057
53.353409
54.272823
55.195301
56.120842
57.049438
57.981106
58.915833
59.853622
60.794468
61.738380
62.685356
63.635391
64.588493
65.544655
66.503876
67.466164
68.431511
69.399918
70.371391
71.345924
72.323517
73.304176
74.287895
75.274681
76.264519
77.257431
78.253403
79.252441
80.254532
81.259689
82.267906
83.279182
84.293518
85.310928
86.331398
87.354927
88.381508
89.411171
90.443886
91.479668
92.518501
93.560402
94.604263
95.647385
96.689674
97.731087
98.771667
99.811378
100.850235
101.888252
102.925400
103.961700
104.997147
106.031738
107.065483
108.098366
109.130386
110.161568
111.191887
112.221352
113.249977
114.277733
115.304649
116.330696
117.355896
118.380249
119.403740
120.426376
121.448158
122.469086
123.489166
124.508385
125.526749
126.544273
127.560936
128.576736
129.591690
130.605789
131.619034
132.631424
133.642960
134.653641
135.663483
136.672470
137.680573
138.687851
139.694260
140.699829
141.704514
142.708374
143.711380
144.713531
145.714752
146.714615
147.713043
148.710052
149.705627
150.699783
151.692490
152.683777
153.673630
154.662064
155.649078
156.634628
157.618774
158.601501
159.582779
160.562637
161.541046
162.518051
163.493622
164.467758
165.440460
166.411758
167.381592
168.350021
169.317017
170.282578
171.246719
172.209427
173.170685
174.130539
175.088959
176.045959
177.001511
177.955643
178.908340
179.859604
180.809464
181.757874
182.704865
183.650406
184.594543
185.537231
186.478516
187.418350
188.356766
189.293747
190.229294
191.163422
192.096115
193.027374
193.957275
194.886963
195.816910
196.747116
197.677597
198.608353
199.539368
200.470642
201.402191
202.334000
203.266098
204.198441
205.131058
206.063934
206.997086
207.930496
208.864182
209.798141
210.732346
211.666840
212.601593
213.536606
214.471893
215.407440
216.343262
217.279343
218.215698
219.152313
220.089203
221.026352
221.963776
222.901459
223.839417
224.777634
225.716125
226.654892
227.593887
228.533188
229.472748
230.412567
231.352646
232.293015
233.233643
234.174530
235.115677
236.057098
236.998795
237.940750
238.882980
239.825470
240.768234
241.750015
242.809662
243.947144
245.162445
246.455612
247.826599
249.275406
250.802063
252.406555
254.088867
255.000000
255.000000
0.000000
0.000000
0.000000
0.547087
1.786845
3.019694
4.245635
5.464668
6.676795
7.882011
9.080319
10.271721
11.456213
12.633799
13.804475
14.968245
16.125105
17.275059
18.418102
19.554237
20.683466
21.805786
22.921198
24.029701
25.131298
26.225986
27.313765
28.394638
29.468599
30.535658
31.595804
32.649040
33.695377
34.734802
35.767315
36.792923
37.811619
38.823414
39.828293
40.826271
41.817341
42.801495
43.778751
44.749088
45.712521
46.673542
47.636662
48.601871
49.569168
50.538563
51.510048
52.483624
53.459290
54.437050
55.416904
56.398842
57.382881
58.369003
59.357224
60.347530
61.339935
62.334423
63.331013
64.329681
65.330460
66.333313
67.338264
68.345306
69.354439
70.365662
71.378983
72.394394
73.411896
74.431488
75.453171
76.476944
77.502815
78.530769
79.560822
80.592964
81.627197
82.663521
83.701942
84.742447
85.785049
86.829742
87.876526
88.925400
89.976364
91.029427
92.084579
93.141823
94.201157
95.262581
96.326004
97.389168
98.451172
99.512016
100.571693
101.630211
102.687569
103.743759
104.798790
105.852654
106.905357
107.956894
109.007271
110.056488
111.104538
112.151421
113.197159
114.241714
115.285118
116.327354
117.368431
118.408340
119.447090
120.484680
121.521103
122.556366
123.590469
124.623405
125.655167
126.685783
127.715218
128.743500
129.770630
130.796585
131.821381
132.845016
133.867493
134.888794
135.908951
136.927917
137.945740
138.962402
139.977890
140.992218
142.005386
143.017395
144.028229
145.037918
146.046432
147.053787
148.059845
149.063858
150.065674
151.065292
152.062729
153.057983
154.051041
155.041916
156.030609
157.017090
158.001404
158.983521
159.963455
160.941177
161.916748
162.890121
163.861282
164.830276
165.797089
166.761688
167.724106
168.684341
169.642395
170.598267
171.551910
172.503403
173.452698
174.399811
175.344727
176.287430
177.227997
178.166336
179.102509
180.036469
180.968262
181.897858
182.825272
183.750473
184.673523
185.594376
186.513016
187.429489
188.343765
189.255859
190.165756
191.073471
191.979004
192.882324
193.783493
194.682434
195.580124
196.478821
197.378616
198.279495
199.181503
200.084579
200.988770
201.894058
202.800446
203.707932
204.616531
205.526215
206.436996
207.348877
208.261856
209.175949
210.091125
211.007401
211.924774
212.843262
213.762848
214.683517
215.605301
216.528168
217.452148
218.377228
219.303391
220.230682
221.159042
222.088516
223.019089
223.950760
224.883530
225.817398
226.752380
227.688431
228.625595
229.563873
230.503235
231.443695
232.385269
233.327927
234.271683
235.216553
236.162506
237.109573
238.057739
239.006989
239.957352
240.908798
241.882050
242.897690
243.955750
245.056229
246.199127
247.384445
248.612183
249.882324
251.194916
252.549911
253.947327
255.000000
0.000000
1.157500
2.311903
3.463207
4.611414
5.756523
6.898533
8.037446
9.173261
10.305978
11.435596
12.562117
13.685539
14.805863
15.923091
17.037220
18.148252
19.256186
20.361019
21.462755
22.561396
23.656937
24.749378
25.838724
26.924969
28.008121
29.088173
30.165125
31.238979
32.309734
33.377396
34.441959
35.503426
36.561790
37.617054
38.669224
39.718296
40.764275
41.807148
42.846924
43.883602
44.918346
45.952332
46.985554
48.018009
49.049702
50.080627
51.110790
52.140190
53.168823
54.196693
55.223797
56.250141
57.275719
58.300529
59.324577
60.347866
61.370384
62.392139
63.413132
64.433357
65.452820
66.471519
67.489456
68.506622
69.523033
70.538673
71.553551
72.567665
73.581009
74.593590
75.605408
76.616470
77.626762
78.636284
79.645050
80.653053
81.660278
82.666756
83.672462
84.677399
85.681572
86.684990
87.687637
88.689522
89.690643
90.690994
91.691887
92.696465
93.704887
94.717148
95.733238
96.753174
97.776947
98.804558
99.836006
100.871284
101.910416
102.953377
104.000183
105.050819
106.105301
107.163620
108.225777
109.291771
110.361595
111.435265
112.512779
113.594131
114.679314
115.768333
116.861191
117.957901
119.058434
120.162811
121.271034
122.383080
123.498978
124.618706
125.742271
126.869682
128.000931
129.136017
130.274933
131.417694
132.564285
133.714737
134.869003
136.027115
137.189072
138.354858
139.524490
140.697952
141.873718
143.042465
144.202637
145.354248
146.497314
147.631790
148.757721
149.875092
150.983887
152.084122
153.175797
154.258911
155.333466
156.399445
157.456863
158.505722
159.546021
160.577759
161.600922
162.615524
163.621582
164.619049
165.607971
166.588333
167.560120
168.523346
169.478012
170.424103
171.361649
172.290634
173.211044
174.122894
175.026184
175.920914
176.807068
177.684662
178.553696
179.414169
180.266083
181.109421
181.944214
182.770432
183.588089
184.397171
185.197708
185.989685
186.773468
187.557480
188.345184
189.136536
189.931564
190.730270
191.532639
192.338684
193.148407
193.961792
194.778854
195.599594
196.423996
197.252060
198.083832
198.919235
199.758331
200.601105
201.447525
202.297638
203.151413
204.008865
204.869995
205.734772
206.603241
207.475372
208.351181
209.230667
210.113815
211.000641
211.891129
212.785294
213.683136
214.584641
215.489807
216.398682
217.311188
218.227402
219.147247
220.070801
220.998001
221.928879
222.863434
223.801666
224.743561
225.689133
226.638367
227.589218
228.539566
229.489471
230.438904
231.387878
232.336380
233.284393
234.231949
235.179031
236.125656
237.071793
238.017471
238.962677
239.907410
240.851669
241.795486
242.738800
243.681656
244.624054
245.565964
246.507416
247.448395
248.388901
249.328934
250.268509
251.207611
252.146240
253.084396
254.022095
254.959305
