0.951567
0.024217
0.024217
0.024217
0.951567
0.024217
0.024217
0.024217
0.951567
0.000000
1.147854
2.291560
3.431117
4.566525
5.697785
6.824895
7.947859
9.066672
10.181339
11.291855
12.398224
13.500442
14.598514
15.692435
16.782209
17.867834
18.949314
20.026640
21.099819
22.168850
23.233732
24.294466
25.351049
26.403490
27.451775
28.495916
29.535904
30.571749
31.603439
32.630985
33.654381
34.673634
35.688728
36.699680
37.706482
38.709133
39.707638
40.701996
41.692204
42.678261
43.660172
44.637936
45.611546
46.581013
47.546326
48.507496
49.464512
50.417381
51.366108
52.310677
53.251102
54.187378
55.119503
56.047482
56.971317
57.890991
58.806526
59.717907
60.627483
61.537579
62.448196
63.359344
64.271011
65.183205
66.095924
67.009171
67.922935
68.837227
69.752037
70.667374
71.583244
72.499634
73.416542
74.333984
75.251945
76.170433
77.089439
78.008980
78.929031
79.849617
80.770721
81.692352
82.614510
83.537193
84.460396
85.384125
86.308380
87.233154
88.158463
89.084290
90.010635
90.937508
91.864914
92.792839
93.721291
94.650261
95.579750
96.509773
97.440323
98.371391
99.302986
100.235107
101.167747
102.100914
103.034599
103.968819
104.903580
105.838913
106.774826
107.711319
108.648392
109.586044
110.524277
111.463089
112.402481
113.342453
114.283005
115.224136
116.165848
117.108139
118.051010
118.994461
119.938492
120.883102
121.828285
122.774055
123.720413
124.667343
125.614845
126.562943
127.511612
128.460846
129.410690
130.361099
131.312073
132.263641
133.215790
134.168518
135.121826
136.075714
137.030182
137.985214
138.940857
139.897064
140.853836
141.811203
142.769150
143.727661
144.686783
145.646454
146.606720
147.567581
148.528992
149.490997
150.453766
151.418259
152.384644
153.352921
154.323090
155.295181
156.269150
157.245026
158.222794
159.202469
160.184052
161.167511
162.152893
163.140167
164.129333
165.120392
166.113373
167.108246
168.104996
169.103668
170.104248
171.106705
172.111069
173.117325
174.125488
175.135544
176.147507
177.161362
178.177124
179.194778
180.214325
181.235794
182.259140
183.284378
184.311539
185.340591
186.371552
187.404388
188.439133
189.475784
190.514328
191.554779
192.597122
193.641357
194.687515
195.735535
196.785477
197.837326
198.891037
199.946091
201.002274
202.059570
203.118011
204.177567
205.238220
206.300018
207.362946
208.426987
209.492157
210.558456
211.625854
212.694412
213.764069
214.834854
215.906754
216.979782
218.053940
219.129227
220.205627
221.283157
222.361816
223.441589
224.522491
225.604507
226.687653
227.771927
228.857315
229.943832
231.031464
232.120239
233.210114
234.301132
235.393265
236.486511
237.580902
238.676407
239.773026
240.870773
241.969666
243.069656
244.170776
245.273041
246.376389
247.480881
248.586502
249.693253
250.801102
251.770981
252.463745
252.879410
253.017960
0.000000
1.179404
2.353803
3.523198
4.687587
5.846972
7.001351
8.150726
9.295096
10.434461
11.568821
12.698177
13.822528
14.941874
16.056213
17.165550
18.269882
19.369207
20.463528
21.552845
22.637156
23.716461
24.790764
25.860060
26.924353
27.983639
29.037920
30.087198
31.131472
32.170738
33.205002
34.234261
35.258514
36.277763
37.292007
38.301247
39.305477
40.304707
41.298931
42.288151
43.272362
44.251572
45.225777
46.194977
47.159172
48.118359
49.072544
50.021725
50.965897
51.905067
52.839230
53.768391
54.692547
55.611698
56.529564
57.449875
58.372623
59.297817
60.225449
61.155525
62.088043
63.022999
63.960403
64.900238
65.842514
66.787247
67.734406
68.684013
69.636063
70.590546
71.547470
72.506844
73.468658
74.432907
75.399597
76.368736
77.340309
78.314331
79.290787
80.269691
81.251030
82.234810
83.221039
84.209702
85.200806
86.194351
87.190338
88.188766
89.189644
90.192955
91.198708
92.206902
93.217537
94.230614
95.246132
96.264099
97.284500
98.307335
99.332626
100.360352
101.390518
102.423126
103.458176
104.495659
105.534607
106.572617
107.609573
108.645470
109.680313
110.714111
111.746857
112.778549
113.809189
114.838776
115.867302
116.894791
117.921219
118.946594
119.970917
120.994186
122.016411
123.037575
124.057686
125.076752
126.094757
127.111725
128.127625
129.142471
130.156265
131.169022
132.180710
133.191360
134.200958
135.209488
136.216980
137.223404
138.228790
139.233124
140.236404
141.238617
142.239792
143.239914
144.238968
145.237000
146.233948
147.229843
148.224716
149.218521
150.211273
151.202972
152.193634
153.183212
154.171753
155.159241
156.145905
157.132965
158.120682
159.109039
160.098022
161.087662
162.077927
163.068832
164.060379
165.052551
166.045380
167.038818
168.032928
169.027649
170.023026
171.019028
172.015686
173.012970
174.010910
175.009460
176.008652
177.008499
178.008972
179.010101
180.011841
181.014236
182.017258
183.020935
184.025238
185.030182
186.035767
187.041977
188.048843
189.056335
190.064468
191.073227
192.082642
193.092682
194.103394
195.114716
196.126678
197.139267
198.152512
199.166382
200.180908
201.196060
202.211853
203.228287
204.245346
205.263062
206.281311
207.298096
208.312561
209.324738
210.334595
211.342148
212.347412
213.350357
214.351013
215.349350
216.345398
217.339142
218.330566
219.319702
220.306519
221.291046
222.273270
223.253174
224.230789
225.206100
226.179092
227.149811
228.118195
229.084274
230.048080
231.009552
231.968735
232.925598
233.880173
234.832443
235.782410
236.730057
237.675415
238.618469
239.559219
240.497665
241.433807
242.367645
243.299179
244.228394
245.155334
246.079941
247.002258
247.922287
248.839981
249.755402
250.668488
251.579285
252.487793
253.393982
254.297852
254.978104
0.000000
1.179173
2.353872
3.524096
4.689845
5.851119
7.007918
8.160242
9.308091
10.451465
11.590364
12.724789
13.854738
14.980213
16.101212
17.217739
18.329788
19.437365
20.540464
21.639090
22.733242
23.822916
24.908117
25.988840
27.065090
28.136868
29.204168
30.266994
31.325346
32.379223
33.428627
34.473553
35.514008
36.549984
37.581486
38.608513
39.631065
40.649143
41.662739
42.671871
43.676521
44.676701
45.672401
46.663631
47.650383
48.632664
49.610466
50.583794
51.552647
52.517029
53.476933
54.432362
55.383312
56.333076
57.284958
58.238953
59.195061
60.153275
61.113602
62.076042
63.040592
64.007256
64.976028
65.946907
66.919907
67.895004
68.872223
69.851555
70.832985
71.816544
72.802200
73.789970
74.779861
75.771858
76.765961
77.762177
78.760498
79.760941
80.763489
81.768158
82.774925
83.783806
84.794807
85.807907
86.823120
87.840454
88.859886
89.881439
90.905106
91.930885
92.958755
93.988762
95.020866
96.055084
97.091408
98.129845
99.170410
100.213074
101.257835
102.304726
103.353714
104.404823
105.457932
106.510704
107.562164
108.612320
109.661171
110.708717
111.754959
112.799896
113.843536
114.885857
115.926880
116.966599
118.005005
119.042114
120.077919
121.112411
122.145607
123.177498
124.208076
125.237358
126.265327
127.292000
128.317368
129.341415
130.364166
131.385605
132.405762
133.424591
134.442139
135.458359
136.473282
137.486893
138.499207
139.510208
140.519928
141.528320
142.535416
143.541199
144.545685
145.548859
146.550735
147.551315
148.550568
149.548523
150.545181
151.540527
152.534576
153.527313
154.518738
155.508881
156.497894
157.486908
158.476135
159.465546
160.455139
161.444946
162.434952
163.425140
164.415543
165.406113
166.396896
167.387878
168.379059
169.370422
170.361984
171.353745
172.345688
173.337845
174.330200
175.322739
176.315475
177.308426
178.301559
179.294891
180.288406
181.282135
182.276031
183.270157
184.264450
185.258957
186.253647
187.248535
188.243637
189.238922
190.234406
191.230072
192.225952
193.222015
194.218277
195.214737
196.211411
197.208252
198.205292
199.202545
200.199982
201.197617
202.195450
203.193466
204.191696
205.190109
206.187851
207.182785
208.174805
209.163925
210.150146
211.133453
212.113846
213.091339
214.065918
215.037598
216.006378
216.972229
217.935196
218.895248
219.852402
220.806641
221.757965
222.706406
223.651917
224.594513
225.534241
226.471024
227.404922
228.335922
229.263992
230.189148
231.111420
232.030792
232.947250
233.860794
234.771439
235.679169
236.584000
237.485916
238.384918
239.281036
240.174225
241.064529
241.951904
242.836395
243.717972
244.596649
245.472397
246.345245
247.215195
248.082245
248.946381
249.807602
250.665924
251.521332
252.268555
252.802277
253.122513
253.229248
