0.988907
0.005547
0.005547
0.005547
0.988907
0.005547
0.005547
0.005547
0.988907
0.000000
0.860558
1.793375
2.723608
3.651259
4.576326
5.498810
6.418712
7.336030
8.250764
9.162917
10.072485
10.979471
11.883873
12.785692
13.684929
14.581583
15.475654
16.367140
17.256044
18.142366
19.026104
19.907257
20.785828
21.661818
22.535223
23.406044
24.274282
25.139940
26.003012
26.863503
27.721409
28.576731
29.433416
30.295410
31.162712
32.035324
32.913242
33.796471
34.685005
35.578850
36.478001
37.382462
38.292229
39.207306
40.127689
41.053379
41.984383
42.920692
43.862309
44.809231
45.761467
46.719009
47.681862
48.650021
49.623482
50.602257
51.586342
52.575733
53.570431
54.570438
55.575752
56.586380
57.602310
58.623550
59.650097
60.681953
61.719120
62.761589
63.809368
64.862457
65.920860
66.984566
68.053574
69.127899
70.207527
71.292473
72.381828
73.467300
74.546883
75.620575
76.688377
77.750282
78.806297
79.856422
80.900650
81.938995
82.971443
83.998001
85.018661
86.033432
87.042320
88.045303
89.042404
90.033607
91.018929
91.998344
92.971878
93.939507
94.901260
95.857117
96.807068
97.751144
98.689323
99.621613
100.548004
101.468506
102.383118
103.291840
104.194664
105.091599
105.982651
106.867798
107.747063
108.620422
109.487900
110.349487
111.205185
112.054985
112.898888
113.736908
114.569038
115.398163
116.230286
117.065559
117.904007
118.745621
119.590393
120.438332
121.289436
122.143707
123.001137
123.861740
124.725510
125.592438
126.462532
127.335785
128.212219
129.091812
129.974548
130.860474
131.749557
132.641815
133.537216
134.435791
135.337555
136.242447
137.150528
138.061768
138.976181
139.893738
140.814468
141.738373
142.665421
143.595657
144.529037
145.465607
146.405319
147.348221
148.294281
149.243500
150.195877
151.151413
152.110123
153.072006
154.037048
155.005112
155.971985
156.935562
157.895859
158.852890
159.806625
160.757095
161.704269
162.648193
163.588821
164.526169
165.460236
166.391037
167.318527
168.242767
169.163727
170.081390
170.995789
171.906906
172.814758
173.719299
174.620590
175.518585
176.413315
177.304749
178.192917
179.077789
179.959412
180.837723
181.712769
182.584549
183.453033
184.318237
185.180176
186.038818
186.894180
187.746277
188.595093
189.440628
190.282898
191.121872
191.957565
192.789978
193.619125
194.444992
195.271530
196.115128
196.977463
197.858612
198.758514
199.677216
200.614700
201.570953
202.546005
203.539825
204.552444
205.583832
206.634018
207.702972
208.790710
209.897247
211.022522
212.166611
213.329483
214.511139
215.711563
216.930786
218.168793
219.425568
220.701126
221.995453
223.308594
224.640503
225.991180
227.360657
228.748917
230.155960
231.581772
233.026367
234.489761
235.971924
237.472870
238.992599
240.531113
242.088394
243.664474
245.259338
246.872986
248.505402
250.156601
0.000000
0.000000
1.297405
2.707580
4.104846
5.489202
6.860649
8.219187
9.564816
10.897537
12.217347
13.524248
14.818240
16.099321
17.367500
18.622763
19.865122
21.094568
22.311104
23.514730
24.710739
25.904423
27.095776
28.284805
29.471504
30.655874
31.837917
33.017635
34.195023
35.370083
36.542812
37.713219
38.881298
40.047047
41.210468
42.371563
43.530334
44.686771
45.840885
46.992668
48.142124
49.289253
50.434055
51.576527
52.716667
53.854488
54.989979
56.123142
57.253979
58.382484
59.508659
60.632511
61.754036
62.873230
63.990101
65.104645
66.216858
67.326744
68.434296
69.539520
70.642433
71.743011
72.841255
73.937172
75.030769
76.122032
77.210968
78.297577
79.381859
80.463814
81.543427
82.620728
83.695702
84.768341
85.838654
86.906639
87.973907
89.042038
90.111038
91.180908
92.251663
93.323280
94.395767
95.469131
96.543365
97.618469
98.694450
99.771301
100.849022
101.927612
103.007088
104.087418
105.168625
106.250710
107.333672
108.417496
109.502190
110.587761
111.674202
112.761513
113.849693
114.938759
116.028679
117.119484
118.211159
119.303703
120.397118
121.491409
122.586578
123.682602
124.779503
125.877281
126.975929
128.075439
129.175827
130.277100
131.379242
132.482254
133.586136
134.690887
135.796509
136.903000
138.010361
139.118607
140.227707
141.337708
142.448547
143.560272
144.672882
145.786346
146.900696
148.015900
149.129532
150.239166
151.344788
152.446396
153.543991
154.637558
155.727127
156.812683
157.894211
158.971741
160.045242
161.114731
162.180222
163.241684
164.299133
165.352600
166.402023
167.447433
168.488846
169.526230
170.559616
171.588974
172.614304
173.635651
174.652985
175.666275
176.675583
177.680862
178.682129
179.679398
180.672623
181.661865
182.647079
183.628281
184.605469
185.578644
186.547791
187.512939
188.474075
189.431198
190.384308
191.333420
192.278503
193.219574
194.156616
195.089661
196.018692
196.943710
197.864716
198.781693
199.694672
200.603638
201.508591
202.409515
203.306427
204.199341
205.088898
205.975739
206.859879
207.741302
208.620026
209.496033
210.369339
211.239944
212.107819
212.973007
213.835480
214.695236
215.552307
216.406662
217.258316
218.107254
218.953476
219.796997
220.637817
221.475922
222.311325
223.144028
223.974014
224.801285
225.625854
226.447723
227.266891
228.083344
228.897079
229.708099
230.516434
231.322052
232.124969
232.925171
233.722672
234.517471
235.309555
236.098938
236.885590
237.669556
238.450821
239.229355
240.005203
240.778336
241.548752
242.316483
243.081497
243.843796
244.603394
245.360275
246.114471
246.865921
247.614700
248.360748
249.104111
249.844757
250.553268
251.200150
251.785400
252.309082
252.771133
253.171585
253.510422
253.787659
254.003281
254.157303
254.249710
254.280502
0.000000
1.500388
2.981452
4.443193
5.885611
7.308704
8.712475
10.096921
11.462044
12.807843
14.134319
15.441472
16.729300
18.005096
19.276155
20.542475
21.804054
23.060896
24.313000
25.560362
26.802986
28.040873
29.274019
30.502426
31.726097
32.945026
34.159218
35.368668
36.573380
37.773354
38.968590
40.159088
41.344845
42.525864
43.702141
44.873684
46.040485
47.202549
48.359867
49.512451
50.660301
51.803402
52.941769
54.075401
55.204288
56.328442
57.447849
58.562527
59.672462
60.777657
61.878113
62.973831
64.064804
65.151047
66.232544
67.309303
68.381325
69.448616
70.511162
71.568962
72.622032
73.670357
74.713943
75.752785
76.787117
77.821564
78.858055
79.896576
80.937134
81.979729
83.024353
84.071014
85.119705
86.170441
87.223206
88.278000
89.334831
90.393707
91.454613
92.517548
93.582527
94.649529
95.718582
96.789650
97.862770
98.937920
100.015099
101.094322
102.175568
103.258858
104.344177
105.431534
106.520927
107.612350
108.705811
109.801308
110.898842
111.998413
113.100014
114.203644
115.309311
116.417023
117.526764
118.638535
119.752342
120.868187
121.986069
123.105988
124.227936
125.351913
126.477928
127.605988
128.736069
129.868195
131.002350
132.138550
133.276031
134.410217
135.540405
136.666550
137.788681
138.906769
140.020859
141.130920
142.236954
143.338943
144.436920
145.530884
146.620819
147.706711
148.788605
149.866455
150.940277
152.010086
153.075867
154.137619
155.195358
156.249054
157.298752
158.344406
159.386032
160.423645
161.457230
162.486786
163.512329
164.533829
165.551315
166.564774
167.574203
168.579605
169.581009
170.578369
171.571686
172.561005
173.546295
174.527557
175.504807
176.477997
177.447189
178.412354
179.373489
180.330597
181.283691
182.232742
183.177811
184.118820
185.055801
185.988770
186.918091
187.844772
188.768814
189.690231
190.609039
191.525192
192.438751
193.349670
194.257980
195.163666
196.066727
196.967163
197.864960
198.760162
199.652710
200.542664
201.429977
202.314667
203.196747
204.076202
204.953003
205.827225
206.698807
207.567749
208.434082
209.297791
210.158875
211.017334
211.873169
212.726379
213.576981
214.424957
215.270294
216.113007
216.953110
217.790588
218.625427
219.457687
220.287277
221.114258
221.938614
222.760361
223.579468
224.395950
225.209808
226.021072
226.829681
227.635681
228.439056
229.239792
230.037918
230.833435
231.628876
232.426910
233.227509
234.030624
234.836334
235.644577
236.455383
237.268753
238.084671
238.903152
239.724182
240.547760
241.373917
242.202621
243.033859
243.867676
244.704056
245.542969
246.384460
247.228500
248.075104
248.924240
249.775955
250.630219
251.487045
252.346405
253.208344
254.072830
254.939865
255.000000
255.000000
255.000000
255.000000
255.000000
255.000000
255.000000
