0.981625
0.009187
0.009187
0.009187
0.981625
0.009187
0.009187
0.009187
0.981625
0.000000
1.745772
3.070984
4.184896
5.296781
6.406634
7.514456
8.620246
9.724006
10.825732
11.925427
13.023091
14.118725
15.212326
16.303896
17.393433
18.480940
19.566414
20.649855
21.731268
22.810650
23.887999
24.963314
26.036598
27.107851
28.177074
29.244268
30.309385
31.372213
32.432709
33.490871
34.546703
35.600204
36.651375
37.700211
38.746712
39.790886
40.832726
41.872238
42.909412
43.944260
44.976772
46.006950
47.034801
48.060322
49.083508
50.104362
51.122887
52.139076
53.152939
54.164467
55.173660
56.182602
57.193375
58.205978
59.220413
60.236679
61.254772
62.274696
63.296448
64.320030
65.345444
66.372681
67.401756
68.432655
69.465385
70.499947
71.536346
72.574562
73.614616
74.656494
75.700203
76.745743
77.793114
78.842308
79.893341
80.945190
81.991852
83.032310
84.066574
85.094635
86.116501
87.132164
88.141640
89.144905
90.141975
91.132851
92.117523
93.095993
94.068268
95.034348
95.994225
96.947906
97.895386
98.836670
99.771759
100.700638
101.623329
102.539810
103.450104
104.354195
105.252289
106.144569
107.031029
107.911674
108.786507
109.655525
110.518738
111.376137
112.227715
113.073479
113.913445
114.747589
115.575912
116.398430
117.215134
118.026031
118.831116
119.630379
120.423828
121.211472
121.993301
122.769318
123.539520
124.303909
125.062485
125.815247
126.562202
127.303337
128.038666
128.768173
129.491882
130.209778
130.921844
131.628098
132.328552
133.023193
133.711990
134.395020
135.072220
135.743591
136.409164
137.068924
137.722885
138.371002
139.013321
139.649826
140.280518
140.905411
141.524475
142.137726
142.745178
143.346802
143.942612
144.532639
145.116806
145.695190
146.267761
146.834518
147.395462
147.950577
148.499893
149.043396
149.581085
150.112946
150.639023
151.159271
151.673706
152.182343
152.685135
153.182159
153.673325
154.158707
154.638260
155.112015
155.579941
156.042068
156.498367
156.948883
157.393539
157.832413
158.265488
158.692719
159.114151
159.529770
159.939590
160.343567
160.741760
161.134125
161.520691
161.901428
162.276337
162.645462
163.008759
163.366257
163.717926
164.063797
164.403870
164.738098
165.066513
165.389130
165.705933
166.016922
166.322098
166.621460
166.915009
167.202728
167.484665
167.760773
168.031052
168.295547
168.554230
168.807098
169.054123
169.295349
169.530792
169.760391
169.984177
170.202164
170.414352
170.620697
170.821228
171.015961
171.204895
171.387985
171.565292
171.736771
171.902420
172.062271
172.216324
172.364563
172.506973
172.643570
172.774353
172.899323
173.018494
173.131836
173.239395
173.341110
173.437012
173.527115
173.611404
173.689880
173.762543
173.829391
173.890411
173.945633
173.995056
174.038651
174.076447
174.108398
174.134567
174.154907
174.169434
174.178162
174.181076
0.000000
0.525267
1.183438
1.974512
2.898492
3.955375
5.145163
6.397494
7.642007
8.878704
10.107583
11.328645
12.541890
13.747317
14.944928
16.134722
17.316696
18.490854
19.657196
20.815720
21.966425
23.109316
24.244387
25.371641
26.491081
27.602701
28.706505
29.802488
30.890657
31.971096
33.045673
34.115147
35.179527
36.238808
37.292988
38.342075
39.386063
40.424953
41.458744
42.487434
43.511032
44.529530
45.542934
46.551235
47.554440
48.552547
49.545555
50.533470
51.516285
52.493999
53.466618
54.434139
55.397682
56.363979
57.334156
58.308205
59.286129
60.267933
61.253605
62.243160
63.236588
64.233887
65.235069
66.240128
67.249054
68.261864
69.278542
70.299103
71.323532
72.351845
73.384026
74.420082
75.460022
76.503830
77.551514
78.600983
79.647156
80.689789
81.728889
82.764442
83.796471
84.824951
85.849899
86.871307
87.889183
88.903526
89.914322
90.921585
91.925308
92.925499
93.922142
94.915260
95.904831
96.890877
97.873375
98.852341
99.827774
100.799660
101.766716
102.727631
103.682396
104.631035
105.573524
106.509872
107.440086
108.364159
109.282089
110.193878
111.099533
111.999046
112.892410
113.779648
114.660736
115.535690
116.404503
117.267181
118.123703
118.974091
119.818344
120.656464
121.488434
122.314270
123.133957
123.947510
124.754921
125.556190
126.351318
127.140312
127.923157
128.699875
129.470459
130.234879
130.993164
131.745316
132.491333
133.231201
133.964920
134.692520
135.413971
136.129272
136.838455
137.541489
138.238373
138.929138
139.613754
140.292206
140.964554
141.630737
142.290787
142.944702
143.592468
144.234085
144.869598
145.498932
146.122147
146.739212
147.350143
147.954941
148.553604
149.146103
149.732483
150.312714
150.886810
151.454758
152.016556
152.572235
153.121765
153.665146
154.202408
154.733521
155.258484
155.777328
156.290009
156.796570
157.296967
157.791245
158.279388
158.761368
159.237213
159.706940
160.170502
160.627930
161.079224
161.524384
161.963379
162.396255
162.822983
163.243576
163.658020
164.066330
164.468506
164.864532
165.254440
165.638184
166.015793
166.387268
166.752594
167.111786
167.464828
167.811737
168.152512
168.487152
168.815643
169.137985
169.454208
169.764282
170.068207
170.365982
170.657639
170.943161
171.222519
171.495758
171.762848
172.023788
172.278595
172.527283
172.769791
173.006210
173.236450
173.460556
173.678528
173.890350
174.096054
174.295609
174.489014
174.676300
174.857407
175.032410
175.201263
175.363968
175.520538
175.670959
175.815262
175.953400
176.085403
176.211288
176.331009
176.444595
176.552048
176.653366
176.748535
176.837570
176.920456
176.997208
177.067825
177.132294
177.190628
177.242813
177.288849
177.328766
177.362534
177.390167
177.411667
177.427017
177.436218
177.439285
0.000000
0.941492
1.877885
2.809177
3.745742
4.697959
5.665830
6.649349
7.648520
8.663342
9.693814
10.739938
11.801714
12.879138
13.972215
15.080941
16.205320
17.345346
18.501028
19.672358
20.859343
22.061974
23.271545
24.466763
25.646656
26.811226
27.960474
29.094400
30.213001
31.316282
32.404236
33.476871
34.534180
35.576168
36.602837
37.614174
38.610191
39.590889
40.556267
41.506313
42.443630
43.383751
44.329266
45.280170
46.236469
47.198166
48.165245
49.137726
50.115597
51.098862
52.087517
53.081570
54.081013
55.085850
56.096077
57.111702
58.132721
59.159126
60.190712
61.222752
62.253315
63.282398
64.309998
65.336128
66.360771
67.383942
68.405632
69.425842
70.444572
71.461823
72.477600
73.491898
74.504707
75.516045
76.525902
77.534286
78.541183
79.544533
80.542274
81.534378
82.520866
83.501732
84.476974
85.446602
86.410606
87.368988
88.321747
89.268890
90.210411
91.146309
92.076584
93.001244
93.920273
94.833694
95.741486
96.643654
97.540215
98.431145
99.316452
100.196136
101.070206
101.938652
102.801476
103.658684
104.510262
105.356224
106.196564
107.031288
107.860390
108.683868
109.501717
110.313965
111.120575
111.921562
112.716942
113.506691
114.290833
115.069328
115.842224
116.609497
117.371140
118.127167
118.877571
119.622353
120.361519
121.095062
121.822983
122.545280
123.261955
123.973015
124.678452
125.378273
126.072464
126.761040
127.443993
128.121323
128.793045
129.459122
130.119598
130.774429
131.423676
132.067276
132.705261
133.337631
133.964371
134.585495
135.200989
135.810867
136.415131
137.013763
137.606796
138.194183
138.775955
139.352112
139.922638
140.487549
141.046844
141.600510
142.148544
142.690979
143.227798
143.758972
144.284546
144.804489
145.318802
145.827515
146.330597
146.828049
147.319885
147.806107
148.286713
148.761688
149.231033
149.694763
150.152893
150.605377
151.052231
151.493500
151.929138
152.359131
152.783508
153.202271
153.615417
154.022949
154.424850
154.821136
155.211792
155.596848
155.976242
156.350037
156.718231
157.080780
157.437714
157.789032
158.134720
158.474792
158.809250
159.138077
159.461273
159.778870
160.090836
160.397171
160.697906
160.993011
161.282501
161.566360
161.844589
162.117203
162.384216
162.645584
162.901337
163.151474
163.395996
163.634872
163.868149
164.095810
164.317841
164.534241
164.745026
164.950195
165.149750
165.343674
165.531982
165.714661
165.891708
166.063156
166.228973
166.389175
166.543762
166.692703
166.836044
166.973770
167.105850
167.232330
167.353180
167.468414
167.578033
167.682007
167.780380
167.873138
167.960266
168.041763
168.117630
168.187912
168.252548
168.311569
168.364960
168.412735
168.454895
168.491440
168.522354
168.547653
168.567337
168.581390
168.589813
168.592621
