0.961261
0.019369
0.019369
0.019369
0.961261
0.019369
0.019369
0.019369
0.961261
0.000000
0.977325
1.955101
2.933328
3.912007
4.891138
5.870719
6.850752
7.831236
8.812173
9.793559
10.775397
11.757687
12.740429
13.723620
14.707264
15.691360
16.675907
17.660904
18.646355
19.632254
20.618607
21.605410
22.592665
23.580370
24.568525
25.557137
26.546196
27.535707
28.525669
29.516085
30.506950
31.498268
32.490040
33.482258
34.474926
35.468048
36.461624
37.455647
38.450127
39.445053
40.440434
41.436264
42.432545
43.429279
44.426273
45.423355
46.420513
47.417755
48.415077
49.412479
50.409962
51.407524
52.405170
53.402897
54.400700
55.398586
56.396553
57.394600
58.392727
59.390938
60.389229
61.387600
62.386047
63.384583
64.383194
65.381882
66.380661
67.379509
68.378448
69.377464
70.376556
71.375732
72.374992
73.374329
74.373749
75.373253
76.372833
77.372490
78.372231
79.372055
80.371956
81.371933
82.372002
83.372147
84.372375
85.372681
86.373062
87.373528
88.374077
89.374710
90.375412
91.376205
92.377075
93.378029
94.379059
95.380127
96.380173
97.378769
98.375916
99.371613
100.365868
101.358665
102.350014
103.339920
104.328369
105.315376
106.300926
107.285042
108.267700
109.248901
110.228668
111.206978
112.183838
113.159241
114.133209
115.105721
116.076790
117.046394
118.014572
118.981285
119.946556
120.910370
121.872734
122.833664
123.793129
124.751152
125.707726
126.662857
127.616531
128.568741
129.519531
130.468857
131.416733
132.363174
133.308151
134.251694
135.193771
136.134399
137.073593
138.011337
138.947601
139.882446
140.815842
141.747772
142.678268
143.607300
144.534897
145.461395
146.388855
147.317673
148.247803
149.179260
150.112076
151.046204
151.981659
152.918442
153.856567
154.796021
155.736801
156.678909
157.622345
158.567139
159.513229
160.460678
161.409439
162.359543
163.310959
164.263733
165.217804
166.173233
167.129990
168.088074
169.047485
170.008224
170.970306
171.933701
172.898438
173.864517
174.831924
175.800644
176.770691
177.742096
178.714813
179.688858
180.664261
181.640976
182.619003
183.598373
184.579086
185.561127
186.544495
187.529190
188.515228
189.502579
190.491287
191.481308
192.472656
193.465347
194.459351
195.455353
196.454971
197.458282
198.465302
199.475983
200.490356
201.508438
202.530182
203.555618
204.584763
205.617584
206.654099
207.694305
208.738174
209.785751
210.837021
211.891983
212.950623
214.012955
215.078979
216.148682
217.222076
218.299164
219.379929
220.464401
221.552551
222.644409
223.739929
224.839142
225.942047
227.048645
228.158920
229.272903
230.390579
231.511917
232.636948
233.765671
234.898087
236.034195
237.173996
238.317459
239.464645
240.615509
241.770050
242.928284
244.090210
245.255829
246.425140
247.598114
248.774811
249.955185
251.139221
252.233475
253.144409
253.872025
254.416336
0.000000
1.047964
2.094740
3.140329
4.184731
5.227945
6.269972
7.310812
8.350464
9.388929
10.426208
11.462296
12.497199
13.530914
14.563442
15.594783
16.624939
17.653904
18.681683
19.708275
20.733679
21.757896
22.780926
23.802769
24.823421
25.842890
26.861172
27.878263
28.894171
29.908888
30.922421
31.934763
32.945915
33.955887
34.964668
35.972263
36.978668
37.983891
38.987923
39.990765
40.992424
41.992897
42.992176
43.990273
44.987179
45.982903
46.978172
47.973701
48.969509
49.965580
50.961922
51.958534
52.955418
53.952568
54.949993
55.947685
56.945648
57.943882
58.942383
59.941154
60.940197
61.939510
62.939095
63.938942
64.939072
65.939461
66.940125
67.941055
68.942253
69.943726
70.945473
71.947479
72.949768
73.952316
74.955139
75.958237
76.961601
77.965233
78.969131
79.973305
80.977745
81.982460
82.987442
83.992699
84.998215
86.004005
87.010071
88.016411
89.023003
90.029884
91.037018
92.044434
93.052116
94.060074
95.068298
96.076790
97.085548
98.094582
99.103767
100.112839
101.121788
102.130592
103.139275
104.147820
105.156242
106.164536
107.172684
108.180717
109.188614
110.196381
111.204018
112.211517
113.218903
114.226143
115.233253
116.240242
117.247093
118.253822
119.260406
120.266869
121.273201
122.279396
123.285469
124.291405
125.297218
126.302895
127.308441
128.313858
129.319138
130.324295
131.329330
132.334229
133.338974
134.343628
135.348129
136.352509
137.356735
138.360855
139.364838
140.368698
141.372406
142.375992
143.379456
144.382782
145.385971
146.389038
147.391998
148.394791
149.397461
150.400024
151.402481
152.405197
153.408218
154.411575
155.415222
156.419189
157.423462
158.428024
159.432922
160.438126
161.443619
162.449448
163.455551
164.462006
165.468735
166.475784
167.483154
168.490814
169.498795
170.507095
171.515686
172.524597
173.533813
174.543335
175.553162
176.563324
177.573776
178.584534
179.595596
180.606979
181.618668
182.630661
183.642975
184.655594
185.668503
186.681747
187.695297
188.709152
189.723297
190.737778
191.752563
192.767654
193.783051
194.798752
195.814774
196.831100
197.847733
198.864685
199.881943
200.899490
201.917358
202.935547
203.953979
204.971024
205.986023
206.998978
208.009903
209.018768
210.025635
211.030426
212.033188
213.033905
214.032608
215.029251
216.023849
217.016418
218.006943
218.995422
219.981888
220.966293
221.948654
222.928986
223.907288
224.883530
225.857758
226.829926
227.800049
228.768158
229.734207
230.698227
231.660202
232.620148
233.578049
234.533905
235.487717
236.439499
237.389236
238.336945
239.282608
240.226227
241.167816
242.107346
243.044876
243.980331
244.913757
245.845154
246.774490
247.701813
248.627075
249.550308
250.471497
251.390656
252.307755
253.222839
254.135864
254.839233
0.000000
1.037455
2.074245
3.110370
4.145831
5.180627
6.214758
7.248225
8.281028
9.313166
10.344638
11.375445
12.405588
13.435067
14.463881
15.492030
16.519514
17.546333
18.572489
19.597980
20.622805
21.646965
22.670462
23.693293
24.715462
25.736963
26.757801
27.777975
28.797482
29.816326
30.834503
31.852016
32.868866
33.885052
34.900574
35.915424
36.929619
37.943142
38.956005
39.968197
40.980217
41.992531
43.005146
44.018059
45.031273
46.044785
47.058598
48.072708
49.087124
50.101837
51.116848
52.132160
53.147774
54.163685
55.179897
56.196407
57.213223
58.230331
59.247746
60.265457
61.283470
62.301781
63.320389
64.339302
65.358513
66.378021
67.397835
68.417946
69.438354
70.459053
71.480072
72.501389
73.522995
74.544899
75.567108
76.589615
77.612434
78.635536
79.658951
80.682648
81.706665
82.730972
83.755577
84.780487
85.805695
86.831207
87.857018
88.883110
89.909531
90.936234
91.963242
92.990540
94.018158
95.045212
96.070862
97.095100
98.117943
99.139374
100.159401
101.178024
102.195244
103.211052
104.225456
105.238464
106.250061
107.260246
108.269035
109.276413
110.282379
111.286957
112.290115
113.291878
114.292229
115.291176
116.288727
117.284859
118.279587
119.272919
120.264839
121.255356
122.244461
123.232178
124.218468
125.203362
126.186852
127.168938
128.149612
129.128891
130.106766
131.083221
132.058289
133.031937
134.004181
134.975021
135.944458
136.912491
137.879120
138.844330
139.808151
140.770554
141.731567
142.691162
143.649368
144.606155
145.561523
146.515518
147.469681
148.425659
149.383453
150.343048
151.304474
152.267685
153.232712
154.199539
155.168182
156.138641
157.110901
158.084961
159.060837
160.038498
161.018005
161.999298
162.982391
163.967316
164.954025
165.942551
166.932892
167.925034
168.918976
169.914734
170.912308
171.911667
172.912857
173.915833
174.920639
175.927246
176.935654
177.945862
178.957901
179.971741
180.987381
182.004822
183.024078
184.045151
185.068024
186.092697
187.119202
188.147491
189.177597
190.209503
191.243225
192.278763
193.316086
194.355240
195.396179
196.438934
197.483505
198.529877
199.578079
200.625885
201.671234
202.714066
203.754395
204.792236
205.827560
206.860382
207.890717
208.918549
209.943878
210.966705
211.987030
213.004852
214.020172
215.033005
216.043320
217.051132
218.056458
219.059280
220.059601
221.057404
222.052734
223.045532
224.035858
225.023666
226.008987
226.991791
227.972107
228.949921
229.925217
230.898026
231.868347
232.836151
233.801453
234.764267
235.724564
236.682373
237.637665
238.590469
239.540771
240.488556
241.433868
242.376648
243.316971
244.254761
245.190048
246.122833
247.053131
247.980927
248.906219
249.829010
250.749298
251.667084
252.469055
253.041901
253.385605
253.500168
