0.992376
0.003812
0.003812
0.003812
0.992376
0.003812
0.003812
0.003812
0.992376
0.000000
1.963803
3.713358
5.248665
6.569726
7.676539
8.676716
9.677862
10.679981
11.683071
12.687134
13.692166
14.698172
15.705149
16.713097
17.722017
18.731909
19.742771
20.754608
21.767414
22.781191
23.795938
24.811661
25.828354
26.846020
27.864655
28.884262
29.904844
30.926394
31.948914
32.972412
33.996876
35.022316
36.048717
37.076099
38.104454
39.133781
40.164074
41.195339
42.227573
43.260784
44.294975
45.330124
46.366253
47.403347
48.441410
49.480457
50.520462
51.559696
52.596397
53.630577
54.662224
55.691341
56.717937
57.741997
58.763535
59.782543
60.799023
61.812969
62.824394
63.833290
64.839653
65.843491
66.844795
67.843582
68.839836
69.833565
70.824760
71.813423
72.799561
73.783180
74.764259
75.742821
76.718842
77.692345
78.663307
79.631760
80.597672
81.561058
82.521904
83.480240
84.436043
85.389313
86.340065
87.288277
88.233971
89.177124
90.117760
91.055870
91.991440
92.926277
93.862183
94.799141
95.737175
96.676270
97.616417
98.557632
99.499901
100.443245
101.387642
102.333107
103.279625
104.227211
105.175865
106.125572
107.076340
108.028175
108.981071
109.935036
110.890053
111.846130
112.803268
113.761482
114.720749
115.681076
116.642464
117.604919
118.568436
119.533012
120.498650
121.465347
122.433113
123.401932
124.371826
125.342781
126.314781
127.287857
128.261993
129.237198
130.213455
131.190765
132.169144
133.146637
134.121231
135.092987
136.061844
137.027832
137.990967
138.951218
139.908615
140.863129
141.814774
142.763535
143.709442
144.652481
145.592636
146.529938
147.464355
148.395920
149.324600
150.250412
151.173355
152.093414
153.010620
153.924957
154.836411
155.745010
156.650726
157.553574
158.453552
159.350662
160.244888
161.136261
162.024765
162.910385
163.793167
164.673035
165.550064
166.424194
167.295471
168.163879
169.029419
169.892075
170.751877
171.610580
172.470016
173.330139
174.190994
175.052551
175.914825
176.777802
177.641479
178.505890
179.371002
180.236816
181.103363
181.970596
182.838562
183.707230
184.576584
185.446671
186.317474
187.188980
188.061203
188.934113
189.807755
190.682114
191.557159
192.432938
193.309418
194.186600
195.064514
195.943130
196.822449
197.702484
198.583221
199.464676
200.346832
201.229721
202.113297
202.997604
203.882599
204.768341
205.654755
206.541901
207.429749
208.318298
209.207581
210.097565
210.988251
211.879654
212.771774
213.664597
214.558136
215.452377
216.347336
217.243011
218.139374
219.036484
219.934265
220.832779
221.731995
222.631943
223.532562
224.433929
225.335983
226.238770
227.142242
228.046432
228.951340
229.856964
230.763290
231.670319
232.578079
233.486526
234.395691
235.305573
236.216171
237.127457
238.039474
238.952194
239.865631
240.779770
241.694641
242.610184
243.526474
0.000000
0.714784
1.510039
2.385766
3.341964
4.378633
5.495773
6.693385
7.971469
9.285007
10.588993
11.883423
13.168297
14.443614
15.709376
16.965584
18.212233
19.449329
20.676868
21.894852
23.103281
24.302151
25.491468
26.671228
27.841433
29.002085
30.153175
31.294714
32.426697
33.549122
34.661995
35.765308
36.859066
37.943275
39.017921
40.083012
41.138550
42.184528
43.220955
44.247822
45.265137
46.272892
47.271095
48.261097
49.251015
50.242207
51.234673
52.228413
53.223423
54.219711
55.217274
56.216106
57.216213
58.217590
59.220245
60.224171
61.229370
62.235844
63.243591
64.252609
65.262901
66.274467
67.287308
68.301430
69.316811
70.333466
71.351402
72.370613
73.391083
74.412842
75.435867
76.460175
77.485748
78.512589
79.540703
80.570099
81.600777
82.632713
83.664284
84.693840
85.721367
86.746872
87.770363
88.791840
89.811295
90.828728
91.844139
92.857536
93.868919
94.878281
95.885620
96.890938
97.894241
98.895523
99.894783
100.892036
101.887260
102.880470
103.871651
104.860825
105.847969
106.833099
107.816216
108.797302
109.776382
110.753433
111.728477
112.701492
113.672478
114.641464
115.608429
116.573364
117.536232
118.496773
119.454926
120.410690
121.364075
122.315071
123.263687
124.209908
125.153755
126.095207
127.034279
127.970963
128.905273
129.837189
130.766708
131.693863
132.618622
133.541000
134.460999
135.378601
136.293839
137.206665
138.117111
139.025192
139.930878
140.834167
141.735092
142.633621
143.529755
144.423523
145.314896
146.203873
147.090485
147.974701
148.856537
149.736526
150.615295
151.492813
152.369080
153.244080
154.117828
154.990341
155.861588
156.731583
157.600327
158.467819
159.334076
160.199066
161.062805
161.925293
162.786514
163.646500
164.505249
165.362717
166.218948
167.073914
167.927643
168.780121
169.631332
170.481308
171.330032
172.177490
173.023697
173.868652
174.712372
175.554825
176.396027
177.235992
178.074677
178.912125
179.748322
180.583267
181.416946
182.249405
183.080597
183.910522
184.739197
185.566650
186.392822
187.217743
188.041428
188.863846
189.685013
190.504929
191.323608
192.141022
192.957184
193.772110
194.585770
195.398178
196.209320
197.019226
197.827881
198.635284
199.441437
200.246338
201.049973
201.852371
202.653503
203.453400
204.252029
205.049423
205.845566
206.640442
207.434067
208.226440
209.017578
209.807449
210.596069
211.383438
212.169556
212.954407
213.738022
214.520386
215.301498
216.081360
216.859955
217.637314
218.413406
219.188263
219.961868
220.734192
221.505295
222.275146
223.043732
223.811066
224.577164
225.341980
226.105560
226.867889
227.628967
228.388809
229.147369
229.904709
230.660767
231.415573
232.169159
232.921463
233.672531
234.422348
235.170898
235.918198
236.664246
237.409073
0.000000
1.148982
2.320806
3.515473
4.719977
5.921314
7.119485
8.314487
9.506324
10.694994
11.880496
13.062831
14.242001
15.418001
16.590837
17.760506
18.927004
20.090340
21.250507
22.407503
23.561338
24.712004
25.859505
27.003836
28.145002
29.282999
30.417831
31.549498
32.677998
33.803188
34.924763
36.042694
37.156982
38.267632
39.374641
40.478012
41.577740
42.673832
43.766281
44.855087
45.940258
47.021786
48.099674
49.173920
50.244526
51.311489
52.374817
53.434498
54.490547
55.542950
56.591717
57.636841
58.678322
59.716167
60.750885
61.785660
62.821007
63.856926
64.893417
65.930489
66.968124
68.006332
69.045120
70.084480
71.124405
72.164909
73.205986
74.247635
75.289848
76.332642
77.376007
78.419952
79.464470
80.509544
81.555206
82.601433
83.648239
84.695618
85.743561
86.791847
87.835403
88.872124
89.902023
90.925102
91.941345
92.950783
93.953384
94.949165
95.938126
96.920258
97.895576
98.864059
99.825729
100.780571
101.728592
102.669785
103.604156
104.531700
105.452431
106.366325
107.273407
108.173660
109.067085
109.953697
110.833481
111.708160
112.579453
113.447350
114.311867
115.172981
116.030716
116.885063
117.736023
118.583588
119.427773
120.268562
121.105965
121.939980
122.770607
123.597839
124.421684
125.242149
126.059219
126.872894
127.683197
128.490112
129.293610
130.093735
130.890488
131.683838
132.473801
133.260376
134.043549
134.823349
135.599747
136.372772
137.142410
137.908646
138.671494
139.430969
140.187027
140.939728
141.689011
142.434937
143.177444
143.916580
144.652328
145.384689
146.113647
146.839233
147.561417
148.280212
148.995636
149.707657
150.416290
151.121536
151.823395
152.521866
153.216949
153.908630
154.596939
155.281860
155.963379
156.641525
157.316269
157.987625
158.655594
159.320175
159.981369
160.639175
161.293594
161.944626
162.592255
163.236511
163.877365
164.514847
165.148926
165.779633
166.406937
167.030853
167.651382
168.268524
168.882278
169.492645
170.099625
170.703217
171.303406
171.900223
172.493637
173.083679
173.670319
174.253571
174.833450
175.409927
175.983017
176.552719
177.119034
177.681946
178.241470
178.797638
179.350388
179.899765
180.445755
180.988327
181.527542
182.063354
182.595779
183.124817
183.650467
184.172729
184.691620
185.207077
185.719162
186.227890
186.733200
187.235138
187.733673
188.228821
188.720581
189.208969
189.693939
190.175537
190.653748
191.128571
191.600006
192.068054
192.532700
192.993958
193.451843
193.906326
194.357422
194.805130
195.249451
195.690384
196.127930
196.562088
196.992859
197.420227
197.844223
198.264832
198.682037
199.095871
199.506302
199.913345
200.317017
200.717285
201.114166
201.507660
201.897751
202.284485
202.667816
203.047745
203.424286
203.797440
204.167206
204.533600
