0.903252
0.048374
0.048374
0.048374
0.903252
0.048374
0.048374
0.048374
0.903252
0.000000
1.149746
2.297160
3.442240
4.584987
5.725402
6.863482
7.999229
9.132644
10.263724
11.392470
12.518887
13.642966
14.764715
15.884129
17.001211
18.115961
19.228374
20.338455
21.446201
22.551619
23.654696
24.755447
25.853863
26.949944
28.043688
29.135107
30.224186
31.310936
32.395355
33.477436
34.557186
35.634598
36.709682
37.782429
38.852848
39.920151
40.983574
42.043110
43.098763
44.150532
45.198414
46.242413
47.282528
48.318756
49.351097
50.379555
51.404129
52.424816
53.441624
54.454544
55.463581
56.468727
57.469994
58.467377
59.460869
60.450481
61.436207
62.418049
63.396004
64.370079
65.340263
66.306564
67.268982
68.227516
69.182167
70.132927
71.079803
72.022797
72.961906
73.897125
74.828476
75.755928
76.679489
77.599174
78.514977
79.426895
80.336411
81.247223
82.159485
83.073204
83.988365
84.904976
85.823036
86.742554
87.663513
88.585922
89.509789
90.435104
91.361862
92.290070
93.219734
94.150848
95.083405
96.017410
96.952873
97.889786
98.828156
99.767952
100.709221
101.651924
102.596092
103.541695
104.488754
105.437256
106.387222
107.338631
108.291489
109.245796
110.201561
111.158768
112.117424
113.077530
114.039085
115.002090
115.966553
116.932465
117.899818
118.868614
119.838722
120.810143
121.782860
122.756889
123.732216
124.708855
125.686790
126.666039
127.646584
128.628448
129.611603
130.596054
131.581833
132.568909
133.557281
134.546967
135.537949
136.530243
137.523849
138.518738
139.514954
140.512466
141.511276
142.511398
143.512833
144.515564
145.519608
146.524948
147.531586
148.539536
149.548782
150.559357
151.571213
152.584366
153.598846
154.614624
155.631714
156.650101
157.669785
158.690796
159.713013
160.734711
161.755112
162.774277
163.792191
164.808823
165.824219
166.838333
167.851196
168.862793
169.873123
170.882202
171.890015
172.896576
173.901871
174.905899
175.908676
176.910187
177.910431
178.909439
179.907166
180.903641
181.898834
182.892792
183.885483
184.876907
185.867081
186.855988
187.843628
188.830017
189.815155
190.799011
191.781601
192.762955
193.743042
194.721863
195.699417
196.675735
197.650772
198.624557
199.597076
200.568329
201.530304
202.474930
203.402267
204.312256
205.204941
206.080292
206.938309
207.779022
208.602386
209.408447
210.197174
210.968597
211.722687
212.459457
213.178894
213.881012
214.565811
215.233276
215.883423
216.516235
217.131744
217.729935
218.310776
218.874313
219.420517
219.949402
220.460983
220.955215
221.432114
221.891708
222.333984
222.758926
223.166550
223.556854
223.929825
224.285477
224.623810
224.944809
225.248489
225.534866
225.803894
226.055603
226.289993
226.507065
226.706787
226.889221
227.054306
227.202087
227.332535
227.445663
227.541458
227.619949
227.681091
227.724930
227.751434
0.000000
0.000000
0.000000
0.481771
1.893506
3.292143
4.677683
6.050125
7.409470
8.755715
10.088865
11.408917
12.715872
14.009728
15.290488
16.558147
17.812714
19.054178
20.282547
21.497820
22.699993
23.889067
25.065046
26.227928
27.377712
28.514400
29.637987
30.748474
31.845867
32.930164
34.001362
35.059464
36.104469
37.136372
38.160686
39.182930
40.203102
41.221195
42.237217
43.251163
44.263035
45.272835
46.280556
47.286205
48.289776
49.291275
50.290699
51.288048
52.283325
53.276524
54.267654
55.256702
56.243679
57.228584
58.211411
59.192165
60.170841
61.147442
62.121975
63.094429
64.064804
65.033112
65.999344
66.963501
67.925583
68.885590
69.843521
70.799385
71.753159
72.704872
73.654503
74.602066
75.547554
76.490959
77.433586
78.378555
79.326027
80.276001
81.228462
82.183426
83.140884
84.100845
85.063293
86.028244
86.995689
87.965630
88.938072
89.913002
90.890442
91.870369
92.852798
93.837723
94.825142
95.815056
96.807465
97.802383
98.799789
99.799690
100.802086
101.806984
102.814384
103.824280
104.836655
105.851540
106.868927
107.888802
108.911179
109.936050
110.963417
111.993286
113.025642
114.060501
115.097855
116.137703
117.179787
118.222458
119.265450
120.308754
121.352386
122.396332
123.440605
124.485191
125.530106
126.575325
127.620880
128.666748
129.712936
130.759445
131.806274
132.853424
133.900909
134.948700
135.996796
137.045242
138.093979
139.143066
140.192459
141.242172
142.292191
143.342545
144.393219
145.444214
146.495529
147.547165
148.599106
149.651398
150.703979
151.756897
152.810135
153.863678
154.917572
155.971756
157.026276
158.081116
159.136185
160.189880
161.241501
162.291077
163.338562
164.384018
165.427399
166.468719
167.507965
168.545151
169.580292
170.613373
171.644379
172.673309
173.700195
174.725021
175.747787
176.768494
177.787125
178.803696
179.818207
180.830658
181.841049
182.849380
183.855637
184.859833
185.861984
186.862076
187.860077
188.856033
189.849930
190.841766
191.831543
192.819244
193.804886
194.788467
195.769989
196.749451
197.726837
198.702194
199.675461
200.639755
201.588089
202.520477
203.436951
204.337463
205.222046
206.090698
206.943405
207.780182
208.600998
209.405899
210.194839
210.967850
211.724930
212.466064
213.191269
213.900528
214.593857
215.271225
215.932678
216.578186
217.207748
217.821381
218.419067
219.000824
219.566650
220.116516
220.650452
221.168457
221.670517
222.156631
222.626816
223.081055
223.519379
223.941742
224.348175
224.738647
225.113205
225.471832
225.814499
226.141251
226.452042
226.746902
227.025818
227.288803
227.535843
227.766953
227.982132
228.181351
228.364639
228.531998
228.683411
228.818893
228.938431
229.042023
229.129700
229.201416
229.257202
229.297058
229.320953
229.328934
0.000000
1.200009
2.397953
3.593831
4.787644
5.979391
7.169071
8.356687
9.542237
10.725719
11.907138
13.086492
14.263776
15.438998
16.612154
17.783243
18.952267
20.119225
21.284117
22.446941
23.607704
24.766399
25.923025
27.077591
28.230091
29.380526
30.528889
31.675188
32.819427
33.961594
35.101700
36.239735
37.375706
38.509617
39.639717
40.764282
41.883301
42.996788
44.104733
45.207134
46.304001
47.395325
48.481106
49.561348
50.636051
51.705219
52.768845
53.826927
54.879471
55.926479
56.967941
58.003864
59.034248
60.059090
61.078400
62.092163
63.100388
64.103073
65.100220
66.091820
67.077888
68.058411
69.033394
70.002838
70.966751
71.925110
72.877937
73.825218
74.766968
75.703171
76.633842
77.561317
78.491356
79.424210
80.359879
81.298378
82.239693
83.183823
84.130775
85.080551
86.033142
86.988548
87.946785
88.907837
89.871704
90.838394
91.807907
92.780235
93.755386
94.733353
95.714142
96.697754
97.684181
98.673424
99.665497
100.660385
101.658089
102.658615
103.661964
104.668129
105.677109
106.688911
107.703537
108.720985
109.741241
110.764328
111.790230
112.818954
113.850266
114.882790
115.916298
116.950783
117.986252
119.022705
120.060143
121.098557
122.137955
123.178337
124.219696
125.262039
126.305374
127.349678
128.394974
129.441238
130.488495
131.536728
132.585953
133.636154
134.687332
135.739487
136.792633
137.846771
138.901886
139.957962
141.015045
142.073105
143.132126
144.192154
145.253143
146.315125
147.378098
148.442047
149.506973
150.572876
151.639786
152.707474
153.771545
154.830261
155.883575
156.931519
157.974091
159.011261
160.043076
161.069504
162.090546
163.106201
164.116486
165.121384
166.120911
167.115067
168.103821
169.087204
170.065201
171.037827
172.005066
172.966919
173.923401
174.874496
175.820221
176.760559
177.695526
178.625107
179.549286
180.468109
181.381546
182.289612
183.192291
184.089569
184.981491
185.868027
186.749191
187.624969
188.495361
189.360870
190.221970
191.078705
191.931030
192.778961
193.622498
194.461655
195.296402
196.126755
196.952713
197.774292
198.591461
199.404251
200.212646
201.016632
201.816223
202.611450
203.402267
204.188675
204.970703
205.748337
206.521576
207.290436
208.054871
208.814941
209.570602
210.321854
211.068741
211.811234
212.549316
213.283005
214.012299
214.737213
215.457733
216.173843
216.885574
217.592911
218.295837
218.994400
219.688538
220.378296
221.063660
221.744644
222.421219
223.093384
223.761169
224.424576
225.083572
225.738174
226.388382
227.034210
227.675629
228.312668
228.945312
229.573563
230.197403
230.816849
231.431931
232.042587
232.648865
233.250763
233.848236
234.441345
235.030029
235.614334
236.194244
236.769760
237.340881
237.907639
238.469971
239.027908
239.581467
240.130600
