0.962186
0.018907
0.018907
0.018907
0.962186
0.018907
0.018907
0.018907
0.962186
0.000000
1.496163
2.953885
4.373164
5.754000
7.096395
8.400348
9.665857
10.892927
12.081553
13.231735
14.343477
15.416777
16.451635
17.448050
18.406023
19.325556
20.206642
21.070120
21.936827
22.806765
23.679926
24.556314
25.435932
26.318777
27.204849
28.094147
28.986671
29.882425
30.781404
31.683613
32.589050
33.497711
34.409599
35.324715
36.243061
37.164627
38.089428
39.017452
39.948704
40.883183
41.820889
42.761826
43.705986
44.653378
45.603989
46.557831
47.514904
48.475204
49.438725
50.405472
51.375454
52.348663
53.325096
54.304756
55.287643
56.273762
57.263100
58.255669
59.251469
60.250492
61.252743
62.258221
63.266926
64.278854
65.294022
66.312408
67.334030
68.358864
69.386940
70.418228
71.452751
72.490501
73.531479
74.575691
75.622116
76.668282
77.714073
78.759506
79.804565
80.849251
81.893570
82.937515
83.981102
85.024315
86.067162
87.109634
88.151741
89.193481
90.234856
91.275848
92.316490
93.356750
94.396637
95.436165
96.475319
97.514107
98.552528
99.590584
100.628258
101.665573
102.702515
103.739090
104.775299
105.811127
106.846596
107.881699
108.916428
109.950790
110.984779
112.018410
113.051659
114.084549
115.117065
116.149208
117.180992
118.212402
119.243446
120.274117
121.304420
122.334358
123.363922
124.393120
125.421951
126.450409
127.478500
128.506210
129.533569
130.560547
131.587173
132.613419
133.639297
134.664627
135.688370
136.710327
137.730515
138.748932
139.765594
140.780457
141.793549
142.804901
143.814453
144.822235
145.828262
146.832489
147.834961
148.835663
149.834579
150.831741
151.827118
152.820709
153.812561
154.802628
155.790909
156.777435
157.762177
158.745163
159.726364
160.705780
161.683456
162.659332
163.633453
164.605789
165.576355
166.545151
167.512177
168.477432
169.440903
170.402618
171.362549
172.320709
173.277100
174.231720
175.184555
176.135620
177.084930
178.032471
178.978226
179.922195
180.864426
181.804855
182.743530
183.680420
184.615540
185.548889
186.480484
187.410294
188.338318
189.264572
190.189148
191.113739
192.039062
192.965118
193.891907
194.819427
195.747665
196.676636
197.606354
198.536789
199.467957
200.399857
201.332504
202.265854
203.199951
204.134781
205.070328
206.006607
206.943634
207.881378
208.819839
209.759048
210.699005
211.639664
212.581070
213.523193
214.466049
215.409637
216.353958
217.299011
218.244797
219.191315
220.138565
221.086533
222.035233
222.984680
223.934845
224.885727
225.837372
226.789719
227.742813
228.696625
229.651184
230.606461
231.562485
232.519226
233.476700
234.434891
235.393829
236.353485
237.313889
238.275009
239.236877
240.199463
241.162781
242.126831
243.091614
244.057114
245.039154
246.053574
247.100342
248.179474
249.290955
250.434799
251.611008
252.819565
254.060486
0.000000
0.000000
1.177785
2.458392
3.727713
4.985746
6.232492
7.467952
8.692124
9.905010
11.106610
12.296921
13.475947
14.643684
15.800136
16.945301
18.079180
19.201771
20.313074
21.413090
22.501822
23.579264
24.645418
25.705820
26.766005
27.825974
28.885721
29.945253
31.004566
32.063660
33.122540
34.181194
35.239635
36.297855
37.355862
38.413647
39.471214
40.528564
41.585693
42.642605
43.699299
44.755775
45.812038
46.868076
47.923897
48.979500
50.034885
51.090054
52.145004
53.199738
54.254250
55.308544
56.362617
57.416477
58.470116
59.523537
60.576740
61.629726
62.682487
63.735039
64.787376
65.839485
66.891380
67.943062
68.994507
70.045753
71.096779
72.147583
73.198166
74.248535
75.298691
76.348610
77.398323
78.447823
79.497101
80.546158
81.595001
82.643616
83.692017
84.740150
85.788040
86.835678
87.883057
88.930191
89.977074
91.023697
92.070068
93.116196
94.162056
95.207680
96.253029
97.298141
98.343002
99.387604
100.431953
101.476051
102.519897
103.563492
104.606827
105.649918
106.692749
107.735329
108.777657
109.819733
110.861557
111.903130
112.944450
113.985519
115.026329
116.066887
117.107193
118.147240
119.187050
120.226601
121.265884
122.304932
123.343719
124.382271
125.420555
126.458580
127.496353
128.533875
129.571167
130.608170
131.644958
132.681458
133.717728
134.753738
135.789490
136.824997
137.860245
138.895248
139.929993
140.964279
141.996918
143.027710
144.056671
145.083786
146.109039
147.132446
148.154037
149.173752
150.191620
151.207657
152.221832
153.234177
154.244675
155.253311
156.260117
157.265060
158.268158
159.269424
160.268845
161.266418
162.262131
163.256012
164.248047
165.238220
166.226547
167.213043
168.197693
169.180481
170.161438
171.140533
172.117783
173.093201
174.066772
175.038483
176.008362
176.976379
177.942566
178.906891
179.869400
180.830032
181.788834
182.745789
183.700867
184.654129
185.605545
186.555115
187.502823
188.448700
189.392715
190.334900
191.275238
192.213715
193.150360
194.085144
195.018143
195.950272
196.881958
197.813156
198.743912
199.674194
200.604019
201.533371
202.462250
203.390686
204.318649
205.246155
206.173203
207.099777
208.025894
208.951538
209.876709
210.801422
211.725693
212.649475
213.572815
214.495682
215.418076
216.340012
217.261490
218.182495
219.103058
220.023117
220.942749
221.861908
222.780609
223.698837
224.616592
225.533890
226.450729
227.367111
228.283020
229.198471
230.113449
231.027969
231.942032
232.855621
233.768753
234.681412
235.593628
236.505356
237.416626
238.327438
239.237778
240.147659
241.057083
241.966049
242.874542
243.782562
244.690140
245.597244
246.493225
247.367477
248.219940
249.050690
249.859665
250.646881
251.412354
252.156067
252.878021
253.578232
254.256699
254.913391
0.000000
2.234446
4.346803
6.337071
8.205251
9.951342
11.575344
13.077257
14.457083
15.714819
16.850466
17.864023
18.818338
19.776270
20.737812
21.702969
22.671734
23.644112
24.620102
25.599703
26.582918
27.569740
28.560179
29.554226
30.551888
31.553160
32.558044
33.566536
34.578648
35.594360
36.613697
37.636635
38.663193
39.693356
40.727135
41.764523
42.805523
43.850132
44.898361
45.950191
47.005642
48.064701
49.127373
50.193653
51.263546
52.337055
53.414169
54.494896
55.579247
56.667198
57.758762
58.853939
59.952732
61.055126
62.161137
63.270760
64.383995
65.500839
66.621300
67.745369
68.873055
70.004341
71.139252
72.277763
73.419411
74.561264
75.702827
76.844116
77.985123
79.125854
80.266289
81.406456
82.546349
83.685951
84.825272
85.964317
87.103073
88.241562
89.379761
90.517677
91.655319
92.792686
93.929756
95.066566
96.203087
97.339317
98.475273
99.610954
100.746353
101.881462
103.016304
104.150856
105.285133
106.419128
107.552834
108.686264
109.819427
110.952301
112.084885
113.217194
114.349228
115.480972
116.612442
117.743637
118.874542
120.005173
121.135513
122.265587
123.395370
124.524879
125.654106
126.783043
127.911713
129.040085
130.168182
131.296005
132.423569
133.548477
134.668381
135.783279
136.893204
137.998123
139.098053
140.192978
141.282913
142.367859
143.447784
144.522736
145.592697
146.657639
147.717606
148.772568
149.822540
150.867508
151.907486
152.942474
153.972458
154.997452
156.017441
157.032440
158.042435
159.047455
160.047470
161.042480
162.032516
163.017532
163.997559
164.972595
165.942627
166.907669
167.867722
168.822769
169.772827
170.717896
171.657944
172.593018
173.523102
174.448166
175.368256
176.283325
177.193436
178.098526
178.998627
179.893723
180.783844
181.668945
182.549057
183.424179
184.294312
185.159988
186.024628
186.888763
187.752426
188.615585
189.478241
190.340424
191.202087
192.063293
192.923981
193.784195
194.643890
195.503113
196.361832
197.220078
198.077805
198.935059
199.791809
200.648071
201.503845
202.359116
203.213898
204.068192
204.921982
205.775299
206.628113
207.480423
208.332260
209.183594
210.034424
210.884781
211.734634
212.584000
213.432877
214.281250
215.129135
215.976532
216.823441
217.669830
218.515762
219.361176
220.206100
221.050552
221.894485
222.737930
223.580902
224.423370
225.265350
226.106827
226.947815
227.788315
228.628326
229.467834
230.302719
231.128983
231.946548
232.755447
233.555664
234.347214
235.130096
235.904282
236.669800
237.426636
238.174805
238.914307
239.645111
240.367264
241.080719
241.785507
242.481613
243.169052
243.847809
244.517883
245.179291
245.832031
246.476089
247.111450
247.738159
248.356186
248.965546
249.566223
250.158203
250.741531
251.316177
251.882141
252.439438
252.988068
