0.962866
0.018567
0.018567
0.018567
0.962866
0.018567
0.018567
0.018567
0.962866
0.000000
1.177341
2.344436
3.501285
4.647887
5.784244
6.910354
8.026218
9.131835
10.227207
11.312332
12.387211
13.451843
14.506230
15.550371
16.584265
17.612230
18.638590
19.663345
20.686491
21.708031
22.727964
23.746288
24.763004
25.778116
26.791622
27.803518
28.813808
29.822493
30.829569
31.835037
32.838902
33.841160
34.841805
35.840847
36.838280
37.834106
38.828327
39.820938
40.811947
41.801346
42.789139
43.775322
44.759895
45.742874
46.724236
47.703991
48.682140
49.658688
50.633621
51.606949
52.578671
53.548786
54.517292
55.484196
56.449490
57.413174
58.375256
59.335728
60.294594
61.251854
62.207504
63.161549
64.114433
65.067223
66.019974
66.972694
67.925369
68.878006
69.830612
70.783173
71.735695
72.688187
73.640633
74.593048
75.545418
76.497757
77.450043
78.402306
79.354523
80.306709
81.258850
82.210960
83.163025
84.115051
85.067039
86.018997
86.970909
87.922783
88.874626
89.826431
90.778183
91.729912
92.681602
93.633247
94.584862
95.536438
96.487961
97.439461
98.390915
99.342339
100.293716
101.245056
102.196365
103.147629
104.098862
105.050041
106.001205
106.952316
107.903397
108.854599
109.806915
110.760521
111.715408
112.671585
113.629044
114.587784
115.547813
116.509117
117.471718
118.435593
119.400757
120.367203
121.334938
122.303947
123.274246
124.245827
125.218697
126.192841
127.168282
128.144989
129.123001
130.102280
131.082855
132.064713
133.047836
134.032272
135.017975
136.004959
136.993240
137.982803
138.973633
139.965759
140.959183
141.953873
142.949844
143.947113
144.945648
145.945480
146.946594
147.949005
148.952682
149.957642
150.963898
151.971436
152.980240
153.990356
155.001663
156.012680
157.022766
158.031921
159.040161
160.047470
161.053864
162.059311
163.063843
164.067444
165.070129
166.071884
167.072723
168.072617
169.071594
170.069641
171.066757
172.062958
173.058228
174.052582
175.046005
176.038498
177.030075
178.020721
179.010437
179.999222
180.987091
181.974030
182.960052
183.945129
184.929291
185.912537
186.894836
187.876236
188.856689
189.836227
190.814835
191.792526
192.769287
193.745102
194.720001
195.693985
196.667038
197.639160
198.610352
199.580643
200.549988
201.518417
202.485672
203.451553
204.416031
205.379120
206.340805
207.301102
208.260010
209.217514
210.173660
211.128372
212.081711
213.033661
213.984192
214.933350
215.881119
216.827484
217.772476
218.716049
219.658249
220.599045
221.538452
222.476471
223.413086
224.348312
225.282150
226.214584
227.145645
228.075287
229.003540
229.930420
230.855896
231.779984
232.702667
233.623978
234.543869
235.462387
236.379517
237.295227
238.209564
239.122513
240.034042
240.944199
241.852966
242.760345
243.666306
244.570892
245.474091
246.375870
247.276291
248.175293
249.072906
0.000000
0.000000
1.074680
2.360853
3.629378
4.880254
6.113481
7.329060
8.526989
9.707271
10.869904
12.014887
13.142223
14.251910
15.343947
16.418337
17.475080
18.514172
19.535616
20.548046
21.560104
22.571789
23.583099
24.594036
25.604599
26.614788
27.624603
28.634045
29.643112
30.651804
31.660124
32.668072
33.675640
34.682838
35.689659
36.696114
37.702187
38.707893
39.713215
40.718170
41.722748
42.726955
43.730789
44.734245
45.737331
46.740044
47.742378
48.744339
49.745930
50.747147
51.747982
52.748455
53.748547
54.748264
55.747612
56.746582
57.745178
58.743401
59.741253
60.738728
61.735828
62.732559
63.728909
64.724892
65.720497
66.715462
67.709511
68.702652
69.694885
70.686218
71.676628
72.666130
73.654724
74.642403
75.629181
76.615036
77.599991
78.584030
79.567169
80.549393
81.530708
82.511108
83.490593
84.469177
85.446854
86.423615
87.399460
88.374397
89.348427
90.321548
91.293762
92.265060
93.235451
94.204933
95.173500
96.141167
97.107918
98.073753
99.038673
100.002701
100.965813
101.928009
102.889297
103.849670
104.809143
105.767708
106.725342
107.682091
108.637917
109.592834
110.546844
111.501373
112.457893
113.416374
114.376839
115.339279
116.303688
117.270073
118.238434
119.208771
120.181076
121.155357
122.131615
123.109848
124.090057
125.072235
126.056389
127.042519
128.030624
129.020691
130.012741
131.006775
132.002777
133.000748
134.000687
135.002625
136.006516
137.012375
138.020233
139.030060
140.041855
141.055618
142.071350
143.089081
144.108765
145.130432
146.154083
147.179688
148.207275
149.236847
150.268372
151.301895
152.337387
153.374832
154.414276
155.455673
156.499054
157.541809
158.581284
159.617493
160.650436
161.680130
162.706543
163.729706
164.749603
165.766220
166.779602
167.789703
168.796555
169.800125
170.800446
171.797485
172.791290
173.781799
174.769073
175.753067
176.733810
177.711273
178.685471
179.656433
180.624115
181.588531
182.549683
183.507568
184.462189
185.413559
186.361664
187.306503
188.248077
189.186386
190.121429
191.053223
191.981750
192.906998
193.828995
194.747726
195.663193
196.575394
197.484344
198.390015
199.292435
200.191574
201.087479
201.982773
202.880096
203.779480
204.680908
205.584396
206.489914
207.397507
208.307129
209.218826
210.132553
211.048340
211.966171
212.886047
213.807983
214.731964
215.657990
216.586090
217.516205
218.448395
219.382629
220.318909
221.257233
222.197617
223.140045
224.084534
225.031067
225.979645
226.930283
227.882965
228.837708
229.794479
230.753311
231.714203
232.677139
233.642105
234.609146
235.578232
236.549362
237.522552
238.497787
239.475067
240.454391
241.435776
242.419205
243.404694
244.392227
245.381805
246.373444
247.367126
248.362869
249.360641
250.360474
251.362366
0.000000
0.747240
2.216531
3.649798
5.047040
6.408258
7.733451
9.022619
10.275765
11.492887
12.673981
13.819051
14.928098
16.001120
17.055834
18.109951
19.163475
20.216406
21.268744
22.320484
23.371632
24.422186
25.472143
26.521509
27.570280
28.618458
29.666039
30.713026
31.759422
32.805222
33.850422
34.895031
35.939056
36.982471
38.025303
39.067539
40.109177
41.150227
42.190674
43.230530
44.269794
45.308464
46.346539
47.384018
48.420906
49.457191
50.492893
51.527988
52.562508
53.596424
54.629742
55.662468
56.694595
57.726139
58.757080
59.787415
60.816856
61.845299
62.872738
63.899166
64.924591
65.949020
66.972435
67.994843
69.016243
70.036652
71.056046
72.074432
73.091820
74.108200
75.123573
76.137939
77.151306
78.163666
79.175018
80.185371
81.194710
82.203056
83.210388
84.216721
85.222038
86.226364
87.229668
88.231979
89.233284
90.233582
91.232880
92.231155
93.228447
94.224731
95.219994
96.214264
97.207527
98.199783
99.191032
100.181282
101.170532
102.159134
103.149338
104.141495
105.135628
106.131714
107.129768
108.129791
109.131767
110.135712
111.141624
112.149490
113.159325
114.171127
115.184891
116.200615
117.218300
118.237953
119.259575
120.283150
121.308685
122.336197
123.365662
124.397095
125.430496
126.465858
127.503174
128.542465
129.583710
130.626923
131.672104
132.719238
133.768341
134.819412
135.872437
136.927429
137.984390
139.043304
140.104202
141.167053
142.231857
143.298630
144.367355
145.436478
146.502075
147.563980
148.622208
149.676712
150.727554
151.774704
152.818161
153.857925
154.893997
155.926376
156.955078
157.980072
159.001389
160.018997
161.032944
162.043182
163.049728
164.052582
165.051758
166.047226
167.039017
168.027115
169.011520
169.992233
170.969269
171.942612
172.912262
173.878220
174.840469
175.799057
176.753937
177.705124
178.652634
179.596451
180.536560
181.473007
182.405746
183.334793
184.260147
185.181824
186.099808
187.014496
187.926208
188.835022
189.740891
190.643829
191.543808
192.440887
193.335022
194.226227
195.114487
195.999817
196.882217
197.761688
198.638214
199.511826
200.382492
201.250214
202.115021
202.976883
203.835815
204.691803
205.544876
206.395020
207.242218
208.086472
208.927811
209.766205
210.601669
211.434204
212.263794
213.090469
213.914185
214.734985
215.552841
216.367783
217.179779
217.988831
218.794968
219.598160
220.398422
221.195755
221.990158
222.781616
223.570145
224.355743
225.138412
225.918121
226.694931
227.468781
228.239716
229.007706
229.772766
230.534897
231.294083
232.050339
232.803680
233.554077
234.301529
235.046051
235.787643
236.526306
237.262039
237.994812
238.724686
239.451599
240.175598
240.896652
241.614777
242.329956
243.042221
243.751556
244.457932
245.161407
245.861923
246.559509
