0.986954
0.006523
0.006523
0.006523
0.986954
0.006523
0.006523
0.006523
0.986954
0.000000
1.065739
2.120517
3.164335
4.197194
5.219091
6.230029
7.230006
8.219025
9.197081
10.164178
11.120314
12.065489
13.004900
13.943749
14.882033
15.819753
16.756907
17.693499
18.629522
19.564983
20.499882
21.434212
22.367979
23.301180
24.233818
25.165890
26.097399
27.028339
27.958717
28.888531
29.817780
30.746466
31.674583
32.602135
33.529129
34.455555
35.381413
36.306709
37.231438
38.155605
39.079208
40.003246
40.930187
41.860134
42.793095
43.729065
44.668041
45.610023
46.555023
47.503029
48.454041
49.408066
50.365101
51.325142
52.288197
53.254257
54.223328
55.195404
56.170498
57.148594
58.129707
59.113823
60.100948
61.091084
62.084229
63.080383
64.079552
65.081718
66.086906
67.095100
68.105659
69.114693
70.121544
71.126228
72.128731
73.129059
74.127220
75.123207
76.117012
77.108658
78.098122
79.085403
80.070526
81.053467
82.034233
83.012833
83.989250
84.963493
85.935562
86.905472
87.873184
88.838737
89.802116
90.763321
91.722351
92.679207
93.633888
94.586395
95.536728
96.484940
97.431992
98.378304
99.323860
100.268669
101.212730
102.156044
103.098610
104.040421
104.981491
105.921806
106.861382
107.800209
108.738281
109.675606
110.612183
111.548012
112.483101
113.417435
114.351021
115.283852
116.215935
117.147270
118.077866
119.007713
119.936813
120.865150
121.792755
122.719597
123.645699
124.569664
125.490120
126.407074
127.320511
128.230438
129.136856
130.039749
130.939148
131.835037
132.727417
133.616272
134.501633
135.383469
136.261780
137.136597
138.007904
138.875702
139.739990
140.600769
141.458038
142.311783
143.162033
144.008743
144.851959
145.691681
146.527878
147.360565
148.189743
149.015396
149.837555
150.656204
151.471329
152.282959
153.091064
153.895660
154.696747
155.494308
156.288376
157.078934
157.865982
158.649506
159.429535
160.206039
160.979050
161.748535
162.514511
163.276978
164.035934
164.791382
165.543320
166.291733
167.036652
167.778046
168.515945
169.250320
169.981186
170.708542
171.432388
172.152725
172.869553
173.582870
174.292664
174.998978
175.701752
176.401001
177.096756
177.789032
178.477768
179.162979
179.844696
180.522903
181.197601
181.868774
182.536438
183.200607
183.861252
184.518402
185.172028
185.822144
186.468750
187.111847
187.751419
188.387497
189.020065
189.649094
190.274643
190.896683
191.515198
192.130188
192.741699
193.349670
193.954147
194.555130
195.152573
195.746490
196.336945
196.923859
197.507263
198.087173
198.663559
199.236404
199.805771
200.371643
200.933975
201.492813
202.048141
202.599930
203.148224
203.693024
204.234299
204.772079
205.306320
205.837067
206.364304
206.888016
207.408218
207.924927
208.438126
208.947815
209.453979
209.956619
210.455765
210.951401
211.443527
211.932144
212.417236
0.000000
0.565066
1.265215
2.100446
3.070762
4.176160
5.416641
6.792205
8.302853
9.948585
11.645691
13.310472
14.942924
16.543051
18.110849
19.646320
21.149462
22.620277
24.058764
25.464924
26.838758
28.180260
29.489439
30.766293
32.010811
33.223007
34.402874
35.550415
36.665623
37.748508
38.802937
39.852112
40.899914
41.946335
42.991379
44.035042
45.077332
46.118240
47.157768
48.195919
49.232693
50.268089
51.302105
52.334743
53.366001
54.395882
55.424389
56.451511
57.477261
58.501629
59.524620
60.551842
61.588913
62.635822
63.692585
64.759186
65.835640
66.921936
68.018074
69.124069
70.239899
71.365578
72.501099
73.646461
74.801674
75.966736
77.141647
78.326393
79.520988
80.725426
81.939713
83.161118
84.373322
85.573608
86.761986
87.938438
89.102966
90.255585
91.396278
92.525040
93.641899
94.746826
95.839851
96.920937
97.990112
99.047363
100.092705
101.126114
102.147606
103.157181
104.154839
105.140572
106.119133
107.095245
108.068932
109.040169
110.008980
110.975342
111.939262
112.900757
113.859802
114.816414
115.770592
116.722336
117.671631
118.618492
119.562920
120.504906
121.444450
122.381554
123.316223
124.248459
125.178253
126.105614
127.030533
127.953011
128.873062
129.790665
130.705826
131.618561
132.528854
133.436707
134.342133
135.245087
136.145630
137.043732
137.939407
138.832626
139.723419
140.611755
141.497681
142.381134
143.262177
144.140778
145.016937
145.890671
146.761948
147.630783
148.497192
149.361176
150.222687
151.081772
151.938431
152.792664
153.644440
154.493774
155.340683
156.185150
157.027176
157.866760
158.703903
159.538620
160.370895
161.200745
162.028137
162.853088
163.675629
164.495697
165.313354
166.128555
166.941330
167.751663
168.559570
169.365021
170.168030
170.968597
171.766754
172.562454
173.355728
174.146561
174.934952
175.720901
176.504425
177.285492
178.064133
178.840332
179.614090
180.385422
181.154312
181.920761
182.684769
183.446350
184.205475
184.962173
185.716431
186.468246
187.217621
187.964569
188.709091
189.451141
190.190781
190.927979
191.662735
192.395050
193.124939
193.852371
194.577377
195.299942
196.020065
196.737762
197.453003
198.165817
198.876190
199.584137
200.289627
200.992676
201.693314
202.391495
203.087250
203.780548
204.471420
205.159851
205.845856
206.529404
207.210526
207.889206
208.565460
209.239243
209.910614
210.579529
211.246033
211.910080
212.571686
213.230881
213.887604
214.541916
215.193771
215.843185
216.490189
217.134735
217.776840
218.416519
219.053741
219.688553
220.320908
220.950836
221.578308
222.203354
222.825958
223.446121
224.063858
224.679153
225.292007
225.902420
226.510406
227.115936
227.719040
228.319717
228.917938
229.513718
230.107071
230.697998
231.286453
231.872498
232.456085
233.037247
0.000000
2.525808
4.736380
6.631714
8.211813
9.476674
10.599278
11.752600
12.936639
14.151397
15.396873
16.673069
17.979982
19.317612
20.685965
22.085033
23.514824
24.975330
26.466553
27.988501
29.531693
31.039341
32.501972
33.919590
35.292194
36.619781
37.902359
39.139915
40.332462
41.479988
42.582508
43.640003
44.652493
45.619957
46.542416
47.459324
48.410152
49.394897
50.413567
51.466152
52.552662
53.673088
54.827435
56.015701
57.237888
58.493992
59.784019
61.107964
62.465828
63.850460
65.218941
66.564125
67.885994
69.184563
70.459824
71.711792
72.940445
74.145798
75.327850
76.486595
77.622040
78.734169
79.822998
80.888535
81.939667
82.985313
84.025467
85.060135
86.089310
87.112999
88.131203
89.143906
90.151138
91.152870
92.149109
93.139862
94.125130
95.104904
96.079193
97.047997
98.011299
98.969124
99.921455
100.868294
101.809647
102.745514
103.675888
104.600777
105.520180
106.434082
107.342506
108.245438
109.142883
110.034828
110.921295
111.802269
112.677757
113.547760
114.412262
115.271286
116.124817
116.972862
117.815414
118.652481
119.484047
120.310135
121.130737
121.945839
122.755455
123.559586
124.358231
125.151375
125.939041
126.721222
127.497902
128.269104
129.034821
129.795029
130.549759
131.299011
132.042740
132.781021
133.513779
134.241074
134.962860
135.679169
136.389999
137.095322
137.795166
138.489532
139.178391
139.861755
140.539642
141.212036
141.878952
142.540359
143.196289
143.846725
144.491669
145.131149
145.765106
146.393585
147.016586
147.634079
148.246109
148.852631
149.453674
150.049240
150.639297
151.223862
151.802948
152.376541
152.944656
153.507263
154.064392
154.616028
155.162186
155.702850
156.238007
156.767700
157.291885
157.810593
158.323822
158.831543
159.333786
159.830521
160.321793
160.807556
161.287842
161.762634
162.231934
162.695755
163.154083
163.606903
164.054260
164.496124
164.932495
165.363373
165.788788
166.208679
166.623093
167.032013
167.435455
167.833405
168.225845
168.612839
168.994308
169.370300
169.740814
170.105820
170.465347
170.819382
171.167923
171.511002
171.848572
172.180649
172.507233
172.828339
173.143936
173.454071
173.758713
174.057861
174.351517
174.639694
174.922363
175.199570
175.471268
175.737473
175.998199
176.253433
176.503189
176.747437
176.986206
177.219482
177.447281
177.669571
177.886383
178.097717
178.303543
178.503906
178.698761
178.888123
179.072006
179.250397
179.423309
179.590698
179.752640
179.909073
180.060028
180.205460
180.345444
180.479919
180.608902
180.732407
180.850418
180.962952
181.069977
181.171524
181.267578
181.358139
181.443222
181.522827
181.596909
181.665527
181.728653
181.786270
181.838425
181.885086
181.926239
181.961929
181.992111
182.016815
182.036026
182.049744
182.057983
182.060730
