0.946962
0.026519
0.026519
0.026519
0.946962
0.026519
0.026519
0.026519
0.946962
0.000000
0.906445
1.818492
2.736141
3.659392
4.588246
5.522702
6.462759
7.408419
8.359681
9.316545
10.279012
11.247080
12.220752
13.200024
14.184898
15.175377
16.171455
17.173136
18.180420
19.193306
20.211794
21.235884
22.265577
23.300871
24.341768
25.388268
26.440367
27.498070
28.561375
29.626974
30.691565
31.755146
32.817719
33.879280
34.939831
35.999374
37.057907
38.115429
39.171940
40.227448
41.281937
42.335423
43.387894
44.439354
45.489807
46.539249
47.587681
48.635109
49.681522
50.726925
51.771317
52.814705
53.857079
54.898441
55.938793
56.978138
58.016472
59.053795
60.090111
61.125412
62.159706
63.192997
64.225266
65.256538
66.286789
67.316032
68.344276
69.371498
70.397713
71.422913
72.447113
73.470306
74.492477
75.513634
76.533791
77.552940
78.571014
79.587547
80.602493
81.615837
82.627594
83.637749
84.646294
85.653259
86.658623
87.662384
88.664558
89.665123
90.664108
91.661476
92.657265
93.651443
94.644043
95.635033
96.624428
97.612228
98.598434
99.583038
100.566040
101.547455
102.527267
103.505486
104.482109
105.457130
106.430557
107.402390
108.372627
109.341263
110.308311
111.273743
112.237602
113.199844
114.160507
115.119568
116.077026
117.032883
117.987152
118.939827
119.890892
120.840370
121.788254
122.734535
123.679230
124.622322
125.565987
126.512405
127.461563
128.413467
129.368134
130.325531
131.285675
132.248581
133.214218
134.182617
135.153748
136.127640
137.104279
138.083649
139.065781
140.050644
141.038284
142.028641
143.021774
144.017639
145.016235
146.017609
147.021713
148.028564
149.038162
150.050507
151.065613
152.083450
153.104050
154.127380
155.153458
156.182297
157.213867
158.248199
159.285263
160.325104
161.367661
162.412979
163.461044
164.511856
165.565414
166.621719
167.680771
168.742554
169.807114
170.874405
171.944458
173.016663
174.087601
175.156677
176.223907
177.289276
178.352798
179.414459
180.474258
181.532227
182.588318
183.642563
184.694962
185.745483
186.794159
187.840988
188.885971
189.929077
190.970352
192.009766
193.047318
194.083023
195.116867
196.148865
197.179001
198.207275
199.233704
200.258286
201.281006
202.301880
203.320892
204.338043
205.353348
206.366806
207.378403
208.388138
209.396027
210.402054
211.406235
212.408554
213.409027
214.407639
215.404404
216.399307
217.392349
218.383560
219.372894
220.360397
221.346024
222.326797
223.299606
224.264481
225.221405
226.170410
227.111481
228.044632
228.969833
229.887085
230.796417
231.697830
232.591278
233.476822
234.354416
235.224060
236.085800
236.939606
237.785446
238.623383
239.453369
240.275421
241.089539
241.895737
242.693985
243.484314
244.266693
245.041122
245.807648
246.566238
247.316879
248.059601
248.794373
249.521210
250.240112
250.951096
251.654144
0.000000
0.369514
1.411859
2.456362
3.503024
4.551845
5.602823
6.655961
7.711258
8.768713
9.828324
10.890097
11.954027
13.020115
14.088363
15.158770
16.231337
17.306057
18.382940
19.461981
20.543180
21.626535
22.712051
23.799728
24.889559
25.981552
27.075705
28.172012
29.270477
30.368731
31.464392
32.557461
33.647938
34.735828
35.821129
36.903835
37.983955
39.061478
40.136414
41.208759
42.278515
43.345680
44.410255
45.472237
46.531628
47.588425
48.642635
49.694260
50.743286
51.789722
52.833569
53.874828
54.913494
55.949570
56.983055
58.013950
59.042252
60.067966
61.091084
62.111618
63.129559
64.144905
65.157669
66.167839
67.175423
68.180412
69.182800
70.182617
71.179832
72.174454
73.166489
74.155930
75.142784
76.127045
77.108719
78.087799
79.064285
80.040115
81.017181
81.995483
82.975037
83.955841
84.937881
85.921181
86.905716
87.891502
88.878532
89.866806
90.856331
91.847099
92.839111
93.832367
94.826874
95.822617
96.819618
97.817863
98.817352
99.818085
100.820068
101.823288
102.827759
103.833473
104.840439
105.848648
106.858101
107.868805
108.880745
109.893936
110.908371
111.924057
112.940987
113.959160
114.978577
115.999245
117.021164
118.044312
119.068726
120.094376
121.121269
122.149399
123.178795
124.209419
125.241302
126.274429
127.308792
128.343933
129.379379
130.415131
131.451187
132.487518
133.524170
134.561127
135.598373
136.635925
137.673782
138.711929
139.750397
140.789154
141.828217
142.867569
143.907227
144.947189
145.987457
147.028015
148.068893
149.110046
150.151520
151.193298
152.235367
153.277740
154.320404
155.363388
156.406662
157.450241
158.494110
159.538300
160.582779
161.627548
162.672623
163.718018
164.763702
165.809692
166.855972
167.902557
168.949448
169.996643
171.044144
172.091934
173.140015
174.188416
175.237106
176.286118
177.335419
178.383179
179.427536
180.468521
181.506119
182.540329
183.571152
184.598602
185.622650
186.643326
187.660599
188.674515
189.685013
190.692139
191.695877
192.696243
193.693207
194.686798
195.676987
196.663803
197.647232
198.627258
199.603928
200.577194
201.547073
202.513565
203.476685
204.436401
205.392731
206.345688
207.295258
208.241440
209.184235
210.123642
211.059677
211.992294
212.921555
213.847412
214.769897
215.688995
216.604706
217.517029
218.425964
219.331512
220.233673
221.132462
222.027863
222.919861
223.808472
224.695221
225.581650
226.467728
227.353455
228.238861
229.123901
230.008606
230.892975
231.776993
232.660675
233.544022
234.427017
235.309662
236.191986
237.073959
237.955582
238.836884
239.717834
240.598434
241.478699
242.358627
243.238205
244.117447
244.996338
245.874893
246.753098
247.630981
248.508499
249.385696
250.262543
251.139038
252.015198
252.891022
253.766495
254.641632
0.000000
0.969182
1.944030
2.924545
3.910725
4.902572
5.900084
6.903263
7.912107
8.926618
9.946795
10.972637
12.004145
13.041319
14.084160
15.132667
16.186838
17.246677
18.312183
19.383352
20.460192
21.542694
22.630863
23.724695
24.824198
25.929363
27.040197
28.156694
29.275110
30.391701
31.506462
32.619396
33.730503
34.839775
35.947227
37.052845
38.156635
39.258602
40.358738
41.457047
42.553524
43.648174
44.740997
45.831993
46.921158
48.008499
49.094006
50.177692
51.259544
52.339569
53.417770
54.494137
55.568676
56.641388
57.712269
58.781326
59.848557
60.913956
61.977528
63.039268
64.099190
65.157272
66.213531
67.267960
68.320564
69.371346
70.420280
71.467400
72.512695
73.556160
74.597794
75.637596
76.675568
77.712509
78.749199
79.785637
80.821823
81.857758
82.893440
83.928879
84.964066
85.999001
87.033684
88.068115
89.102303
90.136230
91.169914
92.203354
93.236534
94.269463
95.302147
96.334572
97.366760
98.398689
99.430367
100.461800
101.492981
102.523911
103.554588
104.585014
105.615196
106.645126
107.674797
108.704224
109.733398
110.762329
111.791008
112.819435
113.847603
114.875534
115.903206
116.930641
117.957809
118.984734
120.011406
121.037827
122.063995
123.089928
124.116585
125.144974
126.175072
127.206909
128.240463
129.275742
130.312744
131.351471
132.391922
133.434097
134.477997
135.523605
136.570969
137.620026
138.670822
139.723343
140.777588
141.833542
142.891220
143.950638
145.011765
146.074631
147.139221
148.205536
149.273560
150.343307
151.414795
152.487991
153.562927
154.639572
155.717941
156.798035
157.879852
158.963409
160.048676
161.135681
162.224396
163.314819
164.406998
165.500885
166.596497
167.693817
168.792892
169.893677
170.996170
172.096115
173.189148
174.275299
175.354538
176.426910
177.492386
178.550964
179.602646
180.647461
181.685364
182.716385
183.740524
184.757767
185.768112
186.771576
187.768143
188.757812
189.740616
190.716522
191.685532
192.647659
193.602875
194.551224
195.492676
196.427216
197.354889
198.275665
199.189575
200.096558
200.996674
201.889893
202.776215
203.655655
204.528198
205.393860
206.252625
207.104492
207.949493
208.787582
209.618790
210.443100
211.260529
212.071075
212.874710
213.671478
214.465256
215.260025
216.055817
216.852570
217.650330
218.449066
219.248779
220.049500
220.851196
221.653885
222.457565
223.262222
224.067871
224.874496
225.682129
226.490738
227.300323
228.110916
228.922485
229.735031
230.548584
231.363113
232.178619
232.995132
233.812622
234.631104
235.450562
236.271011
237.092453
237.914886
238.738297
239.562698
240.388092
241.214462
242.041824
242.870163
243.699509
244.529831
245.361145
246.193436
247.026718
247.861008
248.696259
249.532501
250.369736
251.207962
252.047165
252.887344
