0.973617
0.013191
0.013191
0.013191
0.973617
0.013191
0.013191
0.013191
0.973617
0.000000
1.017491
2.274278
3.521662
4.759644
5.988221
7.207396
8.417168
9.617535
10.808501
11.990063
13.162222
14.324977
15.478329
16.622276
17.756821
18.881966
19.997705
21.104042
22.200975
23.288504
24.366631
25.435354
26.498436
27.559631
28.618944
29.676369
30.731911
31.785572
32.837345
33.887234
34.935242
35.981365
37.025600
38.067951
39.108421
40.147003
41.183704
42.218517
43.251453
44.282497
45.311657
46.338940
47.364330
48.387844
49.409466
50.429207
51.447067
52.463039
53.477131
54.489326
55.499645
56.508087
57.514633
58.519299
59.522083
60.522980
61.521992
62.519123
63.514366
64.507729
65.499214
66.488800
67.476509
68.462341
69.446274
70.428322
71.408501
72.386787
73.363190
74.337708
75.310349
76.281090
77.249954
78.216934
79.182030
80.145241
81.106804
82.067314
83.026787
83.985222
84.942619
85.898979
86.854309
87.808609
88.761864
89.714081
90.665268
91.615425
92.564537
93.512627
94.459671
95.405678
96.350655
97.294601
98.237503
99.179375
100.120201
101.060005
101.998772
102.936501
103.873192
104.808846
105.743477
106.677063
107.609619
108.541130
109.471611
110.401062
111.329475
112.256851
113.183189
114.108498
115.032761
115.956009
116.878204
117.799362
118.719490
119.638588
120.556648
121.473679
122.389656
123.304611
124.218529
125.131409
126.043266
126.954079
127.863853
128.772598
129.680298
130.586975
131.492966
132.400436
133.309738
134.220856
135.133820
136.048599
136.965225
137.883667
138.803955
139.726074
140.650009
141.575775
142.503387
143.432816
144.364090
145.297180
146.232101
147.168854
148.107452
149.047867
149.990112
150.934189
151.880096
152.827835
153.777405
154.728806
155.682037
156.637100
157.593994
158.552704
159.513260
160.475647
161.439865
162.405914
163.373779
164.343491
165.315033
166.288406
167.263611
168.240631
169.219482
170.200180
171.182693
172.167053
173.153229
174.141251
175.131088
176.122772
177.116257
178.111603
179.108765
180.107773
181.108582
182.111252
183.115662
184.119888
185.123215
186.125595
187.127045
188.127533
189.127121
190.125763
191.123474
192.120224
193.116074
194.110977
195.104935
196.097977
197.090088
198.081253
199.071487
200.060791
201.049149
202.036575
203.023071
204.008636
204.993256
205.976959
206.959732
207.941544
208.922424
209.902390
210.881424
211.859497
212.836655
213.812881
214.788162
215.762512
216.735931
217.708405
218.679962
219.650589
220.620270
221.589020
222.556824
223.523712
224.489639
225.454651
226.418732
227.381882
228.344086
229.305359
230.265701
231.225098
232.183578
233.141113
234.097717
235.053375
236.008118
236.976166
237.971817
238.995041
240.045837
241.124237
242.230209
243.363754
244.524887
245.713608
246.929901
248.173782
249.445251
250.744293
252.070923
253.425140
254.806931
0.000000
0.000000
0.718628
2.003814
3.281656
4.552152
5.815305
7.071113
8.319577
9.560698
10.794473
12.020905
13.239992
14.451735
15.656134
16.853186
18.042898
19.225262
20.400284
21.567963
22.728294
23.881285
25.026928
26.165228
27.296185
28.419796
29.536066
30.644991
31.746567
32.840801
33.929932
35.016197
36.099598
37.180130
38.257801
39.332603
40.404545
41.473618
42.539825
43.603168
44.663651
45.721264
46.776012
47.827892
48.876911
49.923061
50.966354
52.006771
53.044334
54.079025
55.110851
56.139809
57.165909
58.189140
59.209503
60.227005
61.241642
62.253414
63.262314
64.268356
65.271530
66.271835
67.269279
68.263863
69.255585
70.244431
71.230415
72.213531
73.193787
74.171165
75.145699
76.117355
77.086143
78.052078
79.015137
79.975327
80.932663
81.887123
82.838730
83.787468
84.733337
85.676346
86.616486
87.554108
88.491394
89.428680
90.365974
91.303268
92.240585
93.177895
94.115211
95.052528
95.989861
96.927200
97.864540
98.801888
99.739243
100.676598
101.613968
102.551346
103.488724
104.426102
105.363495
106.300896
107.238297
108.175705
109.113121
110.050537
110.987961
111.925392
112.862839
113.800278
114.737732
115.675186
116.612656
117.550117
118.487595
119.425079
120.362572
121.300056
122.237556
123.175056
124.112572
125.050087
125.987610
126.925140
127.862686
128.800232
129.737778
130.675323
131.612885
132.550446
133.488022
134.425598
135.363174
136.300766
137.238358
138.176605
139.116150
140.056946
140.999054
141.942413
142.887070
143.833023
144.780258
145.728775
146.678574
147.629669
148.582031
149.535690
150.490616
151.446854
152.404358
153.363144
154.323227
155.284576
156.247238
157.211151
158.176376
159.142868
160.110657
161.079712
162.050064
163.021713
163.994629
164.968826
165.944321
166.921097
167.899139
168.878494
169.859116
170.841019
171.824219
172.808685
173.794449
174.781494
175.769836
176.759445
177.750351
178.742523
179.736008
180.730759
181.726807
182.724121
183.722733
184.722626
185.723785
186.726257
187.729996
188.735016
189.740936
190.745255
191.747543
192.747849
193.746155
194.742447
195.736755
196.729050
197.719330
198.707626
199.693909
200.678192
201.660461
202.640762
203.619019
204.595291
205.569565
206.541840
207.512100
208.480362
209.446609
210.410873
211.373123
212.333359
213.291611
214.247849
215.202103
216.154343
217.104568
218.052826
218.999039
219.943268
220.885498
221.825714
222.763931
223.700150
224.634369
225.566589
226.496780
227.425003
228.351196
229.275391
230.197586
231.117798
232.035980
232.952164
233.866348
234.778549
235.688721
236.596909
237.503082
238.407242
239.309433
240.209579
241.136047
242.117096
243.152740
244.242966
245.387772
246.587189
247.841202
249.149796
250.512955
251.930740
253.403076
254.930038
0.000000
1.164336
2.331738
3.502205
4.675737
5.852335
7.031999
8.214728
9.400522
10.589382
11.781308
12.976298
14.174356
15.375476
16.579666
17.786921
18.997238
20.210621
21.427069
22.646585
23.869164
25.090881
26.307812
27.519953
28.727306
29.929869
31.127644
32.320629
33.508823
34.692238
35.870853
37.044682
38.213730
39.377979
40.537445
41.692120
42.842010
43.987106
45.127415
46.262936
47.393665
48.519611
49.640766
50.757130
51.868706
52.975494
54.077492
55.174706
56.267132
57.354759
58.437607
59.515659
60.588924
61.657402
62.721092
63.779987
64.834099
65.883423
66.927963
67.967697
69.002655
70.032829
71.058212
72.078796
73.094597
74.105614
75.111832
76.113274
77.109917
78.101784
79.088852
80.071259
81.051788
82.031578
83.010635
83.988953
84.966530
85.943367
86.919472
87.894836
88.869461
89.843353
90.816513
91.788925
92.760597
93.731529
94.701736
95.671196
96.639923
97.607918
98.575165
99.541679
100.507446
101.472481
102.436790
103.400345
104.363174
105.325256
106.286606
107.247215
108.207085
109.166222
110.124619
111.082283
112.039200
112.995384
113.950821
114.905540
115.859505
116.812737
117.765236
118.716995
119.668015
120.618294
121.567833
122.516640
123.464706
124.412041
125.358635
126.304489
127.249611
128.194000
129.137863
130.082718
131.028763
131.976013
132.924469
133.874130
134.824982
135.777054
136.730316
137.684784
138.640457
139.597336
140.555420
141.514694
142.475174
143.436859
144.399765
145.363846
146.329147
147.295639
148.263351
149.232254
150.202362
151.173676
152.146194
153.119919
154.094833
155.070953
156.048294
157.026810
158.006561
158.987488
159.969620
160.952972
161.937515
162.923264
163.910217
164.898376
165.887741
166.878311
167.870071
168.863037
169.857208
170.852570
171.849152
172.846939
173.845917
174.846100
175.847504
176.850082
177.853882
178.857452
179.857346
180.853394
181.845596
182.833954
183.818466
184.799149
185.775970
186.748947
187.718079
188.683380
189.644821
190.602402
191.556168
192.506088
193.452148
194.394379
195.332748
196.267288
197.197968
198.124817
199.047821
199.966965
200.882263
201.793732
202.701370
203.605148
204.505066
205.401154
206.293396
207.181778
208.066345
208.947052
209.823914
210.696930
211.566116
212.431427
213.292923
214.150543
215.004349
215.854309
216.700409
217.542679
218.381088
219.215652
220.046371
220.873276
221.696304
222.515503
223.330841
224.142349
224.957458
225.783646
226.620895
227.469208
228.328598
229.199036
230.080551
230.973145
231.876801
232.791519
233.717300
234.654144
235.602066
236.561066
237.531113
238.512222
239.504425
240.507690
241.522003
242.547394
243.583847
244.631378
245.689972
246.759628
247.840347
248.932144
250.035004
251.148941
252.273941
253.410004
254.557129
255.000000
