0.991906
0.004047
0.004047
0.004047
0.991906
0.004047
0.004047
0.004047
0.991906
0.000000
1.016821
2.034281
3.052381
4.071120
5.090499
6.110518
7.131176
8.152476
9.174414
10.196992
11.220211
12.244068
13.267459
14.289285
15.309541
16.328230
17.345350
18.360903
19.374889
20.387304
21.398153
22.407436
23.415148
24.421293
25.425869
26.428877
27.430317
28.430189
29.428492
30.425228
31.420397
32.413998
33.406029
34.396492
35.385387
36.372715
37.358475
38.342663
39.325291
40.306343
41.285835
42.263748
43.240097
44.214874
45.188095
46.159740
47.129822
48.098335
49.065273
50.030663
50.994492
51.956768
52.917492
53.876659
54.834278
55.790337
56.744843
57.697800
58.649200
59.599041
60.547333
61.494072
62.439255
63.382885
64.324959
65.265488
66.204453
67.141869
68.077736
69.012032
69.944794
70.875984
71.805634
72.733719
73.660263
74.585243
75.508675
76.430550
77.350868
78.269646
79.186852
80.102516
81.016624
81.929169
82.840172
83.749649
84.657799
85.564659
86.470238
87.374519
88.277512
89.179207
90.079620
90.978737
91.876572
92.773109
93.668358
94.562317
95.454979
96.346359
97.236450
98.125244
99.012749
99.898964
100.783882
101.667519
102.549866
103.430916
104.310677
105.189148
106.066322
106.942223
107.816818
108.690125
109.562141
110.432877
111.302315
112.170464
113.037315
113.902878
114.767159
115.630135
116.492500
117.355865
118.220306
119.085815
119.952408
120.820076
121.688820
122.558640
123.429535
124.301506
125.174553
126.048676
126.923874
127.800156
128.677505
129.555939
130.435455
131.316025
132.197693
133.080414
133.964233
134.849121
135.735092
136.622131
137.510239
138.399429
139.289703
140.181046
141.073471
141.966965
142.861526
143.757187
144.653900
145.551712
146.450592
147.350540
148.251572
149.155350
150.063568
150.976227
151.893280
152.814774
153.740707
154.671066
155.605850
156.545044
157.488693
158.436752
159.389252
160.346176
161.307526
162.273315
163.243530
164.218155
165.197235
166.180725
167.168655
168.161011
169.157791
170.158981
171.164627
172.174698
173.189194
174.208115
175.231476
176.259247
177.291458
178.328094
179.369156
180.414658
181.464584
182.518921
183.577698
184.640915
185.708542
186.780624
187.857101
188.938019
190.023376
191.113144
192.207367
193.306000
194.409058
195.516541
196.628479
197.744827
198.865601
199.990814
201.120438
202.254501
203.392990
204.535904
205.683273
206.835037
207.991226
209.151871
210.316940
211.486435
212.660339
213.838699
215.021484
216.208679
217.400314
218.596375
219.796860
221.001785
222.211136
223.424911
224.643097
225.865738
227.092804
228.324295
229.560211
230.800552
232.045319
233.294525
234.548157
235.806229
237.068695
238.335617
239.606964
240.882751
242.162949
243.447571
244.736633
246.030106
247.328033
248.630386
249.937149
251.248352
252.563980
253.884048
255.000000
0.000000
0.847085
1.730373
2.649866
3.605564
4.597466
5.625572
6.689883
7.790398
8.927117
10.100040
11.309169
12.554501
13.836037
15.131263
16.417665
17.695244
18.963995
20.223925
21.475029
22.717308
23.950764
25.175394
26.391201
27.598185
28.796341
29.985674
31.166182
32.337868
33.500725
34.654758
35.799969
36.936359
38.063919
39.182659
40.292572
41.393661
42.485920
43.569363
44.643974
45.709766
46.766731
47.814877
48.854191
49.884686
50.906345
51.921696
52.936813
53.951984
54.967209
55.982483
56.997814
58.013203
59.028641
60.044132
61.059677
62.075279
63.090931
64.106636
65.122398
66.138206
67.154068
68.169998
69.185974
70.201996
71.218071
72.234215
73.250404
74.266640
75.282936
76.299286
77.315689
78.332146
79.348648
80.365219
81.381836
82.398506
83.415230
84.431587
85.445084
86.455292
87.462219
88.465866
89.466225
90.463303
91.457092
92.447609
93.434837
94.418777
95.399445
96.376823
97.350914
98.321732
99.289261
100.253502
101.214462
102.172142
103.126534
104.077644
105.025482
105.970024
106.911293
107.849266
108.783958
109.715370
110.643501
111.568352
112.489914
113.408188
114.323189
115.235123
116.148796
117.066170
117.987259
118.912041
119.840538
120.772736
121.708649
122.648254
123.591576
124.538597
125.489326
126.443756
127.401894
128.363739
129.329300
130.298553
131.271515
132.248184
133.228561
134.212631
135.200424
136.191910
137.187103
138.186005
139.188614
140.194916
141.204941
142.218674
143.236099
144.257233
145.282074
146.310623
147.340530
148.369415
149.397293
150.424179
151.450073
152.474945
153.498810
154.521683
155.543564
156.564407
157.584259
158.603119
159.620972
160.637802
161.653641
162.668488
163.682312
164.695145
165.706970
166.717789
167.727585
168.736404
169.744202
170.751007
171.756805
172.761597
173.765396
174.768173
175.769943
176.770721
177.770493
178.769272
179.767029
180.763794
181.759537
182.754288
183.748047
184.740784
185.732529
186.723251
187.712982
188.701706
189.689438
190.676132
191.661865
192.646561
193.630264
194.612976
195.594666
196.575363
197.555054
198.533737
199.511414
200.488098
201.463760
202.438431
203.412079
204.384735
205.356415
206.327057
207.296692
208.265335
209.232971
210.199615
211.165253
212.129868
213.093491
214.056107
215.017731
215.978317
216.937927
217.896530
218.854126
219.810715
220.766296
221.720886
222.674469
223.627029
224.578598
225.529175
226.478729
227.427292
228.374847
229.321411
230.266937
231.211487
232.155014
233.097549
234.039078
234.979599
235.919128
236.857651
237.795166
238.731659
239.667160
240.601654
241.535156
242.467636
243.399124
244.329605
245.259079
246.187561
247.115021
248.041504
248.966965
249.891418
250.814880
251.737320
252.658768
253.579208
254.498642
255.000000
255.000000
0.000000
1.087788
2.189477
3.305068
4.434561
5.577954
6.735250
7.906446
9.091546
10.280418
11.462950
12.639134
13.808974
14.972467
16.129616
17.280420
18.424877
19.562988
20.694754
21.820177
22.939251
24.051979
25.158363
26.258404
27.352095
28.439445
29.520445
30.595104
31.663412
32.725380
33.780998
34.830273
35.873203
36.909786
37.940022
38.963913
39.981461
40.992664
41.999176
43.005043
44.010448
45.015385
46.019867
47.023888
48.027443
49.030540
50.033173
51.035343
52.037052
53.038303
54.039089
55.039417
56.039280
57.038681
58.037621
59.036102
60.034119
61.031677
62.028770
63.025406
64.021568
65.017288
66.012535
67.007324
68.001648
68.995506
69.988907
70.981400
71.970383
72.955399
73.936470
74.913582
75.886734
76.855919
77.821152
78.782425
79.739746
80.693108
81.642509
82.587952
83.529442
84.466972
85.400536
86.330154
87.255814
88.177505
89.095245
90.009033
90.918854
91.824715
92.726624
93.624573
94.518570
95.408600
96.294678
97.176796
98.055237
98.936073
99.821793
100.712395
101.607880
102.508255
103.413506
104.323647
105.238670
106.158585
107.083374
108.013046
108.947609
109.887054
110.831390
111.780602
112.734695
113.693687
114.657547
115.626305
116.599937
117.578461
118.561859
119.550148
120.543320
121.541382
122.544319
123.552147
124.564857
125.582458
126.602386
127.622124
128.641693
129.661041
130.680206
131.699173
132.717957
133.736526
134.754913
135.773117
136.791107
137.808914
138.826523
139.843948
140.861160
141.878204
142.895020
143.911667
144.928116
145.944366
146.960434
147.976303
148.991959
150.007446
151.022736
152.037827
153.052719
154.067413
155.081909
156.096237
157.110352
158.124268
159.138000
160.151535
161.164886
162.178040
163.190979
164.203751
165.216324
166.228699
167.240860
168.252838
169.264633
170.276230
171.287628
172.298859
173.309875
174.320694
175.331314
176.341736
177.351974
178.362030
179.371872
180.381531
181.390991
182.400253
183.409332
184.418213
185.426910
186.435379
187.443695
188.451797
189.459702
190.467422
191.474945
192.482269
193.489410
194.496353
195.503098
196.509644
197.516022
198.522171
199.528137
200.533920
201.539505
202.544876
203.550079
204.555084
205.559875
206.564499
207.568909
208.573135
209.577179
210.581009
211.584656
212.588089
213.591339
214.594406
215.597275
216.599945
217.602402
218.604706
219.606781
220.608688
221.610382
222.611893
223.613220
224.614334
225.615265
226.615982
227.616531
228.616867
229.617020
230.616974
231.616730
232.616318
233.615677
234.614853
235.613831
236.612640
237.611221
238.609619
239.607834
240.605850
241.603683
242.601303
243.598724
244.595978
245.593033
246.589859
247.586533
248.582993
249.579239
250.575333
251.571213
252.566895
253.562393
254.557709
255.000000
255.000000
