0.987658
0.006171
0.006171
0.006171
0.987658
0.006171
0.006171
0.006171
0.987658
0.000000
1.420641
2.782990
4.087045
5.332806
6.520274
7.649450
8.748573
9.845881
10.941375
12.035054
13.126921
14.216974
15.305212
16.391636
17.476246
18.559046
19.640028
20.719198
21.796555
22.872095
23.945822
25.017736
26.087839
27.156124
28.222597
29.287254
30.350100
31.411133
32.470348
33.527752
34.583344
35.637115
36.689526
37.743195
38.798573
39.855659
40.914452
41.974953
43.037163
44.101078
45.166702
46.234035
47.303078
48.373825
49.446281
50.520447
51.596317
52.673897
53.753185
54.834183
55.916885
57.001297
58.087414
59.175240
60.264774
61.356014
62.448963
63.543625
64.639992
65.736732
66.832535
67.927383
69.021294
70.114250
71.206253
72.297318
73.387428
74.476593
75.564812
76.652084
77.738411
78.823792
79.908226
80.991699
82.074234
83.155815
84.236465
85.316154
86.394897
87.472694
88.549545
89.625443
90.700394
91.774406
92.847466
93.919365
94.988762
96.055435
97.119392
98.180634
99.239151
100.294968
101.348045
102.398415
103.446068
104.491005
105.533218
106.572716
107.609497
108.643555
109.674904
110.703529
111.729439
112.752625
113.773102
114.790863
115.805893
116.818214
117.827820
118.834702
119.838867
120.840309
121.836899
122.826500
123.809105
124.784721
125.753334
126.714966
127.669594
128.617233
129.557877
130.491516
131.418182
132.337845
133.250504
134.156174
135.054855
135.946548
136.831253
137.708939
138.579651
139.443375
140.300079
141.149811
141.992538
142.828293
143.657043
144.478775
145.293533
146.101303
146.902084
147.695862
148.482620
149.262421
150.035217
150.801025
151.559845
152.311646
153.056473
153.794296
154.525116
155.248962
155.965820
156.675674
157.378525
158.074402
158.763260
159.445160
160.120041
160.787933
161.448822
162.102737
162.749649
163.389557
164.022491
164.648422
165.267365
165.879288
166.484238
167.082199
167.673157
168.257126
168.834106
169.404083
169.967072
170.523056
171.072067
171.614075
172.149078
172.677094
173.198120
173.712158
174.219193
174.719238
175.212296
175.698349
176.177414
176.649475
177.114563
177.572632
178.023727
178.467819
178.904938
179.335037
179.758148
180.174286
180.583389
180.985535
181.380676
181.768829
182.149979
182.524139
182.891296
183.251480
183.604660
183.950836
184.290024
184.622223
184.947433
185.265640
185.576859
185.881073
186.178299
186.468552
186.751785
187.028030
187.297302
187.559540
187.814819
188.063095
188.304367
188.538666
188.765961
188.986252
189.199570
189.405884
189.605194
189.797516
189.982849
190.161194
190.332535
190.496887
190.654236
190.804596
190.947968
191.084351
191.213730
191.336121
191.451508
191.559906
191.661316
191.755737
191.843170
191.923584
191.997009
192.063461
192.122894
192.175354
192.220795
192.259293
192.290756
192.315216
192.332718
192.343185
192.346695
0.000000
0.983869
1.974895
2.973078
3.978417
4.990913
6.010566
7.037375
8.071341
9.112464
10.160742
11.211535
12.260193
13.306719
14.351111
15.393373
16.433498
17.471495
18.507355
19.541086
20.572681
21.602144
22.629475
23.654673
24.677738
25.698671
26.717470
27.734138
28.748671
29.761072
30.771341
31.779476
32.785484
33.789352
34.791092
35.790695
36.788837
37.787186
38.785812
39.784710
40.783882
41.783325
42.783047
43.783043
44.783314
45.783855
46.784679
47.785770
48.787140
49.788784
50.790703
51.792896
52.795364
53.798107
54.801125
55.804413
56.807980
57.811825
58.815933
59.820328
60.824989
61.829960
62.835373
63.841270
64.847649
65.854492
66.861824
67.869629
68.877922
69.886688
70.895927
71.905647
72.915848
73.926521
74.937675
75.949310
76.961426
77.974014
78.987083
80.000626
81.014656
82.029152
83.044136
84.059601
85.075539
86.091949
87.108780
88.124794
89.139488
90.152847
91.164871
92.175568
93.184937
94.192970
95.199684
96.205063
97.209114
98.211830
99.213226
100.213287
101.212013
102.209419
103.205498
104.200233
105.193649
106.185730
107.176483
108.165909
109.154007
110.140770
111.126205
112.110306
113.090942
114.065979
115.035416
115.999237
116.957466
117.910088
118.857109
119.798523
120.734337
121.664536
122.589142
123.508141
124.421532
125.329330
126.231514
127.128098
128.019089
128.904465
129.784225
130.658401
131.526962
132.389923
133.247284
134.099045
134.945206
135.785751
136.620682
137.450027
138.273758
139.091904
139.904419
140.711365
141.512680
142.308395
143.098511
143.883026
144.661926
145.435242
146.202927
146.965012
147.721512
148.472412
149.217682
149.957367
150.691467
151.419922
152.142807
152.860062
153.571716
154.277786
154.978241
155.673096
156.362335
157.046005
157.724030
158.396469
159.063293
159.724533
160.380157
161.030197
161.674606
162.313416
162.946625
163.574234
164.196243
164.812653
165.423447
166.028625
166.628220
167.222198
167.810593
168.393372
168.970551
169.542114
170.108093
170.668457
171.223206
171.772369
172.315918
172.853867
173.386215
173.912964
174.434097
174.949631
175.459564
175.963882
176.462601
176.955734
177.443237
177.925156
178.401459
178.872177
179.337280
179.796783
180.250671
180.698959
181.141647
181.578735
182.010208
182.436081
182.856354
183.271027
183.680084
184.083557
184.481415
184.873657
185.260300
185.641342
186.016800
186.386627
186.750870
187.109497
187.462524
187.809952
188.151764
188.488007
188.818619
189.143600
189.463028
189.776840
190.085007
190.387634
190.684601
190.975983
191.261780
191.541962
191.816528
192.085495
192.348877
192.606644
192.858810
193.105362
193.346298
193.581680
193.811417
194.035553
194.254089
194.467026
194.674362
194.876099
195.072220
195.262741
195.447647
195.626968
0.000000
0.875231
1.756121
2.642670
3.534878
4.432745
5.336270
6.245455
7.158000
8.071609
8.986284
9.902022
10.818825
11.736692
12.655622
13.575617
14.496677
15.418799
16.341988
17.266239
18.191555
19.117933
20.045376
20.973883
21.903458
22.834091
23.765791
24.698557
25.632383
26.567856
27.506393
28.448059
29.392851
30.340775
31.291826
32.246010
33.203316
34.163754
35.127319
36.094013
37.063839
38.036789
39.012871
39.992081
40.974419
41.959885
42.948479
43.940205
44.935055
45.933037
46.933620
47.933685
48.932705
49.930683
50.927616
51.923504
52.918346
53.912148
54.904903
55.896614
56.887283
57.876907
58.865482
59.853020
60.839508
61.824955
62.809361
63.792717
64.775032
65.756302
66.736526
67.715652
68.692459
69.666435
70.637589
71.605911
72.571419
73.534096
74.493958
75.450989
76.405190
77.356575
78.305138
79.250862
80.193779
81.133865
82.071121
83.005554
83.937172
84.865952
85.791916
86.715057
87.635368
88.554985
89.475990
90.398392
91.322197
92.247398
93.174011
94.102020
95.031425
95.962242
96.894447
97.828064
98.763077
99.699493
100.637314
101.576530
102.517143
103.459167
104.402588
105.347412
106.293633
107.241257
108.190277
109.140709
110.092537
111.045769
112.000397
112.956429
113.913857
114.872688
115.832924
116.794563
117.757599
118.722031
119.687866
120.655106
121.623749
122.593796
123.565231
124.538071
125.512321
126.487961
127.465012
128.443466
129.423309
130.404572
131.387222
132.371262
133.356720
134.343567
135.331818
136.321487
137.312546
138.305008
139.298859
140.294128
141.290787
142.288849
143.288300
144.289169
145.291443
146.295120
147.300171
148.306656
149.314529
150.323792
151.334457
152.346527
153.360016
154.374893
155.391174
156.408844
157.427917
158.448395
159.470306
160.493576
161.518250
162.544327
163.571823
164.600723
165.630997
166.662689
167.695786
168.730286
169.766159
170.803452
171.842163
172.882248
173.923752
174.966660
176.010941
177.056641
178.103745
179.152252
180.202148
181.253464
182.306168
183.360275
184.415771
185.472702
186.531006
187.590698
188.651825
189.714340
190.778244
191.843567
192.910294
193.978409
195.047913
196.118851
197.191162
198.264877
199.340012
200.416534
201.494461
202.573792
203.654510
204.736633
205.820175
206.905106
207.991440
209.079163
210.168304
211.258850
212.350769
213.444122
214.538849
215.634995
216.732513
217.831451
218.931808
220.033554
221.136688
222.241241
223.347183
224.454529
225.563278
226.673431
227.784973
228.897934
230.012299
231.128036
232.245209
233.363754
234.483719
235.605087
236.727829
237.852005
238.977554
240.104523
241.232895
242.362656
243.493820
244.626373
245.760361
246.895737
248.032501
249.170670
250.310226
251.451218
252.593597
253.737366
254.882553
255.000000
