0.985695
0.007153
0.007153
0.007153
0.985695
0.007153
0.007153
0.007153
0.985695
0.000000
0.824033
1.654101
2.490203
3.332340
4.180511
5.034716
5.894956
6.761231
7.633540
8.511884
9.396261
10.286674
11.183121
12.085602
12.994118
13.908669
14.829254
15.755874
16.688528
17.627216
18.571939
19.522697
20.479488
21.442314
22.411175
23.386072
24.367001
25.353964
26.346964
27.345997
28.351065
29.362167
30.379305
31.402477
32.431683
33.466923
34.508198
35.555508
36.608852
37.668228
38.733643
39.805092
40.882568
41.961643
43.037865
44.111244
45.181770
46.249447
47.314278
48.376255
49.435387
50.491669
51.545101
52.595688
53.643421
54.688309
55.730343
56.769531
57.805870
58.839355
59.869999
60.897789
61.922729
62.944824
63.964066
64.980469
65.994011
67.004707
68.012558
69.017548
70.019699
71.019005
72.015450
73.009056
73.999817
74.987717
75.972771
76.954979
77.934334
78.910843
79.884499
80.855316
81.823273
82.788376
83.750656
84.710060
85.666626
86.620331
87.571213
88.519218
89.464394
90.406708
91.346184
92.283173
93.219833
94.156540
95.093292
96.030090
96.966934
97.903824
98.840752
99.777718
100.714737
101.651802
102.588905
103.526054
104.463249
105.400482
106.337769
107.275093
108.212463
109.149879
110.087334
111.024834
111.962379
112.899979
113.837608
114.775291
115.713013
116.650780
117.588585
118.526436
119.464333
120.402275
121.340263
122.278297
123.216370
124.154495
125.092644
126.030853
126.969109
127.907402
128.845734
129.784119
130.722549
131.661026
132.599533
133.538086
134.476700
135.415344
136.354034
137.292770
138.231537
139.170380
140.110596
141.053619
141.999435
142.948029
143.899414
144.853592
145.810547
146.770294
147.732834
148.698166
149.666275
150.637177
151.610840
152.587311
153.566589
154.548630
155.533463
156.521072
157.511490
158.504700
159.500687
160.499451
161.501007
162.505341
163.512482
164.522400
165.535110
166.550598
167.568878
168.589966
169.613815
170.640457
171.669891
172.702103
173.737106
174.774902
175.815491
176.858856
177.904999
178.953949
180.005676
181.060196
182.117493
183.177597
184.240448
185.306137
186.374588
187.445831
188.519852
189.596664
190.675858
191.754852
192.833237
193.911011
194.988190
196.064758
197.140701
198.216064
199.290787
200.364929
201.438461
202.511383
203.583679
204.655396
205.726471
206.796967
207.866852
208.936127
210.004791
211.072845
212.140305
213.207138
214.273376
215.339005
216.404007
217.468430
218.532227
219.595428
220.658020
221.720001
222.781372
223.842148
224.902298
225.961853
227.020798
228.079132
229.136856
230.193985
231.250488
232.306396
233.361694
234.416382
235.470474
236.523941
237.576813
238.629074
239.680725
240.731766
241.782211
242.832031
243.881256
244.932510
245.988510
247.049210
248.114639
249.184769
250.259598
251.339157
252.423416
253.512390
254.606094
0.000000
1.046254
2.091278
3.135072
4.177638
5.218972
6.259078
7.297954
8.335599
9.372016
10.407203
11.441159
12.473887
13.505384
14.535651
15.564691
16.592499
17.619081
18.644428
19.668547
20.691439
21.713097
22.733526
23.752731
24.770700
25.787443
26.802954
27.817236
28.830290
29.842112
30.852707
31.862448
32.871716
33.880512
34.888836
35.896690
36.904064
37.910969
38.917400
39.923363
40.928848
41.933865
42.938408
43.942474
44.946072
45.949196
46.951839
47.954021
48.955723
49.956951
50.957714
51.958000
52.957813
53.957153
54.956020
55.954414
56.952335
57.949787
58.946762
59.943264
60.939297
61.934856
62.929935
63.924557
64.918694
65.912369
66.905556
67.898277
68.890526
69.882301
70.873596
71.864433
72.854790
73.844666
74.834084
75.823021
76.811485
77.799477
78.787003
79.774048
80.760620
81.746727
82.732353
83.717514
84.702293
85.688950
86.678391
87.670609
88.665611
89.663399
90.663971
91.667320
92.673462
93.682388
94.694084
95.708580
96.725853
97.745911
98.768745
99.794373
100.822777
101.853966
102.887947
103.924698
104.964249
106.006569
107.051682
108.099564
109.150246
110.203705
111.259949
112.318970
113.380783
114.445374
115.512756
116.582909
117.655869
118.731590
119.810104
120.891396
121.975479
123.062340
124.151985
125.244408
126.339630
127.437622
128.538406
129.641983
130.748306
131.857452
132.969360
134.084061
135.201553
136.321823
137.444855
138.570694
139.699310
140.830719
141.963974
143.093567
144.218597
145.339035
146.454926
147.566208
148.672897
149.775040
150.872589
151.965546
153.053955
154.137756
155.216995
156.291641
157.361710
158.427216
159.488129
160.544464
161.596222
162.643402
163.686005
164.724014
165.757462
166.786316
167.810608
168.830307
169.845428
170.855972
171.861938
172.863312
173.860123
174.852356
175.839996
176.823074
177.801559
178.775467
179.744797
180.709549
181.669724
182.625320
183.576324
184.522766
185.464630
186.401901
187.334595
188.262711
189.186249
190.105209
191.019577
191.929382
192.834610
193.735245
194.631317
195.522797
196.411392
197.301117
198.192184
199.084564
199.978317
200.873398
201.769821
202.667587
203.566681
204.467117
205.368881
206.272003
207.176468
208.082260
208.989395
209.897858
210.807678
211.718826
212.631317
213.545151
214.460312
215.376816
216.294662
217.213852
218.134384
219.056259
219.979446
220.904007
221.829880
222.757111
223.685669
224.615570
225.546814
226.479385
227.413300
228.348572
229.285156
230.223099
231.162354
232.102982
233.044937
233.988220
234.932846
235.878830
236.826141
237.774796
238.724777
239.676102
240.628769
241.582779
242.538132
243.494812
244.452835
245.412201
246.370270
247.324448
248.274719
249.221100
250.163574
251.102158
252.036835
252.967590
253.894470
254.817429
0.000000
0.968682
1.940583
2.915705
3.894047
4.875608
5.860390
6.848392
7.839615
8.834058
9.831719
10.832603
11.836705
12.844028
13.854570
14.868333
15.885317
16.905521
17.928946
18.955587
19.985449
21.018534
22.054838
23.094360
24.137102
25.183071
26.230185
27.276394
28.321697
29.366087
30.409571
31.452145
32.493813
33.534569
34.574413
35.613354
36.651382
37.688499
38.724709
39.760014
40.794407
41.827888
42.860462
43.892128
44.922886
45.952736
46.981674
48.009701
49.036823
50.063034
51.088337
52.112728
53.136211
54.158791
55.180458
56.201210
57.221062
58.239998
59.258030
60.275150
61.291363
62.306664
63.321056
64.334549
65.347122
66.358788
67.369553
68.379395
69.388336
70.396370
71.403488
72.409698
73.415001
74.419395
75.422882
76.425461
77.427124
78.427879
79.427826
80.429062
81.432434
82.437950
83.445610
84.455414
85.467369
86.481468
87.497704
88.516083
89.536613
90.559288
91.584099
92.611061
93.640160
94.671410
95.704796
96.740334
97.778015
98.817841
99.859802
100.903923
101.950172
102.998573
104.049118
105.101807
106.156639
107.213615
108.272736
109.333992
110.397408
111.462959
112.530655
113.600494
114.672478
115.746620
116.822891
117.901314
118.981873
120.064575
121.149429
122.236427
123.325562
124.416847
125.510269
126.605843
127.703545
128.803406
129.905426
131.009552
132.115860
133.224289
134.334854
135.446823
136.555389
137.659821
138.760086
139.856216
140.948212
142.036026
143.119720
144.199249
145.274643
146.345886
147.412964
148.475906
149.534698
150.589340
151.639832
152.686188
153.728378
154.766418
155.800339
156.830078
157.855682
158.877151
159.894440
160.907608
161.916626
162.921494
163.922195
164.918747
165.911163
166.899445
167.883560
168.863525
169.839355
170.811020
171.778534
172.741928
173.701141
174.656235
175.607147
176.553940
177.496567
178.435043
179.369385
180.299561
181.225616
182.147507
183.065247
183.978836
184.888290
185.793564
186.694717
187.591721
188.486206
189.382278
190.280075
191.179626
192.080917
192.983948
193.888733
194.795258
195.703506
196.613525
197.525253
198.438751
199.353973
200.270966
201.189667
202.110123
203.032333
203.956268
204.881958
205.809387
206.738556
207.669464
208.602112
209.536514
210.472672
211.410553
212.350174
213.291534
214.234650
215.179504
216.126099
217.074432
218.024506
218.976318
219.929886
220.885193
221.842255
222.801041
223.761566
224.723846
225.687866
226.653625
227.621124
228.590378
229.561371
230.534103
231.508560
232.484772
233.462738
234.442429
235.423874
236.407059
237.391983
238.370758
239.335449
240.286102
241.222672
242.145172
243.053604
243.947983
244.828308
245.694565
246.546738
247.384857
248.208908
249.018906
249.814835
250.596695
251.364471
252.118225
252.857880
253.583481
