0.919313
0.040344
0.040344
0.040344
0.919313
0.040344
0.040344
0.040344
0.919313
0.000000
0.825374
1.662326
2.510856
3.370964
4.242650
5.125913
6.020755
6.927174
7.845171
8.774747
9.715899
10.668631
11.632939
12.608826
13.596290
14.595333
15.598432
16.598070
17.594246
18.586960
19.576210
20.561998
21.544323
22.523190
23.498589
24.470528
25.439005
26.404020
27.365572
28.323662
29.278288
30.229452
31.177155
32.121395
33.062172
33.999489
34.933342
35.863731
36.790661
37.714123
38.634132
39.550667
40.463749
41.373367
42.279518
43.182209
44.081440
44.977207
45.869511
46.758350
47.645626
48.533234
49.421177
50.309448
51.198059
52.086994
52.976265
53.865868
54.755802
55.646069
56.536671
57.427605
58.318867
59.210464
60.102394
60.994656
61.887249
62.780170
63.673431
64.567017
65.460945
66.355202
67.249786
68.144707
69.039955
69.935547
70.831451
71.727699
72.624290
73.521210
74.418442
75.316025
76.213928
77.112175
78.012192
78.915421
79.821854
80.731491
81.644356
82.560417
83.479698
84.402191
85.327888
86.256798
87.188919
88.124245
89.062790
90.004539
90.949501
91.897682
92.849068
93.803658
94.761467
95.722481
96.686707
97.654152
98.624794
99.598663
100.575722
101.556007
102.539497
103.526207
104.516113
105.509232
106.505569
107.505119
108.507874
109.513840
110.521248
111.528328
112.535080
113.541504
114.547607
115.553375
116.558815
117.563919
118.568710
119.573166
120.577293
121.581093
122.584572
123.587715
124.590530
125.593025
126.595184
127.597015
128.598541
129.599701
130.600555
131.601074
132.601273
133.601151
134.600677
135.599899
136.598785
137.597336
138.595566
139.593475
140.591049
141.588272
142.585190
143.581787
144.573441
145.555527
146.528030
147.490982
148.444366
149.388199
150.322449
151.247147
152.162277
153.067841
153.963837
154.850281
155.727158
156.594452
157.452194
158.300369
159.138992
159.968048
160.787537
161.597458
162.397812
163.188614
163.969833
164.741501
165.503601
166.256149
166.999130
167.732529
168.456375
169.170639
169.875366
170.570526
171.256119
171.932129
172.598587
173.255493
173.902817
174.540588
175.168793
175.787430
176.396500
176.996002
177.585968
178.166351
178.737152
179.298416
179.850098
180.392212
180.924789
181.447769
181.961212
182.465088
182.959396
183.444122
183.919296
184.384903
184.840958
185.287430
185.724365
186.151703
186.569504
186.977722
187.376404
187.765503
188.145020
188.514999
188.875397
189.226227
189.567505
189.899216
190.221375
190.533966
190.836975
191.130447
191.414337
191.688644
191.953415
192.208618
192.454254
192.690308
192.916824
193.133759
193.341156
193.538956
193.727188
193.905884
194.075012
194.234573
194.384552
194.524979
194.655853
194.777161
194.888885
194.991058
195.083664
195.166702
195.240189
195.304092
195.358444
195.403244
195.438461
195.464111
195.480209
0.000000
0.828855
1.729236
2.701142
3.744574
4.859530
6.046012
7.304019
8.633553
10.034610
11.507193
13.051302
14.666934
16.354092
18.061092
19.736250
21.379564
22.991035
24.570663
26.118450
27.634394
29.118494
30.570751
31.991167
33.379738
34.736465
36.061356
37.354397
38.615601
39.844955
41.042473
42.208141
43.341976
44.443958
45.514103
46.552406
47.558865
48.533482
49.476250
50.387180
51.266270
52.113510
52.941944
53.783405
54.639351
55.509773
56.394676
57.294064
58.207928
59.136272
60.079102
61.036407
62.008194
62.994461
63.995209
65.010437
66.040146
67.084335
68.143005
69.216156
70.303787
71.405899
72.522491
73.653557
74.799118
75.959152
77.133667
78.322662
79.526131
80.744087
81.974152
83.202110
84.425598
85.644600
86.859131
88.069183
89.274750
90.475853
91.672478
92.864616
94.052284
95.235474
96.414185
97.588425
98.758186
99.923470
101.084274
102.240608
103.392448
104.539833
105.682724
106.821152
107.955093
109.084564
110.209549
111.330070
112.446106
113.557663
114.664764
115.767654
116.866440
117.961113
119.051682
120.138153
121.220520
122.298775
123.372940
124.442986
125.508934
126.570786
127.628525
128.682159
129.731689
130.777130
131.818436
132.855667
133.888779
134.917801
135.942688
136.963501
137.980209
138.992783
140.001282
141.005661
142.005951
143.002136
143.994202
144.982559
145.967560
146.949219
147.927551
148.902542
149.874207
150.842499
151.807465
152.769089
153.727371
154.682327
155.633911
156.582184
157.527115
158.468689
159.406937
160.341827
161.273392
162.201614
163.126495
164.048019
164.966217
165.881073
166.792587
167.700760
168.605606
169.507095
170.405243
171.300049
172.191528
173.079651
173.964432
174.845886
175.723999
176.598770
177.470184
178.338272
179.203033
180.064438
180.922485
181.777222
182.628601
183.476639
184.321350
185.162689
186.000717
186.835403
187.666733
188.494736
189.319397
190.140701
190.958694
191.773331
192.584610
193.392563
194.197189
194.998459
195.796387
196.590973
197.382217
198.170135
198.954712
199.735931
200.513809
201.288361
202.059570
202.827438
203.591965
204.353134
205.110992
205.865494
206.616653
207.364487
208.108948
208.850098
209.587891
210.322342
211.053467
211.781235
212.505676
213.226776
213.944519
214.658951
215.370010
216.077744
216.782135
217.483185
218.180908
218.875275
219.566299
220.253998
220.938339
221.619339
222.297012
222.971329
223.642319
224.309952
224.974274
225.635239
226.292862
226.947144
227.598083
228.245682
228.889923
229.530853
230.168427
230.802689
231.433578
232.061111
232.685349
233.306213
233.923752
234.537949
235.148804
235.756317
236.360474
236.961304
237.558792
238.152954
238.743759
239.331223
239.915359
240.496155
241.073578
241.647690
242.218460
242.785873
243.349945
243.910706
0.000000
2.219081
4.449017
6.689805
8.941447
11.203944
13.440941
15.616093
17.729395
19.780849
21.770454
23.698212
25.564121
27.368183
29.110397
30.790762
32.409279
33.965946
35.460770
36.893742
38.264862
39.574139
40.821568
42.007145
43.130882
44.192760
45.236065
46.304058
47.396736
48.514111
49.656170
50.822914
52.014351
53.230476
54.471294
55.736797
57.026989
58.341873
59.681442
61.045700
62.434650
63.848286
65.286613
66.749626
68.237328
69.749725
71.268929
72.777077
74.274155
75.760178
77.235130
78.699020
80.151855
81.593620
83.024330
84.443970
85.852554
87.250076
88.636528
90.011925
91.376251
92.729523
94.071724
95.402870
96.722954
98.031975
99.339348
100.654510
101.977448
103.308174
104.646675
105.992958
107.347031
108.708878
110.078514
111.455925
112.841118
114.234093
115.634857
117.043396
118.459717
119.883820
121.315704
122.755379
124.202827
125.658058
127.113495
128.561615
130.002411
131.435852
132.861984
134.280777
135.692245
137.096375
138.493164
139.882629
141.264740
142.639542
144.007004
145.367126
146.719925
148.065399
149.403519
150.734329
152.057785
153.373917
154.682709
155.984177
157.278320
158.565109
159.844589
161.116714
162.381516
163.638992
164.889130
166.131927
167.367401
168.595551
169.816360
171.029831
172.235977
173.434784
174.626251
175.810394
176.987213
178.156677
179.318817
180.473633
181.621109
182.761261
183.894073
185.019547
186.137695
187.248505
188.352005
189.448135
190.536957
191.618439
192.692581
193.759415
194.818893
195.871033
196.915863
197.953354
198.983490
200.006332
201.021820
202.029984
203.030792
204.024277
205.010452
205.989258
206.960754
207.924896
208.881744
209.831238
210.773376
211.708221
212.635727
213.555878
214.468719
215.374207
216.272369
217.163208
218.046707
218.922867
219.791702
220.653183
221.507355
222.354187
223.193695
224.025848
224.850693
225.668182
226.478363
227.281219
228.076706
228.864883
229.645721
230.419235
231.185394
231.944244
232.695740
233.439926
234.176773
234.906281
235.628464
236.343307
237.050827
237.750992
238.443832
239.129349
239.807541
240.478394
241.141907
241.798080
242.446930
243.088440
243.722626
244.349472
244.968994
245.581192
246.186020
246.783554
247.373734
247.956604
248.532120
249.100311
249.661163
250.214691
250.760864
251.299728
251.831238
252.355438
252.872299
253.381836
253.884033
254.378891
254.866409
255.000000
255.000000
255.000000
255.000000
255.000000
255.000000
255.000000
255.000000
255.000000
255.000000
255.000000
255.000000
255.000000
255.000000
255.000000
255.000000
255.000000
255.000000
255.000000
255.000000
255.000000
255.000000
255.000000
255.000000
255.000000
255.000000
255.000000
255.000000
255.000000
255.000000
255.000000
255.000000
255.000000
255.000000
255.000000
255.000000
255.000000
