0.919288
0.040356
0.040356
0.040356
0.919288
0.040356
0.040356
0.040356
0.919288
0.000000
1.133895
2.225868
3.275918
4.284048
5.271399
6.259122
7.247215
8.235676
9.224508
10.213711
11.203281
12.193224
13.183535
14.174216
15.165267
16.156689
17.148479
18.140638
19.133171
20.126068
21.119339
22.112978
23.106989
24.101370
25.096119
26.091240
27.086727
28.082586
29.078814
30.075609
31.074129
32.074570
33.076931
34.081215
35.087421
36.095547
37.105595
38.117565
39.131454
40.147266
41.165001
42.184654
43.206226
44.229725
45.255146
46.282482
47.311745
48.342930
49.376034
50.411057
51.448002
52.486870
53.527660
54.570370
55.615002
56.658077
57.696117
58.729130
59.757107
60.780048
61.797958
62.810833
63.818676
64.821487
65.819260
66.812012
67.799721
68.782394
69.760048
70.732658
71.700241
72.662781
73.620293
74.572769
75.520218
76.462631
77.400009
78.332359
79.259666
80.181953
81.099609
82.015167
82.929031
83.841194
84.751671
85.660461
86.567551
87.472946
88.376656
89.278664
90.178986
91.077614
91.974548
92.869789
93.763344
94.655197
95.545364
96.433838
97.320618
98.205704
99.089096
99.970795
100.850815
101.729126
102.605751
103.480682
104.356300
105.234978
106.116730
107.001549
107.889427
108.780373
109.674393
110.571465
111.471611
112.374817
113.281097
114.190430
115.102837
116.018318
116.936852
117.858452
118.783127
119.710861
120.641655
121.575523
122.512459
123.452454
124.395523
125.341637
126.290840
127.243103
128.198425
129.156815
130.118271
131.082794
132.050400
133.021042
133.994766
134.971542
135.951401
136.934311
137.920288
138.909348
139.901459
140.896637
141.894867
142.896194
143.900574
144.908005
145.918518
146.932098
147.948746
148.968445
149.991211
151.017044
152.045959
153.077911
154.112946
155.151062
156.192215
157.236450
158.283737
159.334106
160.387543
161.444016
162.503586
163.566208
164.631897
165.700638
166.772476
167.847366
168.925323
170.006332
171.090408
172.177567
173.267792
174.361069
175.457413
176.556824
177.659302
178.764847
179.873444
180.985123
182.099869
183.217667
184.338531
185.462479
186.589493
187.719543
188.852692
189.988892
191.128159
192.270508
193.415878
194.564362
195.715881
196.870499
198.028137
199.188873
200.352676
201.519516
202.689438
203.862442
205.038483
206.217606
207.399796
208.585037
209.773361
210.964737
212.159195
213.356689
214.557281
215.760941
216.967636
218.177429
219.390259
220.606155
221.825150
223.047180
224.272293
225.500458
226.731705
227.966003
229.203369
230.443802
231.687302
232.933868
234.183487
235.436203
236.691956
237.950790
239.212677
240.477615
241.745651
243.016739
244.290909
245.568130
246.848404
248.131760
249.418182
250.707657
252.000214
253.295822
254.594513
255.000000
255.000000
255.000000
255.000000
255.000000
255.000000
255.000000
255.000000
255.000000
255.000000
0.000000
1.235738
2.445604
3.629598
4.787721
5.919972
7.026352
8.123885
9.229603
10.343504
11.465587
12.595853
13.734303
14.880934
16.035748
17.198744
18.369923
19.549286
20.736828
21.932556
23.136465
24.348558
25.568832
26.797291
28.033930
29.278755
30.528889
31.767088
32.990479
34.199070
35.392849
36.571823
37.735992
38.885353
40.019909
41.139664
42.244606
43.334743
44.410076
45.470600
46.516319
47.547234
48.563339
49.564640
50.551136
51.522823
52.493046
53.475163
54.469154
55.475037
56.492802
57.522446
58.563976
59.617393
60.682693
61.759880
62.848946
63.949898
65.062737
66.187454
67.324059
68.472549
69.632919
70.805176
71.989319
73.183838
74.379738
75.575523
76.771172
77.966705
79.162109
80.357399
81.552551
82.747597
83.942505
85.137299
86.331963
87.526512
88.720932
89.915222
91.109398
92.303444
93.497375
94.691177
95.884857
97.075554
98.260460
99.439560
100.612854
101.780342
102.942024
104.097893
105.247963
106.392220
107.530663
108.663307
109.790146
110.911179
112.026398
113.135811
114.239418
115.337219
116.429214
117.515396
118.595779
119.670349
120.739120
121.802078
122.859222
123.910576
124.956116
125.995834
127.029770
128.057877
129.080185
130.096695
131.107391
132.112274
133.111359
134.104630
135.092087
136.073761
137.049606
138.019638
138.983887
139.942322
140.894928
141.841751
142.782761
143.717972
144.647354
145.570953
146.488739
147.400696
148.306870
149.207230
150.101791
150.990524
151.873474
152.750595
153.621933
154.487442
155.347153
156.201065
157.049149
157.891434
158.727921
159.558594
160.383469
161.202515
162.015762
162.823227
163.624878
164.420700
165.210724
165.994949
166.773361
167.545959
168.312759
169.073746
169.828918
170.578293
171.321869
172.059631
172.791595
173.517731
174.238068
174.952606
175.661316
176.364258
177.061356
177.752670
178.438171
179.117859
179.791733
180.459824
181.122086
181.778534
182.429199
183.074051
183.713089
184.346313
184.973740
185.595352
186.211182
186.821182
187.425385
188.023773
188.616364
189.203125
189.784103
190.359268
190.928635
191.492188
192.049911
192.601852
193.147980
193.688293
194.222809
194.751526
195.274414
195.791519
196.302780
196.808289
197.307938
197.801819
198.289871
198.772110
199.248566
199.719193
200.184021
200.643036
201.096237
201.543655
201.985260
202.421051
202.851013
203.275208
203.693588
204.106140
204.512894
204.913849
205.309006
205.698349
206.081879
206.459579
206.831497
207.197617
207.557907
207.912415
208.261078
208.603973
208.941025
209.272308
209.597778
209.917419
210.231262
210.539307
210.841537
211.137955
211.428574
211.713379
211.992371
212.265579
212.532959
212.794540
213.050308
213.300278
213.544434
213.782791
214.015335
214.242065
214.462982
214.678116
214.887436
215.090958
0.000000
1.352073
2.557558
3.616453
4.528759
5.379972
6.255595
7.155624
8.080061
9.028905
10.002156
10.999814
12.021879
13.068353
14.139234
15.234521
16.354216
17.498320
18.666824
19.859745
21.077066
22.318798
23.584936
24.864670
26.131573
27.384441
28.623276
29.848076
31.058846
32.255581
33.438282
34.606949
35.761581
36.902180
38.028748
39.141277
40.239780
41.324242
42.394676
43.451080
44.493443
45.524796
46.563297
47.611969
48.670815
49.739826
50.819008
51.908363
53.007889
54.117584
55.237450
56.367485
57.507690
58.658070
59.818619
60.989334
62.170223
63.361282
64.562508
65.773811
66.992912
68.218910
69.451790
70.691566
71.938217
73.191765
74.452202
75.719521
76.993729
78.274818
79.562805
80.857681
82.159431
83.468086
84.783615
86.106033
87.435341
88.771538
90.107407
91.435760
92.756584
94.069878
95.375656
96.673904
97.964622
99.247818
100.523483
101.791626
103.052238
104.305328
105.550896
106.788940
108.019447
109.242439
110.457893
111.665825
112.866234
114.059120
115.244469
116.422302
117.592598
118.755379
119.910629
121.058357
122.198555
123.331230
124.456375
125.573997
126.684090
127.786659
128.881699
129.969208
131.049210
132.121674
133.186615
134.244034
135.293915
136.336273
137.371109
138.398407
139.418198
140.430450
141.435196
142.432373
143.422058
144.404221
145.378830
146.345947
147.305511
148.257553
149.202072
150.139084
151.068558
151.990494
152.904907
153.811798
154.711166
155.602982
156.487305
157.364090
158.233353
159.095093
159.949295
160.795990
161.635147
162.466766
163.290894
164.107452
164.916504
165.718033
166.512024
167.298523
168.077438
168.848877
169.612778
170.369141
171.117981
171.859299
172.593094
173.319351
174.038101
174.749313
175.453003
176.149155
176.837799
177.518906
178.192490
178.858536
179.517075
180.168076
180.811554
181.447510
182.075928
182.696838
183.310226
183.916061
184.514389
185.105179
185.688446
186.264191
186.832413
187.393097
187.946274
188.491898
189.030029
189.560608
190.083679
190.599197
191.107224
191.607697
192.100647
192.586090
193.063995
193.534378
193.997223
194.452560
194.900360
195.340622
195.773361
196.198593
196.616302
197.026459
197.429108
197.824219
198.211823
198.591888
198.964417
199.329453
199.686935
200.036896
200.379333
200.714249
201.041626
201.361465
201.673813
201.978622
202.275879
202.565643
202.847870
203.122574
203.389755
203.649399
203.901535
204.146118
204.383194
204.612732
204.834763
205.049255
205.256210
205.455658
205.647583
205.831955
206.008835
206.178146
206.339966
206.494247
206.641006
206.780258
206.911957
207.036133
207.152786
207.261917
207.363525
207.457596
207.544128
207.623169
207.694672
207.758636
207.815079
207.863998
207.905396
207.939255
207.965607
207.984421
207.995697
207.999466
