0.772937
0.113531
0.113531
0.113531
0.772937
0.113531
0.113531
0.113531
0.772937
0.000000
1.036157
2.054572
3.055244
4.038175
5.003362
5.950808
6.880511
7.792472
8.686692
9.563169
10.421902
11.262895
12.086144
12.891652
13.689860
14.491209
15.295697
16.103327
16.914099
17.728010
18.545063
19.365253
20.188589
21.015064
21.844681
22.677437
23.513334
24.352373
25.194551
26.039869
26.888332
27.739935
28.594677
29.452560
30.313583
31.177750
32.045055
32.915501
33.789085
34.665817
35.545685
36.428699
37.314850
38.204140
39.096573
39.992146
40.890862
41.792717
42.697716
43.605850
44.517128
45.431549
46.349106
47.269806
48.193649
49.120625
50.050755
50.984016
51.920246
52.858437
53.798409
54.740166
55.683708
56.629032
57.576145
58.525036
59.475716
60.428177
61.382423
62.338451
63.296265
64.255867
65.217255
66.180420
67.145370
68.112106
69.080620
70.050926
71.023018
71.996887
72.972549
73.949982
74.929207
75.910217
76.893005
77.877586
78.863945
79.852089
80.842026
81.833740
82.827232
83.822517
84.819580
85.818428
86.819061
87.821480
88.825691
89.831680
90.839447
91.849007
92.860344
93.873459
94.888374
95.901627
96.909805
97.912888
98.910896
99.903816
100.891655
101.874405
102.852074
103.824654
104.792160
105.754570
106.711899
107.664154
108.611313
109.553398
110.490387
111.422295
112.349121
113.270866
114.187523
115.099091
116.005585
116.906990
117.803307
118.694550
119.580704
120.461769
121.337746
122.208649
123.074471
123.935196
124.790848
125.641403
126.486885
127.327278
128.162598
128.992813
129.817947
130.638016
131.452988
132.262878
133.067673
133.867401
134.662033
135.452866
136.247650
137.047623
137.852814
138.663223
139.478851
140.299683
141.125748
141.957001
142.793503
143.635193
144.482117
145.334229
146.191559
147.054123
147.921890
148.794876
149.673065
150.556473
151.445114
152.338943
153.238007
154.142273
155.051758
155.966461
156.886383
157.811493
158.741837
159.677399
160.618164
161.564148
162.515350
163.471756
164.433395
165.400223
166.372299
167.349564
168.332047
169.319748
170.312668
171.310791
172.314148
173.322678
174.336472
175.355453
176.371536
177.376526
178.370438
179.353287
180.325043
181.285736
182.235367
183.173920
184.101379
185.017792
185.923111
186.817368
187.700562
188.572662
189.433716
190.283676
191.122574
191.950394
192.767136
193.572815
194.367416
195.150940
195.923401
196.684784
197.435089
198.174316
198.902496
199.619583
200.325623
201.020554
201.704422
202.377228
203.038956
203.689621
204.329208
204.957703
205.575134
206.181519
206.776810
207.361008
207.934174
208.496246
209.047241
209.587173
210.116013
210.633804
211.140503
211.636154
212.120712
212.594193
213.056625
213.507980
213.948242
214.377441
214.795578
215.202621
215.598602
215.983505
216.357346
216.720108
217.071808
217.412415
217.741959
0.000000
0.000000
0.000000
1.443345
3.745794
5.937390
8.018134
9.988023
11.847061
13.595246
15.232577
16.759056
18.225262
19.681808
21.128685
22.565889
23.993423
25.411289
26.819481
28.218004
29.606855
30.986038
32.355549
33.715389
35.065559
36.406059
37.736889
39.058048
40.369534
41.671352
42.963501
44.245975
45.518784
46.781918
48.035389
49.279179
50.513306
51.737759
52.952541
54.157654
55.353096
56.538868
57.714970
58.881397
60.038158
61.186989
62.338276
63.493759
64.653450
65.817322
66.985405
68.157684
69.334167
70.514839
71.699715
72.888786
74.082054
75.279526
76.481186
77.687050
78.897118
80.111374
81.329834
82.552490
83.779350
85.010399
86.245651
87.485107
88.728752
89.976593
91.228645
92.484886
93.745331
95.009964
96.278809
97.551842
98.829071
100.110504
101.396133
102.682823
103.967445
105.249992
106.530464
107.808861
109.085182
110.359436
111.631607
112.901718
114.169754
115.435707
116.699585
117.961403
119.221130
120.478798
121.734390
122.987900
124.239342
125.488708
126.736008
127.981239
129.224380
130.465454
131.704437
132.941376
134.176224
135.409012
136.639725
137.868347
139.094910
140.319382
141.541809
142.762146
143.980270
145.195236
146.406937
147.615341
148.820480
150.022324
151.220886
152.416153
153.608139
154.796860
155.982285
157.164413
158.343262
159.518845
160.691132
161.860123
163.025848
164.188278
165.347427
166.503296
167.655884
168.805176
169.951187
171.093918
172.233353
173.369522
174.502396
175.631989
176.758286
177.881317
179.001068
180.117508
181.230682
182.340576
183.443771
184.536896
185.619965
186.692947
187.755844
188.808670
189.851425
190.884125
191.906723
192.919266
193.921707
194.914093
195.896408
196.868637
197.830795
198.782883
199.724884
200.656815
201.578674
202.490463
203.392166
204.283798
205.165359
206.036850
206.898239
207.749588
208.590836
209.422028
210.243134
211.054169
211.855118
212.646011
213.426804
214.197540
214.958206
215.708801
216.449310
217.179733
217.900101
218.610382
219.310577
220.000717
220.680771
221.350769
222.010666
222.660507
223.300262
223.929947
224.549561
225.159088
225.758545
226.347946
226.927246
227.496490
228.055649
228.604736
229.143738
229.672653
230.191528
230.700302
231.199020
231.687653
232.166214
232.634705
233.093109
233.541458
233.979706
234.407898
234.826004
235.234039
235.632004
236.019897
236.397690
236.765427
237.123077
237.470673
237.808182
238.135620
238.452988
238.760284
239.057480
239.344620
239.621674
239.888672
240.145584
240.392410
240.629166
240.855850
241.072464
241.278992
241.475464
241.661865
241.838181
242.004395
242.160568
242.306641
242.442657
242.568604
242.684464
242.790253
242.885956
242.971588
243.047165
243.112640
243.168060
243.213394
243.248657
243.273849
243.288956
243.293976
0.000000
4.979983
9.919931
14.819843
19.679724
24.499565
29.279373
34.019146
38.718884
43.378590
47.998257
52.577888
57.117489
61.532379
65.647827
69.458549
72.964561
76.165855
79.062431
81.654297
83.941444
85.923874
87.601585
88.974579
90.042870
90.888054
91.845718
92.952118
94.207275
95.611176
97.163834
98.865227
100.715378
102.714272
104.861908
107.158302
109.603439
112.183487
114.770256
117.332596
119.870514
122.383987
124.873032
127.337639
129.777832
132.193573
134.584885
136.951782
139.294235
141.610733
143.851471
145.992218
148.033035
149.973877
151.814774
153.555725
155.196686
156.737717
158.178772
159.519882
160.761032
161.902206
162.990631
164.073395
165.150558
166.222076
167.287979
168.348267
169.402924
170.451950
171.495346
172.533127
173.565277
174.591812
175.612717
176.627991
177.637634
178.641663
179.640091
180.632874
181.620010
182.601547
183.577454
184.547745
185.512390
186.471420
187.424820
188.372620
189.314758
190.251297
191.182205
192.107483
193.027130
193.941162
194.849579
195.752365
196.649521
197.541061
198.426956
199.307236
200.181900
201.050934
201.914352
202.772141
203.624298
204.470825
205.311737
206.147018
206.976685
207.800720
208.619125
209.431915
210.239075
211.040619
211.836517
212.626801
213.411469
214.190506
214.963913
215.731705
216.493866
217.250412
218.001328
218.746597
219.486267
220.220306
220.948715
221.671509
222.388672
223.100220
223.806137
224.506424
225.201080
225.890121
226.573547
227.251343
227.923492
228.590027
229.250961
229.906235
230.555908
231.199951
231.838364
232.471161
233.098312
233.719864
234.335785
234.946075
235.550751
236.149796
236.743195
237.330994
237.913162
238.489700
239.060623
239.625931
240.185593
240.739639
241.288055
241.830856
242.368011
242.899567
243.425491
243.945786
244.460449
244.969498
245.472900
245.970718
246.462875
246.949417
247.430344
247.905655
248.375320
248.839355
249.297775
249.750580
250.197754
250.639297
251.075241
251.505524
251.930191
252.349243
252.762680
253.170471
253.572647
253.969193
254.360107
254.745407
255.125092
255.499146
255.867569
256.230377
256.587555
256.939117
257.285004
257.625336
257.960022
258.289032
258.612488
255.000000
255.000000
255.000000
255.000000
255.000000
255.000000
255.000000
255.000000
255.000000
255.000000
255.000000
255.000000
255.000000
255.000000
255.000000
255.000000
255.000000
255.000000
255.000000
255.000000
255.000000
255.000000
255.000000
255.000000
255.000000
255.000000
255.000000
255.000000
255.000000
255.000000
255.000000
255.000000
255.000000
255.000000
255.000000
255.000000
255.000000
255.000000
255.000000
255.000000
255.000000
255.000000
255.000000
255.000000
255.000000
255.000000
255.000000
255.000000
255.000000
255.000000
255.000000
255.000000
255.000000
255.000000
255.000000
255.000000
255.000000
