0.944508
0.027746
0.027746
0.027746
0.944508
0.027746
0.027746
0.027746
0.944508
0.000000
0.980001
1.967199
2.961592
3.963182
4.971968
5.987950
7.011128
8.041503
9.079073
10.123838
11.175802
12.234962
13.301315
14.374866
15.455614
16.543558
17.638697
18.741034
19.850565
20.961388
22.067600
23.169201
24.266193
25.358572
26.446339
27.529495
28.608042
29.681976
30.751301
31.816011
32.876114
33.931602
34.982479
36.028748
37.070404
38.107449
39.139885
40.167706
41.190914
42.209518
43.223511
44.232883
45.237652
46.237804
47.233349
48.224285
49.210606
50.192318
51.169415
52.141903
53.109776
54.073044
55.031704
55.985744
56.935177
57.879993
58.820210
59.755806
60.686790
61.613167
62.534935
63.452087
64.364624
65.272560
66.176712
67.082031
67.989365
68.898705
69.810051
70.723404
71.638756
72.556122
73.475487
74.396858
75.320244
76.245628
77.173019
78.102425
79.033829
79.967239
80.902657
81.840088
82.779518
83.720947
84.664391
85.609840
86.557289
87.506752
88.458221
89.411697
90.367172
91.324654
92.284142
93.245644
94.209152
95.174652
96.142174
97.111694
98.083221
99.056755
100.032295
101.009842
101.989395
102.970947
103.954521
104.940086
105.927658
106.917244
107.908829
108.902428
109.896408
110.889168
111.880692
112.870987
113.860062
114.847900
115.834518
116.819901
117.804062
118.786987
119.768684
120.749153
121.728401
122.706413
123.683197
124.658752
125.633087
126.606178
127.578049
128.548691
129.518112
130.486313
131.453247
132.418991
133.383484
134.346756
135.308792
136.269623
137.229218
138.187561
139.144684
140.100601
141.055267
142.008713
142.960922
143.911926
144.861679
145.810211
146.757523
147.703598
148.648438
149.592041
150.534439
151.475601
152.415543
153.354492
154.293991
155.234283
156.175385
157.117279
158.059982
159.003464
159.947754
160.892838
161.838730
162.785400
163.732880
164.681152
165.630219
166.580093
167.530762
168.482224
169.434494
170.387558
171.341415
172.296066
173.251526
174.207764
175.164825
176.122665
177.081299
178.040756
179.000992
179.962021
180.923859
181.886490
182.849930
183.814148
184.779175
185.744995
186.711609
187.679031
188.647247
189.616257
190.586075
191.556671
192.528076
193.500290
194.473297
195.447067
196.421677
197.395706
198.367752
199.337830
200.305984
201.272141
202.236343
203.198578
204.158859
205.117188
206.073547
207.027939
207.980377
208.930847
209.879364
210.825912
211.770493
212.713135
213.653793
214.592499
215.529236
216.464020
217.396820
218.327682
219.256577
220.183517
221.108475
222.031494
222.952530
223.871613
224.788742
225.703903
226.617111
227.528351
228.437637
229.344925
230.250290
231.153687
232.055115
232.954590
233.852081
234.747635
235.641205
236.532837
237.422485
238.310181
239.195923
240.079712
240.961517
241.841370
242.719254
243.595169
244.469147
245.341141
246.211197
0.000000
0.000000
0.000000
1.250603
2.544116
3.832166
5.114753
6.391876
7.663538
8.929735
10.190472
11.445744
12.695554
13.939899
15.178783
16.412205
17.640163
18.862661
20.079695
21.291262
22.497370
23.698011
24.892979
26.082052
27.265236
28.442522
29.613920
30.779425
31.939034
33.092751
34.240578
35.382507
36.518551
37.648701
38.772953
39.891315
41.003788
42.110367
43.211048
44.305843
45.394741
46.477749
47.554863
48.626083
49.691414
50.750851
51.804394
52.852047
53.893806
54.929672
55.959644
56.983727
58.001915
59.014206
60.020615
61.021122
62.015739
63.004467
63.987305
64.964241
65.935295
66.900444
67.859711
68.813080
69.764992
70.719910
71.677826
72.638741
73.602654
74.569557
75.539459
76.512360
77.488251
78.467148
79.449043
80.433922
81.421814
82.412689
83.406563
84.403442
85.403313
86.406181
87.412048
88.420906
89.432770
90.447624
91.465477
92.486320
93.510170
94.537010
95.566856
96.599693
97.635529
98.674355
99.716179
100.761002
101.808830
102.859642
103.913467
104.970268
106.030090
107.092888
108.158691
109.227486
110.299278
111.374077
112.450516
113.527252
114.604286
115.681633
116.759270
117.837204
118.915443
119.993973
121.072807
122.151939
123.231361
124.311096
125.391121
126.471451
127.552071
128.633011
129.714233
130.795746
131.877579
132.959702
134.042114
135.124817
136.207855
137.291168
138.374771
139.458694
140.542908
141.627426
142.712234
143.797348
144.882767
145.968475
147.054474
148.140778
149.227386
150.314285
151.401489
152.488998
153.576782
154.664902
155.753296
156.841995
157.928482
159.010254
160.087311
161.159653
162.227295
163.290222
164.348419
165.401901
166.450684
167.494736
168.534088
169.568710
170.598618
171.623840
172.644333
173.660095
174.671158
175.677490
176.679123
177.676056
178.668259
179.655731
180.638504
181.616562
182.589905
183.558533
184.522446
185.481644
186.436142
187.385910
188.330963
189.271317
190.206940
191.137848
192.064056
192.985535
193.902298
194.814362
195.721710
196.624329
197.522247
198.415436
199.303619
200.186462
201.063995
201.936203
202.803070
203.664612
204.520828
205.371735
206.217300
207.057541
207.892471
208.722061
209.546326
210.365250
211.178864
211.987152
212.790115
213.587738
214.380051
215.167038
215.948685
216.725021
217.496033
218.261703
219.022049
219.777069
220.526779
221.271133
222.010193
222.743912
223.472305
224.195374
224.913101
225.625519
226.332626
227.034378
227.730820
228.421936
229.107712
229.788177
230.463303
231.133118
231.797592
232.456757
233.110580
233.759079
234.402252
235.040100
235.672623
236.299820
236.921692
237.538239
238.149460
238.755341
239.355911
239.951157
240.541061
241.125656
241.704910
242.278839
242.847458
243.410736
243.968704
244.521332
245.068634
245.610611
0.000000
1.616117
3.203949
4.763495
6.294758
7.797735
9.272428
10.718835
12.136958
13.526796
14.888348
16.221617
17.526600
18.803297
20.051710
21.271839
22.475357
23.673958
24.867634
26.056387
27.240219
28.419127
29.593113
30.762171
31.926310
33.085526
34.239811
35.389179
36.533627
37.673145
38.807739
39.937412
41.062160
42.181992
43.296894
44.406872
45.511929
46.612061
47.707275
48.797558
49.882927
50.963360
52.038876
53.109470
54.175140
55.235889
56.291710
57.342606
58.388588
59.429638
60.465767
61.496975
62.523254
63.546551
64.571609
65.598625
66.627617
67.658585
68.691513
69.726418
70.763283
71.802132
72.842941
73.885719
74.930473
75.977196
77.025887
78.076553
79.129181
80.183784
81.240356
82.298897
83.359406
84.421883
85.486336
86.552757
87.621155
88.691513
89.763847
90.838135
91.914413
92.992653
94.072868
95.155052
96.239197
97.325317
98.413406
99.503464
100.595497
101.689499
102.785477
103.883530
104.983673
106.085884
107.190186
108.296577
109.405037
110.515587
111.628220
112.742928
113.859726
114.978607
116.099571
117.222618
118.347740
119.474953
120.604248
121.735619
122.869080
124.004623
125.142242
126.281952
127.423744
128.567627
129.713562
130.861603
132.011719
133.163925
134.318207
135.474579
136.633041
137.793564
138.956177
140.120880
141.287659
142.456512
143.627457
144.800262
145.969711
147.133713
148.292252
149.445343
150.592972
151.735123
152.871826
154.003098
155.128876
156.249207
157.364090
158.473511
159.577454
160.675964
161.768997
162.856583
163.938705
165.015381
166.086578
167.152328
168.212631
169.267471
170.316833
171.360764
172.399216
173.432220
174.459763
175.481842
176.498474
177.509644
178.515350
179.515610
180.510406
181.499741
182.483612
183.462036
184.434982
185.399887
186.354126
187.297699
188.230621
189.152878
190.064468
190.965393
191.855652
192.735260
193.604202
194.462479
195.310120
196.147064
196.973358
197.788986
198.593979
199.388275
200.171936
200.944916
201.707245
202.458908
203.199905
203.930252
204.649918
205.358948
206.057281
206.744995
207.422012
208.088379
208.744095
209.389130
210.023514
210.647232
211.260284
211.862686
212.454422
213.035492
213.605896
214.165665
214.714737
215.253174
215.780930
216.298035
216.804474
217.300247
217.785370
218.259811
218.723618
219.176743
219.619217
220.051010
220.472168
220.882645
221.282471
221.671631
222.050110
222.417953
222.775131
223.121643
223.457504
223.782669
224.097198
224.401062
224.694275
224.976807
225.248688
225.509903
225.760452
226.000351
226.229584
226.448151
226.656067
226.853302
227.039886
227.215805
227.381058
227.535645
227.679581
227.812866
227.935486
228.047440
228.148712
228.239349
228.319305
228.388596
228.447250
228.495224
228.532532
228.559189
228.575180
228.580521
