0.991528
0.004236
0.004236
0.004236
0.991528
0.004236
0.004236
0.004236
0.991528
0.000000
0.958045
1.914830
2.870356
3.824622
4.777628
5.729374
6.679861
7.629089
8.577056
9.523764
10.469212
11.413400
12.356329
13.297998
14.238408
15.177560
16.115448
17.052080
17.987450
18.921562
19.854416
20.786005
21.716249
22.645054
23.572420
24.498352
25.422844
26.345898
27.267513
28.187691
29.106430
30.023733
30.939598
31.854025
32.767014
33.678566
34.588676
35.497353
36.404591
37.310387
38.214748
39.117672
40.019157
40.919205
41.817818
42.714985
43.610722
44.505020
45.397877
46.289299
47.179279
48.067825
48.954933
49.840595
50.724831
51.607624
52.488979
53.368896
54.247375
55.124416
56.000019
56.874184
57.746910
58.618206
59.488056
60.356472
61.223446
62.088985
62.953300
63.818367
64.684677
65.552208
66.420975
67.290985
68.162224
69.034698
69.908409
70.783348
71.659523
72.536934
73.415581
74.295464
75.176582
76.058922
76.942513
77.827324
78.713379
79.600670
80.489189
81.378944
82.269936
83.162155
84.055618
84.950310
85.846237
86.743393
87.641792
88.541420
89.442291
90.344383
91.247726
92.152290
93.058090
93.965126
94.873398
95.782906
96.693649
97.605621
98.518837
99.433273
100.348953
101.265862
102.184013
103.103394
104.024002
104.946159
105.870438
106.796875
107.725456
108.656197
109.589088
110.524139
111.461342
112.400696
113.342209
114.285873
115.231689
116.179665
117.129776
118.082062
119.036491
119.993080
120.951820
121.912712
122.875755
123.840965
124.808319
125.777824
126.749489
127.723305
128.699280
129.677383
130.657669
131.640106
132.624695
133.611420
134.600311
135.591354
136.584549
137.579910
138.577423
139.577087
140.578903
141.582870
142.588989
143.597260
144.607681
145.620285
146.635010
147.651901
148.670944
149.692047
150.712097
151.729614
152.744568
153.756989
154.766846
155.774155
156.778931
157.781158
158.780823
159.777939
160.772522
161.764542
162.754013
163.740936
164.725311
165.707153
166.686432
167.663162
168.637344
169.608978
170.578064
171.544586
172.508591
173.470032
174.428909
175.385239
176.339035
177.290283
178.238983
179.185135
180.128723
181.069763
182.008270
182.944229
183.877625
184.808472
185.736771
186.662537
187.585754
188.506393
189.424515
190.340073
191.253082
192.163544
193.071457
193.976822
194.882721
195.801712
196.735153
197.683075
198.645447
199.622284
200.613602
201.619370
202.639618
203.674316
204.723480
205.787125
206.865219
207.957779
209.064819
210.186295
211.322250
212.472687
213.637573
214.816925
216.010742
217.219025
218.441772
219.678986
220.930664
222.196808
223.477402
224.772491
226.082031
227.406036
228.744507
230.097427
231.464828
232.846695
234.243027
235.653809
237.079071
238.518799
239.972977
241.441635
242.924744
244.422333
245.934387
247.460907
249.001892
250.557312
252.127213
0.000000
1.446139
2.866339
4.260597
5.628916
6.971294
8.287731
9.578230
10.842789
12.081405
13.294083
14.480818
15.653536
16.824160
17.992687
19.159122
20.323460
21.485706
22.645853
23.803907
24.959867
26.113731
27.265501
28.415176
29.562756
30.708239
31.851627
32.992924
34.132126
35.269230
36.404236
37.537151
38.667973
39.796692
40.923325
42.047859
43.170300
44.290646
45.408894
46.525051
47.639107
48.751076
49.860947
50.968719
52.074402
53.177982
54.279472
55.378868
56.476177
57.571381
58.664490
59.755505
60.844425
61.931252
63.015984
64.098625
65.179161
66.257607
67.333954
68.408218
69.480377
70.550446
71.618416
72.684296
73.748070
74.809753
75.869347
76.926842
77.982765
79.040184
80.099609
81.161057
82.224510
83.289986
84.357475
85.426971
86.498489
87.572014
88.647560
89.725121
90.804695
91.886284
92.969879
94.055496
95.143127
96.232773
97.324425
98.418098
99.513786
100.611488
101.711205
102.812927
103.916672
105.022430
106.130203
107.239990
108.351784
109.465607
110.581421
111.699272
112.819130
113.941002
115.064888
116.190788
117.318703
118.448624
119.580574
120.714531
121.850494
122.988480
124.128487
125.270493
126.414520
127.560570
128.708618
129.858688
131.010773
132.164871
133.320984
134.479111
135.639252
136.801422
137.965576
139.131775
140.299957
141.467300
142.630951
143.790878
144.947083
146.099579
147.248383
148.393433
149.534805
150.672455
151.806381
152.936615
154.063126
155.185928
156.305008
157.420380
158.532043
159.639984
160.744217
161.844742
162.941544
164.034637
165.124023
166.209702
167.291656
168.369904
169.444443
170.515274
171.582382
172.645767
173.705460
174.761429
175.813675
176.862228
177.907059
178.948181
179.985580
181.019272
182.049271
183.075531
184.098083
185.116928
186.132065
187.143478
188.151184
189.155182
190.155457
191.152023
192.144882
193.134033
194.119461
195.101166
196.079178
197.053467
198.024048
198.990921
199.954086
200.913376
201.867981
202.817764
203.762695
204.702805
205.638062
206.568481
207.494080
208.414856
209.330765
210.241852
211.148102
212.049515
212.946106
213.837860
214.724762
215.606842
216.484085
217.356491
218.224060
219.086792
219.944687
220.797745
221.645966
222.489365
223.327927
224.161652
224.990540
225.814590
226.633789
227.448181
228.257721
229.062424
229.862289
230.657333
231.447540
232.232910
233.013443
233.789139
234.559998
235.326019
236.087219
236.843567
237.595078
238.341766
239.083633
239.820633
240.552811
241.280151
242.002655
242.720337
243.433167
244.141159
244.844330
245.542664
246.236145
246.924805
247.602570
248.263382
248.907257
249.534180
250.144150
250.737167
251.313232
251.872360
252.414520
252.939743
253.448013
253.939346
254.413712
254.871124
255.000000
255.000000
255.000000
255.000000
0.000000
2.487982
4.689870
6.605664
8.235363
9.578969
10.777703
11.972795
13.164244
14.352048
15.536209
16.716726
17.893600
19.066830
20.236414
21.402355
22.564655
23.723310
24.878321
26.029690
27.177414
28.321491
29.461927
30.598721
31.731869
32.861374
33.987236
35.109451
36.228027
37.342957
38.454239
39.561886
40.665882
41.766235
42.862946
43.956017
45.045437
46.131214
47.213352
48.291843
49.366695
50.437901
51.505463
52.569378
53.629650
54.686283
55.739265
56.788612
57.834309
58.876366
59.914780
60.949547
61.980667
63.008148
64.031982
65.052177
66.069679
67.090126
68.114487
69.142746
70.174911
71.210976
72.250938
73.294815
74.342590
75.394272
76.449852
77.509338
78.572731
79.640015
80.711220
81.786316
82.865326
83.948227
85.035034
86.125755
87.220367
88.318886
89.421318
90.527641
91.637871
92.752014
93.870049
94.991982
96.117836
97.247581
98.381233
99.518791
100.660248
101.805603
102.954865
104.108040
105.265114
106.426086
107.590958
108.759743
109.932434
111.109024
112.289513
113.473915
114.662209
115.854416
117.050514
118.250519
119.454430
120.662254
121.873978
123.086609
124.297188
125.505714
126.712189
127.916611
129.118958
130.319260
131.517502
132.713699
133.907822
135.099899
136.289917
137.477890
138.663788
139.847641
141.029419
142.209152
143.386826
144.562454
145.736008
146.907516
148.076965
149.244370
150.409698
151.572968
152.734192
153.893356
155.050461
156.205521
157.358505
158.509445
159.658325
160.805145
161.949921
163.092636
164.233276
165.371887
166.508423
167.642899
168.775330
169.905701
171.034012
172.160263
173.284454
174.406601
175.526688
176.644714
177.760681
178.874603
179.986465
181.095398
182.196320
183.288376
184.371552
185.445862
186.511307
187.567856
188.615555
189.654373
190.684311
191.705399
192.717590
193.720917
194.715363
195.700958
196.677658
197.645493
198.604462
199.554565
200.495789
201.428116
202.351593
203.266205
204.171921
205.068787
205.956757
206.835861
207.706116
208.567459
209.419952
210.263565
211.098328
211.924210
212.741196
213.549332
214.348587
215.138962
215.920471
216.693100
217.456879
218.211761
218.957779
219.694931
220.423187
221.142593
221.853134
222.554794
223.247559
223.931473
224.606506
225.272675
225.939087
226.614761
227.299744
227.994019
228.697601
229.410492
230.132660
230.864151
231.604935
232.355011
233.114410
233.883087
234.661072
235.448364
236.244949
237.050842
237.866028
238.690521
239.524307
240.367401
241.219788
242.081482
242.952469
243.832764
244.722351
245.621246
246.529449
247.446945
248.373749
249.309845
250.255234
251.209946
252.173935
253.147247
254.129852
255.000000
255.000000
255.000000
255.000000
255.000000
255.000000
255.000000
255.000000
255.000000
255.000000
255.000000
255.000000
255.000000
