0.936178
0.031911
0.031911
0.031911
0.936178
0.031911
0.031911
0.031911
0.936178
0.000000
0.287644
0.682705
1.185185
1.795083
2.512399
3.337134
4.269287
5.308858
6.455847
7.710254
9.072079
10.480171
11.873377
13.251697
14.615131
15.963680
17.297342
18.616121
19.920012
21.209019
22.483137
23.742373
24.986719
26.216185
27.430759
28.630453
29.815258
30.985178
32.140209
33.280361
34.405624
35.516003
36.611492
37.692101
38.757820
39.808655
40.844604
41.865665
42.871845
43.863136
44.839539
45.803028
46.765373
47.728542
48.692535
49.657352
50.622997
51.589462
52.556755
53.524872
54.493813
55.463573
56.434162
57.405575
58.377815
59.350876
60.324764
61.299473
62.275009
63.251369
64.228554
65.206558
66.185394
67.165054
68.145538
69.126839
70.108971
71.091927
72.075714
73.060310
74.045746
75.031998
76.018837
77.006058
77.993660
78.981628
79.969963
80.958679
81.947754
82.937218
83.927040
84.917244
85.907814
86.898758
87.890076
88.881767
89.873825
90.866264
91.859070
92.852242
93.845802
94.839722
95.834015
96.828674
97.823715
98.819122
99.814903
100.811058
101.807587
102.804489
103.801758
104.799400
105.797058
106.792542
107.785484
108.775894
109.763779
110.749115
111.731926
112.712196
113.689926
114.665138
115.637802
116.607941
117.575539
118.540596
119.503128
120.463127
121.420586
122.375511
123.327896
124.277756
125.225075
126.169868
127.112114
128.051834
128.989014
129.923660
130.855789
131.785355
132.712387
133.636917
134.558884
135.479889
136.401505
137.323730
138.246552
139.169983
140.093994
141.018646
141.943878
142.869720
143.796158
144.723221
145.650864
146.579132
147.507980
148.437454
149.367523
150.298203
151.229462
152.161346
153.093842
154.026917
154.960632
155.894913
156.829819
157.765335
158.701431
159.638153
160.575470
161.513397
162.451920
163.391052
164.330780
165.271133
166.212082
167.153625
168.095779
169.038513
169.981888
170.925842
171.870422
172.815598
173.761368
174.707733
175.654724
176.602325
177.550507
178.499313
179.448700
180.398712
181.349319
182.300537
183.252335
184.204773
185.157791
186.111420
187.065643
188.020493
188.975922
189.931976
190.888626
191.845871
192.803726
193.762177
194.721268
195.680923
196.641190
197.602066
198.563553
199.525650
200.488342
201.451630
202.415527
203.380051
204.345123
205.310852
206.277161
207.244064
208.211594
209.179718
210.148453
211.117798
212.087723
213.058273
214.029419
215.001160
215.973526
216.946487
217.920044
218.894211
219.868988
220.844360
221.820328
222.796921
223.774109
224.751892
225.730286
226.709305
227.688889
228.669113
229.649918
230.631332
231.613342
232.595978
233.579208
234.563034
235.547470
236.532501
237.518158
238.504410
239.491272
240.478714
241.466766
242.455444
243.444702
244.434586
245.425064
246.416138
247.407822
248.400116
249.393005
250.386505
251.380600
0.000000
0.621243
1.308147
2.060709
2.878932
3.762815
4.712357
5.727559
6.808421
7.954943
9.167124
10.444965
11.788466
13.159009
14.517978
15.865373
17.201193
18.525436
19.838106
21.139202
22.428724
23.706669
24.973042
26.227839
27.471060
28.702709
29.922783
31.131277
32.328201
33.513554
34.687325
35.849522
37.000149
38.139198
39.266670
40.382576
41.486900
42.579647
43.660828
44.730427
45.788456
46.834908
47.869781
48.893085
49.905128
50.912754
51.918774
52.923176
53.925972
54.927162
55.926735
56.924706
57.921059
58.915810
59.908943
60.900467
61.890385
62.878693
63.865383
64.850471
65.833946
66.815811
67.796066
68.774712
69.751747
70.727173
71.700981
72.673187
73.643791
74.612762
75.580147
76.545906
77.510063
78.472603
79.433540
80.392860
81.350929
82.309921
83.270187
84.231735
85.194557
86.158669
87.124046
88.090706
89.058640
90.027855
90.998344
91.970116
92.943161
93.917488
94.893089
95.869972
96.848129
97.827568
98.808281
99.790276
100.773544
101.758095
102.743919
103.731018
104.719398
105.709061
106.699997
107.692207
108.685707
109.680473
110.676521
111.673851
112.671883
113.669212
114.665787
115.661591
116.656639
117.650925
118.644440
119.637199
120.629196
121.620422
122.610893
123.600594
124.589546
125.577728
126.565147
127.551796
128.537689
129.522827
130.507202
131.490799
132.473663
133.455734
134.437057
135.417618
136.397400
137.376450
138.354706
139.332214
140.308960
141.284943
142.260178
143.234619
144.207962
145.179794
146.150162
147.119019
148.086395
149.052277
150.016678
150.979584
151.940994
152.900925
153.859360
154.816315
155.771759
156.725739
157.678207
158.629211
159.578705
160.526718
161.473236
162.418274
163.361801
164.303864
165.244446
166.183502
167.121094
168.057190
168.991791
169.924911
170.856537
171.786682
172.715317
173.642487
174.568161
175.492340
176.415039
177.336243
178.255951
179.174179
180.090912
181.006149
181.919907
182.832169
183.742935
184.652237
185.560028
186.466324
187.371155
188.274490
189.176331
190.076691
190.975540
191.872910
192.768799
193.663177
194.556076
195.447495
196.337433
197.225861
198.112793
198.998260
199.882217
200.764709
201.645691
202.525192
203.403214
204.279724
205.154755
206.028290
206.900360
207.770905
208.639984
209.507568
210.373657
211.238266
212.101364
212.963013
213.823135
214.681793
215.538940
216.394623
217.248779
218.101486
218.952667
219.802399
220.650604
221.497345
222.342575
223.186340
224.028595
224.869385
225.708649
226.546463
227.382767
228.217575
229.050903
229.882736
230.713089
231.541946
232.369308
233.195190
234.019592
234.842484
235.663895
236.483826
237.302246
238.119202
238.934647
239.748627
240.561096
241.372070
242.181564
242.989578
243.796097
244.601120
245.404663
246.206711
0.000000
0.801047
1.654405
2.560072
3.518050
4.528338
5.590937
6.705846
7.873066
9.092596
10.337080
11.579174
12.818873
14.056179
15.291090
16.523607
17.753731
18.981461
20.206795
21.429737
22.650284
23.868435
25.084194
26.297558
27.508532
28.717106
29.923288
31.127077
32.328472
33.527470
34.724079
35.918285
37.110107
38.299530
39.486561
40.671196
41.853439
43.032772
44.206127
45.372993
46.533367
47.687252
48.834641
49.975544
51.109955
52.237873
53.359303
54.474239
55.582684
56.684635
57.780102
58.869072
59.951557
61.027546
62.097042
63.160049
64.216568
65.266594
66.310127
67.347176
68.377724
69.401787
70.419357
71.430435
72.435028
73.436989
74.440231
75.444740
76.450516
77.457550
78.465858
79.475426
80.486259
81.498367
82.511734
83.526375
84.542274
85.559441
86.577873
87.597572
88.618538
89.640770
90.664268
91.689026
92.715057
93.742355
94.770912
95.800743
96.831833
97.864189
98.897820
99.932709
100.968384
102.001938
103.032898
104.061249
105.086998
106.110153
107.130707
108.148651
109.164001
110.176743
111.186890
112.194427
113.199379
114.201714
115.201454
116.198593
117.193130
118.185059
119.174393
120.161125
121.145256
122.126793
123.105721
124.082047
125.055771
126.026894
126.995415
127.961342
128.923782
129.881866
130.835587
131.784958
132.729965
133.670609
134.606903
135.538834
136.466415
137.389618
138.308472
139.222961
140.133102
141.038879
141.940308
142.837357
143.730072
144.618408
145.502396
146.382019
147.257294
148.128204
148.994751
149.856949
150.714783
151.568253
152.417374
153.262131
154.102524
154.938568
155.770233
156.597565
157.420532
158.239136
159.053391
159.863281
160.668793
161.469971
162.266785
163.059235
163.847336
164.631058
165.410446
166.185455
166.956116
167.722427
168.484360
169.241943
169.995163
170.744034
171.488541
172.228699
172.964462
173.695908
174.422989
175.145691
175.864044
176.578049
177.287674
177.992950
178.693878
179.390442
180.082642
180.770477
181.453979
182.133102
182.807861
183.478271
184.144318
184.806015
185.463348
186.116318
186.764938
187.409195
188.049103
188.684631
189.315811
189.942627
190.565094
191.183212
191.796951
192.406342
193.011368
193.612045
194.208344
194.800308
195.387894
195.971130
196.550018
197.124527
197.694687
198.260468
198.821930
199.379013
199.931732
200.480103
201.024109
201.563736
202.099030
202.629959
203.156555
203.678757
204.196609
204.710114
205.219238
205.724030
206.224457
206.720505
207.212219
207.699539
208.182526
208.661148
209.135422
209.605331
210.070877
210.532074
210.988907
211.441391
211.889496
212.333252
212.772659
213.207687
213.638367
214.064713
214.486664
214.904266
215.317520
215.726395
216.130920
216.531082
216.926910
217.318359
217.705444
218.088165
218.466568
218.840576
