0.990814
0.004593
0.004593
0.004593
0.990814
0.004593
0.004593
0.004593
0.990814
0.000000
1.163419
2.313340
3.449761
4.572683
5.682106
6.778030
7.860455
8.929381
9.984808
11.026735
12.055164
13.070094
14.071526
15.059458
16.033888
16.994822
17.942257
18.876192
19.796631
20.711069
21.627022
22.544485
23.463459
24.383944
25.305939
26.229443
27.154461
28.080988
29.009026
29.938572
30.869631
31.802200
32.736282
33.671871
34.608967
35.547585
36.487705
37.429337
38.372478
39.317135
40.263302
41.210972
42.160160
43.110851
44.063061
45.016781
45.972008
46.928749
47.886997
48.846760
49.808025
50.770809
51.735100
52.700901
53.668213
54.637032
55.607372
56.579216
57.552570
58.527431
59.503811
60.481697
61.461094
62.442005
63.424427
64.408356
65.393799
66.380745
67.369209
68.359177
69.350662
70.343658
71.338158
72.334175
73.331696
74.329567
75.326653
76.322914
77.318390
78.313049
79.306923
80.299973
81.292236
82.283691
83.274338
84.264191
85.253227
86.241478
87.228920
88.215553
89.201385
90.186409
91.170639
92.154060
93.136681
94.118500
95.099518
96.079727
97.059135
98.037743
99.015541
99.992546
100.968742
101.944138
102.918724
103.892509
104.865494
105.837685
106.809059
107.779633
108.749405
109.718376
110.686539
111.653908
112.620461
113.586227
114.551178
115.515327
116.478676
117.441223
118.402969
119.363899
120.324036
121.283363
122.241905
123.199623
124.156555
125.112663
126.067993
127.022499
127.976219
128.929703
129.883514
130.837692
131.792221
132.747086
133.702301
134.657852
135.613770
136.570023
137.526611
138.483566
139.440857
140.398483
141.356476
142.314804
143.273483
144.232513
145.191864
146.151581
147.111649
148.072052
149.032806
149.993896
150.955353
151.917145
152.879272
153.841751
154.804596
155.767761
156.731277
157.695160
158.659363
159.623932
160.588837
161.554092
162.519684
163.485626
164.451920
165.418564
166.385529
167.352875
168.320541
169.288574
170.256927
171.225647
172.194702
173.164124
174.133865
175.103973
176.074417
177.045212
178.016342
178.987823
179.959656
180.931839
181.904358
182.879501
183.859543
184.844482
185.834320
186.829056
187.828674
188.833206
189.842636
190.856949
191.876160
192.900269
193.929276
194.963196
196.001999
197.045685
198.094284
199.147766
200.206161
201.269455
202.337631
203.410721
204.488693
205.571548
206.659332
207.751999
208.849564
209.952026
211.059372
212.171631
213.288788
214.410828
215.537766
216.669601
217.806351
218.947998
220.094513
221.245941
222.402267
223.563492
224.729614
225.900620
227.076538
228.257339
229.443054
230.633636
231.829147
233.029541
234.234848
235.445023
236.660110
237.880096
239.104965
240.334747
241.569427
242.808990
244.053452
245.248444
246.339508
247.326645
248.209869
248.989197
249.664597
250.236099
250.703690
251.067383
251.327148
251.483017
251.534973
0.000000
1.069487
2.257018
3.431662
4.593420
5.742291
6.878275
8.001373
9.111587
10.208911
11.293351
12.364903
13.423570
14.469349
15.502242
16.522251
17.529371
18.523605
19.504951
20.473415
21.428989
22.378365
23.328232
24.278587
25.229435
26.180773
27.132599
28.084913
29.037720
29.991016
30.944799
31.899075
32.853840
33.809097
34.764839
35.721073
36.677799
37.635014
38.592716
39.550911
40.509598
41.468765
42.428432
43.388584
44.349228
45.310360
46.271984
47.234097
48.196701
49.159794
50.123375
51.087444
52.052010
53.017059
53.982601
54.948631
55.915154
56.882164
57.849663
58.817654
59.786137
60.755108
61.724571
62.694515
63.664959
64.635895
65.607307
66.579224
67.551620
68.524513
69.497894
70.471756
71.446114
72.420967
73.396309
74.372131
75.348450
76.325256
77.302437
78.279869
79.257553
80.235497
81.213699
82.192146
83.170853
84.149803
85.129013
86.108482
87.088196
88.068169
89.048393
90.028870
91.009605
91.990601
92.971840
93.953331
94.935089
95.917084
96.899345
97.881859
98.864624
99.847641
100.830910
101.814445
102.798218
103.782249
104.766541
105.751083
106.735878
107.720932
108.706238
109.691795
110.677605
111.663666
112.649986
113.636566
114.623390
115.610466
116.597801
117.585388
118.573227
119.561333
120.549683
121.538277
122.527138
123.516251
124.505615
125.495232
126.485107
127.475243
128.465622
129.456253
130.447144
131.438293
132.429672
133.421494
134.413895
135.406876
136.400436
137.394577
138.389297
139.384613
140.380508
141.376984
142.374023
143.371658
144.369873
145.368698
146.368073
147.368042
148.368591
149.369705
150.371429
151.373718
152.376617
153.380066
154.384109
155.388733
156.393936
157.399734
158.406097
159.413055
160.420593
161.428711
162.437408
163.446701
164.456573
165.467010
166.478027
167.489655
168.501846
169.514633
170.527985
171.541931
172.556458
173.571548
174.587234
175.603516
176.620377
177.637802
178.655838
179.674423
180.693619
181.713379
182.733719
183.754639
184.776169
185.798264
186.820923
187.844193
188.868042
189.892456
190.917175
191.941818
192.966446
193.991043
195.015594
196.040115
197.064606
198.089035
199.113449
200.137833
201.162186
202.186478
203.210739
204.234985
205.259186
206.283325
207.307465
208.331543
209.355606
210.379639
211.403595
212.427551
213.451462
214.475342
215.499176
216.522995
217.546753
218.570496
219.594177
220.617844
221.641464
222.665054
223.688614
224.712128
225.735611
226.759064
227.782471
228.805847
229.829193
230.852493
231.875763
232.899002
233.922195
234.945358
235.968475
236.991577
238.014633
239.037643
240.060623
241.083588
242.106506
243.129379
244.152206
245.175003
246.197784
247.220505
248.243210
249.228897
250.140610
250.978363
251.742111
252.431900
253.047729
253.589554
0.000000
1.088498
2.168798
3.240899
4.304802
5.360506
6.408010
7.447316
8.478423
9.501332
10.516042
11.522554
12.520866
13.510981
14.492895
15.471194
16.450466
17.430710
18.411922
19.394106
20.377262
21.361385
22.346481
23.332550
24.319586
25.307594
26.296572
27.286522
28.277441
29.269331
30.262192
31.256025
32.250832
33.246601
34.243343
35.241062
36.239746
37.239399
38.240032
39.241627
40.244194
41.247734
42.252243
43.257721
44.264172
45.271591
46.279980
47.289345
48.299683
49.310989
50.323261
51.336506
52.350723
53.365910
54.382065
55.399197
56.417294
57.436363
58.456406
59.477413
60.499393
61.522346
62.546268
63.571163
64.597031
65.623863
66.651665
67.680443
68.710190
69.740913
70.772591
71.804459
72.834557
73.862808
74.889206
75.913757
76.936455
77.957291
78.976295
79.993431
81.008720
82.022156
83.033745
84.043480
85.051361
86.057396
87.061577
88.063904
89.064377
90.063011
91.059784
92.054703
93.047783
94.038994
95.028366
96.015877
97.001541
97.985359
98.967323
99.947433
100.925690
101.902100
102.876656
103.849358
104.820221
105.789215
106.756363
107.721664
108.685112
109.646706
110.606445
111.564339
112.520386
113.474571
114.426910
115.377388
116.326035
117.272812
118.217743
119.160820
120.102058
121.041428
121.978958
122.914635
123.848450
124.780426
125.710541
126.639450
127.570999
128.505829
129.443954
130.385345
131.330048
132.278015
133.229279
134.183792
135.141617
136.102722
137.067108
138.034790
139.005737
139.979980
140.957489
141.938293
142.922379
143.909775
144.900421
145.894363
146.891571
147.892075
148.895874
149.902939
150.913315
151.926941
152.943863
153.964081
154.987564
156.014343
157.044388
158.077728
159.114365
160.154266
161.197464
162.243942
163.293701
164.346741
165.403061
166.462662
167.525558
168.591736
169.661194
170.733948
171.809967
172.889282
173.971878
175.057755
176.146927
177.239365
178.335083
179.434097
180.536392
181.641968
182.750824
183.862762
184.972763
186.078873
187.181046
188.279282
189.373596
190.463989
191.550461
192.633011
193.711609
194.786301
195.857056
196.923904
197.986816
199.045792
200.100845
201.151978
202.199188
203.242477
204.281830
205.317261
206.348755
207.376328
208.399979
209.419708
210.435501
211.447372
212.455322
213.459351
214.459442
215.455612
216.447845
217.436172
218.420563
219.401016
220.377563
221.350174
222.318863
223.283615
224.244446
225.201370
226.154343
227.103424
228.048553
228.989761
229.927032
230.860382
231.789810
232.715317
233.636871
234.554550
235.468262
236.378052
237.283920
238.185867
239.083893
239.977982
240.860275
241.722870
242.565796
243.389023
244.192566
244.976425
245.740601
246.485077
247.209869
247.914993
248.600418
249.266159
249.912201
250.538574
251.145248
251.732239
