0.853831
0.073084
0.073084
0.073084
0.853831
0.073084
0.073084
0.073084
0.853831
0.000001
1.127164
2.251415
3.372753
4.491179
5.606692
6.719293
7.828979
8.935756
10.039618
11.140567
12.238605
13.333730
14.425941
15.515241
16.601629
17.685102
18.765665
19.843315
20.918049
21.989876
23.058784
24.124784
25.187872
26.248041
27.305304
28.359650
29.411087
30.459610
31.505219
32.547916
33.587700
34.624573
35.658535
36.689583
37.717720
38.742943
39.765247
40.784645
41.801132
42.814701
43.825359
44.833103
45.837940
46.839863
47.838867
48.834965
49.828152
50.818417
51.805779
52.790226
53.771755
54.750378
55.726082
56.698879
57.668766
58.635731
59.599785
60.560932
61.519161
62.474483
63.426895
64.376381
65.322968
66.266632
67.207397
68.145241
69.080170
70.012184
70.943375
71.875839
72.809578
73.744591
74.680862
75.618416
76.557236
77.497330
78.438690
79.381317
80.325218
81.270393
82.216843
83.164558
84.113533
85.063797
86.015312
86.968117
87.922180
88.877518
89.834129
90.792000
91.751152
92.711571
93.673256
94.636215
95.600456
96.565948
97.532722
98.500763
99.470078
100.440666
101.412514
102.385643
103.360031
104.335701
105.312630
106.290848
107.270561
108.252403
109.236397
110.222527
111.210808
112.201233
113.193802
114.188515
115.185379
116.184387
117.185547
118.188843
119.194283
120.201881
121.211617
122.223495
123.237526
124.253708
125.272026
126.292496
127.315102
128.339859
129.366760
130.395813
131.427017
132.460342
133.495834
134.533478
135.573257
136.615173
137.659256
138.705460
139.753830
140.804337
141.856995
142.911789
143.968735
145.027817
146.088943
147.151337
148.214844
149.279510
150.345306
151.412247
152.480331
153.549561
154.619919
155.691437
156.764084
157.837875
158.912796
159.988861
161.066086
162.144440
163.223938
164.304565
165.386337
166.469269
167.553314
168.638519
169.724854
170.812347
171.900970
172.990738
174.081635
175.173691
176.266876
177.361191
178.456665
179.553284
180.651031
181.749939
182.849960
183.951141
185.053452
186.156906
187.261200
188.360352
189.451828
190.535660
191.611816
192.680328
193.741180
194.794373
195.839905
196.877808
197.908020
198.930588
199.945496
200.952744
201.952347
202.944290
203.928574
204.905197
205.874161
206.835464
207.789108
208.735107
209.673447
210.604141
211.527161
212.442520
213.350235
214.250290
215.142670
216.027420
216.904510
217.773926
218.635696
219.489792
220.336258
221.175034
222.006195
222.829666
223.645477
224.458786
225.274643
226.093063
226.914062
227.737640
228.563766
229.392471
230.223755
231.057602
231.894028
232.733032
233.574585
234.418732
235.265442
236.114731
236.966583
237.820999
238.677994
239.537567
240.399689
241.264404
242.131683
243.001556
243.873962
244.748978
245.626526
246.506668
247.389374
248.274658
249.162506
250.052933
250.945938
251.841507
252.739639
0.000000
1.044734
2.088188
3.130362
4.171257
5.210872
6.249207
7.286262
8.322036
9.356531
10.389746
11.421681
12.452337
13.481711
14.509808
15.536623
16.562160
17.586414
18.609392
19.631084
20.651505
21.670639
22.688496
23.705070
24.720367
25.734381
26.747118
27.758575
28.768751
29.777649
30.785265
31.791601
32.796665
33.800438
34.802937
35.804157
36.804089
37.802746
38.800129
39.796223
40.791039
41.784580
42.776836
43.767815
44.757511
45.745926
46.733070
47.718922
48.703503
49.686802
50.668819
51.649559
52.629021
53.607193
54.584095
55.559719
56.534050
57.507114
58.478893
59.449390
60.418613
61.386547
62.353207
63.318588
64.282684
65.245506
66.207054
67.167305
68.127876
69.090355
70.054726
71.021011
71.989197
72.959282
73.931282
74.905174
75.880974
76.858673
77.838287
78.819794
79.803207
80.788521
81.775742
82.764862
83.755890
84.748817
85.743652
86.740395
87.739021
88.739571
89.742020
90.746368
91.752617
92.760780
93.770836
94.782806
95.796677
96.812447
97.830116
98.849693
99.871178
100.894554
101.919846
102.947037
103.976128
105.007141
106.039963
107.073082
108.105843
109.138260
110.170334
111.202042
112.233414
113.264427
114.295097
115.325417
116.355385
117.385002
118.414276
119.443199
120.471779
121.499992
122.527870
123.555389
124.582565
125.609390
126.635864
127.661995
128.687759
129.713181
130.738266
131.762985
132.787369
133.811401
134.835083
135.858398
136.881378
137.904007
138.926285
139.948227
140.969803
141.991043
143.011917
144.032455
145.052643
146.072784
147.094574
148.118332
149.144058
150.171738
151.201385
152.233002
153.266556
154.302094
155.339569
156.379028
157.420441
158.463821
159.509171
160.556458
161.605728
162.656952
163.710129
164.765274
165.822372
166.881454
167.942474
169.005478
170.070419
171.137344
172.206223
173.277054
174.349869
175.424637
176.501343
177.580032
178.660706
179.743301
180.827896
181.914413
183.002914
184.093369
185.185791
186.280167
187.374481
188.463791
189.547867
190.626709
191.700333
192.768723
193.831863
194.889801
195.942474
196.989944
198.032166
199.069153
200.100906
201.127441
202.148743
203.164810
204.175644
205.181244
206.181625
207.176758
208.166641
209.151321
210.130768
211.104980
212.073959
213.037689
213.996216
214.949493
215.897537
216.840363
217.777954
218.710312
219.637421
220.559311
221.475983
222.387421
223.293610
224.194565
225.090302
225.982895
226.874481
227.765076
228.654663
229.543213
230.430771
231.317322
232.202850
233.087387
233.970901
234.853394
235.734879
236.615356
237.494827
238.373276
239.250732
240.127151
241.002579
241.876999
242.750397
243.622787
244.494171
245.364532
246.233902
247.102249
247.969589
248.835907
249.701233
250.565536
251.428833
252.291107
253.152390
254.012650
0.000000
1.235533
2.465888
3.691065
4.911065
6.125886
7.335529
8.539994
9.739282
10.933392
12.122322
13.306078
14.484653
15.658051
16.826271
17.989311
19.147177
20.299862
21.447372
22.589701
23.726852
24.858826
25.985622
27.107241
28.223682
29.334944
30.441029
31.541935
32.637665
33.728214
34.813583
35.893784
36.968800
38.038643
39.103298
40.162785
41.217087
42.266220
43.310165
44.348938
45.382530
46.410946
47.434181
48.452240
49.465126
50.472828
51.475357
52.472698
53.464867
54.451862
55.433674
56.410313
57.381775
58.348049
59.309151
60.265076
61.215820
62.161388
63.101784
64.036995
64.967026
65.891884
66.811562
67.726059
68.635399
69.543541
70.454544
71.368378
72.285065
73.204590
74.126961
75.052177
75.980240
76.911133
77.844872
78.781464
79.720886
80.663162
81.608269
82.556221
83.507027
84.460670
85.417152
86.376480
87.338654
88.303665
89.271530
90.242226
91.215767
92.192162
93.171379
94.153450
95.138367
96.126122
97.116722
98.110176
99.106461
100.105591
101.107559
102.112373
103.120033
104.130249
105.142799
106.157654
107.174812
108.194290
109.216072
110.240173
111.266571
112.295288
113.326309
114.359642
115.395294
116.433243
117.473511
118.516083
119.560974
120.608162
121.657669
122.709480
123.763611
124.820045
125.878784
126.939842
128.003220
129.068878
130.136856
131.207153
132.279770
133.354675
134.431900
135.511444
136.593292
137.677429
138.763901
139.852676
140.943787
142.036636
143.130753
144.226105
145.322723
146.420578
147.519684
148.620041
149.721634
150.824493
151.928589
153.033936
154.140518
155.248367
156.357452
157.467773
158.579346
159.692184
160.806274
161.921600
163.038177
164.155991
165.275070
166.395386
167.516937
168.639755
169.763824
170.889145
172.015686
173.143494
174.272537
175.402847
176.534393
177.667206
178.801239
179.936539
181.073074
182.205261
183.327484
184.439758
185.542084
186.634445
187.716858
188.789307
189.851807
190.904358
191.946945
192.979568
194.002258
195.014984
196.017761
197.010574
197.993423
198.966324
199.929276
200.882263
201.825302
202.758392
203.681519
204.594681
205.497910
206.391174
207.274475
208.147827
209.011215
209.864670
210.708145
211.541687
212.365250
213.178879
213.982544
214.776260
215.560013
216.339890
217.121902
217.906067
218.692398
219.480896
220.271530
221.064346
221.859299
222.656418
223.455688
224.257126
225.060730
225.866470
226.674377
227.484451
228.296661
229.111053
229.927582
230.746277
231.567123
232.390137
233.215317
234.042633
234.872116
235.703751
236.537552
237.373505
238.211639
239.051910
239.894333
240.738922
241.585678
242.434555
243.285629
244.138840
244.994232
245.851761
246.711441
247.573303
248.437302
249.303467
250.171799
251.042267
251.914917
252.789703
253.666672
254.545776
