0.943982
0.028009
0.028009
0.028009
0.943982
0.028009
0.028009
0.028009
0.943982
0.000000
1.202990
2.398970
3.587941
4.769903
5.944855
7.112798
8.273733
9.427659
10.574574
11.714478
12.847379
13.973266
15.092144
16.204014
17.308874
18.406725
19.497568
20.581402
21.658224
22.728041
23.790846
24.846642
25.895430
26.937206
27.971975
28.999737
30.020485
31.037069
32.052338
33.066280
34.078907
35.090218
36.100204
37.108871
38.116222
39.122253
40.126965
41.130352
42.132423
43.133175
44.132610
45.130722
46.127514
47.122990
48.117146
49.109974
50.101490
51.091690
52.080563
53.068123
54.054356
55.039280
56.022877
57.005154
57.986111
58.965752
59.944073
60.921074
61.896751
62.871117
63.844158
64.815872
65.786278
66.755363
67.723137
68.689583
69.654701
70.618515
71.580994
72.542168
73.502007
74.460533
75.417747
76.373627
77.328209
78.281456
79.233376
80.183990
81.133278
82.081596
83.031029
83.981934
84.934296
85.888123
86.843414
87.800163
88.758377
89.718063
90.679207
91.641808
92.605888
93.571426
94.538422
95.506889
96.476807
97.448204
98.421059
99.395370
100.371155
101.348396
102.327110
103.307274
104.288918
105.272011
106.256577
107.242599
108.230095
109.219055
110.209465
111.201355
112.194695
113.189514
114.185783
115.183517
116.182716
117.183388
118.185509
119.189102
120.194153
121.200676
122.208656
123.218102
124.229012
125.241386
126.255219
127.270523
128.287292
129.305511
130.325211
131.346359
132.368988
133.393051
134.417740
135.442200
136.466415
137.490372
138.514099
139.537582
140.560822
141.583832
142.606598
143.629120
144.651382
145.673416
146.695221
147.716766
148.738083
149.759140
150.779968
151.800552
152.820892
153.840988
154.860855
155.880463
156.899841
157.918976
158.937866
159.956528
160.974930
161.993088
163.011032
164.028702
165.046143
166.063339
167.080307
168.097015
169.113495
170.129730
171.145721
172.161469
173.176987
174.192245
175.207260
176.222046
177.236603
178.250885
179.264938
180.278763
181.292328
182.305664
183.318741
184.331604
185.344208
186.356567
187.368408
188.377914
189.384811
190.389099
191.390778
192.389847
193.386307
194.380157
195.371384
196.360001
197.346008
198.329422
199.310196
200.288376
201.263931
202.236893
203.207245
204.174957
205.140091
206.102600
207.062500
208.019775
208.974472
209.926529
210.875977
211.822830
212.767059
213.708679
214.647690
215.584076
216.517868
217.449051
218.377609
219.303558
220.226898
221.147629
222.065735
222.981262
223.894150
224.804443
225.712112
226.617172
227.519638
228.419464
229.316711
230.211319
231.103333
231.992722
232.879501
233.763687
234.645248
235.524185
236.400528
237.281570
238.174576
239.079605
239.996597
240.925598
241.866592
242.819565
243.784546
244.761505
245.750473
246.751434
247.764374
248.789307
249.826248
250.875153
251.936066
253.008972
254.093872
0.000000
0.465586
1.583214
2.700373
3.817062
4.933283
6.049034
7.164317
8.279130
9.393474
10.507348
11.620755
12.733691
13.846160
14.958158
16.069687
17.180748
18.291340
19.401463
20.511116
21.620298
22.729013
23.837259
24.945038
26.052345
27.159184
28.265553
29.371454
30.475588
31.576666
32.674686
33.769650
34.861557
35.950397
37.036186
38.118919
39.198589
40.275200
41.348759
42.419254
43.486694
44.551075
45.612400
46.670662
47.725868
48.778011
49.827106
50.873138
51.916111
52.956028
53.992882
55.026688
56.057426
57.085110
58.109734
59.131298
60.149807
61.165257
62.177647
63.186977
64.193253
65.196472
66.196625
67.193733
68.187782
69.178772
70.166687
71.151566
72.133369
73.112122
74.087814
75.060440
76.030022
76.996544
77.960007
78.920410
79.877754
80.832047
81.783272
82.731438
83.676704
84.622536
85.570374
86.520203
87.472015
88.425819
89.381622
90.339417
91.299194
92.260971
93.224739
94.190491
95.158241
96.127983
97.099716
98.073441
99.049156
100.026863
101.006569
101.988258
102.971939
103.957619
104.945274
105.934944
106.926590
107.920227
108.915863
109.913490
110.913109
111.914711
112.918312
113.923904
114.931488
115.941063
116.952629
117.966187
118.981735
119.999275
121.018806
122.040337
123.063858
124.089363
125.116859
126.146362
127.177841
128.211319
129.246780
130.284241
131.323685
132.365143
133.408554
134.453995
135.501419
136.550476
137.599167
138.647141
139.694412
140.740967
141.786789
142.831924
143.876328
144.920013
145.962997
147.005249
148.046799
149.087631
150.127762
151.167145
152.205841
153.243820
154.281082
155.317627
156.353455
157.388565
158.422974
159.456650
160.489624
161.521881
162.553421
163.584244
164.614349
165.643753
166.672455
167.700409
168.727661
169.754211
170.780029
171.805130
172.829529
173.853210
174.876175
175.898422
176.919968
177.940781
178.960892
179.980286
180.998962
182.016922
183.034180
184.050705
185.066513
186.081619
187.096024
188.109695
189.122650
190.134903
191.145599
192.152771
193.156296
194.156174
195.152435
196.145050
197.134033
198.119385
199.101074
200.079147
201.053574
202.024384
202.991531
203.955063
204.914948
205.871185
206.823807
207.772781
208.718124
209.659836
210.597900
211.532318
212.463104
213.390274
214.313797
215.233673
216.149918
217.062515
217.971481
218.876831
219.778519
220.676590
221.570999
222.461792
223.348938
224.232452
225.112335
225.988586
226.861191
227.730148
228.595490
229.457199
230.315247
231.169647
232.020447
232.867584
233.711105
234.550980
235.387222
236.219833
237.048798
237.874100
238.695801
239.521408
240.358444
241.206924
242.066833
242.938187
243.820969
244.715195
245.620865
246.537994
247.466537
248.406540
249.357956
250.320847
251.295135
252.280899
253.278091
254.286713
0.000000
1.290319
2.573840
3.850564
5.120491
6.383620
7.639952
8.889487
10.132226
11.368165
12.597308
13.819654
15.035204
16.243956
17.445910
18.641064
19.829428
21.010990
22.185753
23.353720
24.514891
25.669266
26.816841
27.957619
29.091600
30.221167
31.348715
32.474239
33.597740
34.719215
35.838673
36.956104
38.071510
39.184895
40.296257
41.405594
42.512909
43.618198
44.721470
45.822712
46.921936
48.019131
49.114304
50.207455
51.298580
52.387688
53.474766
54.559826
55.642860
56.723873
57.802856
58.879826
59.954765
61.027683
62.098576
63.167446
64.234291
65.299118
66.361916
67.422691
68.481445
69.538177
70.592888
71.645569
72.696236
73.744873
74.791489
75.836075
76.878647
77.919182
78.957710
79.994202
81.028679
82.061203
83.093643
84.126747
85.160515
86.194939
87.230034
88.265785
89.302200
90.339272
91.377014
92.415413
93.454483
94.494202
95.534584
96.575638
97.617348
98.659721
99.702759
100.746460
101.790817
102.835846
103.881523
104.927872
105.974884
107.022552
108.070885
109.119888
110.169540
111.219856
112.270844
113.322479
114.374786
115.427757
116.481392
117.535683
118.590630
119.646255
120.702530
121.759476
122.817078
123.875343
124.934273
125.993866
127.054115
128.115021
129.176605
130.238846
131.301743
132.365311
133.429306
134.492477
135.554550
136.615570
137.675507
138.734390
139.792191
140.848907
141.904572
142.959167
144.012680
145.065140
146.116501
147.166824
148.216064
149.264236
150.311310
151.357346
152.402298
153.446182
154.488998
155.530731
156.571411
157.611008
158.649536
159.687012
160.723389
161.758713
162.792969
163.826141
164.858246
165.889282
166.919250
167.948151
168.975967
170.002731
171.028412
172.053024
173.076569
174.099045
175.120438
176.140762
177.160034
178.178223
179.195343
180.211395
181.226364
182.240280
183.253098
184.263504
185.268005
186.266510
187.258987
188.245453
189.225891
190.200333
191.168747
192.131149
193.087524
194.037903
194.982239
195.920578
196.852875
197.779175
198.699448
199.613724
200.521973
201.424210
202.320419
203.210617
204.094803
204.972961
205.845108
206.711243
207.571350
208.425461
209.273544
210.115601
210.951660
211.781693
212.605713
213.423691
214.235687
215.041641
215.841599
216.635529
217.423447
218.205353
218.981232
219.751099
220.514954
221.272781
222.024612
222.770401
223.510178
224.243942
224.971695
225.693436
226.412231
227.131226
227.850403
228.569748
229.289276
230.008972
230.728851
231.448914
232.169159
232.889557
233.610153
234.330933
235.051880
235.772995
236.494308
237.215805
237.937454
238.659302
239.381302
240.103500
240.825882
241.548431
242.271149
242.994064
243.717148
244.440399
245.163849
245.887466
246.611252
247.335236
248.059387
248.783722
249.508209
250.232895
250.957764
251.682816
