0.944969
0.027516
0.027516
0.027516
0.944969
0.027516
0.027516
0.027516
0.944969
0.000000
2.747854
5.394761
7.940720
10.385734
12.729801
14.972921
17.115095
19.156324
21.096605
22.935940
24.674326
26.311768
27.848263
29.283812
30.618410
31.903505
33.190533
34.479492
35.770382
37.063206
38.357964
39.654652
40.953270
42.253826
43.556309
44.860725
46.167084
47.475365
48.785580
50.097725
51.411804
52.727818
54.045761
55.365635
56.687443
58.011189
59.336864
60.664467
61.994003
63.325474
64.658882
65.994202
67.331474
68.670677
70.011810
71.354874
72.699875
74.046799
75.395660
76.746460
78.099182
79.453842
80.810432
82.168961
83.529411
84.891792
86.256119
87.622368
88.990555
90.360672
91.732719
93.106705
94.482613
95.860466
97.239525
98.618118
99.996140
101.373604
102.750504
104.126839
105.502609
106.877815
108.252457
109.626541
111.000053
112.373009
113.745399
115.117226
116.488480
117.859177
119.229317
120.598885
121.967896
123.336327
124.704208
126.071518
127.438278
128.804459
130.170074
131.535141
132.899628
134.263565
135.626923
136.989731
138.351974
139.713654
141.074768
142.435318
143.795288
145.154724
146.513565
147.871857
149.229599
150.586777
151.943359
153.299393
154.654877
156.009781
157.364136
158.717911
160.071136
161.423782
162.775879
164.126175
165.467117
166.797501
168.117325
169.426590
170.725266
172.013367
173.290909
174.557877
175.814285
177.060120
178.295364
179.520065
180.734192
181.937744
183.130737
184.313141
185.484985
186.646255
187.796967
188.937103
190.066666
191.185669
192.294098
193.391968
194.479248
195.555954
196.622116
197.677689
198.722702
199.757156
200.781006
201.794312
202.797043
203.789215
204.770798
205.741837
206.702286
207.652176
208.591476
209.520233
210.438416
211.346008
212.243057
213.129517
214.005432
214.870743
215.725510
216.569702
217.403351
218.227615
219.042877
219.849182
220.646500
221.434845
222.214233
222.984634
223.746063
224.498520
225.242004
225.976517
226.702057
227.418610
228.126190
228.824799
229.514450
230.195114
230.866791
231.529510
232.183258
232.828018
233.463821
234.090637
234.708481
235.317368
235.917252
236.508163
237.090134
237.663116
238.227112
238.782135
239.328186
239.865280
240.393372
240.912521
241.422653
241.923859
242.416061
242.899292
243.373566
243.838837
244.295166
244.742508
245.180878
245.610260
246.030685
246.442123
246.844604
247.238098
247.622589
247.998047
248.364426
248.721786
249.070068
249.409332
249.739532
250.060684
250.372803
250.675873
250.969894
251.254868
251.530792
251.797668
252.055511
252.304291
252.544022
252.774719
252.996368
253.208954
253.412506
253.607010
253.792465
253.968887
254.136246
254.294571
254.443832
254.584061
254.715240
254.837372
254.950455
255.000000
255.000000
255.000000
255.000000
255.000000
255.000000
255.000000
255.000000
255.000000
255.000000
255.000000
255.000000
0.000000
0.000000
1.358955
4.104806
6.765625
9.341415
11.832171
14.237899
16.558596
18.794260
20.944895
23.010498
24.991066
26.886606
28.697117
30.422592
32.063046
33.618458
35.130104
36.639259
38.145920
39.650085
41.151752
42.650925
44.147606
45.641785
47.133469
48.622658
50.109348
51.593548
53.075249
54.554455
56.031162
57.505379
58.977093
60.446312
61.913040
63.377270
64.839005
66.298241
67.754982
69.209229
70.660980
72.110237
73.556984
75.001259
76.443024
77.882294
79.319069
80.753342
82.185120
83.614410
85.041199
86.465500
87.887291
89.306595
90.723396
92.137711
93.549538
94.958847
96.365669
97.769997
99.171829
100.571167
101.968018
103.362419
104.755600
106.148056
107.539803
108.930824
110.321129
111.710716
113.099579
114.487724
115.875153
117.261864
118.647858
120.033127
121.417679
122.801514
124.184624
125.567024
126.948692
128.329666
129.709900
131.089417
132.468216
133.846298
135.223663
136.600296
137.976227
139.351425
140.725922
142.099686
143.472733
144.845062
146.216675
147.587570
148.957733
150.327194
151.695938
153.063950
154.431259
155.797806
157.163681
158.528809
159.893234
161.256943
162.619919
163.982178
165.343735
166.704559
168.064667
169.422760
170.771042
172.108261
173.434357
174.749374
176.053299
177.346115
178.627853
179.898483
181.158035
182.406479
183.643845
184.870117
186.085266
187.289352
188.482330
189.664230
190.835022
191.994736
193.143326
194.280838
195.407272
196.522598
197.626831
198.719971
199.802017
200.872971
201.932816
202.981598
204.019257
205.045837
206.061325
207.065720
208.059021
209.041229
210.012329
210.972336
211.921265
212.859100
213.785828
214.701477
215.606018
216.499481
217.381836
218.253113
219.113281
219.962372
220.800339
221.627563
222.444763
223.251999
224.049255
224.836548
225.613876
226.381226
227.138611
227.886017
228.623474
229.350952
230.068451
230.775986
231.473541
232.161148
232.838776
233.506409
234.164093
234.811798
235.449570
236.077332
236.695129
237.302963
237.900833
238.488724
239.066650
239.634598
240.192596
240.740601
241.278625
241.806717
242.324829
242.832947
243.331116
243.819305
244.297531
244.765778
245.224060
245.672379
246.110733
246.539093
246.957504
247.365936
247.764404
248.152893
248.531403
248.899979
249.258560
249.608398
249.950714
250.285492
250.612762
250.932495
251.244720
251.549423
251.846588
252.136246
252.418365
252.692978
252.960052
253.219620
253.471649
253.716156
253.953140
254.182602
254.404541
254.618958
254.825851
255.000000
255.000000
255.000000
255.000000
255.000000
255.000000
255.000000
255.000000
255.000000
255.000000
255.000000
255.000000
255.000000
255.000000
255.000000
255.000000
255.000000
255.000000
255.000000
255.000000
255.000000
255.000000
255.000000
255.000000
255.000000
255.000000
255.000000
0.000000
2.980686
5.871706
8.673059
11.384744
14.006763
16.539116
18.981802
21.334822
23.598171
25.771856
27.855875
29.850225
31.791634
33.716831
35.625813
37.518581
39.395134
41.255474
43.099602
44.927513
46.739208
48.534691
50.313957
52.077019
53.823856
55.554482
57.268894
58.967091
60.649075
62.314838
63.964401
65.597740
67.214867
68.815781
70.400482
71.968956
73.521240
75.057289
76.577133
78.080757
79.568169
81.039368
82.494354
83.933121
85.355675
86.762024
88.152145
89.526062
90.883759
92.225250
93.550514
94.859573
96.152420
97.429047
98.689461
99.944542
101.205208
102.471443
103.743256
105.020645
106.303596
107.592133
108.886238
110.185913
111.491165
112.801987
114.118378
115.440353
116.767899
118.101013
119.439705
120.783966
122.133797
123.489212
124.850189
126.216751
127.588867
128.966583
130.349854
131.738708
133.133118
134.533112
135.938675
137.349838
138.766525
140.188828
141.616684
143.050110
144.489120
145.933685
147.383850
148.839584
150.300873
151.767746
153.240189
154.718216
156.201813
157.690964
159.176804
160.650375
162.111725
163.560806
164.997665
166.422272
167.834625
169.234741
170.622604
171.998230
173.361603
174.712738
176.051620
177.378265
178.692657
179.994812
181.284714
182.562378
183.827805
185.080963
186.321899
187.550583
188.766998
189.971207
191.163147
192.342850
193.510300
194.665497
195.808472
196.939194
198.057663
199.163895
200.257889
201.339615
202.409119
203.466354
204.511368
205.544128
206.564636
207.572906
208.568924
209.552704
210.524231
211.483017
212.428528
213.360748
214.279694
215.185394
216.077789
216.956924
217.822800
218.675385
219.514694
220.340744
221.153519
221.953003
222.739227
223.512177
224.271866
225.018265
225.751404
226.471268
227.177841
227.871155
228.551193
229.217972
229.871460
230.511688
231.138626
231.752304
232.352707
232.939850
233.513702
234.074280
234.621582
235.155624
235.676392
236.183884
236.678101
237.159042
237.626724
238.081116
238.522247
238.950104
239.364670
239.765976
240.160645
240.555283
240.949921
241.344543
241.739136
242.133743
242.528305
242.922867
243.317398
243.711929
244.106461
244.500946
244.895432
245.289917
245.684357
246.078796
246.473221
246.867630
247.262024
247.656403
248.050766
248.445129
248.839447
249.233780
249.628082
250.022369
250.416641
250.810913
251.205139
251.599380
251.993607
252.387787
252.781982
253.176147
253.570297
253.964447
254.358582
254.752686
255.000000
255.000000
255.000000
255.000000
255.000000
255.000000
255.000000
255.000000
255.000000
255.000000
255.000000
255.000000
255.000000
255.000000
255.000000
255.000000
255.000000
255.000000
255.000000
255.000000
255.000000
255.000000
255.000000
255.000000
255.000000
255.000000
255.000000
255.000000
255.000000
255.000000
255.000000
255.000000
255.000000
