0.660140
0.169930
0.169930
0.169930
0.660140
0.169930
0.169930
0.169930
0.660140
0.000000
1.136851
2.200190
3.190018
4.106335
4.949140
5.756258
6.565522
7.376929
8.190478
9.006170
9.824006
10.643985
11.466105
12.290368
13.116776
13.945327
14.776018
15.608853
16.443832
17.280952
18.120216
18.961622
19.805172
20.650866
21.498701
22.348679
23.200800
24.055065
24.911472
25.770021
26.630713
27.493549
28.358526
29.225649
30.094912
30.966759
31.843853
32.726631
33.615093
34.509243
35.409077
36.314598
37.225803
38.142696
39.065269
39.993534
40.927483
41.867119
42.812435
43.763439
44.720131
45.682510
46.650566
47.624317
48.603756
49.588871
50.579674
51.576164
52.578342
53.586201
54.599751
55.618977
56.643894
57.674500
58.710785
59.752762
60.796001
61.836086
62.873009
63.906773
64.937386
65.964844
66.989136
68.010277
69.028259
70.043083
71.054749
72.063263
73.068619
74.070816
75.069855
76.065742
77.058464
78.048035
79.034454
80.017700
80.997795
81.974739
82.948532
83.919151
84.886627
85.850937
86.812096
87.770088
88.724937
89.676620
90.626015
91.578247
92.534187
93.493820
94.457169
95.424217
96.394974
97.369431
98.347603
99.329468
100.315033
101.304314
102.297287
103.293976
104.294365
105.298462
106.306259
107.317757
108.332962
109.351868
110.374489
111.400803
112.430832
113.464554
114.501984
115.543121
116.587959
117.636505
118.688759
119.744705
120.804367
121.861732
122.910805
123.951584
124.984062
126.008263
127.024162
128.031754
129.031082
130.022095
131.004822
131.979248
132.945404
133.903229
134.852783
135.794052
136.727020
137.651688
138.568069
139.476166
140.375961
141.267471
142.150681
143.025589
143.892212
144.750549
145.600586
146.442322
147.275787
148.100922
148.917801
149.726379
150.526642
151.318649
152.102325
152.877731
153.644836
154.403656
155.154175
155.896393
156.630325
157.355972
158.073334
158.782379
159.483139
160.175598
160.859772
161.535675
162.203262
162.862564
163.513550
164.156265
164.790680
165.416809
166.034637
166.644196
167.245422
167.838394
168.423050
168.999405
169.567474
170.127274
170.678757
171.221939
171.756851
172.283447
172.801773
173.311798
173.813522
174.306946
174.792114
175.268951
175.737518
176.197769
176.649750
177.093414
177.528809
177.955917
178.374710
178.785217
179.187408
179.581345
179.966965
180.344315
180.713348
181.074081
181.426544
181.770706
182.106583
182.434158
182.753448
183.064423
183.367126
183.661514
183.947647
184.225449
184.494965
184.756210
185.009140
185.253784
185.490143
185.718201
185.937958
186.149445
186.352615
186.547516
186.734100
186.912399
187.082413
187.244125
187.397537
187.542679
187.679504
187.808060
187.928314
188.040253
188.143921
188.239288
188.326370
188.405136
188.475632
188.537842
188.591751
188.637344
188.674683
188.703705
188.724442
188.736877
188.741013
0.000000
0.541641
1.327666
2.358074
3.632867
5.152043
6.785801
8.404343
10.007666
11.595769
13.168657
14.726324
16.268776
17.796007
19.308020
20.804815
22.286392
23.752754
25.203894
26.639816
28.060520
29.466007
30.856276
32.231323
33.591156
34.935768
36.265167
37.580235
38.886314
40.184299
41.474186
42.755978
44.029675
45.295273
46.552776
47.802181
49.043491
50.276703
51.501816
52.718838
53.927761
55.128590
56.321323
57.505955
58.682491
59.850929
61.011280
62.163528
63.307682
64.454102
65.613174
66.784897
67.969261
69.166275
70.375931
71.598236
72.833183
74.080780
75.341019
76.613907
77.899437
79.197624
80.508446
81.831917
83.168037
84.516800
85.878204
87.252266
88.638969
90.038315
91.446999
92.845085
94.229263
95.599541
96.955917
98.298386
99.626945
100.941605
102.242363
103.529198
104.802147
106.061180
107.306313
108.537537
109.754852
110.958275
112.147774
113.323380
114.485077
115.632874
116.766762
117.886742
118.996376
120.099228
121.195290
122.284569
123.367050
124.442757
125.511673
126.573799
127.629150
128.677689
129.719467
130.754456
131.782639
132.804047
133.818665
134.826508
135.827560
136.821808
137.809280
138.789978
139.763885
140.731003
141.691330
142.644867
143.591614
144.531586
145.464767
146.391159
147.310776
148.223587
149.129623
150.028870
150.921326
151.806992
152.685883
153.557983
154.423294
155.281815
156.133560
156.978516
157.816666
158.648056
159.472641
160.290451
161.101471
161.905701
162.703156
163.493790
164.277679
165.054749
165.825043
166.588562
167.345306
168.095230
168.838379
169.574753
170.304321
171.027100
171.743118
172.452332
173.154770
173.850403
174.539261
175.221329
175.896622
176.565109
177.226822
177.881744
178.529877
179.171219
179.805786
180.433563
181.054550
181.668762
182.276169
182.876801
183.470642
184.057693
184.637955
185.211456
185.778137
186.338043
186.891174
187.437515
187.977066
188.509811
189.035782
189.554977
190.067383
190.572998
191.071823
191.563858
192.049118
192.527588
192.999252
193.464157
193.922256
194.373581
194.818115
195.255859
195.686829
196.111008
196.528381
196.938980
197.342789
197.739807
198.130066
198.513504
198.890167
199.260056
199.623138
199.979446
200.328964
200.671707
201.007645
201.336807
201.659164
201.974762
202.283554
202.585571
202.880783
203.169235
203.450882
203.725754
203.993820
204.255127
204.509613
204.757339
204.998260
205.232391
205.459763
205.680313
205.894104
206.101105
206.301331
206.494751
206.681366
206.861237
207.034286
207.200577
207.360046
207.512756
207.658676
207.797806
207.930130
208.055710
208.174469
208.286453
208.391647
208.490051
208.581665
208.666504
208.744553
208.815826
208.880295
208.937973
208.988876
209.032990
209.070312
209.100861
209.124603
209.141586
209.151749
209.155151
0.000001
5.000000
10.000000
15.000000
19.999998
24.999998
29.999998
34.998302
39.991318
44.978958
49.961231
54.938122
59.909649
64.738380
68.859360
72.211525
74.794868
76.609390
77.655098
78.034683
78.698151
79.876579
81.569969
83.778328
86.501648
89.723396
92.898094
95.761238
98.312828
100.552879
102.481384
104.098335
105.556244
107.007637
108.452507
109.890846
111.322670
112.747971
114.166740
115.578987
116.984726
118.383934
119.776611
121.162773
122.542404
123.915520
125.282112
126.642181
127.995720
129.342743
130.683243
132.017212
133.344666
134.665588
135.980011
137.287872
138.589249
139.884079
141.172394
142.454193
143.729446
144.998199
146.260406
147.516113
148.765289
150.007935
151.244080
152.473679
153.696747
154.913315
156.123352
157.326859
158.523849
159.714325
160.898270
162.075684
163.246582
164.410950
165.568802
166.720123
167.864929
169.003235
170.134995
171.260208
172.378922
173.491119
174.596786
175.695923
176.788559
177.874649
178.954224
180.027252
181.093781
182.153809
183.207275
184.254242
185.294678
186.328598
187.355972
188.376831
189.391190
190.399002
191.400284
192.395081
193.383331
194.365036
195.340256
196.308929
197.271103
198.226730
199.175827
200.118423
201.054474
201.984024
202.907059
203.823563
204.733536
205.636963
206.533905
207.424301
208.308197
209.185547
210.056381
210.920700
211.778473
212.629745
213.474487
214.312698
215.144394
215.969559
216.788223
217.600342
218.405960
219.205032
219.997589
220.783630
221.563126
222.336136
223.102600
223.862518
224.615952
225.362839
226.103226
226.837067
227.564377
228.285187
228.999451
229.707214
230.408463
231.103180
231.791367
232.473022
233.148163
233.816772
234.478882
235.134460
235.783508
236.426025
237.062027
237.691483
238.314468
238.930893
239.540802
240.144196
240.741058
241.331390
241.915222
242.492508
243.063293
243.627533
244.185242
244.736465
245.281158
245.819290
246.350937
246.876038
247.394638
247.906693
248.412231
248.911240
249.403732
249.889709
250.369156
250.842102
251.308487
251.768372
252.221725
252.668549
253.108871
253.542664
253.969910
254.390656
254.804871
255.212540
255.613739
256.008362
256.396515
256.778137
257.153168
255.000000
255.000000
255.000000
255.000000
255.000000
255.000000
255.000000
255.000000
255.000000
255.000000
255.000000
255.000000
255.000000
255.000000
255.000000
255.000000
255.000000
255.000000
255.000000
255.000000
255.000000
255.000000
255.000000
255.000000
255.000000
255.000000
255.000000
255.000000
255.000000
255.000000
255.000000
255.000000
255.000000
255.000000
255.000000
255.000000
255.000000
255.000000
255.000000
255.000000
255.000000
255.000000
255.000000
255.000000
255.000000
255.000000
255.000000
255.000000
255.000000
255.000000
255.000000
255.000000
255.000000
255.000000
255.000000
255.000000
255.000000
