0.985884
0.007058
0.007058
0.007058
0.985884
0.007058
0.007058
0.007058
0.985884
0.000000
1.182462
2.358268
3.527417
4.689909
5.845743
6.994921
8.137442
9.273306
10.402512
11.525061
12.640955
13.750189
14.852768
15.948690
17.037952
18.120564
19.196512
20.265806
21.328442
22.384422
23.433743
24.476412
25.512419
26.541767
27.564465
28.580500
29.589880
30.592604
31.588669
32.578079
33.560829
34.540382
35.520191
36.500259
37.480579
38.461163
39.442005
40.423100
41.404457
42.386070
43.367939
44.350063
45.332455
46.315090
47.297993
48.281151
49.264565
50.248238
51.232170
52.216358
53.200802
54.185501
55.170464
56.155682
57.141155
58.126888
59.112877
60.099125
61.085629
62.072392
63.059410
64.046692
65.034225
66.022018
67.010063
67.998367
68.986938
69.975761
70.964844
71.954178
72.943771
73.933632
74.923744
75.914108
76.904724
77.895607
78.886749
79.878143
80.869797
81.861710
82.853882
83.846306
84.838989
85.831940
86.825203
87.818832
88.812851
89.807228
90.801994
91.797134
92.792641
93.788528
94.784790
95.781433
96.778442
97.775826
98.773598
99.771736
100.770248
101.769142
102.768402
103.768044
104.768059
105.768448
106.769226
107.770363
108.771881
109.773773
110.776047
111.778694
112.781708
113.785110
114.788879
115.793022
116.797546
117.802452
118.807716
119.813362
120.819389
121.825790
122.832558
123.839714
124.847237
125.855133
126.863411
127.872063
128.881088
129.890503
130.900269
131.910431
132.920959
133.931854
134.943130
135.954788
136.966812
137.979233
138.992020
140.004288
141.015244
142.024826
143.033051
144.039932
145.045471
146.049637
147.052460
148.053925
149.054047
150.052811
151.050217
152.046280
153.040970
154.034332
155.026321
156.016968
157.006256
157.994186
158.980774
159.966003
160.949890
161.932419
162.913589
163.893417
164.871872
165.848984
166.824738
167.799164
168.772217
169.743912
170.714264
171.683273
172.650909
173.617203
174.582138
175.545715
176.507950
177.468826
178.428345
179.386520
180.343338
181.298798
182.252914
183.205673
184.157089
185.107147
186.055847
187.003189
187.949173
188.893829
189.837112
190.779053
191.720642
192.662857
193.605713
194.549179
195.493301
196.438065
197.383453
198.329483
199.276123
200.223434
201.171356
202.119919
203.069107
204.018951
204.969421
205.920532
206.872269
207.824646
208.777664
209.731308
210.685593
211.640518
212.596054
213.552246
214.509064
215.466522
216.424622
217.383347
218.342712
219.302704
220.263336
221.224609
222.186508
223.149063
224.112228
225.076050
226.040482
227.005569
227.971268
228.937622
229.904617
230.872238
231.840485
232.809372
233.778915
234.749069
235.719864
236.691299
237.663376
238.636078
239.609390
240.583374
241.557999
242.534393
243.513779
244.496155
245.481491
246.469803
247.461121
248.455383
249.452637
250.452866
251.456070
252.462234
253.471405
0.000000
0.000000
0.154061
1.366858
2.573165
3.772983
4.966311
6.153149
7.333498
8.507358
9.674727
10.835608
11.989998
13.137899
14.279309
15.414232
16.542664
17.664606
18.780062
19.889023
20.991497
22.087481
23.176973
24.259979
25.336493
26.406519
27.470055
28.527100
29.577658
30.621723
31.659302
32.690392
33.714985
34.733097
35.744717
36.753357
37.762527
38.772221
39.782444
40.793194
41.804474
42.816284
43.828617
44.841484
45.854877
46.868801
47.883251
48.898232
49.913738
50.929771
51.946335
52.963428
53.981052
54.999199
56.017876
57.037083
58.056812
59.077076
60.097862
61.119186
62.141029
63.163406
64.186310
65.209747
66.233696
67.258194
68.283203
69.308754
70.334816
71.361427
72.388557
73.416206
74.444405
75.473114
76.502357
77.532135
78.562424
79.593262
80.624619
81.656502
82.688911
83.721855
84.755325
85.789330
86.823853
87.858910
88.894501
89.930550
90.965813
91.999771
93.032440
94.063789
95.093849
96.122604
97.150055
98.176201
99.201042
100.224586
101.246819
102.267761
103.287392
104.305717
105.322746
106.338470
107.352890
108.366013
109.377823
110.388344
111.397545
112.405457
113.412056
114.417358
115.421364
116.424049
117.425446
118.425529
119.424324
120.421806
121.417984
122.412865
123.406433
124.398712
125.389687
126.379349
127.367714
128.354767
129.340530
130.324982
131.308136
132.289993
133.270538
134.249771
135.227722
136.204361
137.179688
138.153732
139.126465
140.097885
141.068008
142.036835
143.004440
143.971420
144.937866
145.903778
146.869156
147.833984
148.798294
149.762070
150.725281
151.687988
152.650131
153.611755
154.572845
155.533386
156.493408
157.452881
158.411835
159.370224
160.328094
161.285431
162.242233
163.198486
164.154221
165.109390
166.064056
167.018173
167.971756
168.924805
169.877304
170.829269
171.780716
172.731598
173.681976
174.631790
175.581085
176.529846
177.478058
178.425751
179.372894
180.319504
181.265579
182.211121
183.156128
184.100586
185.044525
185.987915
186.930771
187.873093
188.814880
189.756134
190.696838
191.637024
192.576660
193.516159
194.456375
195.397369
196.339142
197.281708
198.225052
199.169174
200.114075
201.059769
202.006241
202.953476
203.901520
204.850327
205.799927
206.750290
207.701462
208.653397
209.606110
210.559616
211.513901
212.468964
213.424805
214.381439
215.338837
216.297043
217.255997
218.215759
219.176300
220.137619
221.099716
222.062576
223.026245
223.990692
224.955902
225.921921
226.888702
227.856262
228.824615
229.793747
230.763657
231.734360
232.705841
233.678085
234.651123
235.624939
236.599548
237.574921
238.551086
239.528030
240.505753
241.484283
242.463562
243.443634
244.436569
245.454498
246.497406
247.565292
248.658157
249.776001
250.918808
252.086609
253.279373
254.497131
0.000001
1.189709
2.373897
3.552562
4.725707
5.893331
7.055432
8.212013
9.363072
10.508611
11.648627
12.783123
13.912099
15.035552
16.153484
17.265894
18.372786
19.474154
20.569998
21.660328
22.745131
23.824413
24.898176
25.966412
27.029131
28.086330
29.138006
30.184162
31.224798
32.259907
33.289501
34.316635
35.344368
36.372711
37.401661
38.431206
39.461361
40.492119
41.523479
42.555450
43.588024
44.621197
45.654976
46.689362
47.724350
48.759941
49.796139
50.832935
51.870342
52.908352
53.946968
54.986183
56.026001
57.066433
58.107460
59.149094
60.191330
61.234177
62.277626
63.321671
64.366325
65.411591
66.457451
67.503914
68.550995
69.598679
70.646950
71.695839
72.745331
73.795425
74.846123
75.897423
76.949326
78.001831
79.054955
80.108673
81.162994
82.217918
83.273460
84.329590
85.386139
86.441887
87.496658
88.550438
89.603241
90.655052
91.705872
92.755722
93.804581
94.852448
95.899330
96.945229
97.990143
99.034073
100.077019
101.118973
102.159943
103.199921
104.238922
105.276939
106.313972
107.350014
108.385071
109.419144
110.452232
111.484329
112.515442
113.545578
114.574722
115.602882
116.630051
117.656242
118.681442
119.705658
120.728889
121.751137
122.772400
123.792679
124.811966
125.830261
126.847572
127.863914
128.879272
129.893631
130.906982
131.919373
132.930786
133.941208
134.950638
135.959091
136.966125
137.971405
138.974884
139.976562
140.976471
141.974579
142.970901
143.965439
144.958176
145.949127
146.938309
147.925690
148.911270
149.895065
150.877075
151.857300
152.835724
153.812378
154.787216
155.760269
156.731537
157.701019
158.668732
159.634628
160.598740
161.561066
162.521591
163.480347
164.437302
165.392471
166.345840
167.297440
168.247238
169.195251
170.141464
171.085892
172.028534
172.969391
173.908463
174.845734
175.781219
176.714920
177.646820
178.576935
179.505249
180.431793
181.356552
182.279495
183.200668
184.120331
185.040161
185.960434
186.881149
187.802322
188.723923
189.645981
190.568481
191.491425
192.414825
193.338654
194.262939
195.187653
196.112823
197.038452
197.964508
198.891022
199.817978
200.745392
201.673233
202.601532
203.530273
204.459457
205.389069
206.319153
207.249680
208.180649
209.112045
210.043915
210.976212
211.908981
212.842178
213.775803
214.709900
215.644424
216.579407
217.514832
218.450699
219.387009
220.323776
221.260971
222.198639
223.136734
224.075272
225.014252
225.953705
226.893570
227.833908
228.774673
229.715897
230.652328
231.578812
232.495316
233.401840
234.298386
235.184967
236.061554
236.928192
237.784821
238.631500
239.468201
240.294907
241.111649
241.918427
242.715210
243.502029
244.278854
245.045731
245.802628
246.549530
247.286453
248.013428
248.730408
249.437424
250.134445
250.821503
251.498596
