0.966240
0.016880
0.016880
0.016880
0.966240
0.016880
0.016880
0.016880
0.966240
0.000000
0.965469
2.323413
3.659764
4.974523
6.267688
7.539259
8.789239
10.017625
11.224418
12.409618
13.573225
14.715239
15.835661
16.934486
18.011724
19.067366
20.101416
21.113871
22.104733
23.074007
24.021681
24.947767
25.852259
26.735153
27.608355
28.483768
29.361391
30.241222
31.123262
32.007507
32.893963
33.782627
34.673500
35.566582
36.461872
37.359367
38.259071
39.160988
40.065109
40.971439
41.879982
42.790726
43.703682
44.618847
45.536221
46.455799
47.377590
48.301586
49.227795
50.156212
51.086834
52.019665
52.954704
53.891953
54.831406
55.773071
56.716942
57.663025
58.611317
59.561813
60.514519
61.469437
62.426563
63.385895
64.347435
65.311188
66.277138
67.245300
68.215675
69.188255
70.163048
71.140045
72.119255
73.100670
74.084290
75.070122
76.058167
77.048416
78.040863
79.035530
80.032356
81.030006
82.027954
83.026199
84.024750
85.023590
86.022736
87.022179
88.021919
89.021957
90.022293
91.022934
92.023865
93.025093
94.026634
95.028465
96.030594
97.033012
98.035744
99.038765
100.042091
101.045715
102.049637
103.053856
104.058372
105.063187
106.068298
107.073715
108.079422
109.085434
110.091751
111.098366
112.105263
113.112465
114.119972
115.127769
116.135880
117.144279
118.152969
119.161972
120.171272
121.180862
122.190758
123.200958
124.211441
125.222237
126.233315
127.244698
128.256393
129.268372
130.280655
131.293228
132.306107
133.319290
134.332764
135.346527
136.360611
137.374817
138.388229
139.400635
140.412109
141.422592
142.432083
143.440628
144.448181
145.454788
146.460388
147.465042
148.468704
149.471390
150.473129
151.473877
152.473663
153.472458
154.470306
155.467148
156.463028
157.457962
158.451889
159.444870
160.436859
161.427872
162.417938
163.407013
164.395111
165.382233
166.368408
167.353577
168.337799
169.321045
170.303299
171.284592
172.264908
173.244278
174.222641
175.200043
176.176483
177.151932
178.126419
179.099930
180.072464
181.044022
182.014618
182.984238
183.952881
184.920563
185.887253
186.852982
187.817734
188.781509
189.744324
190.706161
191.667038
192.626923
193.586716
194.548508
195.512421
196.478424
197.446548
198.416779
199.389114
200.363556
201.340118
202.318771
203.299530
204.282425
205.267395
206.254486
207.243698
208.235001
209.228409
210.223938
211.221573
212.221313
213.223160
214.227127
215.233185
216.241348
217.251633
218.264023
219.278519
220.295120
221.313828
222.334656
223.357574
224.382629
225.409775
226.439011
227.470383
228.503860
229.539413
230.577118
231.616913
232.658813
233.702805
234.748932
235.797150
236.847488
237.899933
238.954483
240.011139
241.069885
242.130768
243.193756
244.258850
245.326035
246.395340
247.466751
248.540268
249.615906
250.693649
251.717712
252.632324
253.437485
254.133194
0.000000
0.000000
0.000000
0.000000
0.000000
0.435759
2.165835
3.858673
5.514274
7.132635
8.713757
10.257641
11.764289
13.233694
14.665864
16.060793
17.418488
18.738939
20.022156
21.268131
22.476868
23.648365
24.782627
25.879648
26.939434
27.961977
28.947283
29.895351
30.806179
31.679773
32.536533
33.396866
34.260769
35.128254
35.999306
36.873932
37.752132
38.633907
39.519257
40.408180
41.300674
42.196743
43.096390
43.999607
44.906399
45.816765
46.730701
47.648212
48.569298
49.493961
50.422192
51.354000
52.289383
53.228336
54.170868
55.116970
56.066647
57.019897
57.976719
58.937119
59.901089
60.868629
61.839752
62.814445
63.792709
64.774551
65.759972
66.748955
67.741516
68.737648
69.737350
70.740639
71.747498
72.757935
73.771935
74.789513
75.810661
76.835388
77.863686
78.895561
79.931007
80.970024
82.012619
83.058784
84.108536
85.161842
86.217361
87.271713
88.324738
89.376450
90.426849
91.475922
92.523682
93.570122
94.615250
95.659050
96.701546
97.742706
98.782562
99.821091
100.858315
101.894211
102.928795
103.962059
104.993996
106.024628
107.053932
108.081924
109.108597
110.133949
111.157990
112.180710
113.202110
114.222198
115.240967
116.258408
117.274544
118.289352
119.302849
120.315025
121.325897
122.335426
123.343651
124.350563
125.356148
126.360420
127.363365
128.365005
129.365326
130.364319
131.361984
132.358353
133.353409
134.347137
135.339539
136.330627
137.320404
138.308868
139.295990
140.281815
141.266327
142.249496
143.231537
144.213242
145.194778
146.176163
147.157379
148.138443
149.119339
150.100082
151.080658
152.061066
153.041321
154.021393
155.001328
155.981094
156.960693
157.940140
158.919418
159.898529
160.877502
161.856293
162.834930
163.813400
164.791718
165.769852
166.747849
167.725677
168.703339
169.680832
170.658173
171.635361
172.612381
173.589233
174.565933
175.542465
176.518829
177.495041
178.471085
179.446976
180.422714
181.398254
182.373657
183.348907
184.323975
185.298889
186.273651
187.248245
188.222687
189.196960
190.171051
191.145004
192.118790
193.092407
194.065872
195.039169
196.012314
196.985291
197.958145
198.931564
199.905838
200.880981
201.856979
202.833832
203.811554
204.790115
205.769547
206.749832
207.730988
208.712997
209.695862
210.679611
211.664169
212.649628
213.635941
214.623093
215.611115
216.600006
217.589752
218.580353
219.571793
220.564117
221.557297
222.551331
223.546234
224.541992
225.538605
226.536057
227.534409
228.533600
229.533646
230.534546
231.536316
232.538956
233.542435
234.546783
235.551971
236.558044
237.564957
238.572754
239.581390
240.590881
241.601257
242.612457
243.624542
244.637466
245.651260
246.665924
247.681427
248.697800
249.715027
250.733124
251.752075
252.771881
253.792542
254.971390
0.000000
0.000000
0.829525
2.688321
4.496082
6.252809
7.958500
9.613156
11.216779
12.769367
14.270919
15.721436
17.120920
18.469366
19.766781
21.013159
22.208504
23.352810
24.446085
25.488325
26.479528
27.419699
28.308834
29.174101
30.042667
30.914534
31.789696
32.668163
33.549923
34.434982
35.323345
36.215004
37.109962
38.008221
38.909779
39.814636
40.722790
41.634243
42.549000
43.467052
44.388405
45.313053
46.241005
47.172249
48.106800
49.044643
49.985794
50.930241
51.877987
52.829029
53.783371
54.741009
55.701954
56.666191
57.633728
58.604568
59.578701
60.556137
61.536873
62.520912
63.508244
64.498878
65.492805
66.490036
67.490562
68.494392
69.501526
70.511948
71.525673
72.542702
73.563034
74.586655
75.613571
76.643791
77.677315
78.714127
79.754257
80.797668
81.844383
82.894409
83.946777
84.999184
86.051514
87.103767
88.155960
89.208069
90.260124
91.312096
92.363998
93.415840
94.467598
95.519287
96.570915
97.622459
98.673943
99.725342
100.776688
101.827957
102.879143
103.930275
104.981323
106.032310
107.083214
108.134056
109.184830
110.235519
111.286148
112.336708
113.387192
114.437607
115.487946
116.538223
117.588432
118.638557
119.688614
120.738594
121.788528
122.838364
123.888145
124.937851
125.987480
127.037048
128.086533
129.135956
130.185303
131.234573
132.283798
133.332932
134.381989
135.431000
136.479919
137.528763
138.577545
139.626266
140.674896
141.723480
142.771957
143.820129
144.866440
145.910629
146.952728
147.992691
149.030548
150.066269
151.099915
152.131424
153.160812
154.188095
155.213257
156.236313
157.257248
158.276062
159.292770
160.307358
161.319839
162.330200
163.338455
164.344589
165.348618
166.350510
167.350296
168.347992
169.343552
170.336990
171.328323
172.317551
173.304642
174.289627
175.272491
176.253265
177.231918
178.208435
179.182846
180.155151
181.125336
182.093414
183.059372
184.023209
184.984940
185.944565
186.902039
187.857437
188.810715
189.761841
190.710907
191.657822
192.602631
193.545319
194.485901
195.424377
196.360733
197.294952
198.227097
199.157104
200.085007
201.011444
201.936630
202.860580
203.783279
204.704727
205.624954
206.543900
207.461639
208.378113
209.293350
210.207336
211.120071
212.031586
212.941833
213.850845
214.758621
215.665146
216.570435
217.474457
218.377258
219.278793
220.179108
221.078156
221.975967
222.872543
223.767883
224.661957
225.554810
226.446381
227.336746
228.225845
229.113708
230.000320
230.885696
231.769821
232.652710
233.534348
234.414734
235.293900
236.171814
237.048477
237.923904
238.798065
239.671005
240.542694
241.413132
242.282318
243.150269
244.016983
244.882446
245.746674
246.609650
247.471390
248.331879
249.191116
250.049103
250.905869
251.655014
252.190079
252.511139
252.618149
