0.995018
0.002491
0.002491
0.002491
0.995018
0.002491
0.002491
0.002491
0.995018
0.000000
1.013660
2.023075
3.028244
4.029168
5.025845
6.018276
7.006462
7.990402
8.970096
9.945544
10.916748
11.883703
12.846416
13.804880
14.759101
15.709075
16.654802
17.596285
18.533522
19.468220
20.402090
21.335129
22.267342
23.198721
24.129272
25.058996
25.987890
26.915955
27.843189
28.769594
29.695169
30.619915
31.543833
32.466919
33.389175
34.310604
35.231209
36.150974
37.069916
37.988029
38.905308
39.821762
40.737385
41.652176
42.566139
43.479275
44.391582
45.303059
46.213707
47.123520
48.032509
48.940666
49.847996
50.754494
51.660168
52.565002
53.469017
54.372200
55.274551
56.176071
57.076767
57.976631
58.875668
59.773876
60.671253
61.567795
62.463516
63.358406
64.252464
65.145699
66.038094
66.929665
67.820404
68.711388
69.603691
70.497322
71.392273
72.288544
73.186142
74.085060
74.985291
75.886848
76.789719
77.693924
78.599442
79.506287
80.414444
81.323936
82.234741
83.146866
84.060318
84.975082
85.891174
86.808594
87.727318
88.647377
89.568748
90.491455
91.415466
92.340805
93.267471
94.195457
95.124748
96.055382
96.987328
97.920593
98.855186
99.791100
100.728325
101.666870
102.606743
103.547943
104.490456
105.434296
106.379456
107.325943
108.273735
109.222862
110.173302
111.125069
112.078148
113.032562
113.988289
114.945335
115.903709
116.863396
117.824409
118.786682
119.750122
120.714760
121.680573
122.647568
123.615761
124.585114
125.555664
126.527397
127.500305
128.474411
129.449692
130.426147
131.403793
132.382629
133.362625
134.343826
135.326218
136.309769
137.294525
138.280441
139.267563
140.255859
141.245316
142.235992
143.227829
144.220856
145.215057
146.210449
147.207031
148.204788
149.203720
150.203857
151.205170
152.207657
153.211319
154.216187
155.222214
156.229431
157.237839
158.247437
159.258209
160.270172
161.283310
162.297623
163.313126
164.329819
165.347687
166.366745
167.386978
168.408386
169.431000
170.454773
171.479752
172.503372
173.523056
174.538818
175.550659
176.558578
177.562561
178.562637
179.558792
180.551025
181.539337
182.523727
183.504211
184.480759
185.453384
186.422089
187.386871
188.347748
189.304688
190.257706
191.206818
192.151993
193.093262
194.030594
194.964005
195.893524
196.819107
197.740753
198.658493
199.572311
200.482193
201.388168
202.290237
203.188370
204.082581
204.972855
205.859238
206.741684
207.620224
208.494812
209.365509
210.232269
211.095123
211.954041
212.809036
213.660141
214.507294
215.350525
216.189850
217.025253
217.856720
218.684280
219.507935
220.327637
221.143417
221.987366
222.891556
223.855972
224.880646
225.965530
227.110657
228.316025
229.581619
230.907455
232.293518
233.739822
235.246353
236.813126
238.440140
240.127380
241.874847
243.682571
245.550522
247.478699
249.467117
0.000000
1.577053
3.125551
4.645493
6.136879
7.599710
9.033987
10.439706
11.816870
13.165481
14.485534
15.777033
17.050816
18.317720
19.577753
20.830906
22.077185
23.316586
24.549112
25.774763
26.993536
28.205435
29.410456
30.608603
31.799873
32.984268
34.161785
35.332428
36.496189
37.653076
38.803093
39.946232
41.082493
42.211876
43.334389
44.450016
45.558773
46.660656
47.755653
48.843788
49.925034
50.999413
52.066917
53.127533
54.181286
55.228153
56.268154
57.301273
58.327515
59.346886
60.359375
61.366375
62.376221
63.390301
64.408607
65.431152
66.457916
67.488922
68.524155
69.563622
70.607315
71.655251
72.707405
73.763794
74.824417
75.889267
76.958351
78.031662
79.109207
80.190987
81.276993
82.367241
83.461700
84.560402
85.663338
86.770500
87.881905
88.997536
90.117386
91.241478
92.369797
93.502350
94.639137
95.780144
96.925392
98.074867
99.228577
100.386513
101.548683
102.715088
103.885719
105.057640
106.227913
107.396538
108.563522
109.728851
110.892525
112.054558
113.214943
114.373672
115.530754
116.686195
117.839981
118.992119
120.142616
121.291451
122.438644
123.584190
124.728081
125.870331
127.010925
128.149872
129.287186
130.422836
131.556824
132.689178
133.819885
134.948944
136.076355
137.202118
138.326233
139.448685
140.569489
141.688644
142.806168
143.922028
145.036255
146.148819
147.259750
148.369019
149.476288
150.579453
151.678177
152.772430
153.862244
154.947601
156.028488
157.104935
158.176926
159.244461
160.307526
161.366165
162.420334
163.470062
164.515320
165.556122
166.592484
167.624390
168.651840
169.674835
170.693375
171.707474
172.717102
173.722275
174.723007
175.719254
176.711090
177.698456
178.681351
179.659805
180.633804
181.603348
182.568436
183.529083
184.485275
185.436996
186.384277
187.327087
188.265457
189.199371
190.130066
191.058853
191.985703
192.910614
193.833588
194.754623
195.673737
196.590912
197.506149
198.419449
199.330811
200.240234
201.147736
202.053314
202.956924
203.858627
204.758362
205.656189
206.552063
207.446030
208.338028
209.228119
210.116241
211.002472
211.886734
212.769073
213.649460
214.527924
215.404465
216.279053
217.151718
218.022446
218.891235
219.758087
220.623016
221.485992
222.347046
223.206161
224.063339
224.918579
225.771896
226.623260
227.472702
228.320206
229.165771
230.009399
230.851089
231.690872
232.528671
233.364563
234.198517
235.030548
235.860641
236.688782
237.514999
238.339279
239.161636
239.982025
240.800491
241.617035
242.431641
243.244308
244.055038
244.863846
245.670715
246.475632
247.278610
248.079681
248.878799
249.675980
250.471237
251.264542
252.055923
252.845367
253.632874
254.418442
255.000000
255.000000
255.000000
255.000000
255.000000
255.000000
255.000000
255.000000
255.000000
255.000000
0.000000
2.808988
5.199377
7.171164
8.724353
10.062912
11.390823
12.708085
14.014696
15.310656
16.595966
17.870625
19.134634
20.387993
21.630701
22.862755
24.084164
25.294920
26.495024
27.684479
28.863283
30.031435
31.188938
32.335789
33.471992
34.597546
35.712444
36.816696
37.910301
38.993244
40.065544
41.127193
42.178192
43.218533
44.248230
45.267277
46.275673
47.280643
48.289421
49.302006
50.318394
51.338589
52.362587
53.390396
54.422005
55.457424
56.496647
57.539673
58.586510
59.637146
60.691593
61.749844
62.811897
63.877766
64.947433
66.020905
67.098183
68.179268
69.264160
70.352852
71.445351
72.541656
73.641769
74.745682
75.853416
76.964935
78.080276
79.199409
80.322357
81.448105
82.575638
83.704971
84.836105
85.969017
87.103729
88.240242
89.378540
90.518639
91.660522
92.804199
93.949677
95.096939
96.246002
97.396858
98.549507
99.703949
100.860184
102.018219
103.178040
104.339661
105.503067
106.668274
107.835266
109.004059
110.174637
111.347023
112.521187
113.697151
114.874908
116.054466
117.235809
118.417061
119.596352
120.773674
121.949036
123.122429
124.293861
125.463326
126.630821
127.796356
128.959915
130.121521
131.281143
132.438828
133.594528
134.748245
135.900024
137.049835
138.197678
139.343536
140.487442
141.629395
142.769363
143.907364
145.043411
146.177490
147.309601
148.439728
149.567917
150.694138
151.818375
152.940674
154.060974
155.176178
156.283142
157.381836
158.472290
159.554489
160.628433
161.694122
162.751556
163.800751
164.841675
165.874359
166.898788
167.914963
168.922882
169.922562
170.913971
171.897156
172.872055
173.838730
174.797134
175.747299
176.689194
177.622849
178.548248
179.465408
180.374298
181.274948
182.167328
183.051468
183.927368
184.794998
185.654373
186.505508
187.348389
188.183014
189.009384
189.827515
190.637360
191.438980
192.232361
193.017471
193.794312
194.562927
195.323273
196.075378
196.819229
197.554825
198.282181
199.001266
199.712097
200.414688
201.109009
201.795105
202.472931
203.142517
203.803833
204.456909
205.101715
205.738281
206.366608
206.986679
207.598480
208.202042
208.797348
209.384399
209.963211
210.533752
211.096039
211.650085
212.195877
212.733429
213.262711
213.783737
214.296524
214.801041
215.297333
215.785355
216.265121
216.736649
217.199921
217.654938
218.101700
218.540192
218.970459
219.392471
219.806229
220.211716
220.608978
220.997971
221.378708
221.751205
222.115433
222.471436
222.819168
223.158646
223.489868
223.812851
224.127563
224.434052
224.732269
225.022232
225.303955
225.577423
225.842636
226.099594
226.348297
226.588745
226.820953
227.044907
227.260590
227.468033
227.667221
227.858170
228.040848
228.215286
228.381454
228.539398
228.689087
228.830505
228.963669
229.088593
229.205246
229.313675
