0.947338
0.026331
0.026331
0.026331
0.947338
0.026331
0.026331
0.026331
0.947338
0.000000
1.014373
2.013412
2.997120
3.965495
4.918537
5.856247
6.778625
7.685672
8.577384
9.453766
10.314815
11.167734
12.019723
12.870784
13.720916
14.570119
15.418395
16.265739
17.112158
17.957647
18.802204
19.645836
20.488539
21.330313
22.171156
23.011074
23.850061
24.688118
25.525248
26.361450
27.196722
28.031069
28.864483
29.696968
30.528526
31.359156
32.188854
33.017624
33.845467
34.672382
35.498367
36.323425
37.147552
37.970749
38.793022
39.614361
40.434772
41.254265
42.072815
42.890446
43.707142
44.522915
45.337753
46.151661
46.964649
47.776703
48.587826
49.398323
50.209961
51.023052
51.837578
52.653553
53.470974
54.289837
55.110146
55.931900
56.755100
57.579739
58.405827
59.233356
60.062332
60.892750
61.724617
62.557922
63.392677
64.228882
65.066521
65.905609
66.746140
67.588112
68.431534
69.276398
70.122711
70.970467
71.819664
72.670303
73.522392
74.375923
75.230904
76.087318
76.945190
77.804497
78.665245
79.527451
80.391090
81.256180
82.122711
82.990692
83.860115
84.730988
85.603287
86.477043
87.352242
88.228889
89.107025
89.986755
90.868050
91.750916
92.635361
93.521370
94.408951
95.298111
96.188835
97.081139
97.975006
98.870453
99.767471
100.666061
101.566223
102.467957
103.371254
104.276131
105.182579
106.090607
107.000198
107.911369
108.824104
109.738411
110.654289
111.571739
112.490768
113.411369
114.333542
115.257278
116.182587
117.109482
118.037933
118.967972
119.899567
120.832741
121.767494
122.703804
123.641693
124.581154
125.522194
126.464798
127.408974
128.354721
129.302048
130.250946
131.200378
132.144196
133.081390
134.011917
134.935806
135.853043
136.763641
137.667603
138.564911
139.455566
140.339600
141.216980
142.087708
142.951797
143.809219
144.660034
145.504181
146.341690
147.172546
147.996765
148.814331
149.625275
150.429550
151.227188
152.018188
152.802536
153.580246
154.351303
155.115723
155.873489
156.624619
157.369110
158.106934
158.838135
159.562683
160.280579
160.991821
161.696442
162.394409
163.085739
163.770416
164.448456
165.119843
165.784592
166.442703
167.094147
167.738953
168.384979
169.039978
169.703995
170.377014
171.059052
171.750092
172.450134
173.159180
173.877258
174.604340
175.340424
176.085510
176.839630
177.602722
178.374847
179.155975
179.946121
180.745270
181.553421
182.370590
183.196777
184.031952
184.876144
185.729355
186.591568
187.462784
188.343018
189.232269
190.130508
191.037766
191.954025
192.879303
193.813599
194.756897
195.709198
196.670517
197.640839
198.620163
199.608505
200.605865
201.612213
202.627579
203.651962
204.685349
205.727737
206.779144
207.839539
208.908981
209.987396
211.074844
212.171295
213.276749
214.391235
215.514709
216.647186
217.788681
218.939194
220.098709
0.000000
0.811347
1.752242
2.822685
4.022678
5.352219
6.811307
8.399944
10.118133
11.884783
13.618817
15.320232
16.989033
18.625214
20.228777
21.799721
23.338047
24.843758
26.316853
27.757324
29.165182
30.540421
31.883043
33.193047
34.470432
35.715199
36.927353
38.106888
39.253799
40.368099
41.449780
42.498840
43.515289
44.499111
45.450321
46.368916
47.268250
48.180988
49.108620
50.051136
51.008541
51.980839
52.968021
53.970097
54.987057
56.018913
57.065651
58.127281
59.203800
60.295208
61.401505
62.522690
63.658768
64.809731
65.975578
67.156319
68.351959
69.562469
70.787880
72.028183
73.283371
74.553444
75.838409
77.135498
78.428040
79.713280
80.991211
82.261826
83.525131
84.781136
86.029823
87.271210
88.505280
89.732040
90.951492
92.163643
93.368484
94.566002
95.756226
96.939133
98.114731
99.283020
100.444000
101.597672
102.744041
103.883087
105.014839
106.139267
107.256393
108.366219
109.468941
110.569595
111.670242
112.770851
113.871445
114.972008
116.072556
117.173065
118.273560
119.374031
120.474480
121.574905
122.675301
123.775673
124.876030
125.976349
127.076653
128.176926
129.277176
130.377411
131.477631
132.577805
133.677948
134.778107
135.878204
136.978287
138.078339
139.178391
140.274429
141.362488
142.442596
143.514709
144.578873
145.635056
146.683273
147.723511
148.755783
149.780090
150.796417
151.804779
152.805145
153.797562
154.781998
155.758484
156.726990
157.687515
158.640076
159.584656
160.521271
161.449921
162.370590
163.283310
164.188034
165.084793
165.973572
166.854401
167.727234
168.592117
169.449020
170.297958
171.138931
171.971909
172.796936
173.613983
174.423050
175.224167
176.017288
176.802460
177.579651
178.348877
179.110123
179.863403
180.608719
181.346039
182.075409
182.796814
183.510223
184.215683
184.913162
185.602661
186.284210
186.957764
187.623367
188.280991
188.930649
189.572327
190.206024
190.831772
191.449554
192.059341
192.661163
193.255020
193.840897
194.418823
194.988754
195.550735
196.104721
196.650757
197.188812
197.718887
198.240997
198.755142
199.261322
199.759521
200.249756
200.732010
201.206284
201.672607
202.130966
202.581329
203.023727
203.458160
203.884628
204.303101
204.713623
205.116165
205.510757
205.897354
206.275970
206.646652
207.009338
207.364059
207.710815
208.049561
208.380371
208.703217
209.018082
209.324966
209.623886
209.914841
210.197815
210.472824
210.739853
210.998917
211.250000
211.493118
211.728287
211.955460
212.174667
212.385910
212.589172
212.784485
212.971786
213.151138
213.322525
213.485931
213.641373
213.788834
213.928345
214.059860
214.183411
214.298981
214.406601
214.506241
214.597916
214.681610
214.757355
214.825089
214.884888
214.936691
214.980530
215.016403
215.044312
215.064240
215.076187
215.080185
0.000002
4.887390
9.549556
13.986498
18.198217
22.184713
25.945984
29.482035
32.792862
35.878464
38.721554
41.286362
43.571831
45.577969
47.304764
48.752224
49.920345
50.809128
51.418575
51.849850
52.518833
53.470490
54.704830
56.221840
58.021526
60.103889
62.468929
65.116646
68.007614
70.777222
73.336784
75.686302
77.825760
79.755165
81.474525
82.983841
84.283096
85.377556
86.440178
87.554855
88.721573
89.940338
91.211151
92.534012
93.908913
95.335869
96.814857
98.316292
99.810509
101.297516
102.777336
104.249954
105.715363
107.173576
108.624588
110.068398
111.505013
112.934418
114.356621
115.771622
117.179436
118.580040
119.973442
121.359634
122.738640
124.110443
125.475044
126.832436
128.182632
129.525620
130.861420
132.190018
133.511414
134.825592
136.132584
137.432373
138.724960
140.010361
141.288544
142.559540
143.823318
145.079895
146.329285
147.571472
148.806427
150.034225
151.254791
152.468170
153.674347
154.873322
156.065094
157.249664
158.427048
159.597214
160.760178
161.915939
163.064514
164.205872
165.340042
166.466995
167.586792
168.699341
169.804703
170.902847
171.993820
173.077576
174.154144
175.223495
176.285645
177.340591
178.388336
179.428894
180.462234
181.488388
182.507339
183.519089
184.523636
185.520981
186.511124
187.494064
188.469818
189.438354
190.399704
191.353836
192.300781
193.240494
194.173050
195.098373
196.016525
196.927444
197.831192
198.727707
199.617035
200.499161
201.374100
202.241821
203.102356
203.955673
204.801788
205.640717
206.472443
207.296967
208.114273
208.924408
209.727310
210.523026
211.311539
212.092850
212.866959
213.633881
214.393600
215.146103
215.891403
216.629501
217.360428
218.084137
218.800613
219.509933
220.212036
220.906937
221.594650
222.275131
222.948441
223.614532
224.273422
224.925110
225.569611
226.206909
226.836990
227.459885
228.075592
228.684067
229.285355
229.879456
230.466309
231.046005
231.618500
232.183777
232.741852
233.292725
233.836411
234.372879
234.902161
235.424240
235.939117
236.446793
236.947281
237.440536
237.926605
238.405487
238.877151
239.341614
239.798889
240.248947
240.691818
241.127472
241.555939
241.977203
242.391251
242.798126
243.197769
243.590240
243.975494
244.353546
244.724396
245.088058
245.444519
245.793762
246.135803
246.470657
246.798309
247.118759
247.431992
247.738037
248.036896
248.328537
248.612961
248.890198
249.160248
249.423080
249.678726
249.927155
250.168396
250.402435
250.629257
250.848892
251.061310
251.266556
251.464584
251.655411
251.839035
252.015457
252.184692
252.346710
252.501526
252.649155
252.789566
252.922791
253.048798
253.167633
253.279236
253.383652
253.480865
253.570877
253.653702
253.729324
253.797729
253.858917
253.912933
253.959732
253.999344
254.031754
254.056946
254.074951
254.085770
254.089355
