0.954912
0.022544
0.022544
0.022544
0.954912
0.022544
0.022544
0.022544
0.954912
0.000000
0.845023
1.691609
2.539756
3.389465
4.240736
5.093569
5.947963
6.803920
7.661438
8.520518
9.381161
10.243365
11.107131
11.972458
12.839349
13.707801
14.577814
15.449390
16.322527
17.197227
18.073486
18.951311
19.830694
20.711641
21.594151
22.478222
23.363853
24.251047
25.139805
26.030123
26.922005
27.815447
28.710449
29.607016
30.505142
31.404833
32.306084
33.208897
34.112297
35.015320
35.917957
36.820213
37.722088
38.623581
39.524693
40.425423
41.325768
42.225735
43.125317
44.024517
44.923340
45.821774
46.719830
47.617500
48.514793
49.411705
50.308228
51.204372
52.100136
52.995518
53.890518
54.785133
55.679371
56.573219
57.466690
58.359779
59.252487
60.144814
61.036755
61.928318
62.819492
63.710293
64.600708
65.490730
66.380386
67.269661
68.158539
69.047043
69.935173
70.822906
71.710266
72.597092
73.482689
74.367004
75.250038
76.131790
77.012245
77.891426
78.769318
79.645920
80.521240
81.395279
82.268036
83.139503
84.009682
84.878586
85.746193
86.612518
87.477570
88.341324
89.203796
90.064987
90.924889
91.783508
92.640839
93.496887
94.351646
95.205124
96.057320
96.908226
97.757851
98.606194
99.453239
100.299011
101.143494
101.986694
102.828606
103.669235
104.508583
105.346642
106.183418
107.018898
107.853111
108.686028
109.517754
110.351608
111.189186
112.030495
112.875526
113.724281
114.576767
115.432976
116.292908
117.156563
118.023941
118.895050
119.769875
120.648438
121.530716
122.416733
123.306465
124.199921
125.097099
125.998009
126.902641
127.811005
128.723083
129.638885
130.558426
131.481689
132.408661
133.339371
134.273819
135.211975
136.153854
137.099472
138.048813
139.001862
139.958649
140.919159
141.883392
142.851364
143.823044
144.798447
145.777603
146.760452
147.747025
148.737350
149.728882
150.716431
151.699875
152.679169
153.654343
154.625412
155.592331
156.555130
157.513794
158.468338
159.418762
160.365067
161.307220
162.245270
163.179184
164.108963
165.034637
165.956177
166.873596
167.786865
168.696030
169.601074
170.501968
171.398758
172.291397
173.179932
174.064346
174.944626
175.820755
176.692780
177.560684
178.424454
179.284103
180.139618
180.991013
181.838287
182.681427
183.520447
184.355331
185.186081
186.012726
186.835251
187.653625
188.469666
189.299774
190.147964
191.014236
191.898575
192.800995
193.721512
194.660080
195.616730
196.591461
197.584274
198.595154
199.624115
200.671158
201.736267
202.819473
203.920746
205.040085
206.177505
207.333008
208.506577
209.698242
210.907974
212.135773
213.381653
214.645615
215.927658
217.227783
218.545975
219.882233
221.236588
222.609024
223.999512
225.408081
226.834747
228.279465
229.742279
231.223175
232.722137
234.239182
235.774292
237.327484
238.898758
240.488113
0.000000
0.000000
0.000000
0.000000
0.000000
2.226561
4.486436
6.692223
8.843922
10.941535
12.985056
14.974494
16.909842
18.791101
20.618271
22.391359
24.110352
25.775259
27.386080
28.942812
30.445459
31.894014
33.288486
34.628864
35.915157
37.147362
38.352192
39.556362
40.759872
41.962727
43.164917
44.366451
45.567322
46.767532
47.967083
49.165974
50.364204
51.561779
52.758686
53.954937
55.150528
56.345459
57.539734
58.733341
59.926296
61.118587
62.310219
63.501190
64.691498
65.881157
67.070145
68.258476
69.446144
70.633163
71.819504
73.005196
74.190231
75.374603
76.558311
77.741364
78.923759
80.105484
81.286560
82.466965
83.646721
84.825813
86.004250
87.182022
88.359131
89.535583
90.711380
91.886505
93.060974
94.234940
95.409309
96.584236
97.759727
98.935768
100.112373
101.289543
102.467270
103.645546
104.824394
106.003792
107.183754
108.364273
109.545349
110.726982
111.909180
113.091934
114.275253
115.459122
116.643547
117.828545
119.014091
120.200195
121.386864
122.574089
123.761871
124.950218
126.139130
127.328583
128.518600
129.709183
130.900314
132.092026
133.284271
134.477097
135.670456
136.864395
138.058884
139.253937
140.449554
141.645706
142.842453
144.039719
145.237564
146.435974
147.634933
148.834457
150.034546
151.231323
152.420944
153.603409
154.778732
155.946899
157.107910
158.261749
159.408447
160.548004
161.680389
162.805603
163.923676
165.034592
166.138367
167.234970
168.324432
169.406723
170.481857
171.549850
172.610672
173.664368
174.710892
175.750244
176.782455
177.807510
178.825409
179.836151
180.839737
181.836166
182.825455
183.807587
184.782547
185.750351
186.711014
187.664505
188.610855
189.550064
190.482086
191.406982
192.324707
193.235275
194.138687
195.034943
195.924057
196.806000
197.680786
198.548431
199.409210
200.265015
201.116104
201.962540
202.804260
203.641296
204.473633
205.301315
206.124268
206.942566
207.756165
208.565063
209.369263
210.168808
210.963638
211.753784
212.539261
213.320023
214.096085
214.867493
215.634186
216.396210
217.153549
217.906174
218.654114
219.397385
220.135941
220.869843
221.599014
222.323532
223.043335
223.758469
224.468903
225.174637
225.875702
226.572083
227.263748
227.950745
228.633041
229.310669
229.983582
230.651825
231.315369
231.974228
232.628403
233.277878
233.922668
234.562759
235.198563
235.830460
236.458420
237.082474
237.702606
238.318832
238.931137
239.539520
240.144012
240.744568
241.341202
241.933945
242.522766
243.107651
243.688644
244.265717
244.838852
245.408096
245.973419
246.534836
247.092316
247.645889
248.195557
248.741302
249.283127
249.821045
250.355042
250.885132
251.411285
251.933548
252.451889
252.966309
253.476807
253.983398
254.486069
254.984833
255.000000
255.000000
255.000000
255.000000
0.000000
2.419800
4.765129
7.035983
9.232366
11.354273
13.401705
15.374665
17.273153
19.097164
20.846704
22.521769
24.122362
25.648479
27.100122
28.477295
29.779991
31.008215
32.200375
33.394882
34.591736
35.790936
36.992485
38.196381
39.402622
40.611210
41.822147
43.035431
44.251060
45.469036
46.689365
47.912033
49.137051
50.364422
51.594131
52.826191
54.060596
55.297352
56.536453
57.777897
59.021694
60.267838
61.516327
62.767159
64.020340
65.275879
66.533752
67.793976
69.056549
70.321465
71.588737
72.858345
74.130302
75.404602
76.681259
77.960266
79.241608
80.525299
81.811287
83.098335
84.385941
85.674103
86.962822
88.252106
89.541946
90.832344
92.123299
93.414810
94.706886
95.999512
97.292702
98.586456
99.880760
101.175621
102.471039
103.767021
105.063568
106.360657
107.658318
108.956528
110.255310
111.554634
112.854523
114.154968
115.455978
116.757538
118.059662
119.362343
120.665581
121.969383
123.273727
124.578651
125.884125
127.190147
128.496735
129.803894
131.111603
132.419861
133.728683
135.037186
136.340164
137.636734
138.926880
140.210632
141.487991
142.758926
144.023453
145.281586
146.533295
147.778610
149.017517
150.250015
151.476105
152.695786
153.909073
155.115936
156.316391
157.510452
158.698105
159.879333
161.054169
162.222595
163.384628
164.540237
165.689438
166.832230
167.968628
169.098618
170.222198
171.339371
172.450134
173.554489
174.652435
175.743973
176.829117
177.907852
178.980164
180.046066
181.105591
182.158691
183.203720
184.236572
185.257095
186.265259
187.261078
188.244553
189.215683
190.174454
191.120880
192.054962
192.976700
193.886093
194.783127
195.667816
196.540146
197.400146
198.247818
199.083115
199.906052
200.716660
201.514923
202.300842
203.074402
203.835617
204.584488
205.321014
206.045197
206.757019
207.456497
208.143616
208.818405
209.480850
210.130936
210.768677
211.394073
212.007111
212.607819
213.196167
213.772186
214.335831
214.887131
215.434418
215.985947
216.541718
217.101761
217.666061
218.234619
218.807449
219.384506
219.965851
220.551437
221.141296
221.735413
222.333771
222.936401
223.543289
224.154434
224.769852
225.389511
226.013443
226.641617
227.274063
227.910751
228.551712
229.196930
229.846420
230.500153
231.158127
231.820389
232.486893
233.157669
233.832687
234.511978
235.195526
235.883316
236.575378
237.271698
237.972275
238.677124
239.386215
240.099564
240.817184
241.539062
242.265198
242.995590
243.730225
244.469131
245.212296
245.959732
246.711411
247.467361
248.227570
248.992020
249.760742
250.533722
251.310944
252.092438
252.878189
253.668213
254.462479
255.000000
255.000000
255.000000
255.000000
255.000000
255.000000
255.000000
255.000000
255.000000
255.000000
255.000000
255.000000
255.000000
255.000000
255.000000
255.000000
