0.938032
0.030984
0.030984
0.030984
0.938032
0.030984
0.030984
0.030984
0.938032
0.000000
0.923430
1.849690
2.778780
3.710699
4.645448
5.583027
6.523436
7.466675
8.412744
9.361642
10.313371
11.267929
12.225317
13.182929
14.138170
15.091038
16.041531
16.989649
17.935392
18.878763
19.819757
20.758379
21.694626
22.628500
23.559998
24.489124
25.415873
26.340248
27.262249
28.181875
29.099129
30.014009
30.926514
31.836643
32.744400
33.649780
34.552788
35.453419
36.351685
37.247566
38.141075
39.032211
39.920979
40.807362
41.691372
42.573009
43.452278
44.329174
45.203690
46.075825
46.945599
47.812992
48.678009
49.540653
50.400928
51.258823
52.114342
52.967495
53.818268
54.666832
55.516876
56.369907
57.225925
58.084927
58.946918
59.811890
60.679848
61.550797
62.424728
63.301647
64.181549
65.064438
65.950310
66.839172
67.731026
68.625854
69.523666
70.424477
71.328270
72.235046
73.144806
74.057556
74.973282
75.892006
76.813705
77.738403
78.666077
79.596741
80.530388
81.467018
82.406639
83.349243
84.294838
85.243408
86.194977
87.149521
88.107063
89.067589
90.031090
90.997589
91.967056
92.939529
93.914970
94.893417
95.874832
96.859238
97.846107
98.832283
99.817245
100.800995
101.783508
102.764816
103.744904
104.723778
105.701431
106.677872
107.653084
108.627090
109.599876
110.571434
111.541786
112.510925
113.478828
114.445526
115.411011
116.375267
117.338310
118.300140
119.260750
120.220139
121.178314
122.135277
123.091011
124.045532
124.998840
125.950920
126.901794
127.851448
128.799881
129.747086
130.693100
131.637894
132.581451
133.523804
134.464920
135.404831
136.343521
137.281006
138.217270
139.152298
140.086136
141.018753
141.950134
142.880569
143.810730
144.740616
145.670242
146.599609
147.528717
148.457565
149.386139
150.314468
151.242523
152.170334
153.097870
154.025146
154.952179
155.878937
156.805420
157.731659
158.657623
159.583344
160.508804
161.433990
162.358917
163.283585
164.207993
165.132141
166.056030
166.979660
167.903015
168.826111
169.748962
170.671539
171.593857
172.515915
173.437714
174.359238
175.280518
176.201538
177.122284
178.042770
178.963013
179.882980
180.802689
181.722137
182.641312
183.560242
184.478912
185.397308
186.307251
187.200485
188.077011
188.936844
189.779999
190.606430
191.416183
192.209229
192.985596
193.745270
194.488235
195.214493
195.924072
196.616959
197.293137
197.952621
198.595413
199.221497
199.830917
200.423599
200.999603
201.558929
202.101547
202.627457
203.136688
203.629211
204.105042
204.564178
205.006622
205.432373
205.841415
206.233765
206.609436
206.968384
207.310654
207.636230
207.945084
208.237274
208.512741
208.771545
209.013641
209.239029
209.447723
209.639725
209.815033
209.973648
210.115555
210.240768
210.349289
210.441132
210.516251
210.574692
210.616440
210.641464
210.649826
0.000000
1.373814
2.740693
4.100636
5.453646
6.799720
8.138859
9.471064
10.796336
12.114670
13.426070
14.730536
16.028067
17.318842
18.603041
19.880661
21.151705
22.416174
23.674063
24.925379
26.170113
27.408276
28.639858
29.864862
31.083294
32.295143
33.500420
34.699120
35.891239
37.076782
38.255753
39.428143
40.593960
41.753193
42.905853
44.051941
45.191444
46.324375
47.450726
48.570499
49.683701
50.790318
51.890366
52.983833
54.070717
55.151039
56.224770
57.291935
58.352520
59.406521
60.453957
61.499321
62.547146
63.597431
64.650169
65.705368
66.763023
67.823135
68.885704
69.950729
71.018211
72.088150
73.160553
74.235405
75.312721
76.392487
77.474709
78.559402
79.646538
80.736137
81.828194
82.922707
84.019669
85.119095
86.220985
87.325325
88.432121
89.541374
90.653091
91.767258
92.883888
94.002975
95.124504
96.248505
97.374962
98.503876
99.635246
100.769073
101.905350
103.043480
104.182838
105.323425
106.465240
107.608284
108.752563
109.898079
111.044815
112.192780
113.341972
114.492401
115.644058
116.796944
117.951065
119.106415
120.262993
121.420799
122.579842
123.740112
124.901611
126.064331
127.228294
128.393463
129.559906
130.727554
131.896423
133.066528
134.237869
135.410446
136.584229
137.759262
138.935516
140.113007
141.291718
142.471680
143.652863
144.835266
146.018906
147.200317
148.376068
149.546158
150.710587
151.869339
153.022446
154.169876
155.311630
156.447739
157.578186
158.702957
159.822052
160.935501
162.043274
163.145386
164.241821
165.332611
166.417725
167.497192
168.570984
169.639099
170.701553
171.758331
172.809464
173.854935
174.894730
175.928879
176.957321
177.980133
178.997269
180.008743
181.014557
182.014709
183.009186
183.998001
184.981140
185.958633
186.930450
187.894089
188.847122
189.789474
190.721191
191.642258
192.552673
193.452454
194.341568
195.220062
196.087891
196.945053
197.791595
198.627472
199.452713
200.267303
201.071243
201.864532
202.647171
203.419159
204.180511
204.931213
205.671265
206.400665
207.119415
207.827530
208.524979
209.211792
209.887955
210.553467
211.208328
211.852539
212.486099
213.109024
213.721298
214.322922
214.913895
215.494217
216.063904
216.622940
217.171310
217.709045
218.236130
218.752579
219.258362
219.753494
220.238007
220.711838
221.175034
221.627594
222.069473
222.500732
222.921341
223.331299
223.730606
224.119263
224.497269
224.864639
225.221359
225.567413
225.902832
226.227615
226.541733
226.845215
227.138031
227.420212
227.691742
227.952621
228.202850
228.442429
228.671371
228.889648
229.097305
229.294281
229.480637
229.656326
229.821381
229.975769
230.119522
230.252625
230.375092
230.486893
230.588043
230.678558
230.758423
230.827637
230.886185
230.934113
230.971375
230.998016
231.013977
231.019302
0.000000
2.723622
5.237984
7.543087
9.638931
11.525516
13.202840
14.768588
16.320442
17.858400
19.382463
20.892635
22.388912
23.871296
25.339783
26.794376
28.235077
29.661880
31.074791
32.473808
33.858932
35.230160
36.587490
37.930931
39.260483
40.576130
41.877888
43.165752
44.439716
45.699791
46.945976
48.178261
49.396648
50.601147
51.791748
52.968460
54.131275
55.289879
56.453972
57.623550
58.798615
59.979160
61.165192
62.356705
63.553707
64.756195
65.964157
67.177612
68.396553
69.620964
70.850876
72.086266
73.327141
74.573502
75.825340
77.082672
78.345482
79.613777
80.887558
82.166824
83.451569
84.741806
86.037521
87.338722
88.645416
89.957573
91.275238
92.596199
93.918289
95.241501
96.565842
97.891319
99.217918
100.545647
101.874496
103.204475
104.535583
105.867821
107.201187
108.535675
109.871292
111.208038
112.545914
113.884911
115.225037
116.566292
117.908676
119.252182
120.596825
121.942589
123.289482
124.637505
125.986649
127.336929
128.688339
130.040863
131.394516
132.743973
134.083893
135.414291
136.735153
138.046478
139.348282
140.640549
141.923279
143.196487
144.460144
145.714294
146.958908
148.193985
149.419525
150.635529
151.842026
153.038971
154.226395
155.404266
156.572632
157.731461
158.880753
160.020508
161.150757
162.271454
163.382614
164.484253
165.576355
166.658920
167.731964
168.796112
169.851944
170.899521
171.938812
172.969833
173.992554
175.007019
176.013168
177.011047
178.000656
178.981979
179.955032
180.919785
181.876266
182.824463
183.764374
184.696014
185.619370
186.534439
187.441238
188.339752
189.229965
190.111908
190.985596
191.850983
192.708069
193.556900
194.397446
195.229706
196.053680
196.869385
197.676788
198.475937
199.266800
200.049377
200.823669
201.589676
202.347397
203.096848
203.838028
204.570892
205.295502
206.011826
206.719879
207.419632
208.111130
208.794312
209.469238
210.135864
210.794220
211.444305
212.086090
212.719604
213.344849
213.961777
214.570465
215.170837
215.762939
216.346771
216.922318
217.489563
218.048569
218.599258
219.141678
219.675812
220.201675
220.719238
221.228531
221.729568
222.222290
222.706726
223.182907
223.650787
224.110397
224.561722
225.004776
225.439529
225.866028
226.284210
226.694138
227.095764
227.489120
227.874191
228.251007
228.619507
228.979752
229.331696
229.675369
230.010742
230.337860
230.656677
230.967239
231.269501
231.563477
231.849182
232.126602
232.395737
232.656586
232.909164
233.153473
233.389481
233.617203
233.836670
234.047836
234.250732
234.445343
234.631668
234.809708
234.979462
235.140961
235.294144
235.439072
235.575714
235.704071
235.824158
235.935959
236.039474
236.134689
236.221649
236.300323
236.370712
236.432831
236.486649
236.532196
236.569458
236.598434
236.619141
236.631577
236.635712
