0.951387
0.024306
0.024306
0.024306
0.951387
0.024306
0.024306
0.024306
0.951387
0.000000
0.585295
1.190759
1.816394
2.462200
3.128175
3.814321
4.520637
5.247122
5.993778
6.760605
7.547601
8.354768
9.182104
10.029611
10.897288
11.785136
12.693152
13.621341
14.569697
15.538226
16.516155
17.492725
18.467932
19.441778
20.414265
21.385386
22.355145
23.323544
24.290579
25.256252
26.220564
27.183514
28.145102
29.105328
30.064190
31.021690
31.977831
32.932610
33.886024
34.838078
35.788769
36.738102
37.686066
38.632671
39.577911
40.521793
41.464314
42.405476
43.345268
44.283703
45.220772
46.156479
47.090828
48.023815
48.955437
49.885696
50.814598
51.742130
52.668308
53.593121
54.516571
55.438660
56.359390
57.278759
58.196762
59.113396
60.029343
60.946243
61.864174
62.783127
63.703110
64.624123
65.546150
66.469208
67.393295
68.318413
69.244553
70.171722
71.099915
72.029129
72.959381
73.890656
74.822952
75.756279
76.690628
77.626007
78.562408
79.499840
80.438301
81.377785
82.318298
83.259834
84.202393
85.145981
86.090607
87.036247
87.982910
88.930611
89.879333
90.829079
91.779854
92.731659
93.684486
94.638344
95.593216
96.549133
97.506065
98.464027
99.423019
100.383026
101.344063
102.306137
103.268646
104.228111
105.183952
106.136162
107.084747
108.029701
108.971031
109.908737
110.842812
111.773262
112.700081
113.623276
114.542839
115.458778
116.371086
117.279770
118.184830
119.086266
119.984062
120.878242
121.768791
122.655716
123.539009
124.418671
125.294716
126.167122
127.035912
127.901077
128.762604
129.620499
130.474777
131.325439
132.172455
133.015839
133.855621
134.691757
135.524277
136.353165
137.178421
138.000046
138.818039
139.632431
140.443176
141.250305
142.053802
142.853668
143.650055
144.446762
145.245270
146.045609
146.847763
147.651733
148.457520
149.265121
150.074539
150.885788
151.698853
152.513718
153.330414
154.148926
154.969254
155.791412
156.615372
157.441162
158.268753
159.098190
159.929428
160.762466
161.597351
162.434052
163.272552
164.112885
164.955032
165.798996
166.644775
167.492386
168.341797
169.193039
170.046082
170.900955
171.757645
172.616150
173.476486
174.338623
175.202576
176.068359
176.935959
177.805374
178.676605
179.549667
180.424530
181.301224
182.179718
183.057495
183.931946
184.803085
185.670929
186.535461
187.396667
188.254593
189.109192
189.960495
190.808472
191.653168
192.494537
193.332611
194.167374
194.998825
195.826965
196.651810
197.473343
198.291550
199.106476
199.918076
200.726379
201.531372
202.333054
203.131409
203.926483
204.718246
205.506699
206.291840
207.073685
207.852203
208.627441
209.399353
210.167953
210.933243
211.695236
212.453934
213.209290
213.961365
214.710129
215.455582
216.197723
216.936554
217.672073
218.404312
219.133224
219.858810
220.581131
221.300110
222.015793
0.000000
1.263403
2.534316
3.812739
5.098673
6.392117
7.693072
9.001537
10.317513
11.640999
12.971995
14.310502
15.656519
17.010048
18.371084
19.739634
21.115692
22.499264
23.882807
25.258812
26.627270
27.988180
29.341547
30.687363
32.025635
33.356358
34.679539
35.995167
37.303253
38.603794
39.896778
41.182228
42.460121
43.730476
44.993279
46.248543
47.496250
48.736412
49.969032
51.194107
52.411629
53.621605
54.824039
56.018929
57.206264
58.386055
59.558300
60.723000
61.880150
63.029751
64.171806
65.306320
66.433289
67.556366
68.679176
69.801735
70.924042
72.046104
73.167908
74.289459
75.410759
76.531807
77.652603
78.773140
79.893433
81.013466
82.133255
83.252785
84.372070
85.491096
86.609871
87.728394
88.846664
89.964676
91.082451
92.199959
93.317223
94.434235
95.550987
96.667496
97.783745
98.899750
100.015495
101.130989
102.246239
103.361221
104.475960
105.590439
106.704544
107.818123
108.931168
110.043686
111.155678
112.267151
113.378098
114.488510
115.598404
116.707771
117.816612
118.924934
120.032722
121.139992
122.246727
123.352951
124.458633
125.563797
126.668434
127.772552
128.876144
129.979202
131.081741
132.183746
133.285248
134.386200
135.486633
136.586548
137.685944
138.784805
139.883118
140.980942
142.078217
143.174973
144.271210
145.366089
146.458786
147.549286
148.637634
149.723770
150.807739
151.889511
152.969101
154.046509
155.121735
156.194778
157.265640
158.334320
159.400818
160.465134
161.527252
162.587189
163.644958
164.700531
165.753922
166.805130
167.854156
168.901001
169.945663
170.988129
172.028427
173.066528
174.102463
175.136200
176.167755
177.197144
178.224335
179.249329
180.272156
181.292801
182.307175
183.311111
184.304657
185.287796
186.260529
187.222855
188.174774
189.116302
190.047424
190.968140
191.878448
192.778366
193.667877
194.546982
195.415665
196.273956
197.121857
197.959351
198.786423
199.603104
200.409378
201.205246
201.990723
202.765778
203.530457
204.284714
205.028564
205.762009
206.485062
207.197708
207.899948
208.591782
209.273224
209.944260
210.604874
211.255112
211.894913
212.524323
213.143341
213.751953
214.350159
214.937958
215.515366
216.082352
216.638947
217.185135
217.720917
218.246292
218.761261
219.265839
219.760025
220.243774
220.717148
221.180099
221.632660
222.074814
222.506546
222.927902
223.338837
223.739380
224.129517
224.509247
224.878555
225.237488
225.586029
225.924133
226.251831
226.569153
226.876068
227.172562
227.458649
227.734344
227.999649
228.254532
228.499008
228.733109
228.956772
229.170044
229.372910
229.565384
229.747437
229.919113
230.080353
230.231216
230.371674
230.501709
230.621338
230.730576
230.829422
230.917847
230.995865
231.063507
231.120712
231.167526
231.203949
231.229965
231.245560
231.250763
0.000000
4.426940
8.126039
11.097294
13.340709
15.208342
17.052240
18.872410
20.668850
22.441561
24.190540
25.915794
27.617317
29.295109
30.949173
32.579506
34.186111
35.768990
37.328133
38.863556
40.375240
41.863197
43.327427
44.767925
46.184696
47.577732
48.947052
50.292625
51.614479
52.912601
54.186993
55.437656
56.672642
57.911560
59.155319
60.403923
61.657368
62.915661
64.178787
65.446762
66.719574
67.997231
69.279732
70.567070
71.859253
73.156273
74.458145
75.764847
77.076401
78.392784
79.714020
81.040108
82.371025
83.706779
85.047386
86.392822
87.743111
89.098244
90.458214
91.822174
93.185051
94.545998
95.905006
97.262093
98.617233
99.970436
101.321724
102.671066
104.018478
105.363953
106.707504
108.049110
109.388786
110.726532
112.062340
113.396217
114.728165
116.058174
117.386253
118.712395
120.036606
121.358887
122.679230
123.997635
125.314117
126.628662
127.941124
129.248520
130.549561
131.844299
133.132690
134.414764
135.690506
136.959930
138.223022
139.479782
140.730225
141.974319
143.212097
144.443558
145.668686
146.887466
148.099945
149.306091
150.505905
151.699402
152.886566
154.067383
155.241882
156.410065
157.571915
158.727432
159.876633
161.019501
162.156479
163.287979
164.414017
165.534592
166.649689
167.759338
168.863510
169.962219
171.055466
172.143250
173.225540
174.302399
175.373764
176.439682
177.500137
178.555115
179.604630
180.648682
181.687271
182.720383
183.748032
184.770218
185.786942
186.798187
187.803986
188.804306
189.799164
190.788559
191.772476
192.750931
193.723923
194.691467
195.653503
196.610107
197.561234
198.506897
199.447098
200.381821
201.311096
202.234894
203.153229
204.066086
204.973495
205.875427
206.771896
207.662903
208.548431
209.428513
210.303116
211.172272
212.035950
212.894150
213.746887
214.594162
215.435974
216.272324
217.103210
217.928604
218.748566
219.563034
220.372070
221.175613
221.973694
222.766296
223.553452
224.335144
225.111359
225.882111
226.647415
227.407211
228.161591
228.910477
229.653900
230.391846
231.124344
231.851364
232.572937
233.289032
233.999649
234.704834
235.404526
236.098755
236.787521
237.470810
238.148651
238.821014
239.487930
240.149368
240.805328
241.455826
242.100876
242.740433
243.374542
244.003174
244.626358
245.244064
245.856323
246.463089
247.064377
247.660233
248.250626
248.835526
249.414978
249.988968
250.557480
251.120529
251.678116
252.230225
252.776871
253.318054
253.853790
254.384033
254.908829
255.000000
255.000000
255.000000
255.000000
255.000000
255.000000
255.000000
255.000000
255.000000
255.000000
255.000000
255.000000
255.000000
255.000000
255.000000
255.000000
255.000000
255.000000
255.000000
255.000000
255.000000
255.000000
255.000000
255.000000
255.000000
255.000000
255.000000
255.000000
255.000000
