0.991608
0.004196
0.004196
0.004196
0.991608
0.004196
0.004196
0.004196
0.991608
0.000000
0.995808
1.991636
2.987484
3.983353
4.979243
5.975154
6.971084
7.967036
8.963009
9.959001
10.955014
11.951048
12.947103
13.943177
14.939272
15.935390
16.931524
17.927683
18.923861
19.920059
20.916277
21.912518
22.908777
23.905058
24.901360
25.897682
26.894024
27.890387
28.886356
29.881514
30.875860
31.869400
32.862125
33.854042
34.845150
35.835445
36.824928
37.813606
38.801468
39.788528
40.774773
41.760208
42.744831
43.728642
44.711647
45.693840
46.675220
47.655796
48.635559
49.614510
50.592651
51.569981
52.546501
53.522209
54.497116
55.471203
56.444481
57.416950
58.388611
59.359459
60.329498
61.298721
62.267143
63.234756
64.201553
65.167534
66.132713
67.097084
68.060631
69.022949
69.983559
70.942482
71.899719
72.855270
73.809128
74.761292
75.711777
76.660561
77.607658
78.553062
79.496780
80.438812
81.379143
82.317795
83.254753
84.190033
85.123611
86.055496
86.985695
87.914207
88.841026
89.766151
90.689598
91.611351
92.531410
93.449783
94.366463
95.281456
96.194756
97.106377
98.016296
98.924530
99.831070
100.735924
101.639091
102.540550
103.440346
104.338432
105.234833
106.129555
107.023453
107.917427
108.811462
109.705559
110.599731
111.493965
112.388275
113.282646
114.177078
115.071587
115.966156
116.860802
117.755501
118.650276
119.545113
120.440018
121.334991
122.230026
123.125137
124.020309
124.915543
125.810852
126.706223
127.601669
128.497177
129.392746
130.288376
131.184097
132.079865
132.975708
133.871613
134.767593
135.663635
136.559753
137.455917
138.352158
139.248474
140.144836
141.041290
141.937790
142.834366
143.731369
144.629181
145.527771
146.427170
147.327332
148.228317
149.130066
150.032623
150.935974
151.840103
152.745056
153.650772
154.557297
155.464615
156.372726
157.281616
158.191299
159.101791
160.013077
160.925140
161.838013
162.751663
163.666107
164.581360
165.497391
166.414215
167.331833
168.250244
169.169464
170.089447
171.010254
171.931839
172.854202
173.777390
174.701340
175.626083
176.551651
177.477982
178.405121
179.333054
180.261765
181.187759
182.107559
183.021133
183.928513
184.829666
185.724609
186.613342
187.495865
188.372177
189.242264
190.106140
190.963821
191.815262
192.660492
193.499542
194.332352
195.158951
195.979355
196.793518
197.601501
198.403244
199.198776
199.988113
200.771225
201.548126
202.318817
203.083298
203.841553
204.593613
205.339447
206.079071
206.812469
207.539673
208.260666
208.975433
209.683990
210.386353
211.082489
211.772415
212.456116
213.133606
213.804886
214.469955
215.128830
215.781464
216.427902
217.068130
217.702133
218.329926
218.951508
219.566864
220.176025
220.778976
221.375702
221.966217
222.550522
223.128616
223.700500
224.266159
224.825607
225.378860
225.925873
226.466690
0.000000
0.599119
1.925750
3.242579
4.549604
5.846828
7.134247
8.411863
9.679679
10.937689
12.185898
13.424302
14.652904
15.871704
17.080700
18.279892
19.469286
20.648870
21.818657
22.978640
24.128819
25.269196
26.399767
27.520536
28.635338
29.748011
30.858553
31.966967
33.073246
34.177399
35.279419
36.379311
37.477070
38.572704
39.666203
40.757572
41.846809
42.933918
44.018894
45.101742
46.182457
47.261047
48.337502
49.411827
50.484024
51.554089
52.622025
53.687828
54.751507
55.813046
56.872459
57.929741
58.984898
60.037918
61.088814
62.137566
63.184204
64.228699
65.271072
66.311302
67.349419
68.385391
69.419250
70.451019
71.481758
72.511902
73.541466
74.570427
75.598801
76.626579
77.653763
78.680367
79.706360
80.731773
81.756592
82.780815
83.804451
84.827492
85.849937
86.871796
87.893059
88.913734
89.933807
90.953293
91.972198
92.990494
94.008202
95.025314
96.041847
97.057777
98.073120
99.087860
100.102020
101.115585
102.128548
103.140930
104.152718
105.163918
106.174507
107.184525
108.193932
109.202766
110.210999
111.218750
112.226700
113.234962
114.243538
115.252426
116.261635
117.271156
118.280983
119.291115
120.301575
121.312347
122.323425
123.334816
124.346527
125.358543
126.370872
127.383522
128.396484
129.409744
130.423340
131.437225
132.451431
133.465958
134.480789
135.495926
136.511383
137.527161
138.543243
139.559647
140.576355
141.593384
142.610718
143.628372
144.646317
145.664612
146.683197
147.702087
148.721298
149.740829
150.760666
151.780624
152.800186
153.819351
154.838104
155.856461
156.874420
157.891968
158.909119
159.925842
160.942184
161.958130
162.973663
163.988785
165.003510
166.017838
167.031754
168.045273
169.058365
170.071075
171.083374
172.095276
173.106766
174.117859
175.128540
176.138840
177.148712
178.158188
179.167252
180.175934
181.184189
182.192062
183.199509
184.206573
185.213211
186.219467
187.225311
188.230743
189.235794
190.240417
191.244644
192.248322
193.251328
194.253632
195.255264
196.256195
197.256439
198.255997
199.254883
200.253067
201.250580
202.247406
203.243530
204.238968
205.233719
206.227798
207.221161
208.213867
209.205872
210.197189
211.187836
212.177780
213.167038
214.155624
215.143509
216.130722
217.117218
218.103058
219.088181
220.072647
221.056427
222.039505
223.021881
224.003601
224.984619
225.964951
226.944595
227.923569
228.901825
229.879425
230.856323
231.832535
232.808060
233.782913
234.757065
235.730530
236.703308
237.675385
238.646805
239.617523
240.587555
241.556900
242.525574
243.493530
244.460831
245.427414
246.393341
247.358566
248.323090
249.286942
250.250122
251.212585
252.174377
253.135483
254.095901
255.000000
255.000000
255.000000
255.000000
255.000000
255.000000
255.000000
255.000000
255.000000
0.000000
1.166499
2.329886
3.490161
4.647323
5.801372
6.952309
8.100133
9.244845
10.386444
11.524931
12.660304
13.792565
14.921715
16.047750
17.170675
18.290485
19.407185
20.520771
21.631243
22.738605
23.843861
24.948025
26.051098
27.153076
28.253963
29.353756
30.452457
31.550064
32.646580
33.742001
34.836330
35.929569
37.021709
38.112759
39.202717
40.291584
41.379353
42.466034
43.551617
44.636112
45.719513
46.801815
47.883030
48.963154
50.042183
51.120117
52.196960
53.272709
54.347366
55.420929
56.493401
57.564777
58.635059
59.704254
60.772358
61.839119
62.903072
63.963959
65.021790
66.076569
67.128288
68.176949
69.222549
70.265091
71.304581
72.341011
73.374382
74.404694
75.431946
76.456146
77.477287
78.495377
79.510399
80.522362
81.531273
82.537125
83.539917
84.539658
85.536331
86.529961
87.520523
88.508026
89.492470
90.473862
91.452194
92.427475
93.399681
94.368843
95.334938
96.297981
97.257973
98.217903
99.180771
100.146568
101.115303
102.086975
103.061592
104.039131
105.019615
106.003036
106.989395
107.978683
108.970917
109.966087
110.964195
111.965233
112.969208
113.976120
114.985977
115.998764
117.014496
118.033157
119.054756
120.079285
121.106758
122.137177
123.170517
124.206802
125.246025
126.288177
127.333275
128.381317
129.432266
130.486176
131.543015
132.602798
133.664932
134.725967
135.785339
136.843033
137.899048
138.953400
140.006088
141.057098
142.106415
143.154083
144.200073
145.244400
146.287033
147.328003
148.367294
149.404922
150.440872
151.475159
152.507767
153.538696
154.567947
155.595535
156.621460
157.645706
158.668274
159.689178
160.708389
161.725952
162.741837
163.756042
164.768585
165.779434
166.788635
167.796158
168.801987
169.806168
170.807098
171.803223
172.794540
173.781052
174.762741
175.739639
176.711716
177.679016
178.641479
179.599136
180.551987
181.500046
182.443283
183.381714
184.315353
185.244171
186.168182
187.087387
188.001785
188.911377
189.816162
190.716125
191.611298
192.501648
193.387207
194.267944
195.143890
196.015015
196.881348
197.742844
198.599564
199.451462
200.298553
201.140839
201.978317
202.810989
203.638855
204.461899
205.280151
206.093582
206.902222
207.706055
208.505051
209.299271
210.088669
210.873276
211.653046
212.428024
213.198196
213.963577
214.724136
215.479889
216.230835
216.976959
217.718292
218.454803
219.186523
219.913422
220.635529
221.352798
222.065292
222.772964
223.475845
224.173889
224.867157
225.555588
226.239243
226.918060
227.592087
228.261307
228.925705
229.585312
230.240097
230.890076
231.535278
232.175629
232.811203
233.441956
234.067902
234.689056
235.305389
235.916901
236.523621
237.125534
237.722626
238.314941
238.902420
239.485092
240.062973
240.636047
241.204300
241.767746
242.326385
