0.990906
0.004547
0.004547
0.004547
0.990906
0.004547
0.004547
0.004547
0.990906
0.000000
1.074270
2.144547
3.210828
4.273115
5.331408
6.385705
7.436008
8.482317
9.524632
10.562950
11.597278
12.627607
13.653942
14.676285
15.694631
16.708986
17.719343
18.725704
19.728075
20.726450
21.720827
22.711214
23.697605
24.680000
25.658403
26.632807
27.603220
28.572048
29.541700
30.512180
31.483486
32.455616
33.428577
34.402359
35.376968
36.352402
37.328663
38.305748
39.283661
40.262402
41.241966
42.222355
43.203568
44.185608
45.168480
46.152172
47.136692
48.122040
49.108208
50.095203
51.083031
52.071678
53.061150
54.051453
55.042576
56.034531
57.027309
58.020912
59.015339
60.010593
61.006672
62.003582
63.001316
63.999874
64.999260
65.999474
67.000511
68.002365
69.005058
70.008568
71.012917
72.018082
73.024071
74.030891
75.038528
76.046997
77.056290
78.065392
79.073250
80.079865
81.085258
82.089401
83.092323
84.094002
85.094452
86.093666
87.091644
88.088394
89.083900
90.078178
91.071220
92.063026
93.053596
94.042931
95.031036
96.017906
97.003532
97.987938
98.971100
99.953026
100.933723
101.913193
102.891411
103.868401
104.844154
105.818680
106.791969
107.764023
108.734840
109.704430
110.672775
111.639893
112.605774
113.570419
114.533836
115.496002
116.456947
117.416656
118.375122
119.332367
120.288368
121.243134
122.196671
123.148972
124.100037
125.049866
125.998466
126.946068
127.892929
128.839050
129.784409
130.729034
131.672928
132.616058
133.558456
134.500092
135.440994
136.381165
137.320572
138.259232
139.197159
140.134338
141.070755
142.006454
142.941406
143.875580
144.809052
145.741760
146.673706
147.604935
148.535400
149.465134
150.394104
151.322357
152.249832
153.176590
154.102585
155.027847
155.952362
156.876129
157.799149
158.721420
159.642960
160.563736
161.483795
162.403091
163.321640
164.239441
165.156509
166.072830
166.988388
167.903229
168.817307
169.730652
170.643234
171.555084
172.466187
173.379257
174.297012
175.219437
176.146545
177.078323
178.014786
178.955933
179.901749
180.852234
181.807419
182.767273
183.731796
184.701004
185.674896
186.653458
187.636719
188.624649
189.617249
190.614517
191.616486
192.623123
193.634430
194.650436
195.671112
196.696457
197.726501
198.761200
199.800583
200.844650
201.893402
202.946823
204.004929
205.067703
206.135162
207.207306
208.284119
209.365601
210.451782
211.542648
212.638168
213.738373
214.843262
215.952820
217.067062
218.185989
219.309601
220.437881
221.570831
222.708466
223.850784
224.991119
226.122879
227.246033
228.360565
229.466507
230.563843
231.652588
232.732727
233.804245
234.867188
235.921509
236.967224
238.004364
239.032883
240.052795
241.064117
242.066833
243.060928
244.046432
245.023346
245.991653
246.951355
247.902451
248.844940
249.778839
250.704117
251.620804
252.528885
0.000000
0.970245
1.941475
2.913689
3.886889
4.861073
5.836242
6.812396
7.789536
8.767659
9.746768
10.726860
11.707939
12.690002
13.673052
14.657084
15.642102
16.628105
17.615093
18.603065
19.592022
20.581964
21.572889
22.564804
23.557701
24.551582
25.546450
26.542299
27.539137
28.537045
29.536104
30.536316
31.537685
32.540207
33.543877
34.548706
35.554691
36.561829
37.570114
38.579563
39.590160
40.601910
41.614815
42.628876
43.644085
44.660454
45.677971
46.696648
47.716480
48.737457
49.759594
50.782883
51.807323
52.832924
53.859673
54.887577
55.916637
56.946846
57.978210
59.010735
60.044399
61.079231
62.115215
63.152344
64.190643
65.230080
66.270676
67.312424
68.355331
69.399384
70.444595
71.490967
72.538483
73.587158
74.636986
75.687965
76.740097
77.793388
78.846275
79.897232
80.946251
81.993340
83.038483
84.081680
85.122948
86.162277
87.199669
88.235115
89.268631
90.300209
91.329849
92.357544
93.383301
94.407127
95.429008
96.448952
97.466957
98.483032
99.497162
100.509354
101.519615
102.527931
103.534309
104.538742
105.541252
106.541817
107.540436
108.537132
109.531876
110.524689
111.515564
112.504501
113.491493
114.476547
115.459679
116.440849
117.420097
118.397408
119.372765
120.346199
121.317688
122.287239
123.254860
124.220535
125.184273
126.146072
127.105934
128.064270
129.021561
129.977783
130.932938
131.887009
132.840027
133.791962
134.742844
135.692627
136.641373
137.589035
138.535629
139.481155
140.425598
141.368988
142.311295
143.252563
144.192734
145.131836
146.069870
147.006851
147.942734
148.877563
149.811340
150.744019
151.675644
152.606201
153.535675
154.464081
155.391434
156.317719
157.242920
158.167038
159.090103
160.012115
160.933044
161.852890
162.771683
163.689407
164.606049
165.521622
166.436142
167.349579
168.261948
169.173248
170.083496
170.992645
171.900742
172.807770
173.715790
174.626801
175.540817
176.457870
177.377914
178.300980
179.227066
180.156158
181.088272
182.023392
182.961517
183.902679
184.846848
185.794022
186.744217
187.697418
188.653641
189.612885
190.575119
191.540390
192.508682
193.479965
194.454254
195.431580
196.411911
197.395279
198.381622
199.371017
200.363403
201.358795
202.357208
203.358658
204.363098
205.370560
206.381027
207.394531
208.411026
209.430542
210.453079
211.478622
212.507187
213.538757
214.573334
215.610931
216.651550
217.695175
218.741821
219.791489
220.844162
221.899231
222.956192
224.015045
225.075760
226.138336
227.202774
228.269089
229.337250
230.407288
231.479202
232.552979
233.628616
234.706116
235.785492
236.866714
237.949829
239.034790
240.121628
241.210327
242.300903
243.393341
244.487640
245.583801
246.681839
247.781723
248.883499
249.987122
251.092621
252.199982
253.309219
254.420303
0.000000
1.168143
2.329195
3.483156
4.630026
5.769805
6.902493
8.028090
9.146596
10.258010
11.362333
12.459566
13.549708
14.632758
15.708717
16.777586
17.839365
18.894051
19.941643
20.982147
22.015560
23.041882
24.061113
25.073254
26.078302
27.076260
28.071688
29.069143
30.068630
31.070147
32.073696
33.079269
34.086876
35.096512
36.108177
37.121872
38.137596
39.155354
40.175137
41.196953
42.220795
43.246670
44.274574
45.304508
46.336468
47.370464
48.406490
49.444542
50.484627
51.526741
52.570877
53.617054
54.665257
55.715488
56.767754
57.822044
58.878365
59.936714
60.997097
62.059505
63.123947
64.190422
65.258911
66.329445
67.402016
68.476593
69.553215
70.631874
71.712433
72.792473
73.870979
74.947945
76.023376
77.097282
78.169655
79.240494
80.309792
81.377556
82.443794
83.508499
84.571671
85.633308
86.693405
87.751976
88.809013
89.864517
90.918480
91.970917
93.021820
94.071190
95.119026
96.165321
97.210091
98.253326
99.295036
100.335197
101.373833
102.410934
103.446503
104.480537
105.513039
106.544006
107.573441
108.601341
109.627701
110.652542
111.675842
112.697609
113.717850
114.736549
115.753716
116.769127
117.781464
118.790504
119.796249
120.798691
121.797836
122.793686
123.786240
124.775497
125.761459
126.744125
127.723488
128.699554
129.672333
130.641800
131.607971
132.570847
133.530426
134.486710
135.439697
136.389389
137.335785
138.278885
139.218674
140.155182
141.088379
142.018295
142.944901
143.868210
144.788223
145.704941
146.618362
147.528488
148.435318
149.338837
150.239075
151.136002
152.029648
152.919983
153.807022
154.690765
155.571228
156.448364
157.324203
158.203598
159.086761
159.973679
160.864380
161.758835
162.657074
163.559082
164.464844
165.374374
166.287689
167.204773
168.125610
169.050217
169.978607
170.910751
171.846680
172.786362
173.729813
174.677032
175.628036
176.582794
177.541321
178.503632
179.469696
180.439529
181.413132
182.390518
183.371658
184.356567
185.345245
186.337692
187.333908
188.333893
189.337646
190.345184
191.356476
192.371536
193.390350
194.412949
195.439316
196.469467
197.503372
198.537445
199.567978
200.595032
201.618607
202.638672
203.655243
204.668320
205.677917
206.684006
207.686615
208.685715
209.681320
210.673447
211.662064
212.647202
213.628845
214.606979
215.581635
216.552780
217.520447
218.484619
219.445297
220.402481
221.356171
222.306351
223.253067
224.196274
225.135971
226.072205
227.004929
227.934158
228.859894
229.782150
230.700897
231.616150
232.527908
233.436188
234.340958
235.242249
236.140030
237.034332
237.925125
238.812439
239.696259
240.576584
241.453415
242.326736
243.196594
244.062927
244.925781
245.785126
246.640991
247.493378
248.342255
249.187637
250.029526
250.867920
251.702820
252.534241
