0.938724
0.030638
0.030638
0.030638
0.938724
0.030638
0.030638
0.030638
0.938724
0.000000
1.227498
2.438444
3.632840
4.810685
5.971980
7.116724
8.244916
9.363550
10.479621
11.593126
12.704067
13.812444
14.918256
16.021502
17.122183
18.220301
19.315853
20.408842
21.499264
22.587120
23.672415
24.755142
25.835306
26.912905
27.987940
29.060408
30.130314
31.197653
32.262428
33.324638
34.384281
35.441360
36.495880
37.547829
38.597214
39.644032
40.688293
41.729984
42.769112
43.805676
44.839672
45.871105
46.899975
47.926273
48.950016
49.971188
50.989799
52.005836
53.019318
54.030231
55.038582
56.044365
57.047588
58.048241
59.046329
60.041855
61.034817
62.025211
63.013046
63.998310
64.981010
65.962791
66.945282
67.928482
68.912407
69.897041
70.882393
71.868462
72.855240
73.842735
74.830948
75.819878
76.809517
77.799866
78.790947
79.782730
80.775230
81.768440
82.762367
83.757019
84.752388
85.748459
86.745239
87.742752
88.740967
89.739906
90.739555
91.739922
92.740997
93.742790
94.745300
95.748528
96.752457
97.757111
98.762482
99.768570
100.775368
101.782890
102.791115
103.800056
104.809715
105.820091
106.831177
107.842987
108.855492
109.868736
110.882675
111.897339
112.912720
113.928818
114.945618
115.963142
116.981377
118.000336
119.019997
120.039459
121.057808
122.075035
123.091148
124.106140
125.120010
126.132774
127.144417
128.154938
129.164322
130.172607
131.179779
132.185837
133.190750
134.194565
135.197266
136.198822
137.199280
138.198624
139.196854
140.193954
141.189941
142.184799
143.178543
144.171158
145.162689
146.153076
147.142349
148.130508
149.117538
150.103455
151.088257
152.071945
153.054504
154.035950
155.016266
155.995499
156.973572
157.950546
158.926407
159.901138
160.874771
161.847275
162.818649
163.788910
164.758072
165.726089
166.692993
167.658783
168.623459
169.587006
170.549438
171.510757
172.470963
173.430832
174.391098
175.351791
176.312912
177.274445
178.236404
179.198761
180.161575
181.124786
182.088425
183.052475
184.016953
184.981857
185.947174
186.912918
187.879074
188.845673
189.812668
190.780106
191.747940
192.716202
193.684891
194.653992
195.623535
196.593475
197.563843
198.534637
199.505844
200.477478
201.449539
202.422012
203.394913
204.368225
205.341949
206.316116
207.290680
208.265686
209.241104
210.216934
211.193207
212.169891
213.146973
214.124512
215.102448
216.080811
217.059616
218.038803
219.018433
219.998489
220.978958
221.959839
222.941147
223.922882
224.905045
225.879486
226.838226
227.781189
228.708420
229.619888
230.515610
231.395569
232.259781
233.108246
233.940948
234.757889
235.559082
236.344543
237.114227
237.868164
238.606354
239.328796
240.035461
240.726379
241.401550
242.060959
242.704636
243.332550
243.944702
244.541107
245.121765
245.686661
246.235794
246.769180
247.286819
247.788712
248.274841
0.000000
1.011727
2.044087
3.097079
4.170705
5.264961
6.379852
7.515375
8.671530
9.848317
11.045738
12.251216
13.452180
14.648628
15.840562
17.027979
18.210882
19.389269
20.563143
21.732498
22.897339
24.057667
25.213478
26.364773
27.511555
28.653822
29.791569
30.924805
32.053520
33.177731
34.297417
35.412594
36.523254
37.629395
38.731022
39.828133
40.920734
42.008812
43.092381
44.171436
45.245968
46.315990
47.381496
48.442486
49.498962
50.550926
51.598366
52.641296
53.679710
54.713615
55.743000
56.767868
57.788223
58.804062
59.815380
60.822189
61.824482
62.822258
63.815525
64.804268
65.788498
66.768219
67.743416
68.714279
69.684753
70.656464
71.629402
72.603561
73.578957
74.555573
75.533417
76.512497
77.492798
78.474335
79.457085
80.441078
81.426285
82.412735
83.400406
84.389305
85.379433
86.370796
87.363380
88.357193
89.352226
90.348495
91.345985
92.344719
93.344673
94.345848
95.348259
96.351898
97.356766
98.362862
99.370186
100.378731
101.388519
102.399521
103.411758
104.425224
105.439903
106.455826
107.472977
108.491348
109.510956
110.531784
111.553833
112.577126
113.601646
114.627396
115.654366
116.682556
117.711990
118.742645
119.774529
120.807648
121.841820
122.876099
123.910294
124.944427
125.978477
127.012466
128.046387
129.080231
130.113998
131.147705
132.181335
133.214890
134.248383
135.281799
136.315140
137.348434
138.381638
139.414764
140.447830
141.480835
142.513748
143.546600
144.579391
145.612091
146.644745
147.677292
148.709793
149.742233
150.774582
151.806870
152.839081
153.871216
154.903290
155.935303
156.967224
157.999084
159.030869
160.062576
161.094238
162.125809
163.157318
164.188751
165.220123
166.251419
167.282623
168.313782
169.344864
170.375870
171.406815
172.437668
173.468475
174.499191
175.529846
176.559784
177.587494
178.612885
179.635956
180.656723
181.675156
182.691284
183.705093
184.716583
185.725769
186.732635
187.737183
188.739395
189.739319
190.736923
191.732208
192.725174
193.715820
194.704163
195.690186
196.673889
197.655273
198.634338
199.611099
200.585556
201.557663
202.527481
203.494980
204.460159
205.423004
206.383560
207.341782
208.297714
209.251312
210.202576
211.151535
212.098206
213.042526
213.984543
214.924255
215.861649
216.796707
217.729477
218.659912
219.588028
220.513840
221.437332
222.358505
223.277374
224.193909
225.108139
226.020050
226.929657
227.832764
228.725189
229.606934
230.478012
231.338409
232.188141
233.027191
233.855560
234.673264
235.480286
236.276627
237.062302
237.837296
238.601608
239.355270
240.098236
240.830536
241.552155
242.263092
242.963364
243.652954
244.331879
245.000122
245.657700
246.304596
246.940796
247.566345
248.181213
248.785400
249.378922
249.961761
250.533936
251.095413
251.646240
0.000000
1.402260
2.755600
4.060021
5.315524
6.522107
7.702715
8.880295
10.054844
11.226363
12.394854
13.560315
14.722747
15.882147
17.038517
18.191860
19.342175
20.489458
21.633709
22.774935
23.913128
25.048292
26.180426
27.309532
28.435608
29.558653
30.678671
31.795658
32.909615
34.020538
35.128437
36.233307
37.335144
38.433956
39.529732
40.622482
41.712200
42.798893
43.882553
44.963181
46.040787
47.115360
48.186901
49.255417
50.320892
51.383347
52.442772
53.499168
54.552532
55.602863
56.650169
57.694447
58.735695
59.773907
60.809097
61.841248
62.870762
63.899925
64.929131
65.958374
66.987656
68.016975
69.046333
70.075729
71.105156
72.134628
73.164146
74.193695
75.223282
76.252907
77.282570
78.312279
79.342018
80.371796
81.401619
82.431473
83.461365
84.491302
85.521271
86.551285
87.581337
88.611420
89.641548
90.671707
91.701904
92.732155
93.762428
94.792747
95.823105
96.853493
97.883926
98.914391
99.944901
100.975449
102.006035
103.036652
104.067329
105.098030
106.128761
107.159538
108.190361
109.221214
110.252106
111.283043
112.314011
113.345016
114.376068
115.406914
116.437378
117.467453
118.497124
119.526382
120.555260
121.583733
122.611809
123.639473
124.666748
125.693619
126.720100
127.746178
128.771851
129.797150
130.822021
131.846497
132.870590
133.894272
134.917557
135.940445
136.962921
137.985001
139.006699
140.027985
141.048874
142.069366
143.089447
144.109146
145.128433
146.147339
147.165833
148.183929
149.201630
150.218918
151.235840
152.252335
153.268417
154.284119
155.299423
156.314346
157.328857
158.342941
159.356674
160.369965
161.382874
162.395386
163.407501
164.419220
165.430527
166.441360
167.451157
168.459854
169.467438
170.473923
171.479279
172.483551
173.486694
174.488739
175.489670
176.489502
177.488220
178.485809
179.482315
180.477707
181.471985
182.465149
183.457214
184.448151
185.438004
186.426743
187.414352
188.400864
189.386276
190.370575
191.353745
192.335831
193.316803
194.296661
195.275406
196.253052
197.229584
198.205017
199.179321
200.152527
201.124634
202.095627
203.065491
204.034256
205.001923
205.968460
206.933914
207.898239
208.861465
209.823593
210.784592
211.744476
212.703262
213.660950
214.617508
215.572968
216.519592
217.449631
218.363083
219.259949
220.140259
221.003967
221.851089
222.681656
223.495636
224.293030
225.073837
225.838074
226.585739
227.316803
228.031296
228.729218
229.410553
230.075302
230.723465
231.355072
231.970078
232.568512
233.150360
233.715637
234.264328
234.796432
235.311981
235.810928
236.293304
236.759094
237.208313
237.640930
238.056992
238.456467
238.839355
239.205673
239.555405
239.888550
240.205124
240.505112
240.788513
241.055359
241.305618
241.539276
241.756378
241.956879
242.140823
242.308167
