0.904121
0.047939
0.047939
0.047939
0.904121
0.047939
0.047939
0.047939
0.904121
0.000000
0.845319
1.697135
2.555450
3.420263
4.291574
5.169383
6.053690
6.944495
7.841798
8.745600
9.655898
10.572695
11.495991
12.425783
13.362074
14.304865
15.254151
16.209938
17.172220
18.141003
19.116280
20.098059
21.086334
22.077028
23.066059
24.053432
25.039146
26.023195
27.005589
27.986317
28.965385
29.942797
30.918543
31.892632
32.865055
33.835823
34.804928
35.772369
36.738155
37.702274
38.664742
39.625542
40.584682
41.542164
42.497982
43.452145
44.404640
45.355480
46.304657
47.252174
48.198029
49.142223
50.084755
51.025631
51.964840
52.902397
53.838284
54.772518
55.705086
56.635994
57.565243
58.492828
59.418758
60.343025
61.265636
62.186581
63.105865
64.023483
64.939453
65.853752
66.766403
67.677376
68.586700
69.494354
70.400360
71.304695
72.207375
73.108391
74.007744
74.905846
75.803101
76.699501
77.595047
78.489754
79.383598
80.276596
81.168755
82.060043
82.950500
83.840103
84.728851
85.616745
86.503792
87.389992
88.275345
89.159836
90.043488
90.926285
91.808235
92.689331
93.569580
94.448975
95.327522
96.205223
97.082069
97.958069
98.833214
99.707512
100.580956
101.453552
102.325302
103.196190
104.066238
104.935432
105.803780
106.671272
107.537926
108.403717
109.268654
110.132759
110.995995
111.858391
112.719933
113.580635
114.440475
115.299461
116.157608
117.014900
117.871346
118.726936
119.581680
120.435570
121.288620
122.140816
122.992149
123.844170
124.698425
125.554909
126.413605
127.274536
128.137680
129.003067
129.870667
130.740494
131.612534
132.486816
133.363312
134.242035
135.122986
136.006165
136.891556
137.779175
138.669037
139.561096
140.455383
141.351913
142.250656
143.151627
144.054825
144.960251
145.867889
146.777771
147.689850
148.604172
149.520721
150.439468
151.360474
152.283676
153.209137
154.136795
155.066681
155.998810
156.933136
157.869705
158.808502
159.749512
160.692734
161.638199
162.585892
163.535812
164.487946
165.442307
166.398880
167.357681
168.318710
169.281982
170.247467
171.215179
172.185120
173.157272
174.131638
175.108170
176.086746
177.067368
178.050049
179.034790
180.021606
181.010452
182.001358
182.994324
183.989334
184.986404
185.985535
186.986710
187.989944
188.995224
190.002579
191.011978
192.023438
193.036957
194.052521
195.070129
196.089798
197.111542
198.135315
199.161163
200.189056
201.219009
202.251022
203.285065
204.321182
205.359344
206.399567
207.441864
208.486191
209.532578
210.581024
211.631531
212.684067
213.738678
214.795349
215.854080
216.914841
217.977661
219.042542
220.109482
221.178467
222.249527
223.322617
224.397781
225.475006
226.554276
227.635590
228.718964
229.804398
230.891876
231.981430
233.197281
234.663742
236.380798
238.348434
240.566650
243.035477
245.754898
248.724899
0.000000
1.150365
2.515219
3.883884
5.256359
6.632644
8.012739
9.396645
10.784361
12.175887
13.571223
14.970370
16.373325
17.780094
19.190672
20.605059
22.023256
23.445271
24.871086
26.294643
27.709888
29.116812
30.515417
31.905703
33.287670
34.661316
36.026642
37.383648
38.732338
40.072704
41.404751
42.728477
44.043892
45.350975
46.649746
47.940201
49.222332
50.496140
51.761631
53.018803
54.267654
55.508190
56.740402
57.964294
59.179863
60.387119
61.586056
62.776669
63.958965
65.132942
66.298592
67.455933
68.604950
69.745644
70.878021
72.002075
73.117821
74.225243
75.324341
76.415115
77.497581
78.571724
79.637543
80.695038
81.744225
82.785088
83.817627
84.841858
85.857750
86.868629
87.882492
88.899719
89.920303
90.944260
91.971573
93.002243
94.036285
95.073677
96.114433
97.158562
98.206039
99.256882
100.311089
101.368660
102.429581
103.493874
104.561531
105.632545
106.706924
107.784660
108.865753
109.950218
111.038048
112.129227
113.223770
114.321686
115.422951
116.527580
117.635574
118.746925
119.861649
120.979729
122.101173
123.225975
124.354134
125.485657
126.620544
127.758797
128.900406
130.045380
131.193710
132.345413
133.500458
134.658875
135.820679
136.985809
138.154312
139.326187
140.501404
141.679092
142.853897
144.024902
145.192123
146.355545
147.515198
148.671036
149.823105
150.971375
152.115845
153.256531
154.393433
155.526535
156.655853
157.781387
158.903122
160.021057
161.135223
162.245590
163.352173
164.454941
165.553955
166.649155
167.740570
168.828186
169.912033
170.992065
172.068329
173.140793
174.209457
175.274353
176.335449
177.392746
178.446274
179.495987
180.541916
181.584061
182.622421
183.656967
184.687759
185.714737
186.737946
187.757339
188.772949
189.784775
190.792816
191.797043
192.797485
193.794159
194.787033
195.775986
196.757950
197.731750
198.697327
199.654724
200.603912
201.544891
202.477676
203.402267
204.318665
205.226852
206.126846
207.018631
207.902222
208.777618
209.644821
210.503830
211.354614
212.197205
213.031616
213.857819
214.675797
215.485611
216.287216
217.080612
217.865829
218.642822
219.411621
220.172241
220.924652
221.668854
222.404861
223.132660
223.852280
224.563675
225.266907
225.961914
226.648712
227.327332
227.997757
228.659958
229.313980
229.959793
230.597427
231.226837
231.848053
232.461075
233.065887
233.662521
234.250946
234.831161
235.407242
235.983246
236.559158
237.134995
237.710739
238.286407
238.862015
239.437515
240.012939
240.588272
241.163513
241.738693
242.313782
242.888794
243.463715
244.038544
244.613297
245.187988
245.762573
246.337082
246.911514
247.485855
248.060120
248.634293
249.208389
249.782410
250.356323
250.930176
251.503937
252.077621
252.651230
253.224731
253.798172
254.371536
254.944794
255.000000
0.000000
4.779560
9.118240
13.016041
16.472961
19.489002
22.064161
24.198441
26.103821
27.992279
29.863815
31.718430
33.556122
35.376892
37.180744
38.967670
40.737675
42.490757
44.226921
45.946163
47.648479
49.333878
51.002354
52.653904
54.288540
55.906250
57.507034
59.090904
60.657841
62.207867
63.740963
65.257141
66.756401
68.238739
69.704155
71.152641
72.584213
73.998863
75.396591
76.777390
78.141281
79.488235
80.818283
82.131393
83.427597
84.706863
85.969215
87.214645
88.443161
89.667671
90.901093
92.143440
93.394691
94.654869
95.923958
97.201973
98.488899
99.784744
101.089508
102.403191
103.725784
105.057297
106.397728
107.747078
109.105339
110.472519
111.848625
113.233643
114.627579
116.030426
117.442200
118.862885
120.292488
121.731003
123.178444
124.634804
126.100075
127.574265
129.057373
130.549393
132.050339
133.560196
135.078964
136.606674
138.143280
139.688797
141.243256
142.806610
144.378891
145.960083
147.537979
149.100281
150.647003
152.178162
153.693741
155.193756
156.678192
158.147064
159.600357
161.038086
162.460220
163.866821
165.257812
166.633255
167.993118
169.337418
170.666138
171.979294
173.276855
174.558868
175.825302
177.076172
178.311447
179.531174
180.735321
181.923904
183.096893
184.254333
185.396179
186.522476
187.633209
188.728333
189.807922
190.871902
191.920349
192.953186
193.970490
194.972198
195.958344
196.928894
197.883911
198.824020
199.749985
200.661819
201.559464
202.442978
203.312317
204.167511
205.008545
205.835403
206.648132
207.446686
208.231094
209.001343
209.757431
210.499344
211.227127
211.940735
212.640198
213.325500
213.996628
214.653610
215.296448
215.925110
216.539612
217.139969
217.726181
218.298218
218.856094
219.399826
219.929382
220.444809
220.946060
221.433151
221.906082
222.364868
222.809494
223.239960
223.656265
224.058411
224.446411
224.820251
225.188751
225.560654
225.936020
226.314789
226.697006
227.082672
227.471756
227.864288
228.260254
228.659653
229.062485
229.468765
229.878464
230.291611
230.708191
231.128204
231.551651
231.978546
232.408875
232.842636
233.279816
233.720459
234.164520
234.612030
235.062958
235.517334
235.975143
236.436401
236.901077
237.369186
237.840759
238.315750
238.794174
239.276031
239.761322
240.250061
240.742233
241.237839
241.736893
242.239365
242.745285
243.254639
243.767410
244.283630
244.803299
245.326385
245.852921
246.382889
246.916290
247.453125
247.993393
248.537109
249.084244
249.634842
250.188843
250.746307
251.307190
251.871521
252.439285
253.010483
253.585114
254.163177
254.744690
255.000000
255.000000
255.000000
255.000000
255.000000
255.000000
255.000000
255.000000
255.000000
255.000000
255.000000
255.000000
255.000000
255.000000
255.000000
255.000000
255.000000
255.000000
255.000000
255.000000
255.000000
