0.996766
0.001617
0.001617
0.001617
0.996766
0.001617
0.001617
0.001617
0.996766
0.000000
1.112375
2.224782
3.337219
4.449687
5.562188
6.674718
7.787280
8.899874
10.012498
11.125154
12.237841
13.350558
14.463307
15.576086
16.688898
17.801741
18.914614
20.027519
21.140455
22.251284
23.357872
24.460218
25.558323
26.652187
27.741808
28.827187
29.908325
30.985220
32.057877
33.126289
34.190460
35.250385
36.306072
37.357517
38.404720
39.447681
40.486401
41.520878
42.551113
43.577106
44.598862
45.616371
46.629639
47.638664
48.643448
49.643990
50.640289
51.632351
52.620171
53.603748
54.583076
55.558167
56.529015
57.495628
58.457993
59.416119
60.369999
61.319641
62.265041
63.206200
64.143112
65.075790
66.004219
66.928406
67.848351
68.764061
69.675529
70.584503
71.495293
72.408081
73.322868
74.239662
75.158463
76.079262
77.002060
77.926865
78.853676
79.782478
80.713295
81.646103
82.580925
83.517738
84.456566
85.397385
86.340210
87.285042
88.231873
89.180710
90.131546
91.084389
92.039230
92.996071
93.954918
94.915779
95.878624
96.843483
97.810341
98.779198
99.750061
100.722931
101.697792
102.674660
103.653526
104.634407
105.617287
106.602173
107.589050
108.577934
109.568825
110.561707
111.556602
112.553505
113.552399
114.553299
115.556206
116.560921
117.566353
118.572319
119.578819
120.585831
121.593384
122.601463
123.610069
124.619209
125.628876
126.639076
127.649803
128.661057
129.672836
130.685135
131.697983
132.711349
133.725250
134.739670
135.754639
136.770126
137.786133
138.802673
139.819763
140.837341
141.855484
142.874146
143.893326
144.913055
145.933304
146.954071
147.975372
148.997208
150.019562
151.042450
152.065872
153.089828
154.114319
155.139328
156.164856
157.190918
158.217514
159.244644
160.272278
161.300476
162.329193
163.358429
164.388199
165.418427
166.447784
167.475739
168.502258
169.527374
170.551071
171.573334
172.594193
173.613632
174.631638
175.648239
176.663406
177.677155
178.689499
179.700409
180.709915
181.718002
182.724655
183.729904
184.733734
185.736130
186.737122
187.736679
188.734833
189.731567
190.726868
191.720764
192.713242
193.704285
194.693924
195.682144
196.668930
197.654312
198.638275
199.620819
200.601944
201.581635
202.559906
203.536774
204.512238
205.486252
206.458847
207.430054
208.399811
209.368164
210.335098
211.300613
212.264694
213.227371
214.182220
215.122910
216.049377
216.961685
217.859772
218.743683
219.613388
220.468918
221.310226
222.137375
222.950317
223.749069
224.533615
225.303970
226.060150
226.802124
227.529907
228.243500
228.942902
229.628113
230.299118
230.955933
231.598557
232.227005
232.841248
233.441299
234.027145
234.598816
235.156281
235.699554
236.228638
236.743546
237.244247
237.730743
238.203064
238.661194
239.105118
239.534866
239.950409
240.351761
240.738907
241.111877
241.470657
0.000000
0.971128
1.956066
2.954814
3.967373
4.993742
6.033922
7.087913
8.155714
9.237326
10.332748
11.441980
12.565023
13.701877
14.852539
16.017015
17.195301
18.387398
19.593302
20.801247
21.999458
23.187939
24.366684
25.535698
26.694979
27.844528
28.984343
30.114428
31.234776
32.345390
33.446278
34.537430
35.618847
36.690536
37.752487
38.804710
39.847195
40.879955
41.902973
42.916264
43.919823
44.913647
45.897736
46.872097
47.836720
48.791615
49.736774
50.672203
51.597900
52.513859
53.420086
54.316586
55.203346
56.080379
56.947678
57.805244
58.653076
59.491173
60.320034
61.150349
61.986515
62.828518
63.676373
64.530067
65.389610
66.254990
67.126228
68.003304
68.886223
69.774986
70.669594
71.570053
72.476357
73.388504
74.306488
75.230324
76.159996
77.095520
78.036888
78.984108
79.937164
80.896065
81.860817
82.831406
83.807838
84.790123
85.778244
86.772217
87.772034
88.777702
89.789200
90.806549
91.829750
92.858780
93.893669
94.934395
95.980980
97.033394
98.090950
99.149361
100.207932
101.266655
102.325531
103.384560
104.443741
105.503075
106.562553
107.622192
108.681984
109.741928
110.802025
111.862267
112.922668
113.983223
115.043938
116.104790
117.165802
118.226959
119.288277
120.349747
121.411377
122.473145
123.535072
124.597153
125.659378
126.721771
127.784317
128.847000
129.909836
130.972824
132.035980
133.099289
134.162750
135.226334
136.290115
137.354004
138.418076
139.482300
140.546112
141.608170
142.668396
143.726791
144.783356
145.838104
146.891022
147.942123
148.991394
150.038834
151.084457
152.128235
153.170212
154.210342
155.248657
156.285156
157.319824
158.352661
159.383667
160.412842
161.440201
162.465744
163.489456
164.511337
165.531403
166.549622
167.566025
168.580612
169.593369
170.604294
171.613403
172.620667
173.626114
174.629745
175.631546
176.631516
177.629669
178.625977
179.620499
180.613159
181.600891
182.580597
183.552277
184.515930
185.471542
186.419144
187.358688
188.290207
189.213699
190.129166
191.036591
191.935989
192.827362
193.710693
194.585999
195.453262
196.312500
197.163712
198.006882
198.842041
199.669144
200.488235
201.299286
202.102310
202.897293
203.684250
204.463181
205.234070
205.996933
206.751770
207.498566
208.237335
208.968079
209.690796
210.405472
211.112106
211.810730
212.501297
213.183853
213.858383
214.524857
215.183319
215.833740
216.476151
217.110504
217.736832
218.355133
218.965408
219.567627
220.161850
220.748032
221.326157
221.896271
222.458359
223.012405
223.558426
224.096405
224.626358
225.148285
225.662186
226.168045
226.665863
227.155670
227.637436
228.111176
228.576874
229.034546
229.484192
229.925797
230.359375
230.784912
231.202438
231.611923
232.013382
232.406815
232.792191
233.169556
233.538879
0.000000
1.179459
2.354955
3.526489
4.694060
5.857670
7.017317
8.173001
9.324724
10.472485
11.615006
12.751013
13.880503
15.003479
16.119938
17.229883
18.333311
19.430223
20.520624
21.604504
22.681871
23.752724
24.817060
25.874880
26.926188
27.970976
29.009251
30.041010
31.066252
32.084980
33.097195
34.102890
35.102077
36.094742
37.080891
38.060524
39.033649
40.000252
40.964928
41.932274
42.902290
43.874973
44.850323
45.828342
46.809029
47.792381
48.778400
49.767090
50.758446
51.752464
52.749153
53.748512
54.750538
55.755230
56.762589
57.772617
58.785309
59.800674
60.818699
61.839397
62.862762
63.888790
64.917496
65.948860
66.982887
68.019592
69.057976
70.097084
71.136909
72.177444
73.218697
74.260666
75.303352
76.346748
77.390869
78.435699
79.481247
80.527504
81.574486
82.622185
83.670586
84.719704
85.769554
86.820107
87.871368
88.923363
89.976067
91.029480
92.083603
93.138458
94.194023
95.250298
96.307289
97.365005
98.422874
99.480331
100.537392
101.594048
102.650291
103.706139
104.761589
105.816620
106.871254
107.925484
108.979324
110.032745
111.085762
112.138382
113.190590
114.242409
115.293808
116.344810
117.395416
118.445610
119.495392
120.544785
121.593773
122.642349
123.690521
124.738304
125.785667
126.832634
127.877853
128.919937
129.958893
130.994736
132.027435
133.057037
134.083496
135.106842
136.127075
137.144165
138.158157
139.169006
140.176743
141.181351
142.182831
143.181213
144.176453
145.168564
146.157578
147.143463
148.126205
149.105835
150.082336
151.055740
152.026001
152.993134
153.957153
154.918045
155.875839
156.830490
157.782013
158.730423
159.675705
160.617874
161.556900
162.492844
163.425629
164.355301
165.281860
166.205292
167.125580
168.042755
168.956833
169.867767
170.775589
171.680267
172.581848
173.480301
174.375626
175.267822
176.156906
177.042862
177.925705
178.805420
179.682007
180.555496
181.425827
182.293060
183.157166
184.018143
184.875992
185.730728
186.582352
187.430832
188.276184
189.118439
189.957550
190.793564
191.626450
192.456207
193.282837
194.106354
194.926743
195.744003
196.558136
197.369156
198.177063
198.981842
199.783493
200.582031
201.377426
202.169724
202.958878
203.744919
204.527847
205.307632
206.084320
206.857864
207.628296
208.395599
209.159775
209.920853
210.678787
211.433609
212.185303
212.933868
213.679321
214.421646
215.160843
215.896942
216.629898
217.359741
218.086441
218.810043
219.530518
220.247849
220.962082
221.673172
222.381165
223.086029
223.787766
224.486374
225.181854
225.874222
226.563477
227.249603
227.932602
228.612488
229.289246
229.962875
230.633392
231.300781
231.965042
232.626190
233.284195
233.939102
234.590866
235.239548
235.885071
236.527481
237.166763
237.802917
238.435974
239.065887
