0.995582
0.002209
0.002209
0.002209
0.995582
0.002209
0.002209
0.002209
0.995582
0.000000
0.928288
1.860752
2.797393
3.738210
4.683205
5.632377
6.585724
7.543250
8.504951
9.470830
10.440886
11.415117
12.393527
13.376115
14.362876
15.353817
16.348934
17.348228
18.351698
19.359346
20.368366
21.375973
22.382160
23.386927
24.390274
25.392202
26.392710
27.391798
28.389465
29.385715
30.380545
31.373955
32.365944
33.356514
34.345665
35.333397
36.319710
37.304600
38.288071
39.270126
40.250759
41.229969
42.207764
43.184139
44.159096
45.132629
46.104744
47.075439
48.044712
49.012573
49.979008
50.944027
51.907619
52.869797
53.830555
54.789894
55.747814
56.704311
57.659389
58.613052
59.565292
60.516113
61.465511
62.413498
63.360058
64.305206
65.248932
66.191696
67.134018
68.075859
69.017258
69.958176
70.898636
71.838623
72.778152
73.717224
74.655823
75.593956
76.531631
77.468834
78.405579
79.341858
80.277679
81.213028
82.147903
83.082329
84.016289
84.949776
85.882812
86.815369
87.747467
88.679108
89.610275
90.540977
91.471222
92.401001
93.330307
94.259163
95.187553
96.115471
97.042923
97.969917
98.896439
99.822495
100.748100
101.673233
102.597900
103.522110
104.445847
105.369118
106.291939
107.214287
108.136162
109.057587
109.978554
110.899101
111.819214
112.738899
113.658165
114.576996
115.495392
116.413368
117.330910
118.248032
119.164719
120.080978
120.996811
121.912216
122.827194
123.741745
124.655861
125.569550
126.482811
127.395653
128.308044
129.220032
130.131592
131.042709
131.953384
132.863663
133.773499
134.682907
135.591873
136.500443
137.408554
138.316254
139.223526
140.130356
141.036758
141.942749
142.848297
143.753433
144.658112
145.562393
146.466248
147.369644
148.272629
149.175171
150.077316
150.979004
151.880280
152.782196
153.685837
154.591202
155.498291
156.407104
157.317642
158.229889
159.143875
160.059586
160.977020
161.896164
162.817047
163.739639
164.663971
165.590027
166.517792
167.447281
168.378510
169.311447
170.246109
171.182495
172.120605
173.060455
174.002014
174.945282
175.890305
176.837021
177.785477
178.735657
179.687561
180.641190
181.596527
182.553604
183.512405
184.472916
185.435150
186.399124
187.364822
188.332230
189.301361
190.272217
191.244797
192.219101
193.195129
194.172897
195.152374
196.133575
197.120163
198.115860
199.120636
200.134521
201.157486
202.189529
203.230682
204.280899
205.340225
206.408630
207.486130
208.572723
209.668381
210.773148
211.887009
213.009949
214.141983
215.283096
216.433319
217.592606
218.761002
219.938477
221.125031
222.320694
223.525436
224.739273
225.962189
227.194199
228.435287
229.685486
230.944763
232.213135
233.490585
234.777130
236.072754
237.377487
238.691299
240.014191
241.346191
242.687256
244.037430
245.396698
246.765030
248.142456
249.528992
250.924606
252.329300
0.000000
1.338067
2.670980
3.998739
5.321346
6.638798
7.951096
9.258242
10.560233
11.857070
13.148754
14.435284
15.716660
16.992884
18.263954
19.530581
20.793465
22.052614
23.308023
24.559696
25.807632
27.051828
28.292286
29.529009
30.761992
31.991240
33.216747
34.438519
35.656551
36.870842
38.081398
39.288216
40.491295
41.690639
42.886246
44.078114
45.266243
46.450634
47.631287
48.808205
49.981384
51.150822
52.316528
53.478489
54.636719
55.791206
56.941956
58.088970
59.232246
60.371784
61.507587
62.639645
63.767975
64.892555
66.013412
67.130516
68.243889
69.353531
70.459419
71.561592
72.660004
73.754684
74.845634
75.932846
77.016319
78.096039
79.172035
80.244293
81.312813
82.377594
83.438637
84.495941
85.549515
86.602150
87.656700
88.713142
89.771492
90.831734
91.893875
92.957916
94.023857
95.091690
96.161430
97.233070
98.306610
99.382042
100.459373
101.538605
102.619743
103.702774
104.787697
105.874535
106.963257
108.053879
109.146408
110.240829
111.337158
112.435371
113.535500
114.637520
115.741440
116.847260
117.954971
119.064590
120.176109
121.289520
122.404831
123.522041
124.641151
125.762169
126.885071
128.009872
129.136581
130.265182
131.395706
132.528107
133.662399
134.798599
135.936707
137.076706
138.218582
139.362381
140.508087
141.655685
142.805191
143.956573
145.109863
146.265045
147.422150
148.581116
149.742020
150.901428
152.056000
153.205734
154.350616
155.490677
156.625900
157.756256
158.881790
160.002487
161.118317
162.229324
163.335495
164.436813
165.533295
166.624954
167.711746
168.793701
169.870834
170.943115
172.010559
173.073151
174.130905
175.183823
176.231903
177.275131
178.313522
179.347076
180.375793
181.399658
182.418701
183.432877
184.442230
185.446732
186.446396
187.441223
188.431198
189.416336
190.396652
191.372116
192.342728
193.308517
194.269455
195.225555
196.176804
197.123230
198.064804
199.001526
199.933426
200.860474
201.782684
202.700058
203.612595
204.520264
205.423111
206.321136
207.214294
208.102631
208.986115
209.864960
210.739395
211.609436
212.475021
213.336212
214.192993
215.045349
215.893280
216.736801
217.575897
218.410599
219.240860
220.066711
220.888153
221.705170
222.517761
223.325943
224.129730
224.929077
225.724014
226.514526
227.300629
228.082306
228.859573
229.632446
230.400864
231.164886
231.924469
232.679657
233.430420
234.176788
234.918716
235.656219
236.389328
237.118011
237.842285
238.562119
239.277557
239.988556
240.695160
241.397339
242.095108
242.788452
243.477371
244.161880
244.841995
245.517670
246.188919
246.855774
247.518204
248.176224
248.829819
249.478989
250.123749
250.764099
251.400009
252.031540
252.658630
253.248825
253.769562
254.220871
254.602737
254.915192
255.000000
255.000000
255.000000
255.000000
0.000000
3.280773
5.741808
7.383103
8.613748
9.842838
11.070370
12.296346
13.520761
14.743621
15.964923
17.184668
18.402855
19.619484
20.834557
22.048069
23.260027
24.470425
25.679266
26.886547
28.092276
29.296444
30.499056
31.700108
32.899605
34.097542
35.293922
36.488743
37.682007
38.873714
40.063866
41.252457
42.439491
43.624969
44.808887
45.991245
47.172054
48.351303
49.528988
50.705116
51.879692
53.052711
54.224171
55.394070
56.562412
57.729198
58.894428
60.058098
61.220207
62.380764
63.539761
64.697205
65.853088
67.007576
68.164635
69.325867
70.491257
71.660820
72.834541
74.012444
75.194496
76.380737
77.571129
78.765694
79.964424
81.167313
82.374382
83.585609
84.801010
86.020576
87.244301
88.472206
89.704262
90.940498
92.180893
93.425468
94.674194
95.927094
97.184166
98.445389
99.710800
100.980354
102.254097
103.531998
104.814072
106.100304
107.390701
108.685272
109.984001
111.286911
112.593979
113.905212
115.220627
116.540184
117.863930
119.191833
120.523911
121.860146
123.200546
124.545128
125.893867
127.246765
128.603836
129.963211
131.313538
132.652954
133.981445
135.299026
136.605698
137.901443
139.186295
140.460205
141.723221
142.975311
144.216476
145.446747
146.666077
147.874527
149.072037
150.258652
151.434341
152.599106
153.752975
154.895905
156.027939
157.149048
158.259262
159.358536
160.446915
161.524368
162.590912
163.646530
164.691254
165.725037
166.747910
167.759872
168.760941
169.751068
170.730301
171.698593
172.655991
173.602463
174.538040
175.462677
176.376419
177.279236
178.171127
179.052124
179.922195
180.781342
181.629593
182.466934
183.293350
184.112061
184.931046
185.750595
186.570770
187.391525
188.212875
189.034805
189.857346
190.680466
191.504196
192.328522
193.153427
193.978928
194.805023
195.631729
196.459015
197.286880
198.115372
198.944427
199.774094
200.604370
201.435211
202.266663
203.098709
203.931351
204.764572
205.598389
206.432816
207.267807
208.103439
208.939636
209.776428
210.613800
211.451782
212.290375
213.129532
213.969299
214.809662
215.650604
216.492157
217.334290
218.177032
219.020355
219.864288
220.708801
221.553909
222.399597
223.245911
224.092804
224.940292
225.782303
226.612823
227.431824
228.239319
229.035294
229.819763
230.592728
231.354156
232.104080
232.842514
233.569412
234.284805
234.988693
235.681061
236.361908
237.031265
237.689087
238.335419
238.970215
239.593521
240.205292
240.805573
241.394333
241.971558
242.537308
243.091537
243.634232
244.165436
244.685120
245.193283
245.689957
246.175095
246.648727
247.110870
247.561478
248.000565
248.428146
248.844223
249.248795
249.641830
250.023376
250.393402
250.751923
251.098923
251.434402
251.758377
252.070847
252.371796
252.661240
252.939178
253.205582
253.460495
253.703873
