0.964985
0.017508
0.017508
0.017508
0.964985
0.017508
0.017508
0.017508
0.964985
0.000000
1.326370
2.569927
3.730671
4.808601
5.803718
6.758966
7.717292
8.678695
9.643174
10.610731
11.581365
12.555076
13.531862
14.511727
15.494669
16.480688
17.469784
18.461958
19.457205
20.455534
21.456936
22.461416
23.468973
24.479610
25.493320
26.510109
27.529976
28.552917
29.578938
30.608032
31.640207
32.675457
33.713783
34.755188
35.799667
36.847229
37.897861
38.951576
40.008362
41.068230
42.131176
43.197197
44.265659
45.332775
46.397911
47.461067
48.522240
49.581436
50.638649
51.693878
52.747131
53.798401
54.847694
55.895000
56.940331
57.983681
59.025047
60.064434
61.101837
62.137268
63.170712
64.202179
65.231659
66.259155
67.284676
68.308220
69.329781
70.349365
71.366966
72.382584
73.396217
74.407875
75.417549
76.425247
77.430962
78.434692
79.436447
80.436226
81.434006
82.429817
83.423645
84.415489
85.405342
86.393211
87.379089
88.362991
89.344902
90.324829
91.302773
92.278717
93.252686
94.224670
95.194664
96.162674
97.128693
98.092735
99.054787
100.014847
100.972923
101.929024
102.883125
103.835251
104.785378
105.733528
106.679695
107.623863
108.566055
109.506264
110.444481
111.380714
112.314957
113.247223
114.177498
115.105782
116.032089
116.956398
117.878731
118.799477
119.721115
120.644051
121.568275
122.493790
123.420601
124.348709
125.278107
126.208794
127.140785
128.074051
129.008621
129.944489
130.881653
131.820099
132.759842
133.700882
134.643204
135.586838
136.531754
137.477966
138.425476
139.374268
140.324356
141.275757
142.228424
143.182404
144.137665
145.094208
146.052063
147.011215
147.971649
148.933380
149.896408
150.860718
151.826324
152.793243
153.761444
154.727951
155.689850
156.647110
157.599731
158.547729
159.491074
160.429810
161.363892
162.293335
163.218155
164.138336
165.053894
165.964798
166.871078
167.772720
168.669724
169.562103
170.449844
171.332962
172.211426
173.085251
173.954468
174.819031
175.678970
176.534271
177.384918
178.230957
179.072357
179.909119
180.741241
181.568726
182.391602
183.209808
184.023392
184.832352
185.636673
186.436356
187.231415
188.021835
188.807617
189.588760
190.365265
191.137146
191.904388
192.666992
193.424973
194.178299
194.927017
195.671082
196.410522
197.145325
197.875488
198.601028
199.321915
200.038177
200.749817
201.456802
202.159149
202.856888
203.549973
204.238434
204.922256
205.601440
206.276001
206.945923
207.611191
208.271835
208.927872
209.579239
210.225983
210.868103
211.505569
212.138428
212.766617
213.390198
214.009140
214.623428
215.233093
215.838150
216.438538
217.034302
217.625427
218.211929
218.793793
219.371017
219.943619
220.511581
221.074905
221.633591
222.187637
222.737061
223.281860
223.822006
224.357513
224.888412
225.414642
225.936249
226.453247
226.965591
227.473297
0.000000
0.963100
1.943815
2.942144
3.958088
4.991646
6.042818
7.111605
8.198006
9.302023
10.414931
11.528019
12.641283
13.754725
14.868340
15.982134
17.096104
18.210253
19.324574
20.439074
21.553751
22.668604
23.783634
24.898838
26.014223
27.129780
28.245514
29.361427
30.477514
31.593782
32.710220
33.826839
34.943638
36.060612
37.177761
38.295082
39.412582
40.530258
41.648113
42.766144
43.884354
45.002731
46.121296
47.240032
48.358429
49.473385
50.584377
51.691418
52.794502
53.893627
54.988792
56.080002
57.167252
58.250546
59.329880
60.405254
61.476673
62.544140
63.607639
64.667191
65.722778
66.774406
67.822075
68.865784
69.905548
70.941353
71.973190
73.001076
74.025002
75.044968
76.060974
77.073029
78.081123
79.085266
80.085434
81.081657
82.073921
83.062225
84.046570
85.029274
86.012650
86.996681
87.981392
88.966759
89.952797
90.939499
91.926872
92.914909
93.903618
94.892990
95.883026
96.873734
97.865112
98.857155
99.849854
100.843239
101.837280
102.831993
103.827362
104.823410
105.820122
106.817497
107.815536
108.814255
109.813637
110.813683
111.814392
112.815773
113.817818
114.820534
115.823914
116.827972
117.832680
118.838257
119.845863
120.855698
121.867767
122.882057
123.898575
124.917320
125.938293
126.961494
127.986923
129.014572
130.044449
131.076553
132.110886
133.147461
134.186249
135.227249
136.270493
137.315964
138.363663
139.413574
140.465744
141.520111
142.576706
143.635544
144.696594
145.759888
146.825394
147.893143
148.963104
150.035294
151.109726
152.186371
153.265244
154.346344
155.425201
156.497375
157.562836
158.621613
159.673660
160.719040
161.757706
162.789658
163.814926
164.833496
165.845367
166.850540
167.848999
168.840759
169.825836
170.804199
171.775864
172.740829
173.699112
174.650665
175.595535
176.533707
177.465179
178.389938
179.307999
180.219376
181.124039
182.022018
182.913284
183.797852
184.675720
185.546890
186.411377
187.269119
188.120193
188.964554
189.802246
190.633224
191.457474
192.275055
193.085922
193.890091
194.687576
195.478333
196.262405
197.039780
197.810440
198.574432
199.331696
200.082260
200.826126
201.563293
202.293777
203.017548
203.734604
204.444992
205.148666
205.845642
206.535904
207.219482
207.896362
208.566544
209.229996
209.886780
210.536850
211.180237
211.816895
212.446869
213.070145
213.686737
214.296600
214.899780
215.496262
216.086014
216.669098
217.245468
217.815155
218.378128
218.934402
219.483978
220.026855
220.563019
221.092499
221.615295
222.131363
222.640717
223.143417
223.639404
224.128662
224.611237
225.087128
225.556290
226.018768
226.474548
226.923645
227.366013
227.801697
228.230667
228.652939
229.068512
229.477402
229.879578
230.275055
230.663834
231.045914
231.421295
231.789978
232.151962
0.000000
0.984637
1.976637
2.975999
3.982725
4.996814
6.016246
7.039009
8.065101
9.094522
10.127270
11.163347
12.202753
13.245487
14.291548
15.340940
16.393660
17.449709
18.509085
19.571791
20.637825
21.707186
22.779877
23.855898
24.935246
26.017923
27.103928
28.193264
29.285925
30.381916
31.481237
32.583881
33.689857
34.799164
35.911797
37.027760
38.147049
39.269665
40.395618
41.524117
42.650497
43.773979
44.894569
46.012260
47.127056
48.238956
49.347961
50.454063
51.557274
52.657589
53.755009
54.849533
55.941158
57.029884
58.115723
59.198662
60.278702
61.355846
62.430096
63.501450
64.569908
65.635468
66.698135
67.757904
68.814774
69.868752
70.919830
71.968010
73.013298
74.055695
75.095184
76.131790
77.165489
78.196777
79.226158
80.253632
81.279182
82.302826
83.324554
84.344360
85.362251
86.378242
87.392303
88.404457
89.414696
90.423019
91.429428
92.433922
93.436501
94.437172
95.435921
96.432755
97.427673
98.420685
99.411781
100.400955
101.388222
102.373566
103.357010
104.338524
105.318130
106.295815
107.271599
108.245461
109.217400
110.187447
111.156296
112.128349
113.104340
114.084282
115.068146
116.055954
117.047707
118.043388
119.043007
120.046570
121.054070
122.065498
123.080872
124.100189
125.123444
126.150627
127.181755
128.216812
129.255814
130.298752
131.345642
132.396454
133.451202
134.509888
135.572510
136.639084
137.709595
138.784027
139.862411
140.944733
142.030975
143.121170
144.215302
145.313385
146.408768
147.494858
148.571655
149.639130
150.697311
151.746201
152.785767
153.816055
154.837021
155.848694
156.851074
157.844131
158.827911
159.802368
160.767532
161.723389
162.669968
163.607224
164.535187
165.453842
166.363190
167.263245
168.153992
169.035446
169.907593
170.770432
171.623978
172.468231
173.303162
174.128799
174.945145
175.752182
176.549927
177.338348
178.117477
178.887314
179.647842
180.399063
181.140991
181.873611
182.596939
183.310944
184.015671
184.711105
185.397202
186.074005
186.741531
187.399750
188.048645
188.688248
189.318542
189.939560
190.551270
191.153671
191.746750
192.330551
192.905060
193.470230
194.026138
194.572723
195.110016
195.638000
196.156693
196.666077
197.166153
197.656921
198.138412
198.610580
199.073456
199.527039
199.971313
200.406281
200.831940
201.248306
201.655380
202.053146
202.441589
202.820740
203.190613
203.551178
203.902420
204.244370
204.577026
204.900375
205.214432
205.519180
205.814621
206.100754
206.377594
206.645126
206.903381
207.152313
207.391937
207.622284
207.843307
208.055038
208.257477
208.450592
208.634430
208.808945
208.974167
209.130081
209.276703
209.414032
209.542038
209.660736
209.770157
209.870285
209.961075
210.042572
210.114792
210.177704
210.231293
210.275589
210.310593
210.336288
