0.958280
0.020860
0.020860
0.020860
0.958280
0.020860
0.020860
0.020860
0.958280
0.000000
0.892847
1.823643
2.792389
3.799084
4.843729
5.926322
7.046866
8.205359
9.401803
10.636195
11.908534
13.192950
14.463571
15.720395
16.963423
18.192652
19.408085
20.609722
21.797562
22.971605
24.131849
25.278299
26.410950
27.529808
28.634865
29.726128
30.803589
31.867258
32.917130
33.953201
34.975479
35.983959
36.978642
37.959530
38.926620
39.879910
40.819408
41.745102
42.657005
43.555115
44.439423
45.310520
46.181343
47.057178
47.938030
48.823898
49.714779
50.610676
51.511589
52.417515
53.328457
54.244411
55.165382
56.091366
57.022366
57.958382
58.899406
59.845455
60.796513
61.752583
62.713673
63.679779
64.650894
65.627022
66.608177
67.594337
68.585518
69.581696
70.582909
71.589134
72.600365
73.616608
74.637138
75.657516
76.677017
77.695633
78.713364
79.730209
80.746178
81.761261
82.775459
83.788773
84.801208
85.812759
86.823418
87.833199
88.842102
89.850113
90.857254
91.863495
92.868866
93.873352
94.876953
95.879662
96.881500
97.882454
98.882523
99.881699
100.879997
101.877419
102.873955
103.869598
104.864372
105.856842
106.843521
107.824242
108.799019
109.767860
110.730759
111.687698
112.638702
113.583755
114.522858
115.456032
116.383247
117.304520
118.219849
119.129227
120.032661
120.930153
121.821701
122.707298
123.586952
124.460655
125.328423
126.190239
127.046104
127.896027
128.740005
129.578049
130.410141
131.236282
132.056488
132.870743
133.680145
134.485809
135.287735
136.085907
136.880356
137.671066
138.458038
139.241241
140.020721
140.796463
141.568451
142.336716
143.101227
143.862000
144.619019
145.372330
146.121872
146.867676
147.609741
148.348068
149.082642
149.813492
150.540588
151.263962
151.983566
152.699448
153.411591
154.119980
154.824615
155.525528
156.222702
156.916138
157.605835
158.291763
158.973984
159.652451
160.327164
160.998154
161.665375
162.328888
162.988632
163.644669
164.296936
164.945465
165.590271
166.231308
166.868622
167.502182
168.132004
168.758102
169.380447
169.999054
170.613922
171.225021
171.832397
172.436050
173.035950
173.632111
174.224518
174.813187
175.398117
175.979324
176.556763
177.130478
177.700439
178.266663
178.829147
179.387894
179.942902
180.494156
181.041687
181.585449
182.125488
182.661774
183.194336
183.723145
184.248215
184.769562
185.287125
185.800980
186.311081
186.817459
187.320084
187.818970
188.314117
188.805496
189.293167
189.777084
190.257248
190.733688
191.206375
191.675339
192.140549
192.602020
193.059738
193.513733
193.963974
194.410492
194.853241
195.292267
195.727539
196.159088
196.586884
197.010941
197.431244
197.847824
198.260651
198.669754
199.075104
199.476715
199.874588
200.268707
200.659088
201.045731
201.428650
201.807816
202.183228
202.554916
202.922836
203.287018
203.647491
0.000000
0.669992
1.378838
2.126535
2.913085
3.738487
4.602742
5.505850
6.447810
7.428623
8.448287
9.506804
10.604176
11.740398
12.915473
14.129399
15.382180
16.673813
18.004299
19.373636
20.752874
22.113077
23.454233
24.776348
26.079420
27.363449
28.628435
29.874380
31.101282
32.309143
33.497959
34.667732
35.818459
36.950153
38.062794
39.156399
40.230957
41.286480
42.322952
43.340385
44.338776
45.318123
46.278427
47.219685
48.141911
49.045090
49.929222
50.794315
51.640362
52.467373
53.287895
54.114513
54.947220
55.786015
56.630901
57.481873
58.338932
59.202076
60.071316
60.946640
61.828056
62.715557
63.609146
64.508827
65.414589
66.326454
67.244392
68.168427
69.098549
70.034760
70.977051
71.925446
72.879913
73.840477
74.807137
75.779877
76.758698
77.743614
78.734619
79.731712
80.732391
81.734154
82.737000
83.740929
84.745934
85.752029
86.759209
87.767464
88.776810
89.787239
90.798744
91.811325
92.825005
93.839767
94.855598
95.872528
96.890533
97.909622
98.929787
99.951035
100.973381
101.996796
103.021301
104.046883
105.073547
106.101303
107.130135
108.160057
109.191048
110.223129
111.253555
112.279518
113.301048
114.318146
115.330803
116.339020
117.342804
118.342148
119.337059
120.327530
121.313560
122.295151
123.272316
124.245033
125.213318
126.177170
127.136574
128.091553
129.042084
129.988190
130.929855
131.867065
132.799850
133.728195
134.652115
135.571594
136.486618
137.397217
138.303375
139.205109
140.100769
140.988754
141.869080
142.741730
143.606705
144.463989
145.313629
146.155563
146.989838
147.816452
148.635361
149.446625
150.250183
151.046097
151.834320
152.614868
153.387756
154.152954
154.910477
155.660339
156.402512
157.137024
157.863846
158.583008
159.294495
159.998291
160.694427
161.382889
162.063675
162.736786
163.402222
164.059982
164.710068
165.352478
165.987213
166.614273
167.233658
167.845383
168.449417
169.045792
169.634476
170.215485
170.788834
171.354492
171.912491
172.462799
173.005447
173.540421
174.067719
174.587326
175.099289
175.603546
176.100159
176.589066
177.070312
177.543900
178.009796
178.468018
178.918564
179.361435
179.796646
180.224167
180.644028
181.056198
181.460709
181.857529
182.246689
182.628174
183.001968
183.368103
183.726562
184.077332
184.420441
184.755875
185.083633
185.403732
185.716125
186.020874
186.317932
186.607315
186.889023
187.163055
187.429428
187.688095
187.939133
188.182465
188.418121
188.646103
188.866440
189.079071
189.284042
189.481339
189.670959
189.852890
190.027161
190.193756
190.352692
190.503937
190.647491
190.783386
190.911606
191.032166
191.145035
191.250229
191.347763
191.437607
191.519791
191.594299
191.661102
191.720261
191.771744
191.815552
191.851669
191.880127
191.900909
191.914001
0.000000
0.868074
1.783661
2.746762
3.757375
4.815502
5.921141
7.074293
8.274961
9.523138
10.818830
12.162034
13.552752
14.958671
16.347475
17.719164
19.073740
20.411201
21.731550
23.034784
24.320904
25.589909
26.841801
28.076582
29.294247
30.494797
31.678236
32.844555
33.993767
35.125862
36.240845
37.338707
38.419464
39.483105
40.529629
41.559040
42.571335
43.566525
44.549370
45.531567
46.513645
47.495609
48.477451
49.459179
50.440784
51.422272
52.403641
53.384888
54.366024
55.347031
56.327927
57.308704
58.289360
59.269901
60.250320
61.230621
62.210800
63.190865
64.170807
65.150635
66.130341
67.109932
68.089401
69.069160
70.051628
71.037209
72.025909
73.017723
74.012657
75.010712
76.011871
77.016159
78.023552
79.034073
80.047707
81.064453
82.084312
83.107292
84.133392
85.162605
86.194939
87.230385
88.268944
89.310631
90.355423
91.403336
92.454361
93.508507
94.565414
95.617264
96.660873
97.696228
98.723335
99.742203
100.752808
101.755173
102.749283
103.735146
104.712769
105.682137
106.643257
107.596123
108.540749
109.477119
110.405251
111.325119
112.236748
113.140129
114.035263
114.922142
115.800774
116.671158
117.533302
118.387192
119.233963
120.074753
120.909554
121.738373
122.561211
123.378059
124.188927
124.993805
125.792709
126.585617
127.372551
128.153488
128.928452
129.697418
130.460419
131.217438
131.968460
132.713486
133.452545
134.185623
134.912704
135.633820
136.348923
137.058060
137.761215
138.458374
139.149551
139.834747
140.513962
141.187180
141.854431
142.515701
143.170959
143.820267
144.463562
145.100891
145.732224
146.357590
146.976944
147.590347
148.197754
148.799164
149.394592
149.984039
150.567505
151.144974
151.716476
152.281998
152.841522
153.395065
153.942627
154.484207
155.019791
155.549393
156.073029
156.590668
157.102310
157.607971
158.107666
158.601364
159.089066
159.570816
160.046555
160.516327
160.980087
161.437897
161.889709
162.335526
162.775375
163.209244
163.637115
164.058990
164.474899
164.884827
165.288757
165.686722
166.078690
166.464676
166.844666
167.218689
167.586731
167.948776
168.304825
168.654907
168.999008
169.337112
169.669235
169.995392
170.315521
170.629700
170.937897
171.240112
171.536316
171.826553
172.110809
172.389084
172.661362
172.927658
173.187973
173.442322
173.690659
173.933029
174.169403
174.399796
174.624191
174.842621
175.055054
175.261520
175.462006
175.656494
175.844986
176.027496
176.204041
176.374588
176.539154
176.697739
176.850342
176.996948
177.137589
177.272217
177.400879
177.523575
177.640259
177.750961
177.855682
177.954437
178.047195
178.133957
178.214752
178.289551
178.358368
178.421204
178.478043
178.528915
178.573807
178.612701
178.645599
178.672531
178.693481
178.708450
178.717422
178.720413
