0.955292
0.022354
0.022354
0.022354
0.955292
0.022354
0.022354
0.022354
0.955292
0.000000
1.685669
3.223809
4.614422
5.857508
6.953065
7.901094
8.778122
9.660674
10.548751
11.442351
12.341477
13.246127
14.156301
15.072000
15.993224
16.919971
17.852243
18.790041
19.733360
20.682207
21.636576
22.596468
23.561888
24.532833
25.509300
26.491293
27.478807
28.471849
29.470413
30.474501
31.484119
32.499256
33.519917
34.546104
35.577816
36.615051
37.657814
38.706097
39.759903
40.819241
41.883911
42.949627
44.014645
45.078964
46.142590
47.205517
48.267746
49.329277
50.390106
51.450245
52.509686
53.568424
54.626469
55.683815
56.740463
57.796413
58.851669
59.906223
60.960083
62.013241
63.065708
64.117470
65.168541
66.218910
67.268585
68.317566
69.365837
70.413422
71.460304
72.506493
73.551987
74.596771
75.640869
76.684265
77.726959
78.768875
79.809471
80.848656
81.886444
82.922821
83.957794
84.991364
86.023514
87.054268
88.083618
89.111565
90.138100
91.163231
92.186958
93.209282
94.230194
95.249702
96.267807
97.284500
98.299789
99.313675
100.326157
101.337227
102.346901
103.355164
104.362007
105.367462
106.371506
107.374146
108.375381
109.375198
110.373627
111.370644
112.366249
113.360458
114.355431
115.356483
116.363853
117.377548
118.397568
119.423904
120.456558
121.495544
122.540840
123.592468
124.650414
125.714684
126.785263
127.862183
128.945419
130.034973
131.130844
132.233032
133.341553
134.456390
135.577545
136.705017
137.838837
138.978958
140.125397
141.278168
142.437256
143.602676
144.774399
145.952454
147.136826
148.327530
149.524551
150.727875
151.937546
153.144928
154.341446
155.527084
156.701843
157.865738
159.018768
160.160904
161.292160
162.412567
163.522095
164.620743
165.708511
166.785416
167.851456
168.906601
169.950897
170.984299
172.006836
173.018509
174.019287
175.009201
175.988251
176.956421
177.913712
178.860138
179.795685
180.720352
181.634155
182.537079
183.429138
184.310333
185.180634
186.040054
186.888626
187.726318
188.553116
189.369064
190.174133
190.968323
191.751648
192.524094
193.285660
194.036362
194.776184
195.505127
196.223221
196.930420
197.626755
198.312210
198.986801
199.650513
200.303345
200.945312
201.576401
202.196625
202.805969
203.404434
203.992035
204.568756
205.134613
205.689590
206.233688
206.766907
207.289276
207.800751
208.301376
208.791107
209.269974
209.737961
210.195068
210.641312
211.076675
211.501175
211.914795
212.317551
212.709427
213.090424
213.460541
213.819794
214.168182
214.505692
214.832321
215.148087
215.452972
215.746979
216.030121
216.302383
216.563782
216.814301
217.053940
217.282715
217.500610
217.707642
217.903793
218.089081
218.263474
218.427002
218.579666
218.721466
218.852356
218.972397
219.081558
219.179855
219.267258
219.343826
219.409485
219.464279
219.508209
219.541245
219.563431
0.000000
0.903265
1.834719
2.794361
3.782193
4.798214
5.842423
6.914822
8.015409
9.129103
10.240819
11.350560
12.458325
13.564114
14.667925
15.769760
16.869621
17.967503
19.063408
20.157337
21.249292
22.339268
23.427271
24.513294
25.597342
26.679413
27.759506
28.837626
29.913769
30.987934
32.060123
33.130333
34.198574
35.264835
36.329121
37.391426
38.451756
39.510113
40.566490
41.620892
42.673313
43.723763
44.772266
45.819447
46.865559
47.910610
48.954597
49.997520
51.039379
52.080170
53.119896
54.158558
55.196156
56.232693
57.268158
58.302563
59.335907
60.368183
61.399391
62.429531
63.458618
64.486626
65.513588
66.539467
67.564293
68.588051
69.610748
70.632370
71.652939
72.672440
73.690865
74.708237
75.724541
76.739784
77.753960
78.767067
79.779099
80.789894
81.799438
82.807747
83.814804
84.820610
85.825165
86.828476
87.830536
88.831360
89.830925
90.829247
91.826317
92.822136
93.816711
94.810043
95.802116
96.792953
97.782539
98.770866
99.757965
100.743797
101.728394
102.711731
103.693832
104.674675
105.654282
106.632629
107.609741
108.585587
109.560196
110.533562
111.505669
112.476540
113.449280
114.431519
115.423615
116.425560
117.437355
118.459000
119.490501
120.531853
121.583046
122.644096
123.715004
124.795753
125.886353
126.986809
128.097122
129.217270
130.347275
131.487137
132.636841
133.796417
134.965820
136.145081
137.334198
138.533157
139.741974
140.960648
142.189163
143.427536
144.675751
145.933807
147.201752
148.479507
149.767136
151.064606
152.361282
153.646439
154.920151
156.182373
157.433105
158.672363
159.900131
161.116409
162.321243
163.514572
164.696411
165.866791
167.025681
168.173080
169.309021
170.433456
171.546432
172.647919
173.737915
174.816422
175.883469
176.939041
177.983124
179.015717
180.036835
181.046463
182.044632
183.031296
184.006500
184.970215
185.922440
186.863190
187.792465
188.710266
189.616577
190.511398
191.394745
192.266617
193.126999
193.975891
194.813324
195.639267
196.453735
197.256714
198.048203
198.828217
199.596756
200.353821
201.099411
201.833496
202.556107
203.267242
203.966904
204.655075
205.331757
205.996979
206.650696
207.292953
207.923721
208.542999
209.150803
209.747131
210.331970
210.905334
211.467224
212.017624
212.556534
213.083984
213.599945
214.104401
214.597412
215.078918
215.548965
216.007507
216.454590
216.890167
217.314285
217.726913
218.128067
218.517731
218.895920
219.262634
219.617844
219.961594
220.293854
220.614639
220.923950
221.221756
221.508118
221.782974
222.046341
222.298233
222.538666
222.767593
222.985046
223.191025
223.385513
223.568527
223.740051
223.900101
224.048691
224.185745
224.311356
224.425507
224.528137
224.619308
224.698990
224.767181
224.823898
224.869156
224.902908
224.925186
0.000000
1.218667
2.436108
3.652324
4.867314
6.079036
7.285448
8.486550
9.682341
10.872822
12.057992
13.237851
14.412400
15.581639
16.745569
17.904184
19.057493
20.205492
21.348177
22.485556
23.617617
24.744371
25.865820
26.981953
28.092777
29.198290
30.298494
31.393387
32.482967
33.567238
34.646198
35.719849
36.788193
37.851219
38.908939
39.961349
41.008633
42.054970
43.102051
44.149883
45.198467
46.247807
47.297886
48.348721
49.400307
50.452641
51.505726
52.559563
53.614147
54.669479
55.725567
56.782402
57.839989
58.898323
59.957413
61.017246
62.077835
63.139168
64.201256
65.264099
66.327675
67.392021
68.457108
69.522949
70.589523
71.656876
72.724960
73.793793
74.862885
75.929237
76.992355
78.052246
79.108894
80.162323
81.212509
82.259460
83.303185
84.343666
85.380920
86.414932
87.445717
88.473267
89.497589
90.518677
91.536530
92.551140
93.562523
94.570671
95.575584
96.577278
97.575714
98.570938
99.562912
100.551666
101.537178
102.519455
103.498505
104.474312
105.446892
106.416237
107.387306
108.372200
109.371460
110.385101
111.413116
112.455498
113.512260
114.583397
115.668907
116.768799
117.883057
119.011696
120.154709
121.312096
122.483841
123.669983
124.870499
126.085373
127.314629
128.558273
129.816284
131.088654
132.375412
133.676544
134.992050
136.321930
137.666183
139.024811
140.397812
141.785202
143.186951
144.603073
146.020660
147.426758
148.821381
150.204529
151.576187
152.936371
154.285080
155.622299
156.948059
158.262329
159.565125
160.856430
162.136261
163.404633
164.661514
165.906906
167.140839
168.363281
169.574249
170.773727
171.961746
173.138275
174.303329
175.456909
176.598999
177.729630
178.848755
179.956421
181.052612
182.137299
183.210541
184.272278
185.322556
186.361328
187.388657
188.404495
189.408844
190.401733
191.383133
192.353058
193.311493
194.258453
195.193939
196.117950
197.030472
197.931534
198.821091
199.699203
200.565811
201.420944
202.264603
203.096786
203.917480
204.726700
205.524445
206.310715
207.085510
207.848831
208.600662
209.341019
210.069885
210.787277
211.493210
212.187637
212.870590
213.542099
214.202103
214.850632
215.487671
216.113251
216.727325
217.329941
217.921082
218.500732
219.068909
219.625626
220.170853
220.704590
221.226852
221.737656
222.236938
222.724777
223.201126
223.666000
224.119385
224.561325
224.991760
225.410721
225.818207
226.214203
226.598724
226.971771
227.333328
227.683426
228.022034
228.349167
228.664825
228.968994
229.261703
229.542923
229.812668
230.070938
230.317703
230.553024
230.776840
230.989197
231.190079
231.379471
231.557388
231.723816
231.878769
232.022247
232.154251
232.274780
232.383820
232.481369
232.567459
232.642090
232.705215
232.756882
232.797028
232.825729
232.842957
232.848694
