0.967459
0.016270
0.016270
0.016270
0.967459
0.016270
0.016270
0.016270
0.967459
0.000000
1.029717
2.061610
3.095679
4.131926
5.170347
6.210945
7.253721
8.298672
9.345798
10.395103
11.445186
12.494650
13.543498
14.591728
15.639341
16.686337
17.732714
18.778473
19.823614
20.868137
21.912045
22.955336
23.998007
25.040062
26.081497
27.122316
28.162516
29.202101
30.241064
31.279415
32.317142
33.354259
34.390755
35.426632
36.461895
37.496536
38.530560
39.563969
40.596756
41.628929
42.660480
43.691422
44.721733
45.751438
46.780521
47.808990
48.836834
49.864071
50.890686
51.916683
52.942059
53.966820
54.990959
56.014488
57.037395
58.059689
59.081352
60.102413
61.122849
62.142696
63.162582
64.182755
65.203209
66.223953
67.245003
68.266327
69.287933
70.309845
71.332039
72.354515
73.377289
74.400352
75.423706
76.447334
77.471268
78.495483
79.519989
80.544777
81.569855
82.595238
83.620895
84.646851
85.673088
86.699615
87.726433
88.753540
89.780930
90.808617
91.836586
92.864845
93.893394
94.922234
95.951355
96.980782
98.010483
99.040482
100.070763
101.101341
102.132195
103.163353
104.194786
105.226524
106.258530
107.290848
108.323441
109.356323
110.389503
111.422958
112.456703
113.490273
114.520905
115.548126
116.571938
117.592346
118.609337
119.622925
120.633102
121.639870
122.643227
123.643173
124.639717
125.632851
126.622566
127.608887
128.591782
129.571289
130.547363
131.520050
132.489319
133.455170
134.417618
135.376663
136.332291
137.284500
138.233322
139.178741
140.120712
141.059311
141.994492
142.926254
143.854614
144.779556
145.701096
146.619232
147.533951
148.445267
149.353180
150.257675
151.158752
152.056442
152.950699
153.841553
154.729004
155.613052
156.493698
157.370895
158.244720
159.115128
159.982117
160.847275
161.714386
162.583649
163.455063
164.328613
165.204315
166.082153
166.962143
167.844269
168.728546
169.614975
170.503540
171.394257
172.287109
173.182114
174.079254
174.978546
175.879974
176.783554
177.689270
178.597137
179.507156
180.419312
181.333618
182.250046
183.168640
184.089371
185.012253
185.937271
186.864456
187.793762
188.725220
189.658829
190.594574
191.532455
192.472504
193.414688
194.359009
195.305481
196.254089
197.204865
198.157761
199.112808
200.069992
201.029343
201.990829
202.954437
203.920227
204.888138
205.858200
206.829697
207.801865
208.774750
209.748337
210.722595
211.697586
212.673248
213.649628
214.626694
215.604477
216.582932
217.562103
218.541977
219.522537
220.503799
221.485764
222.468430
223.451782
224.435837
225.420593
226.406052
227.392197
228.379059
229.366608
230.354858
231.343811
232.333450
233.323792
234.314835
235.306580
236.299011
237.292160
238.286011
239.280533
240.275772
241.271698
242.268341
243.265671
244.263687
245.262436
246.261856
247.261978
248.262802
249.264328
250.266556
251.269470
0.000000
1.012427
2.028875
3.049346
4.073838
5.102354
6.134892
7.171451
8.212034
9.256638
10.305264
11.357914
12.414583
13.475276
14.537654
15.599380
16.660454
17.720875
18.780643
19.839762
20.898228
21.956039
23.013199
24.069708
25.125563
26.180771
27.235319
28.289217
29.342464
30.395060
31.447001
32.498287
33.548931
34.598919
35.648251
36.696930
37.744965
38.792339
39.839062
40.885136
41.930553
42.975323
44.019436
45.062901
46.105709
47.147861
48.189381
49.230228
50.270435
51.309986
52.348881
53.387127
54.424717
55.461666
56.497952
57.533588
58.568569
59.602901
60.636578
61.669613
62.701984
63.733707
64.765549
65.798264
66.831879
67.866364
68.901741
69.937996
70.975143
72.013176
73.052086
74.091873
75.132561
76.174126
77.216568
78.259903
79.304115
80.349213
81.395203
82.442070
83.489822
84.538460
85.587982
86.638382
87.689674
88.741844
89.794907
90.848839
91.903671
92.959373
94.015968
95.073448
96.131805
97.191048
98.251175
99.312195
100.374092
101.436882
102.500542
103.565094
104.630524
105.696846
106.764038
107.832130
108.901100
109.970947
111.041702
112.113319
113.185822
114.259216
115.330429
116.396446
117.457260
118.512863
119.563263
120.608444
121.648430
122.683197
123.712769
124.737114
125.756264
126.770203
127.778938
128.782455
129.780777
130.773880
131.761780
132.744476
133.721954
134.694229
135.661301
136.623154
137.579803
138.531250
139.477478
140.418503
141.354324
142.284927
143.210327
144.130524
145.045517
145.955292
146.859848
147.759216
148.653381
149.542313
150.426056
151.304581
152.177917
153.046021
153.908920
154.766617
155.619095
156.466400
157.308456
158.145325
158.976974
159.803436
160.629608
161.460434
162.295929
163.136078
163.980896
164.830368
165.684494
166.543289
167.406738
168.274857
169.147614
170.025055
170.907150
171.793900
172.685303
173.581375
174.482101
175.387497
176.297562
177.212265
178.131622
179.055664
179.984344
180.917694
181.855698
182.798370
183.745712
184.697693
185.654343
186.615646
187.581619
188.552246
189.527542
190.507492
191.492096
192.481369
193.475281
194.473862
195.477127
196.485031
197.497589
198.514816
199.536697
200.563232
201.594452
202.630325
203.670837
204.716019
205.761627
206.803345
207.841187
208.875168
209.905289
210.931534
211.953903
212.972412
213.987045
214.997833
216.004745
217.007782
218.006958
219.002274
219.993698
220.981277
221.964966
222.944809
223.920776
224.892883
225.861115
226.825485
227.785980
228.742599
229.695358
230.644272
231.589310
232.530472
233.467758
234.401184
235.330734
236.256424
237.178253
238.096207
239.010300
239.920517
240.826889
241.729370
242.627991
243.522751
244.413635
245.300644
246.183807
247.063080
247.938492
248.810043
249.677734
250.541534
251.401489
252.257568
0.000000
1.340337
2.632313
3.875927
5.071181
6.218072
7.316602
8.366771
9.368580
10.347839
11.330375
12.316180
13.305260
14.297610
15.293233
16.292128
17.294292
18.299732
19.308443
20.320427
21.335680
22.354206
23.376003
24.401075
25.429417
26.461031
27.495918
28.534075
29.575504
30.620209
31.668180
32.719425
33.773949
34.831734
35.892799
36.957130
38.024738
39.095615
40.169765
41.247185
42.327873
43.411842
44.499081
45.589588
46.683372
47.780422
48.880749
49.984341
51.091217
52.201363
53.314678
54.429085
55.543728
56.658607
57.773720
58.889069
60.004650
61.120472
62.236526
63.352814
64.469337
65.586098
66.703094
67.820328
68.937790
70.055496
71.173431
72.291611
73.410011
74.528656
75.647537
76.766640
77.885986
79.005577
80.125397
81.245445
82.365730
83.486259
84.607018
85.728020
86.849251
87.970711
89.092415
90.214348
91.336517
92.458923
93.581566
94.704445
95.827560
96.950905
98.074486
99.198303
100.321526
101.439148
102.550354
103.655121
104.753479
105.845406
106.930901
108.009964
109.082611
110.148834
111.208618
112.261986
113.308922
114.349434
115.383530
116.411194
117.432426
118.447227
119.455620
120.457573
121.453102
122.442215
123.424889
124.401138
125.370956
126.334358
127.291328
128.241882
129.186005
130.123703
131.054962
131.979813
132.898239
133.810211
134.715790
135.614914
136.507629
137.393906
138.273773
139.147217
140.014221
140.874802
141.731323
142.589645
143.449997
144.312378
145.176819
146.043289
146.911804
147.782349
148.654953
149.529587
150.406265
151.284973
152.165741
153.048538
153.933380
154.820251
155.709167
156.600128
157.493134
158.388168
159.285248
160.184357
161.085526
161.988724
162.893967
163.801239
164.710571
165.621948
166.535339
167.450775
168.368271
169.287781
170.209366
171.132965
172.058609
172.986298
173.916031
174.847778
175.781586
176.717453
177.655334
178.595261
179.538376
180.485825
181.437622
182.393753
183.354218
184.319016
185.288162
186.261642
187.239456
188.221603
189.208099
190.198929
191.194077
192.193588
193.197433
194.205597
195.218109
196.234970
197.256134
198.281677
199.311523
200.345718
201.384262
202.427124
203.474335
204.525894
205.581772
206.641983
207.706558
208.775452
209.848679
210.926239
212.008148
213.094391
214.184982
215.279877
216.379150
217.482727
218.590652
219.702927
220.819534
221.940460
223.065750
224.195358
225.329300
226.467606
227.610229
228.757202
229.908493
231.064148
232.224106
233.388412
234.557068
235.730042
236.907379
238.089035
239.275024
240.465347
241.660034
242.859039
244.062393
245.270065
246.482101
247.698456
248.919144
250.144165
251.373535
252.607254
253.845291
255.000000
255.000000
255.000000
255.000000
255.000000
255.000000
255.000000
255.000000
255.000000
255.000000
255.000000
