0.992355
0.003822
0.003822
0.003822
0.992355
0.003822
0.003822
0.003822
0.992355
0.000000
0.919015
1.844224
2.775625
3.713220
4.657008
5.606988
6.563163
7.525530
8.494090
9.468844
10.449791
11.436930
12.430263
13.429789
14.435507
15.447420
16.465525
17.486254
18.506035
19.524868
20.542753
21.559696
22.575687
23.590733
24.604832
25.617983
26.630188
27.641443
28.651752
29.661118
30.669529
31.676998
32.683521
33.689095
34.693718
35.697403
36.700134
37.701920
38.702755
39.702648
40.701591
41.699585
42.696636
43.692741
44.687897
45.682102
46.675365
47.667683
48.659042
49.649467
50.638931
51.627457
52.615040
53.601673
54.587353
55.572094
56.555878
57.538723
58.520615
59.501560
60.481567
61.460625
62.438728
63.415890
64.392105
65.367371
66.341690
67.315056
68.287483
69.258957
70.229477
71.199066
72.167702
73.135345
74.101776
75.066956
76.030876
76.993546
77.954956
78.915108
79.874008
80.831657
81.788040
82.743179
83.697060
84.649681
85.601051
86.551170
87.500023
88.447624
89.393974
90.339073
91.282906
92.225487
93.166817
94.106880
95.045700
95.983261
96.919571
97.854614
98.788414
99.720955
100.652237
101.582260
102.511040
103.438560
104.364822
105.289825
106.213577
107.136070
108.057320
108.977303
109.896034
110.813515
111.729729
112.644699
113.558403
114.470863
115.382057
116.292000
117.200691
118.108124
119.014297
119.919228
120.822891
121.725296
122.626457
123.526352
124.425011
125.322395
126.219543
127.117500
128.016220
128.915756
129.816071
130.717163
131.619049
132.521729
133.425201
134.329453
135.234497
136.140320
137.046951
137.954361
138.862564
139.771545
140.681320
141.591888
142.503250
143.415390
144.328323
145.242035
146.156540
147.071838
147.987930
148.904800
149.822464
150.740921
151.660172
152.580185
153.501007
154.422623
155.345016
156.268188
157.192169
158.116928
159.042465
159.968811
160.895950
161.823868
162.752563
163.682053
164.612335
165.543411
166.475266
167.407928
168.341370
169.275589
170.210587
171.146408
172.082993
173.020370
173.958542
174.897507
175.837234
176.777771
177.719269
178.662628
179.608017
180.555450
181.504913
182.456390
183.409912
184.365448
185.323044
186.282669
187.244308
188.207993
189.173706
190.141449
191.111237
192.083038
193.056885
194.032761
195.010666
195.990616
196.972580
197.956589
198.942642
199.930710
200.920822
201.912949
202.907120
203.903320
204.901550
205.901810
206.904129
207.908463
208.914810
209.923203
210.933640
211.946106
212.960587
213.977127
214.995682
216.016281
217.038895
218.063553
219.090256
220.118973
221.149719
222.182510
223.217316
224.254181
225.293076
226.333969
227.376923
228.421921
229.468933
230.517975
231.569061
232.622162
233.677307
234.755707
235.878601
237.046005
238.257919
239.514313
240.815216
242.160599
243.550491
244.984863
246.463760
247.987122
249.555008
0.000000
1.236615
2.475281
3.715999
4.958768
6.203588
7.450460
8.699383
9.950357
11.203383
12.458460
13.715589
14.974767
16.235996
17.495911
18.751150
20.001713
21.247597
22.488806
23.725338
24.957191
26.184368
27.406868
28.624689
29.837833
31.046303
32.250092
33.449207
34.643642
35.833401
37.018478
38.198887
39.374615
40.545662
41.712036
42.873730
44.030754
45.183090
46.330753
47.473740
48.612049
49.745682
50.874638
51.998917
53.118515
54.233433
55.343685
56.449249
57.550148
58.646366
59.737900
60.824757
61.906940
62.984447
64.057274
65.125420
66.188896
67.247696
68.301811
69.351250
70.396027
71.439262
72.484123
73.530602
74.578705
75.628418
76.679771
77.732735
78.787323
79.843529
80.901360
81.960815
83.021881
84.084579
85.148895
86.214828
87.282387
88.351570
89.422371
90.494797
91.568840
92.644501
93.721786
94.800705
95.881226
96.963379
98.047157
99.132553
100.219566
101.308205
102.398460
103.490341
104.583839
105.678970
106.775711
107.874084
108.974068
110.075684
111.178909
112.283760
113.390236
114.498329
115.608055
116.719383
117.832344
118.946930
120.063133
121.180954
122.298470
123.413750
124.526802
125.637619
126.746208
127.852562
128.956696
130.058563
131.158234
132.255646
133.350830
134.443787
135.534515
136.623001
137.709274
138.793304
139.875092
140.954651
142.031967
143.107071
144.179932
145.250565
146.318954
147.385117
148.449051
149.510742
150.570206
151.627441
152.682434
153.735199
154.785736
155.834045
156.880112
157.923935
158.965546
160.004913
161.042053
162.076965
163.109619
164.140060
165.168259
166.194229
167.217972
168.239487
169.258759
170.275787
171.290604
172.302734
173.311737
174.317612
175.320343
176.319962
177.316452
178.309830
179.300049
180.287155
181.271149
182.251999
183.229706
184.204315
185.175781
186.144119
187.109329
188.071426
189.030380
189.986221
190.938919
191.888504
192.834946
193.778259
194.718475
195.655533
196.589478
197.520294
198.447968
199.372513
200.293961
201.212265
202.127426
203.039474
203.948395
204.854187
205.756851
206.656372
207.552795
208.446091
209.336243
210.223267
211.107162
211.987930
212.865585
213.740082
214.611481
215.479752
216.343109
217.199814
218.049835
218.893219
219.729919
220.559952
221.383316
222.200027
223.010071
223.813431
224.610123
225.400162
226.183548
226.960251
227.730286
228.493668
229.250381
230.000412
230.743790
231.480499
232.210541
232.933914
233.650635
234.360672
235.064056
235.760773
236.450821
237.134201
237.810913
238.480957
239.144348
239.801056
240.451111
241.094498
241.731216
242.361267
242.984650
243.601364
244.211441
244.814819
245.411530
246.001602
246.584991
247.161697
247.731766
248.295151
248.851883
249.401947
249.945328
250.482071
251.012131
251.535522
252.052261
252.562302
0.000000
1.811100
3.540333
5.187698
6.753198
8.236831
9.638596
10.958494
12.234841
13.505952
14.771824
16.032461
17.287861
18.538021
19.782948
21.022635
22.257086
23.486300
24.710279
25.929018
27.142523
28.350788
29.553818
30.751610
31.944168
33.131485
34.313564
35.490414
36.662022
37.828392
38.989525
40.145424
41.296078
42.441502
43.581688
44.716637
45.846348
46.970821
48.090065
49.204060
50.312832
51.416359
52.514645
53.607700
54.695515
55.778690
56.860767
57.942348
59.023430
60.104015
61.184097
62.263683
63.342770
64.421356
65.499443
66.577034
67.654121
68.730713
69.806808
70.882401
71.957489
73.032082
74.106178
75.179779
76.252869
77.325470
78.397575
79.469170
80.540276
81.610870
82.680977
83.750580
84.819687
85.888298
86.956398
88.024010
89.091110
90.157722
91.223831
92.289444
93.354561
94.419174
95.483284
96.548454
97.616226
98.686607
99.759598
100.835190
101.913391
102.994186
104.077599
105.163612
106.252243
107.343475
108.437302
109.533745
110.632797
111.734451
112.838707
113.945572
115.055046
116.167122
117.281807
118.399101
119.518997
120.641495
121.766609
122.894325
124.024643
125.157578
126.293106
127.431244
128.571991
129.715347
130.861298
132.009872
133.161041
134.314819
135.471191
136.630188
137.791153
138.950394
140.107285
141.261795
142.413971
143.563797
144.711243
145.856339
146.999100
148.139481
149.277512
150.413177
151.546509
152.677460
153.806076
154.932327
156.056229
157.177765
158.296936
159.413757
160.528244
161.640350
162.750107
163.857498
164.962555
166.065247
167.165573
168.263550
169.359161
170.452423
171.543335
172.631882
173.718079
174.801910
175.883392
176.962524
178.039291
179.113693
180.181458
181.238251
182.284103
183.319016
184.342972
185.355972
186.358017
187.349121
188.329269
189.298462
190.256699
191.204010
192.140335
193.065720
193.980164
194.883652
195.776199
196.657776
197.528412
198.388092
199.236816
200.074600
200.901443
201.717316
202.522232
203.316208
204.099243
204.871307
205.632431
206.382599
207.121811
207.850082
208.567383
209.273758
209.969162
210.653625
211.327133
211.989685
212.641296
213.281952
213.911652
214.530411
215.138214
215.735062
216.320969
216.895905
217.459900
218.012939
218.555023
219.086182
219.606354
220.115601
220.613876
221.101227
221.577606
222.043045
222.497528
222.941055
223.373627
223.795258
224.205933
224.605652
224.994446
225.372253
225.739136
226.095047
226.440018
226.774017
227.097092
227.409210
227.710373
228.000595
228.279831
228.548157
228.805511
229.051910
229.287369
229.511871
229.725433
229.928024
230.119659
230.300369
230.470108
230.628891
230.776749
230.913635
231.039581
231.154572
231.258606
231.351700
231.433823
231.505005
231.565247
231.614517
231.652847
231.680222
231.696655
231.702133
