0.993795
0.003103
0.003103
0.003103
0.993795
0.003103
0.003103
0.003103
0.993795
0.000000
0.991301
1.979070
2.963306
3.944010
4.921181
5.894819
6.864925
7.831499
8.794538
9.754046
10.710022
11.662465
12.611375
13.556751
14.498597
15.436911
16.371689
17.305971
18.242796
19.182163
20.124069
21.068516
22.015503
22.965033
23.917103
24.871714
25.828863
26.788557
27.750790
28.715565
29.682878
30.652733
31.625130
32.600071
33.577545
34.557564
35.540123
36.525223
37.512863
38.503048
39.495773
40.491039
41.488842
42.489182
43.492069
44.497501
45.505470
46.515980
47.529026
48.544613
49.562748
50.583424
51.606636
52.632389
53.660683
54.691521
55.724899
56.760815
57.796680
58.829899
59.860466
60.888382
61.913654
62.936275
63.956245
64.973572
65.988251
67.000275
68.009659
69.016388
70.020470
71.021904
72.020691
73.016823
74.010315
75.001152
75.989342
76.974884
77.957779
78.938026
79.915627
80.890579
81.862877
82.832527
83.799530
84.763893
85.725594
86.684654
87.641068
88.594833
89.545937
90.494400
91.440224
92.383392
93.323906
94.261787
95.197006
96.129585
97.059502
97.988792
98.919479
99.851555
100.785019
101.719872
102.656120
103.593750
104.532768
105.473183
106.414986
107.358177
108.302765
109.248726
110.196091
111.144844
112.094978
113.046509
113.999420
114.953735
115.909431
116.866516
117.824989
118.784859
119.746117
120.708763
121.672791
122.638214
123.605026
124.573227
125.542824
126.513809
127.486176
128.459930
129.435089
130.411636
131.389557
132.368881
133.349594
134.331680
135.315170
136.300049
137.285065
138.268967
139.251770
140.233444
141.214020
142.193481
143.171829
144.149078
145.125198
146.100220
147.074127
148.046921
149.018616
149.989182
150.958649
151.927002
152.894257
153.860382
154.825394
155.789322
156.752106
157.713806
158.674377
159.633835
160.592194
161.549438
162.505569
163.460602
164.414520
165.367310
166.319000
167.269577
168.219055
169.167404
170.114655
171.060806
172.005829
172.949738
173.892532
174.834244
175.774811
176.714218
177.652344
178.589172
179.524734
180.459030
181.392075
182.323822
183.254288
184.183502
185.111435
186.038071
186.963470
187.887573
188.810410
189.731979
190.652283
191.571274
192.489044
193.405502
194.320694
195.234619
196.147263
197.058640
197.968750
198.877594
199.785141
200.691437
201.596436
202.500183
203.402649
204.303833
205.203751
206.102402
206.999756
207.895859
208.790680
209.684235
210.576508
211.467514
212.357254
213.245712
214.132889
215.018799
215.903442
216.786819
217.668900
218.549713
219.429260
220.307526
221.184540
222.060272
222.934708
223.807877
224.679779
225.550430
226.419785
227.287872
228.154678
229.020218
229.884491
230.747482
231.609192
232.469635
233.328812
234.186707
235.043335
235.898682
236.752777
237.605560
238.457108
239.307358
240.156357
241.004059
241.850479
0.000000
1.000235
2.020478
3.060730
4.120989
5.201257
6.301532
7.421816
8.562109
9.722409
10.902718
12.103034
13.323359
14.563690
15.809742
17.047220
18.276131
19.496466
20.708231
21.911423
23.106047
24.292097
25.469576
26.638481
27.798819
28.950583
30.093775
31.228395
32.354443
33.471920
34.580826
35.681164
36.772930
37.856121
38.930744
39.996792
41.054268
42.103176
43.143509
44.175266
45.198460
46.213081
47.219131
48.217735
49.215675
50.214077
51.212940
52.212265
53.212055
54.212307
55.213020
56.214195
57.215832
58.217934
59.220497
60.223522
61.227013
62.230965
63.235378
64.240250
65.245590
66.251389
67.257652
68.264381
69.271568
70.279221
71.287331
72.295906
73.304947
74.314445
75.324409
76.334831
77.345718
78.357872
79.372063
80.388313
81.406601
82.426949
83.449341
84.473785
85.500275
86.528824
87.559418
88.592056
89.626747
90.663490
91.702286
92.743126
93.786018
94.830963
95.877960
96.927002
97.978088
99.031235
100.086433
101.143669
102.202965
103.264305
104.327698
105.393135
106.460625
107.530174
108.601006
109.668709
110.732536
111.792465
112.848503
113.900658
114.948929
115.993317
117.033813
118.070427
119.103149
120.131981
121.156929
122.178001
123.195175
124.208466
125.217865
126.223381
127.225006
128.222748
129.216614
130.206573
131.192657
132.174866
133.153168
134.127594
135.098114
136.064774
137.027527
137.986404
138.942932
139.898621
140.853455
141.807449
142.760605
143.712921
144.664413
145.615051
146.564850
147.513809
148.461945
149.409225
150.355682
151.301300
152.246063
153.190018
154.133102
155.075363
156.016785
156.957352
157.897110
158.836014
159.774063
160.711304
161.647690
162.583237
163.517944
164.451828
165.384857
166.317062
167.248413
168.178925
169.108612
170.037460
170.965454
171.892624
172.818954
173.744446
174.669083
175.592896
176.515884
177.438019
178.359299
179.279755
180.199371
181.118164
182.036102
182.953201
183.869476
184.784897
185.699493
186.613235
187.526138
188.438217
189.349442
190.259842
191.169403
192.078110
192.986008
193.893051
194.799240
195.704605
196.609131
197.512817
198.415665
199.317688
200.218857
201.119186
202.018677
202.917343
203.815170
204.712128
205.608276
206.503586
207.398041
208.291656
209.184464
210.076416
210.967514
211.857788
212.747208
213.635818
214.523575
215.410477
216.296555
217.181808
218.066193
218.949768
219.832489
220.714386
221.595428
222.475632
223.355011
224.233536
225.111237
225.988098
226.864105
227.739288
228.613617
229.487137
230.359787
231.231613
232.102600
232.972733
233.842072
234.710510
235.578140
236.444962
237.310898
238.176025
239.040314
239.903748
240.766342
241.628098
242.489029
243.349121
244.208359
245.066772
245.924332
246.781067
247.636963
248.492020
249.346237
250.199615
0.000000
2.039339
3.869375
5.490109
6.997931
8.489252
9.964066
11.422371
12.864170
14.289461
15.698245
17.090521
18.466291
19.825554
21.168306
22.494553
23.804295
25.097528
26.374252
27.634470
28.878181
30.105385
31.316080
32.510269
33.689976
34.867378
36.044495
37.221333
38.397884
39.574162
40.750153
41.925865
43.101292
44.276440
45.451305
46.625893
47.800198
48.974220
50.147961
51.321423
52.494595
53.667492
54.840111
56.012436
57.184490
58.358097
59.535099
60.715504
61.899303
63.086494
64.277084
65.471069
66.668457
67.869240
69.073410
70.280983
71.491959
72.706314
73.924072
75.145241
76.369789
77.597740
78.829086
80.063835
81.301971
82.541954
83.774437
84.997879
86.212273
87.417625
88.613922
89.801170
90.979378
92.148529
93.308647
94.459702
95.601715
96.734688
97.858604
98.973473
100.079292
101.176079
102.263809
103.342484
104.412117
105.472710
106.525665
107.572411
108.612946
109.647263
110.675369
111.697273
112.712952
113.722427
114.725685
115.722733
116.713562
117.698189
118.676598
119.648804
120.614784
121.574562
122.528130
123.475479
124.416618
125.351540
126.280251
127.202759
128.119049
129.029129
129.932999
130.830643
131.722092
132.607315
133.486328
134.359131
135.225723
136.086105
136.940277
137.788239
138.629990
139.465515
140.294830
141.117935
141.934830
142.745514
143.549988
144.348251
145.140289
145.926117
146.705750
147.479156
148.246368
149.007355
149.762131
150.510681
151.253036
151.989166
152.719101
153.442825
154.160309
154.871597
155.576675
156.275558
156.968216
157.654633
158.334869
159.008881
159.676682
160.338287
160.993668
161.642838
162.285797
162.922531
163.553070
164.177383
164.795486
165.407394
166.013062
166.612549
167.205795
167.792862
168.373672
168.948303
169.516724
170.078903
170.634888
171.184677
171.728226
172.265579
172.796738
173.321655
173.840363
174.352859
174.859146
175.359222
175.853088
176.340744
176.822174
177.297424
177.766434
178.229218
178.685837
179.136200
179.580368
180.018326
180.450073
180.875610
181.294922
181.708023
182.114929
182.515610
182.910080
183.298340
183.680374
184.056229
184.425842
184.789246
185.146454
185.497437
185.842209
186.180771
186.513107
186.839264
187.159180
187.472885
187.780396
188.081680
188.376740
188.665619
188.948273
189.224716
189.494949
189.758957
190.016769
190.268341
190.513718
190.752899
190.985855
191.212601
191.433121
191.647446
191.855545
192.057434
192.253113
192.442596
192.625854
192.802902
192.973740
193.138351
193.296768
193.448959
193.594940
193.734726
193.868286
193.995636
194.116760
194.231705
194.340408
194.442902
194.539200
194.629272
194.713135
194.790771
194.862244
194.927444
194.986481
195.039276
195.085861
195.126251
195.160416
195.188354
195.210114
195.225632
195.234955
195.238068
