0.943358
0.028321
0.028321
0.028321
0.943358
0.028321
0.028321
0.028321
0.943358
0.000000
1.116241
2.228557
3.336949
4.441417
5.541961
6.638579
7.731275
8.820046
9.904893
10.985816
12.062814
13.136825
14.208785
15.278694
16.346554
17.412363
18.476120
19.537827
20.597483
21.655088
22.710644
23.764149
24.815603
25.865007
26.912359
27.957663
29.000914
30.042114
31.081266
32.118366
33.153416
34.186417
35.217361
36.246262
37.273106
38.297905
39.320652
40.341347
41.359989
42.376583
43.391125
44.403618
45.414062
46.422451
47.428791
48.433083
49.435322
50.435516
51.433651
52.429810
53.425655
54.421848
55.418407
56.415321
57.412594
58.410221
59.408207
60.406551
61.405251
62.404305
63.403721
64.403488
65.403618
66.404106
67.404945
68.406143
69.407700
70.409615
71.411880
72.414505
73.417496
74.420830
75.424530
76.428589
77.433006
78.437767
79.442902
80.448387
81.454224
82.460426
83.466972
84.473892
85.481155
86.488785
87.496765
88.505112
89.513802
90.522865
91.532204
92.541428
93.550468
94.559341
95.568016
96.576515
97.584831
98.592949
99.600899
100.608665
101.616241
102.623650
103.630859
104.637894
105.644745
106.651413
107.657890
108.664192
109.670311
110.676247
111.681999
112.687569
113.692955
114.698151
115.703171
116.708008
117.712662
118.717133
119.721420
120.725525
121.729446
122.733177
123.736740
124.740112
125.743301
126.746300
127.749130
128.751770
129.754227
130.754486
131.747574
132.733276
133.711609
134.682541
135.646072
136.602249
137.551041
138.492432
139.426437
140.353073
141.272308
142.184158
143.088638
143.985733
144.875427
145.757751
146.632690
147.500229
148.360397
149.213181
150.058563
150.896576
151.727219
152.550446
153.366302
154.174774
154.975876
155.769577
156.555893
157.334808
158.106354
158.870529
159.627304
160.376709
161.118713
161.853333
162.580566
163.300430
164.019058
164.742645
165.471191
166.204697
166.943130
167.686523
168.434891
169.188171
169.946426
170.709625
171.477783
172.250885
173.028946
173.811951
174.599915
175.392822
176.190674
176.993500
177.801254
178.613983
179.431641
180.254272
181.081833
181.914368
182.751846
183.594269
184.441650
185.293976
186.151245
187.013489
187.880676
188.752808
189.629898
190.511948
191.398926
192.290863
193.187759
194.089600
194.996399
195.908157
196.824844
197.746490
198.673096
199.604660
200.541168
201.482620
202.429031
203.380386
204.336716
205.297974
206.264175
207.235352
208.211472
209.192551
210.178558
211.169540
212.165466
213.166336
214.172165
215.182938
216.198669
217.219360
218.244995
219.275574
220.311111
221.351608
222.397049
223.447433
224.502777
225.563065
226.628326
227.698532
228.773651
229.853775
230.938812
232.028824
233.123779
234.223694
235.328552
236.438354
237.553116
238.672821
239.797501
240.927109
242.061661
243.201187
244.345657
245.495102
246.649460
0.000000
0.989826
1.990304
3.001435
4.023218
5.055653
6.098739
7.152479
8.216871
9.291915
10.377612
11.473957
12.580959
13.698610
14.826917
15.959011
17.088039
18.213999
19.336889
20.456711
21.573465
22.687153
23.797766
24.905315
26.009794
27.111206
28.209545
29.304821
30.397026
31.486160
32.572224
33.655228
34.735161
35.812023
36.885815
37.956535
39.024197
40.088779
41.150303
42.208752
43.264130
44.316444
45.365688
46.411865
47.454971
48.495007
49.531975
50.565872
51.596710
52.624477
53.649170
54.670799
55.689430
56.706909
57.723976
58.740627
59.756863
60.772686
61.788090
62.803082
63.817657
64.831825
65.845573
66.858902
67.871819
68.884331
69.896416
70.908096
71.919350
72.930199
73.940628
74.950645
75.960251
76.969437
77.978210
78.986565
79.994507
81.002045
82.009163
83.015854
84.022141
85.028015
86.033470
87.038513
88.043137
89.047356
90.051147
91.054527
92.057503
93.060051
94.062057
95.062729
96.061920
97.059647
98.055893
99.050667
100.043968
101.035797
102.026154
103.015038
104.002449
104.988388
105.972855
106.955849
107.937363
108.917419
109.895988
110.873085
111.848717
112.822868
113.795547
114.766762
115.736504
116.704765
117.671555
118.636871
119.600716
120.563095
121.523994
122.483421
123.441376
124.397858
125.352867
126.306404
127.258461
128.209061
129.158173
130.105804
131.051559
131.994415
132.934296
133.871246
134.805222
135.736237
136.664307
137.589432
138.511581
139.430786
140.347031
141.260345
142.170685
143.078049
143.982483
144.883957
145.782471
146.678040
147.570663
148.460312
149.347000
150.230743
151.111542
151.989365
152.864243
153.736160
154.605133
155.471146
156.334198
157.194305
158.051453
158.905655
159.756897
160.605164
161.450500
162.292862
163.132278
163.968735
164.804504
165.641800
166.480682
167.321106
168.163071
169.006607
169.851669
170.698318
171.546509
172.396240
173.247543
174.100403
174.954788
175.810745
176.668259
177.527328
178.387939
179.250107
180.113831
180.979111
181.845932
182.714325
183.584244
184.455734
185.328796
186.203384
187.079529
187.957230
188.836487
189.717300
190.599655
191.483582
192.369049
193.256073
194.144653
195.034775
195.926468
196.819717
197.714508
198.610840
199.508743
200.408188
201.309204
202.211761
203.115875
204.021545
204.928757
205.837524
206.747849
207.659744
208.573166
209.488159
210.404694
211.322784
212.242432
213.163635
214.086380
215.010696
215.936554
216.863968
217.792938
218.723465
219.655548
220.589172
221.524338
222.461075
223.399368
224.339203
225.280609
226.223557
227.168060
228.114105
229.061707
230.010864
230.961594
231.913864
232.867676
233.823074
234.779999
235.738464
236.698517
237.660095
238.623245
239.587936
240.554184
241.522003
242.491348
243.462265
244.434708
245.408737
0.000000
1.160488
2.317756
3.471806
4.622636
5.770246
6.914637
8.055809
9.193763
10.328496
11.460010
12.588304
13.714722
14.840611
15.965970
17.090799
18.215096
19.338863
20.462099
21.584806
22.706982
23.828629
24.949743
26.070330
27.190384
28.309908
29.428900
30.547363
31.665297
32.782700
33.899570
35.015911
36.131725
37.247005
38.361755
39.475975
40.589664
41.702824
42.815449
43.927551
45.039120
46.150154
47.260658
48.370636
49.479900
50.587318
51.692707
52.796066
53.897400
54.996700
56.093971
57.189217
58.282429
59.373615
60.462772
61.549904
62.635002
63.718075
64.799118
65.878128
66.955116
68.030067
69.102997
70.173889
71.242760
72.309593
73.374405
74.437187
75.497940
76.556664
77.613358
78.668022
79.720665
80.771271
81.819855
82.866394
83.910919
84.954124
85.996696
87.038658
88.080002
89.120720
90.160828
91.200310
92.239174
93.277420
94.315041
95.352051
96.388451
97.424217
98.459366
99.493896
100.527817
101.561111
102.593781
103.625847
104.657280
105.688095
106.718300
107.747887
108.776848
109.805183
110.832909
111.860016
112.886497
113.912369
114.937614
115.962250
116.986267
118.009079
119.027222
120.040115
121.047760
122.050156
123.047310
124.039207
125.025864
126.007256
126.983414
127.954315
128.919968
129.880371
130.835541
131.785446
132.730103
133.669510
134.603668
135.532593
136.456238
137.374664
138.287827
139.195740
140.098404
140.995834
141.888000
142.774918
143.656601
144.533005
145.404190
146.270111
147.130798
147.986221
148.837738
149.686722
150.533157
151.377045
152.218369
153.057175
153.893417
154.727112
155.558243
156.386841
157.212891
158.036392
158.857346
159.675751
160.491608
161.304916
162.115677
162.923889
163.729553
164.532669
165.333252
166.131271
166.926727
167.719650
168.510025
169.297867
170.083145
170.865875
171.646057
172.423691
173.198792
173.971329
174.741318
175.508774
176.273666
177.036011
177.795822
178.553055
179.307770
180.059937
180.809525
181.556595
182.301117
183.043076
183.782486
184.519363
185.253677
185.985458
186.714676
187.441360
188.165482
188.887054
189.606079
190.322571
191.036514
191.747894
192.456741
193.163025
193.866776
194.567978
195.266632
195.962723
196.656281
197.347275
198.035736
198.721649
199.404999
200.085815
200.764084
201.439804
202.112961
202.783585
203.451660
204.117188
204.780167
205.440582
206.098465
206.753799
207.406586
208.056824
208.704498
209.349640
209.992233
210.632278
211.269791
211.904724
212.537125
213.166977
213.794281
214.419022
215.041260
215.660904
216.278015
216.892578
217.504593
218.114075
218.720993
219.325363
219.927185
220.526459
221.123169
221.717377
222.308990
222.898071
223.484619
224.068588
224.650040
225.228928
225.805283
226.379089
226.950333
227.519028
228.085159
228.648773
