0.935612
0.032194
0.032194
0.032194
0.935612
0.032194
0.032194
0.032194
0.935612
0.000000
0.910384
1.835931
2.776641
3.732514
4.703551
5.689751
6.691113
7.707640
8.739328
9.786181
10.848197
11.917262
12.985270
14.052217
15.118103
16.182930
17.246696
18.309402
19.371050
20.431637
21.491161
22.549627
23.607035
24.663380
25.718666
26.772892
27.826056
28.878162
29.929207
30.979193
32.028118
33.075985
34.122791
35.168533
36.213219
37.256840
38.299408
39.340916
40.381351
41.420742
42.459061
43.496326
44.532524
45.567673
46.601757
47.634777
48.666748
49.697647
50.727489
51.756271
52.784000
53.810661
54.836262
55.860809
56.884285
57.906712
58.928074
59.948372
60.967621
61.985802
63.002922
64.018982
65.033981
66.047928
67.060806
68.072632
69.083389
70.093102
71.101768
72.109428
73.116074
74.121696
75.126305
76.129906
77.132477
78.134033
79.134583
80.134109
81.132629
82.130127
83.126610
84.122078
85.116524
86.109962
87.102379
88.093781
89.084167
90.073532
91.061890
92.049225
93.035553
94.020859
95.005150
95.988419
96.970680
97.951920
98.932144
99.911362
100.889557
101.866730
102.842896
103.818047
104.792175
105.765289
106.737381
107.708466
108.678528
109.647583
110.615623
111.582642
112.548637
113.513618
114.477600
115.440552
116.402481
117.363403
118.323318
119.282211
120.240082
121.196938
122.152786
123.107605
124.061409
125.014214
125.966171
126.918396
127.871056
128.824173
129.777725
130.731720
131.686172
132.641068
133.596390
134.552170
135.508377
136.465042
137.422150
138.379700
139.337708
140.296127
141.255020
142.214340
143.174133
144.134338
145.095001
146.056107
147.017654
147.979645
148.942078
149.904968
150.868286
151.832062
152.796265
153.760925
154.726028
155.691574
156.657547
157.623993
158.590881
159.558197
160.525955
161.494156
162.462814
163.431900
164.401459
165.371445
166.341873
167.312744
168.284058
169.255829
170.228043
171.200684
172.173782
173.147308
174.121292
175.095734
176.070587
177.045914
178.021667
178.997864
179.974518
180.951721
181.929718
182.908569
183.888229
184.868713
185.850021
186.832138
187.815109
188.798889
189.783493
190.768936
191.755188
192.742264
193.730179
194.718903
195.708466
196.698853
197.690048
198.682068
199.674927
200.668594
201.663116
202.658432
203.654587
204.651566
205.649368
206.647995
207.647446
208.647720
209.648819
210.650742
211.653488
212.657059
213.661453
214.666687
215.672729
216.679596
217.687302
218.695816
219.705170
220.715332
221.726318
222.738144
223.750793
224.764267
225.778564
226.793671
227.809616
228.826385
229.843979
230.862381
231.881638
232.901688
233.922592
234.944305
235.966858
236.990219
238.012650
239.032425
240.049530
241.063980
242.075775
243.084869
244.091339
245.095123
246.096237
247.094696
248.090500
249.083618
250.074081
251.061874
252.046997
253.029465
254.009277
0.000000
0.889050
1.802379
2.739987
3.701874
4.688039
5.698484
6.733206
7.792210
8.875489
9.983050
11.114889
12.271007
13.451403
14.656078
15.870680
17.080849
18.286589
19.487898
20.684778
21.877230
23.065248
24.248837
25.427996
26.602726
27.773026
28.938898
30.100336
31.257345
32.409927
33.558075
34.701790
35.841084
36.975945
38.106373
39.232372
40.353943
41.471081
42.583790
43.692070
44.795918
45.895336
46.990326
48.080887
49.167019
50.248714
51.325981
52.398819
53.467232
54.531208
55.590763
56.645882
57.696568
58.742825
59.784653
60.822052
61.855022
62.883560
63.907677
64.927353
65.942604
66.953415
67.959808
68.961761
69.959290
70.952393
71.941063
72.925301
73.905106
74.880486
75.851990
76.822929
77.793854
78.764763
79.735664
80.706551
81.677422
82.648285
83.619133
84.589966
85.560791
86.531601
87.502403
88.473190
89.443962
90.414726
91.385475
92.356216
93.326935
94.297646
95.268349
96.239037
97.209709
98.180382
99.151024
100.121666
101.092285
102.062897
103.033493
104.004082
104.974655
105.945221
106.915771
107.886314
108.856834
109.827347
110.797844
111.768341
112.738808
113.709282
114.679726
115.650169
116.620590
117.590996
118.561409
119.531792
120.502174
121.472534
122.442879
123.413223
124.383545
125.353859
126.324158
127.294449
128.264725
129.234985
130.205643
131.177032
132.149170
133.122055
134.095718
135.070114
136.045273
137.021194
137.997849
138.975281
139.953445
140.932373
141.912048
142.892487
143.873672
144.855621
145.838303
146.821762
147.805954
148.790924
149.776627
150.763092
151.750320
152.738297
153.727020
154.716492
155.706726
156.697708
157.689453
158.681946
159.675201
160.669189
161.663956
162.659470
163.655731
164.652756
165.650528
166.649063
167.648331
168.648361
169.649155
170.650681
171.652985
172.656036
173.659836
174.664398
175.669693
176.675766
177.682571
178.690155
179.698471
180.707535
181.717377
182.727966
183.739304
184.751129
185.761795
186.771072
187.778915
188.785339
189.790359
190.793945
191.796143
192.796890
193.796265
194.794174
195.790695
196.785797
197.779495
198.771759
199.762604
200.752045
201.740067
202.726654
203.711853
204.695618
205.677979
206.658920
207.638443
208.616562
209.593246
210.568527
211.542389
212.514832
213.485855
214.455460
215.423660
216.390442
217.355804
218.319748
219.282288
220.243393
221.203094
222.161377
223.118240
224.073685
225.027725
225.980331
226.931549
227.881332
228.829697
229.776642
230.722183
231.666306
232.609024
233.550308
234.490173
235.428635
236.365677
237.301315
238.235519
239.166901
240.094086
241.017059
241.935822
242.850372
243.760712
244.666840
245.568741
246.466446
247.359940
248.249207
249.134293
250.015137
250.891785
251.764221
252.632416
253.496429
254.356232
255.000000
0.000000
1.321766
2.646288
3.947140
5.224323
6.477837
7.707681
8.913857
10.096361
11.255198
12.390364
13.512801
14.633455
15.752324
16.869410
17.984709
19.098219
20.209949
21.319893
22.428049
23.534424
24.639009
25.741814
26.842831
27.942062
29.039511
30.135170
31.229048
32.321140
33.411446
34.499966
35.586700
36.671654
37.754818
38.836201
39.915794
40.993607
42.069630
43.143867
44.216324
45.286995
46.355877
47.422974
48.488285
49.551811
50.613556
51.673519
52.731686
53.788082
54.842686
55.895496
56.946533
57.995777
59.043247
60.088921
61.132809
62.174915
63.215233
64.253769
65.290520
66.325485
67.358665
68.390060
69.420731
70.451775
71.483185
72.514946
73.547073
74.579559
75.612404
76.645615
77.679176
78.713104
79.747391
80.782036
81.817047
82.852417
83.888153
84.924240
85.960701
86.997513
88.034676
89.072220
90.110115
91.148369
92.186981
93.225952
94.265297
95.304985
96.345047
97.385468
98.426239
99.467384
100.508888
101.550743
102.592957
103.635551
104.678490
105.721794
106.765465
107.809486
108.853867
109.898613
110.943718
111.989189
113.035011
114.081200
115.127747
116.174652
117.221924
118.269562
119.317551
120.365898
121.414612
122.463676
123.512291
124.559593
125.605606
126.650322
127.693741
128.735855
129.776703
130.816238
131.854462
132.891403
133.927048
134.961395
135.994446
137.026215
138.056671
139.085815
140.113693
141.140259
142.165543
143.189529
144.212204
145.233582
146.253677
147.272476
148.289978
149.306183
150.321091
151.334686
152.347015
153.358032
154.367752
155.376190
156.383316
157.389145
158.393677
159.396927
160.398880
161.399536
162.398880
163.396927
164.393692
165.389160
166.383347
167.376221
168.367783
169.358063
170.347061
171.334747
172.321136
173.306244
174.290039
175.272537
176.253342
177.232025
178.208588
179.183014
180.155319
181.125519
182.093597
183.059555
184.023376
184.985092
185.944687
186.902145
187.857513
188.810745
189.761841
190.710846
191.657700
192.602448
193.545090
194.485596
195.423981
196.360260
197.294403
198.226425
199.156326
200.084122
201.009781
201.933319
202.854752
203.774033
204.691238
205.606277
206.519226
207.430054
208.338745
209.245331
210.149796
211.052139
211.952347
212.850449
213.746414
214.640289
215.532013
216.421646
217.309128
218.194504
219.077759
219.958893
220.837921
221.714798
222.589584
223.462234
224.332916
225.201797
226.068878
226.934174
227.797638
228.659332
229.519196
230.377258
231.233521
232.087982
232.940643
233.791504
234.640549
235.487808
236.333237
237.176895
238.018723
238.858765
239.697006
240.533432
241.368057
242.200882
243.031906
243.861130
244.688538
245.514145
246.337952
247.159958
247.980164
248.798553
249.615158
250.429947
251.242935
252.054123
252.863495
253.671082
254.476852
