0.992514
0.003743
0.003743
0.003743
0.992514
0.003743
0.003743
0.003743
0.992514
0.000000
0.883472
1.769094
2.656866
3.546788
4.438859
5.333080
6.229451
7.127973
8.028643
8.931463
9.836433
10.743553
11.652823
12.564242
13.477811
14.393532
15.311401
16.231421
17.153589
18.077906
19.004374
19.932993
20.863760
21.796677
22.731747
23.668962
24.608330
25.549847
26.493513
27.439329
28.387295
29.337412
30.289677
31.244093
32.199482
33.154694
34.109715
35.064548
36.019196
36.973656
37.927925
38.882011
39.835907
40.789616
41.743134
42.696468
43.649620
44.602577
45.555344
46.507931
47.460327
48.412533
49.364555
50.316391
51.268036
52.219494
53.170765
54.121849
55.072742
56.023453
56.973976
57.924305
58.874451
59.824409
60.774181
61.723763
62.673161
63.622368
64.571388
65.520218
66.468857
67.417320
68.365601
69.313675
70.261574
71.209274
72.156799
73.104134
74.051361
74.998657
75.946014
76.893440
77.840935
78.788498
79.736130
80.683830
81.631599
82.579437
83.527336
84.475304
85.423347
86.371452
87.319633
88.267883
89.216187
90.164574
91.113014
92.061539
93.010124
93.958771
94.907501
95.856285
96.805145
97.754074
98.703072
99.652130
100.601257
101.550461
102.499725
103.449066
104.398468
105.347939
106.297485
107.247086
108.196762
109.146515
110.096329
111.046196
111.996147
112.946175
113.896255
114.846405
115.796585
116.746613
117.696480
118.646179
119.595703
120.545067
121.494255
122.443283
123.392136
124.340836
125.289352
126.237709
127.185898
128.133926
129.081772
130.029465
130.976974
131.924332
132.871521
133.818527
134.765381
135.712051
136.658569
137.604919
138.551102
139.497116
140.442963
141.388641
142.334137
143.279480
144.224655
145.169662
146.114502
147.059158
148.003662
148.948013
149.892166
150.836197
151.780014
152.723679
153.667191
154.610504
155.553680
156.496674
157.439255
158.379318
159.316299
160.250198
161.181046
162.108795
163.033508
163.955124
164.873672
165.789169
166.701569
167.610901
168.517181
169.420380
170.320511
171.217560
172.111572
173.002487
173.890335
174.775101
175.656815
176.535446
177.411011
178.283493
179.152924
180.019272
180.882553
181.742767
182.599915
183.453979
184.304977
185.152908
185.997772
186.839554
187.678268
188.513916
189.346481
190.175995
191.002441
191.825790
192.646088
193.463303
194.277466
195.088531
195.896957
196.716110
197.552521
198.406189
199.277100
200.165253
201.070663
201.993317
202.933212
203.890366
204.864761
205.856415
206.865311
207.891464
208.934860
209.995499
211.073395
212.168533
213.280930
214.410568
215.557449
216.721588
217.902969
219.101593
220.317490
221.550613
222.800995
224.068619
225.353500
226.655624
227.975006
229.311615
230.665497
232.036621
233.424973
234.830597
236.253464
237.693573
239.150925
240.625549
242.117416
243.626511
245.152878
246.696472
248.257339
0.000000
0.000000
0.000000
0.000000
1.801107
3.589642
5.338485
7.047634
8.717093
10.346858
11.936929
13.487308
14.997994
16.468987
17.900288
19.291897
20.643814
21.956038
23.228567
24.461405
25.654549
26.827070
27.998047
29.167479
30.335363
31.501699
32.666489
33.829731
34.991425
36.151577
37.310177
38.467232
39.622738
40.776699
41.929115
43.079983
44.229301
45.377075
46.523296
47.667976
48.811108
49.952690
51.092728
52.231216
53.368164
54.503559
55.637405
56.769714
57.900463
59.029675
60.157337
61.283455
62.408020
63.531040
64.652512
65.772430
66.890816
68.007652
69.122925
70.236671
71.348862
72.459503
73.568604
74.676155
75.782158
76.886620
77.989525
79.090889
80.190697
81.288971
82.385689
83.480865
84.575035
85.669518
86.764381
87.859619
88.955246
90.051247
91.147621
92.244385
93.341515
94.439026
95.536919
96.635185
97.733833
98.832855
99.932266
101.032043
102.132202
103.232742
104.333664
105.434959
106.536629
107.638680
108.741104
109.843910
110.947098
112.050667
113.154610
114.258934
115.363632
116.468704
117.574158
118.680000
119.786209
120.892807
121.999763
123.107117
124.214844
125.322945
126.431419
127.540291
128.649536
129.759140
130.869141
131.979507
133.090256
134.201385
135.312897
136.424774
137.537048
138.649673
139.762695
140.875534
141.984985
143.090469
144.191986
145.289551
146.383163
147.472809
148.558502
149.640228
150.718002
151.791809
152.861664
153.927567
154.989502
156.047470
157.101486
158.151550
159.197662
160.239807
161.278000
162.312225
163.342484
164.368805
165.391159
166.409546
167.423981
168.434464
169.440979
170.443542
171.442154
172.436783
173.427460
174.414200
175.396957
176.375778
177.350616
178.321518
179.288452
180.251434
181.210449
182.165512
183.116608
184.063751
185.006927
185.946152
186.881424
187.812714
188.740067
189.663467
190.582886
191.498367
192.409912
193.317841
194.222305
195.123306
196.020844
196.914917
197.805527
198.692673
199.576370
200.456604
201.333359
202.206650
203.076508
203.942871
204.805771
205.665222
206.521210
207.373734
208.222794
209.068390
209.910522
210.749207
211.584412
212.416138
213.244431
214.069244
214.890610
215.708496
216.522934
217.333893
218.141418
218.945450
219.746033
220.543152
221.336807
222.126984
222.913727
223.696991
224.476791
225.253128
226.026001
226.795425
227.561386
228.323868
229.082901
229.838455
230.590561
231.339188
232.084366
232.826080
233.564331
234.299118
235.032608
235.766998
236.502274
237.238449
237.975494
238.713455
239.452286
240.192017
240.932632
241.674149
242.416534
243.159836
243.904007
244.649078
245.395035
246.141891
246.889618
247.638245
248.387756
249.138168
249.889465
250.641647
251.394730
252.148697
252.903549
253.659302
254.415924
255.000000
255.000000
255.000000
0.000000
1.772091
3.498626
5.179603
6.815022
8.404886
9.949190
11.447939
12.901131
14.308763
15.670839
16.987356
18.258320
19.483725
20.685015
21.883636
23.079588
24.272869
25.463482
26.651424
27.836699
29.019300
30.199236
31.376501
32.551094
33.723019
34.892273
36.058865
37.222778
38.384026
39.542603
40.698505
41.851753
43.002319
44.150219
45.295448
46.438007
47.577896
48.715118
49.849670
50.981552
52.110764
53.237305
54.361176
55.482376
56.600906
57.716774
58.829967
59.940498
61.048351
62.153538
63.256054
64.355904
65.453087
66.547585
67.639427
68.728592
69.815086
70.898918
71.980171
73.060715
74.141335
75.222031
76.302803
77.383636
78.464561
79.545547
80.626610
81.707756
82.788963
83.870247
84.951607
86.033043
87.114548
88.196129
89.277794
90.359512
91.441315
92.523193
93.605148
94.687172
95.769272
96.851440
97.933685
99.016006
100.098404
101.180862
102.263412
103.346024
104.428719
105.511475
106.594315
107.677223
108.760208
109.843269
110.926399
112.009613
113.092888
114.176247
115.259674
116.343178
117.426750
118.510399
119.594116
120.677925
121.761597
122.844063
123.925140
125.004814
126.083084
127.159966
128.235443
129.309525
130.382202
131.453491
132.523361
133.591843
134.658936
135.724625
136.788925
137.851807
138.913300
139.973389
141.032074
142.089371
143.145264
144.199768
145.252853
146.304565
147.354858
148.403778
149.451263
150.497375
151.542084
152.585388
153.627289
154.667816
155.706924
156.744629
157.780945
158.815857
159.849365
160.881485
161.912201
162.941513
163.969437
164.995956
166.021088
167.044815
168.067139
169.088074
170.106186
171.118027
172.123428
173.122391
174.114929
175.101013
176.080673
177.053894
178.020691
178.981033
179.934952
180.882446
181.823502
182.758087
183.686279
184.608017
185.523331
186.432205
187.334641
188.230637
189.120209
190.003342
190.880035
191.750290
192.614120
193.471512
194.322479
195.166992
196.005081
196.836731
197.661957
198.480743
199.293076
200.098999
200.898468
201.691498
202.478104
203.258286
204.032013
204.799316
205.560181
206.314606
207.062607
207.804169
208.539291
209.267975
209.995941
210.728912
211.466873
212.209839
212.957794
213.710754
214.468719
215.231674
215.999603
216.772568
217.550507
218.333435
219.121368
219.914307
220.712234
221.515167
222.323090
223.136002
223.953934
224.776840
225.604767
226.437668
227.275574
228.118484
228.966385
229.819290
230.677170
231.540070
232.407959
233.280853
234.158722
235.041611
235.929489
236.822372
237.720245
238.623108
239.530991
240.443848
241.361710
242.284561
243.212418
244.145279
245.083130
246.025970
246.973816
247.926651
248.884491
249.847321
250.815170
251.787994
252.765808
253.748657
254.736465
255.000000
255.000000
255.000000
255.000000
255.000000
255.000000
