0.984875
0.007562
0.007562
0.007562
0.984875
0.007562
0.007562
0.007562
0.984875
0.000000
0.876210
1.764943
2.666199
3.579979
4.506281
5.445107
6.396455
7.360327
8.336721
9.325639
10.327080
11.341043
12.367531
13.406541
14.458074
15.513887
16.565733
17.613615
18.657528
19.697477
20.733459
21.765476
22.793528
23.817614
24.837732
25.853886
26.866076
27.874298
28.878553
29.878841
30.875168
31.867525
32.855919
33.840347
34.820808
35.797302
36.769833
37.738396
38.702995
39.663624
40.620293
41.572990
42.521725
43.466499
44.407299
45.344139
46.277008
47.205917
48.130856
49.051826
49.971394
50.892105
51.813961
52.736969
53.661118
54.586414
55.512859
56.440445
57.369186
58.299068
59.230099
60.162273
61.095600
62.030067
62.965683
63.902447
64.840363
65.779411
66.719620
67.660965
68.603462
69.547104
70.491890
71.437820
72.384911
73.333130
74.282509
75.233032
76.184700
77.137520
78.091476
79.046577
80.002838
80.960243
81.918785
82.877823
83.836678
84.795364
85.753860
86.712181
87.670334
88.628304
89.586098
90.543716
91.501152
92.458420
93.415504
94.372414
95.329140
96.285690
97.242073
98.198273
99.154297
100.110146
101.065811
102.021309
102.976624
103.931763
104.886726
105.841515
106.796120
107.750549
108.704803
109.658875
110.612778
111.566505
112.520050
113.473419
114.426613
115.379623
116.329514
117.273346
118.211121
119.142838
120.068489
120.988075
121.901611
122.809074
123.710487
124.605835
125.495125
126.378349
127.255516
128.126617
128.991669
129.850647
130.703583
131.550430
132.391235
133.225967
134.054642
134.877274
135.693817
136.504333
137.308762
138.107147
138.899445
139.685699
140.465897
141.240036
142.008102
142.770111
143.526047
144.275955
145.019775
145.763306
146.512283
147.266693
148.026566
148.791870
149.562637
150.338821
151.120483
151.907578
152.700119
153.498123
154.301575
155.110458
155.924805
156.744583
157.569809
158.400482
159.236633
160.078186
160.925217
161.777679
162.635605
163.498962
164.367783
165.242035
166.121735
167.006897
167.897507
168.793533
169.695038
170.601990
171.514374
172.432205
173.355499
174.284225
175.218414
176.158035
177.103119
178.053650
179.009613
179.971024
180.937881
181.910187
182.887955
183.871155
184.859818
185.853928
186.853470
187.858459
188.868912
189.884796
190.906128
191.932922
192.965149
194.002838
195.045959
196.094543
197.148560
198.208038
199.272949
200.343307
201.419128
202.500397
203.587097
204.679260
205.776871
206.879898
207.988403
209.102356
210.221741
211.346573
212.476868
213.612595
214.753769
215.900406
217.052490
218.210007
219.372986
220.541397
221.715256
222.894577
224.079330
225.269547
226.465210
227.666306
228.872849
230.084854
231.302292
232.525177
233.753510
234.987305
236.226547
237.471237
238.721375
239.976944
241.237961
242.504425
243.776352
245.053711
246.336533
0.000000
0.841758
1.716706
2.624844
3.566173
4.540691
5.548399
6.589298
7.663387
8.770665
9.911135
11.084793
12.291643
13.531682
14.804912
16.111332
17.429207
18.736803
20.034119
21.321157
22.597916
23.864395
25.120596
26.366518
27.602160
28.827524
30.042608
31.247414
32.441936
33.626190
34.800152
35.963840
37.117252
38.260384
39.393234
40.515808
41.628101
42.730114
43.821846
44.903305
45.974480
47.035381
48.085995
49.126331
50.156395
51.176178
52.185677
53.185276
54.183197
55.182808
56.184113
57.187107
58.191795
59.198170
60.206234
61.215992
62.227444
63.240585
64.255409
65.271935
66.290146
67.310051
68.331642
69.354927
70.379898
71.406570
72.434929
73.464973
74.496719
75.530144
76.565269
77.602081
78.640579
79.680779
80.722664
81.766243
82.811501
83.858459
84.907112
85.956985
87.005257
88.051460
89.095589
90.137657
91.177650
92.215576
93.251434
94.285225
95.316940
96.346596
97.374176
98.399696
99.423141
100.444511
101.463821
102.481064
103.496223
104.509323
105.520363
106.529320
107.536224
108.541039
109.543800
110.544487
111.543106
112.539658
113.534134
114.526543
115.516884
116.505157
117.491371
118.475975
119.460190
120.444038
121.427521
122.410660
123.393440
124.375854
125.357918
126.339615
127.320969
128.301956
129.282593
130.262863
131.242767
132.222336
133.201538
134.180374
135.158875
136.136993
137.114761
138.092178
139.069244
140.045929
141.022278
141.998260
142.973877
143.949158
144.924057
145.898605
146.872803
147.846649
148.820129
149.793121
150.765488
151.737213
152.708313
153.678802
154.648666
155.617889
156.586487
157.554459
158.521805
159.488541
160.454636
161.420090
162.384918
163.349152
164.312729
165.275696
166.238022
167.199738
168.160812
169.121262
170.081085
171.040298
171.998871
172.956802
173.914124
174.870834
175.826889
176.782318
177.737152
178.691330
179.644897
180.597824
181.550125
182.501801
183.452866
184.403290
185.353088
186.302261
187.250809
188.198715
189.146011
190.092667
191.038712
191.984116
192.928925
193.873077
194.816605
195.759506
196.701782
197.643433
198.584457
199.524857
200.464630
201.403763
202.342285
203.280182
204.217438
205.154083
206.090088
207.025482
207.960220
208.894363
209.827866
210.760742
211.692993
212.624619
213.555618
214.485992
215.415726
216.344864
217.273346
218.201187
219.128433
220.055038
220.981033
221.906387
222.831116
223.755219
224.678696
225.601547
226.523773
227.445374
228.366333
229.286652
230.206390
231.125473
232.043945
232.961777
233.878967
234.795578
235.711502
236.626846
237.541550
238.455627
239.369064
240.281906
241.194092
242.105652
243.016602
243.926910
244.836594
245.745651
246.654099
247.561905
248.469070
249.375626
250.281570
251.186859
252.091522
252.995590
253.899002
254.801804
0.000000
0.923929
1.878784
2.864565
3.881273
4.928906
6.007466
7.116952
8.257363
9.428702
10.630966
11.843884
13.047189
14.240878
15.424952
16.599409
17.764252
18.919479
20.065094
21.201088
22.327469
23.444237
24.551388
25.648922
26.736845
27.815149
28.883837
29.942911
30.992371
32.032211
33.062443
34.083054
35.094051
36.095436
37.087204
38.069351
39.041889
40.004807
40.958115
41.901802
42.844219
43.793716
44.750294
45.713943
46.684669
47.662472
48.647354
49.639313
50.638344
51.644455
52.657642
53.677902
54.705246
55.739662
56.781155
57.829727
58.885372
59.948093
61.017895
62.094772
63.178722
64.269753
65.367859
66.473038
67.585304
68.704636
69.831047
70.964546
72.105103
73.245705
74.379318
75.505943
76.625572
77.738205
78.843849
79.942497
81.034157
82.118820
83.196487
84.267166
85.330849
86.387535
87.437241
88.479942
89.515648
90.544365
91.566093
92.580833
93.588570
94.589310
95.583069
96.569824
97.549599
98.522369
99.488144
100.446930
101.398727
102.343536
103.285072
104.227036
105.169456
106.112320
107.055641
107.999390
108.943588
109.888245
110.833328
111.778870
112.724854
113.671280
114.618149
115.565468
116.513237
117.461449
118.410103
119.359200
120.308746
121.258743
122.209183
123.160065
124.111389
125.063171
126.015388
126.968048
127.921173
128.874725
129.828720
130.779251
131.722382
132.658112
133.586456
134.507385
135.420929
136.327057
137.225815
138.117157
139.001114
139.877670
140.746841
141.608597
142.462952
143.309921
144.149490
144.981659
145.806442
146.623810
147.433792
148.236389
149.031570
149.819366
150.599747
151.372757
152.138351
152.896545
153.647354
154.390762
155.126770
155.855392
156.576599
157.290421
157.996841
158.695877
159.387497
160.071716
160.748550
161.417999
162.080032
162.734680
163.381912
164.021759
164.654221
165.279282
165.896927
166.507187
167.110046
167.705521
168.293579
168.874252
169.447525
170.013397
170.571884
171.122971
171.666656
172.202942
172.731827
173.253326
173.767426
174.274124
174.773438
175.265335
175.749847
176.226959
176.696671
177.158981
177.613922
178.061432
178.501556
178.934280
179.359619
179.777557
180.188095
180.591232
180.986984
181.375336
181.756287
182.129837
182.495987
182.854752
183.206100
183.550064
183.886627
184.215820
184.537582
184.851959
185.158920
185.458511
185.750702
186.035492
186.312881
186.582870
186.845474
187.100662
187.348480
187.588882
187.821884
188.047501
188.265701
188.476532
188.679947
188.875961
189.064606
189.245819
189.419647
189.586090
189.745132
189.896774
190.041016
190.177856
190.307297
190.429352
190.543991
190.651276
190.751129
190.843582
190.928665
191.006332
191.076599
191.139465
191.194946
191.243042
191.283707
191.317001
191.342896
191.361374
191.372482
191.376190
