0.998266
0.000867
0.000867
0.000867
0.998266
0.000867
0.000867
0.000867
0.998266
0.000000
1.301237
2.575775
3.823614
5.044755
6.239199
7.406943
8.547989
9.662339
10.749989
11.810940
12.856810
13.899214
14.938149
15.973622
17.005629
18.034168
19.059242
20.080851
21.098995
22.113670
23.124882
24.132627
25.136906
26.137720
27.135069
28.128950
29.119366
30.106316
31.089800
32.069820
33.046371
34.019459
34.989086
35.955235
36.917931
37.877151
38.832905
39.785202
40.734028
41.679386
42.621284
43.559708
44.494675
45.426170
46.354202
47.278767
48.199867
49.117500
50.031673
50.942375
51.849613
52.753384
53.653687
54.550526
55.443901
56.333805
57.220249
58.103226
58.985065
59.871449
60.762646
61.658646
62.559452
63.465065
64.375481
65.290718
66.210754
67.135597
68.065247
68.999710
69.938972
70.883049
71.831924
72.785614
73.744102
74.707413
75.675514
76.648430
77.626160
78.608688
79.596024
80.588173
81.585121
82.586884
83.593445
84.604820
85.621002
86.641991
87.667786
88.698387
89.733795
90.774010
91.819038
92.868874
93.923515
94.982964
96.047218
97.116272
98.190140
99.268822
100.352310
101.440598
102.533691
103.631599
104.734314
105.841827
106.953392
108.064445
109.174225
110.282722
111.389946
112.495880
113.600555
114.703949
115.806068
116.906914
118.006477
119.104759
120.201775
121.297516
122.391983
123.485168
124.577072
125.667709
126.757065
127.845146
128.931946
130.017471
131.101715
132.184708
133.266403
134.346832
135.425980
136.503845
137.580444
138.655762
139.729813
140.802567
141.874069
142.944290
144.013214
145.080887
146.147278
147.212387
148.276215
149.338776
150.400070
151.460068
152.518799
153.576248
154.632431
155.687332
156.740952
157.793304
158.844421
159.894943
160.945160
161.995087
163.044678
164.093979
165.142975
166.191650
167.240036
168.288101
169.335861
170.383331
171.430481
172.477325
173.523865
174.570084
175.616013
176.661621
177.706940
178.751938
179.796631
180.841019
181.885101
182.928879
183.972351
185.015503
186.058365
187.100906
188.143143
189.185089
190.226715
191.268036
192.309052
193.349762
194.390167
195.430267
196.470032
197.509521
198.548691
199.587555
200.626114
201.664368
202.702332
203.739960
204.777283
205.814316
206.851044
207.887451
208.923553
209.952164
210.966080
211.965302
212.949844
213.919693
214.874832
215.815292
216.741058
217.652145
218.548523
219.430222
220.297211
221.149521
221.987137
222.810074
223.618301
224.411835
225.190689
225.954865
226.704330
227.439102
228.159195
228.864594
229.555283
230.231308
230.892624
231.539261
232.171188
232.788422
233.390991
233.978867
234.552017
235.110504
235.654297
236.183395
236.697800
237.197510
237.682541
238.152878
238.608505
239.049454
239.475723
239.887283
240.284149
240.666336
241.033829
241.386642
241.724731
242.048157
242.356873
242.650909
242.930252
0.000000
0.939776
2.071819
3.200009
4.324343
5.444824
6.561450
7.674222
8.781156
9.880268
10.971557
12.055024
13.130671
14.198494
15.258494
16.310675
17.355034
18.391567
19.420279
20.441170
21.454237
22.459486
23.456911
24.446512
25.428293
26.402252
27.368389
28.326702
29.277195
30.219864
31.154713
32.081738
33.000942
33.912323
34.815884
35.711620
36.599537
37.479626
38.351902
39.216347
40.072975
40.926308
41.787388
42.656727
43.534317
44.420166
45.314274
46.216637
47.127251
48.046127
48.973259
49.908642
50.852287
51.804184
52.764339
53.732754
54.709419
55.694344
56.687523
57.688961
58.698650
59.716599
60.742802
61.777267
62.819984
63.870956
64.930183
65.997673
67.073418
68.157417
69.249664
70.350174
71.458946
72.575966
73.699677
74.820663
75.937355
77.049744
78.157837
79.261635
80.361145
81.456352
82.547264
83.633881
84.716202
85.794228
86.867958
87.937386
89.002533
90.063377
91.119926
92.172173
93.220123
94.263794
95.303154
96.338219
97.368996
98.395470
99.417656
100.435539
101.449127
102.458420
103.463417
104.464127
105.460526
106.452644
107.440453
108.424133
109.407173
110.391014
111.375648
112.361084
113.347305
114.334328
115.322151
116.310760
117.300171
118.290375
119.281380
120.273186
121.265770
122.259171
123.253357
124.248329
125.244118
126.240685
127.238060
128.236237
129.235184
130.234940
131.235504
132.236862
133.238998
134.241943
135.245682
136.250214
137.255554
138.261673
139.268600
140.276306
141.284836
142.289368
143.285126
144.272125
145.250320
146.219757
147.180420
148.132294
149.075424
150.009766
150.935333
151.852112
152.760147
153.659393
154.549866
155.431564
156.304504
157.168655
158.024048
158.870667
159.708496
160.537552
161.357849
162.169373
162.972122
163.766068
164.551285
165.327698
166.095352
166.854233
167.604340
168.345673
169.078232
169.802017
170.517029
171.223282
171.920746
172.609436
173.289352
173.960495
174.622879
175.276474
175.921310
176.557358
177.184647
177.803146
178.412888
179.013840
179.606033
180.189453
180.764099
181.329956
181.887054
182.435379
182.974930
183.505707
184.027710
184.540939
185.045395
185.541077
186.027985
186.506119
186.975494
187.436081
187.887909
188.330948
188.765228
189.190720
189.607437
190.015396
190.414581
190.804977
191.186615
191.559464
191.923569
192.278885
192.625412
192.963181
193.292175
193.612396
193.923843
194.226517
194.520416
194.805542
195.081894
195.349487
195.608292
195.858337
196.099594
196.332077
196.555786
196.770737
196.976913
197.174301
197.362930
197.542786
197.713852
197.876160
198.029694
198.174438
198.310425
198.437637
198.556076
198.665741
198.766632
198.858765
198.942093
199.016663
199.082474
199.139496
199.187744
199.227234
199.257935
199.279861
199.293030
199.297424
0.000000
0.999820
1.993281
2.980384
3.961128
4.935515
5.903543
6.865212
7.820523
8.769475
9.712070
10.648307
11.578184
12.501703
13.418864
14.329668
15.234114
16.141439
17.060888
17.992460
18.936157
19.891975
20.859919
21.839983
22.832172
23.836481
24.852919
25.881475
26.922155
27.974958
29.039885
30.116934
31.206106
32.302032
33.399342
34.498032
35.598110
36.699566
37.802410
38.906635
40.012245
41.119236
42.227612
43.337372
44.448509
45.561039
46.674946
47.790237
48.906914
50.018948
51.120327
52.211040
53.291100
54.360497
55.419231
56.467308
57.504723
58.531483
59.547577
60.553017
61.547791
62.531906
63.505363
64.468163
65.420296
66.366554
67.311699
68.255753
69.198700
70.140541
71.081291
72.020927
72.959457
73.896896
74.833229
75.768448
76.702576
77.635605
78.567520
79.498337
80.428047
81.354553
82.275757
83.191643
84.102226
85.007484
85.907455
86.802101
87.691444
88.575478
89.454201
90.327614
91.195717
92.058510
92.915993
93.768166
94.615028
95.456596
96.292839
97.123779
97.949394
98.769722
99.584724
100.394424
101.198814
101.997894
102.791664
103.580124
104.363274
105.141121
105.913651
106.680870
107.442795
108.199394
108.950684
109.696671
110.437347
111.172714
111.902763
112.627518
113.346954
114.061081
114.769897
115.473412
116.171608
116.864494
117.552071
118.234352
118.911308
119.582954
120.249306
120.910332
121.566055
122.216476
122.861580
123.501366
124.135857
124.765038
125.388901
126.007454
126.620712
127.228638
127.831284
128.428589
129.020599
129.607300
130.188690
130.764771
131.335541
131.901016
132.461151
133.015991
133.565536
134.109756
134.648666
135.182281
135.710571
136.233551
136.751221
137.263611
137.770660
138.272400
138.768845
139.259979
139.745804
140.226303
140.701508
141.171387
141.635971
142.095245
142.549210
142.997864
143.441208
143.879227
144.311966
144.739365
145.161484
145.578278
145.989777
146.395935
146.796829
147.192368
147.582626
147.967560
148.347183
148.721497
149.090515
149.454224
149.812622
150.165695
150.513458
150.855911
151.193100
151.524933
151.851471
152.172684
152.488602
152.799194
153.104523
153.404480
153.699173
153.988525
154.272598
154.551346
154.824783
155.092911
155.355728
155.613251
155.865448
156.112350
156.353912
156.590195
156.821152
157.046799
157.267151
157.482178
157.691910
157.896332
158.095444
158.289230
158.477737
158.660919
158.838776
159.011307
159.178574
159.340515
159.497147
159.648468
159.794464
159.935181
160.070572
160.200653
160.325439
160.444901
160.559052
160.667908
160.771423
160.869659
160.962585
161.050171
161.132477
161.209473
161.281128
161.347519
161.408554
161.464325
161.514771
161.559875
161.599701
161.634216
161.663422
161.687317
161.705902
161.719177
161.727127
161.729797
