0.965857
0.017072
0.017072
0.017072
0.965857
0.017072
0.017072
0.017072
0.965857
0.000000
0.844125
1.714556
2.611294
3.534339
4.483690
5.459349
6.461313
7.489584
8.544163
9.625046
10.732237
11.851147
12.967193
14.080373
15.190686
16.298134
17.402714
18.504429
19.603281
20.699265
21.792381
22.882635
23.970022
25.054541
26.136198
27.214983
28.290907
29.363962
30.434151
31.501480
32.565937
33.627529
34.686256
35.742123
36.795113
37.845242
38.892506
39.936905
40.978439
42.017105
43.052902
44.085831
45.115898
46.143101
47.167439
48.188908
49.207512
50.223255
51.236126
52.246132
53.253277
54.257545
55.258957
56.257496
57.253178
58.245987
59.235931
60.223011
61.207222
62.188572
63.167049
64.142670
65.115486
66.087173
67.058403
68.029175
68.999489
69.969345
70.938744
71.907677
72.876152
73.844185
74.811737
75.778847
76.745483
77.711678
78.677406
79.642670
80.607483
81.571831
82.535728
83.499168
84.462143
85.424660
86.386726
87.348320
88.309464
89.270142
90.230377
91.190147
92.149445
93.108307
94.066689
95.024628
95.982101
96.939125
97.895683
98.851768
99.807419
100.762596
101.717316
102.671585
103.625397
104.578743
105.531631
106.484055
107.436028
108.387543
109.338600
110.289200
111.239334
112.189018
113.138237
114.086998
115.035545
115.985306
116.936531
117.889206
118.843353
119.798950
120.756004
121.714531
122.674507
123.635941
124.598839
125.563202
126.529015
127.496284
128.465027
129.435211
130.406860
131.379974
132.354538
133.330582
134.308060
135.287018
136.267426
137.249283
138.232620
139.217407
140.203644
141.191345
142.180511
143.171127
144.163208
145.156769
146.151764
147.148224
148.146149
149.145523
150.146362
151.148651
152.152405
153.157623
154.164291
155.172424
156.182037
157.193085
158.205597
159.219574
160.235001
161.251892
162.270233
163.290039
164.311310
165.334045
166.357498
167.379990
168.401367
169.421677
170.440903
171.459045
172.476120
173.492111
174.507019
175.520844
176.533600
177.545258
178.555847
179.565353
180.573792
181.581131
182.587402
183.592590
184.596695
185.599716
186.601669
187.602524
188.602295
189.601013
190.598633
191.595169
192.590637
193.585022
194.578339
195.570557
196.561691
197.551743
198.540726
199.528625
200.515457
201.501190
202.485855
203.469437
204.451935
205.433350
206.413696
207.392944
208.371124
209.348221
210.324249
211.299179
212.273026
213.245804
214.217499
215.188126
216.157669
217.126114
218.089615
219.044235
219.990005
220.926926
221.854965
222.774170
223.684509
224.585999
225.478607
226.362381
227.237274
228.103333
228.960510
229.808853
230.648315
231.478943
232.300705
233.113602
233.917633
234.712830
235.499146
236.276611
237.045227
237.804977
238.555862
239.297913
240.031082
240.755402
241.470856
242.177460
242.875214
243.564102
244.244125
244.915298
245.577621
246.231064
246.875656
0.000000
0.099079
1.204291
2.307401
3.408412
4.507321
5.604129
6.698838
7.791446
8.881954
9.970360
11.056665
12.140872
13.222978
14.302981
15.380885
16.456692
17.530394
18.601995
19.671497
20.739115
21.805059
22.869335
23.931940
24.992874
26.052135
27.109730
28.165651
29.219900
30.272482
31.323391
32.372627
33.420200
34.466095
35.510323
36.552876
37.593761
38.632977
39.670517
40.706394
41.740597
42.773129
43.803989
44.833179
45.860695
46.886551
47.910725
48.933235
49.954071
50.973240
51.990738
53.006554
54.020714
55.033195
56.044010
57.053150
58.060623
59.066425
60.070553
61.073013
62.073803
63.072918
64.070366
65.066139
66.060249
67.052681
68.043449
69.032547
70.019966
71.005722
71.990044
72.974419
73.959084
74.944054
75.929321
76.914871
77.900726
78.886879
79.873314
80.860054
81.847092
82.834412
83.822044
84.809959
85.798172
86.786682
87.775490
88.764587
89.753983
90.743668
91.733658
92.723930
93.714508
94.705383
95.696541
96.688011
97.679764
98.671814
99.664162
100.656799
101.649734
102.642967
103.636497
104.630318
105.624435
106.618843
107.613556
108.608551
109.603859
110.599449
111.595337
112.591515
113.588005
114.584778
115.581841
116.579201
117.576866
118.574821
119.573067
120.571609
121.570450
122.570000
123.570679
124.572487
125.575417
126.579483
127.584671
128.591003
129.598450
130.607010
131.616714
132.627548
133.639496
134.652588
135.666794
136.682144
137.698608
138.716202
139.734940
140.754776
141.775772
142.797867
143.821106
144.845474
145.870987
146.897598
147.925339
148.954224
149.984207
151.015350
152.047607
153.081009
154.115509
155.151154
156.187927
157.225830
158.264847
159.305008
160.346283
161.388687
162.432236
163.476913
164.522705
165.569626
166.617691
167.666855
168.717163
169.768600
170.821152
171.874832
172.929657
173.985001
175.037125
176.085434
177.129944
178.170624
179.207489
180.240540
181.269791
182.295197
183.316818
184.334595
185.348587
186.358734
187.365082
188.367615
189.366318
190.361206
191.352310
192.339569
193.323013
194.302658
195.278488
196.250488
197.218674
198.183044
199.143600
200.100342
201.053284
202.002396
202.947693
203.889175
204.826828
205.760681
206.690720
207.616943
208.539352
209.457916
210.372696
211.283646
212.190796
213.094116
213.993637
214.889328
215.781204
216.669266
217.553528
218.433960
219.310577
220.183380
221.052368
221.917526
222.782181
223.649536
224.519653
225.392471
226.268036
227.146332
228.027374
228.911148
229.797638
230.686890
231.578842
232.473541
233.370987
234.271149
235.174057
236.079712
236.988083
237.899185
238.813019
239.729599
240.648911
241.570938
242.495728
243.423233
244.353485
245.286453
246.222168
247.160614
248.101791
249.045700
249.992355
250.941742
251.893845
252.848694
0.000000
0.944197
1.926724
2.947581
4.006768
5.104285
6.240131
7.414308
8.626815
9.855606
11.078638
12.295909
13.507422
14.713174
15.913166
17.107399
18.295870
19.478582
20.655537
21.826729
22.992161
24.151834
25.305746
26.453903
27.596292
28.732925
29.863802
30.988914
32.108269
33.221863
34.329700
35.431770
36.528091
37.618641
38.703434
39.782475
40.855747
41.923260
42.985020
44.041012
45.091240
46.135723
47.174435
48.207390
49.234589
50.256023
51.271698
52.281612
53.285774
54.284172
55.276810
56.263687
57.244801
58.220158
59.189758
60.153591
61.111668
62.063984
63.014126
63.965683
64.918648
65.873032
66.828819
67.786026
68.744644
69.704666
70.666115
71.628960
72.593231
73.558907
74.525993
75.494492
76.464409
77.435730
78.408470
79.382622
80.358177
81.335152
82.313538
83.293343
84.274544
85.257164
86.241203
87.226646
88.213516
89.201782
90.191460
91.182549
92.175056
93.168976
94.164314
95.161049
96.159203
97.158775
98.159752
99.162140
100.165955
101.171165
102.177795
103.185837
104.195290
105.206154
106.218422
107.232117
108.247215
109.263733
110.281647
111.300835
112.321152
113.342583
114.365128
115.388794
116.413589
117.439491
118.466522
119.494667
120.523941
121.554321
122.585831
123.618454
124.652206
125.687065
126.723045
127.760147
128.798370
129.837723
130.878189
131.919769
132.962463
134.006287
135.051224
136.097290
137.144470
138.192780
139.242188
140.292725
141.344391
142.397171
143.451080
144.506088
145.562225
146.619476
147.677856
148.737366
149.797958
150.859695
151.922562
152.986542
154.051620
155.117844
156.185181
157.253616
158.323196
159.393890
160.465714
161.538635
162.609894
163.676666
164.738998
165.796860
166.850250
167.899155
168.943619
169.983612
171.019119
172.050171
173.076767
174.098877
175.116531
176.129715
177.138443
178.142685
179.142471
180.137787
181.128632
182.115021
183.096924
184.074371
185.047363
186.015869
186.979904
187.939499
188.894608
189.845245
190.791428
191.733139
192.670380
193.603149
194.531479
195.455307
196.374680
197.289597
198.200043
199.106003
200.007507
200.904556
201.797119
202.685226
203.568863
204.448029
205.322739
206.192978
207.058746
207.920044
208.776886
209.632980
210.492004
211.353958
212.218857
213.086700
213.957489
214.831238
215.707901
216.587524
217.470078
218.355591
219.244034
220.135437
221.029755
221.927048
222.827286
223.730438
224.636551
225.545593
226.457596
227.372528
228.290405
229.211243
230.135010
231.061722
231.991364
232.923981
233.859512
234.798004
235.739426
236.683792
237.631119
238.581375
239.534576
240.490723
241.449799
242.411835
243.376816
244.344727
245.315598
246.289398
247.266144
248.245834
249.228470
250.214050
251.202560
252.194016
253.188446
254.185776
255.000000
255.000000
