0.977354
0.011323
0.011323
0.011323
0.977354
0.011323
0.011323
0.011323
0.977354
0.000000
1.078360
2.155400
3.231119
4.305519
5.378598
6.450358
7.520797
8.589917
9.657717
10.724195
11.789354
12.853194
13.915713
14.976912
16.036791
17.095350
18.152590
19.208508
20.263107
21.316387
22.368343
23.418982
24.468302
25.515753
26.560778
27.603386
28.643568
29.681332
30.716675
31.749594
32.780094
33.808170
34.833824
35.857059
36.877876
37.896267
38.912239
39.925789
40.936913
41.945621
42.951908
43.955776
44.957214
45.956238
46.952843
47.947021
48.938778
49.928116
50.915031
51.899525
52.881599
53.861252
54.838478
55.813290
56.785671
57.755638
58.723186
59.688309
60.651012
61.611294
62.569153
63.524590
64.477615
65.428200
66.376381
67.322136
68.265465
69.206375
70.144867
71.080933
72.014587
72.945808
73.874908
74.803665
75.732399
76.661095
77.589745
78.518364
79.446945
80.375481
81.303986
82.232452
83.160881
84.089272
85.017624
85.945946
86.874222
87.802467
88.730667
89.658836
90.586967
91.515060
92.443115
93.371132
94.299110
95.227051
96.154953
97.082817
98.010651
98.938438
99.866196
100.793907
101.721588
102.649223
103.576836
104.504402
105.431931
106.359421
107.286880
108.214294
109.141670
110.069016
110.996315
111.923584
112.850815
113.778008
114.705162
115.632278
116.559357
117.486397
118.413399
119.340370
120.267517
121.195030
122.122917
123.051186
123.979828
124.908852
125.838242
126.768021
127.698166
128.628693
129.559601
130.490875
131.422531
132.354568
133.286987
134.219772
135.152924
136.086472
137.020386
137.954681
138.889359
139.824417
140.759827
141.695633
142.631805
143.568359
144.505295
145.442596
146.380280
147.318344
148.256775
149.195587
150.134781
151.074341
152.014297
152.954620
153.895309
154.836380
155.777832
156.719666
157.661865
158.604446
159.547409
160.490738
161.434464
162.378540
163.322998
164.267853
165.213074
166.158966
167.107346
168.058472
169.012390
169.969070
170.928528
171.890747
172.855743
173.823532
174.794067
175.767380
176.743469
177.722336
178.703949
179.688354
180.675537
181.665482
182.658203
183.653687
184.651962
185.652985
186.656799
187.663391
188.672729
189.684860
190.699753
191.717438
192.737869
193.761093
194.787064
195.815826
196.847351
197.881653
198.918716
199.958572
201.001190
202.046570
203.094742
204.145676
205.199371
206.255844
207.315109
208.377121
209.441925
210.509476
211.579819
212.652924
213.728806
214.807465
215.888901
216.970001
218.047623
219.121811
220.192535
221.259796
222.323624
223.383972
224.440903
225.494354
226.544357
227.590912
228.634003
229.673645
230.709839
231.742569
232.771851
233.797684
234.820053
235.838974
236.854446
237.866455
238.875015
239.880127
240.881775
241.879974
242.874725
243.866013
244.853867
245.838242
246.819183
247.796646
248.770676
249.741257
250.708359
0.000000
0.000000
0.000000
0.000000
0.000000
1.272946
3.035739
4.754352
6.428785
8.059037
9.645108
11.186998
12.684708
14.138240
15.547587
16.912758
18.233746
19.510555
20.743179
21.931627
23.075891
24.175978
25.231884
26.265524
27.298830
28.331795
29.364422
30.396709
31.428659
32.460266
33.491539
34.522469
35.553059
36.583313
37.613224
38.642796
39.672031
40.700924
41.729481
42.757698
43.785572
44.813107
45.840305
46.867168
47.893688
48.919868
49.945705
50.971210
51.996372
53.021194
54.045677
55.069820
56.093628
57.117092
58.140217
59.163002
60.185448
61.207558
62.229328
63.250759
64.271851
65.292595
66.313011
67.333084
68.352821
69.372208
70.391266
71.409981
72.428360
73.446396
74.464088
75.481445
76.498466
77.514946
78.530373
79.544724
80.558014
81.570229
82.581375
83.591446
84.600449
85.608383
86.615242
87.621033
88.625763
89.629410
90.631981
91.633499
92.633934
93.633308
94.631607
95.628830
96.624985
97.620079
98.614090
99.607033
100.598907
101.589714
102.579445
103.568108
104.555710
105.542221
106.527679
107.512062
108.495377
109.477615
110.458778
111.438889
112.417908
113.395874
114.372757
115.348572
116.323326
117.296997
118.269608
119.241142
120.211609
121.181000
122.149323
123.116577
124.082756
125.047867
126.011917
126.974991
127.937782
128.900391
129.862839
130.825089
131.787170
132.749069
133.710800
134.672333
135.633713
136.594894
137.555908
138.516724
139.477386
140.437851
141.398148
142.358246
143.318207
144.277954
145.237534
146.196945
147.156158
148.115204
149.074066
150.032761
150.991272
151.949600
152.907761
153.865738
154.823532
155.781143
156.738586
157.695847
158.652924
159.609833
160.566559
161.523102
162.479462
163.435654
164.391678
165.347504
166.303146
167.258636
168.213928
169.169052
170.123978
171.078751
172.033340
172.987732
173.941956
174.896088
175.851379
176.808411
177.767136
178.727600
179.689789
180.653702
181.619339
182.586700
183.555756
184.526566
185.499100
186.473343
187.449326
188.427017
189.406433
190.387573
191.370422
192.355011
193.341324
194.329361
195.319107
196.310577
197.303787
198.298706
199.295349
200.293732
201.293823
202.295624
203.299164
204.304428
205.311401
206.320114
207.330551
208.342697
209.356583
210.372177
211.389496
212.408539
213.429306
214.451797
215.476013
216.501953
217.529602
218.558975
219.590088
220.622925
221.657471
222.693741
223.731735
224.771469
225.795792
226.787598
227.746872
228.673645
229.567886
230.429626
231.258835
232.055527
232.819702
233.551361
234.250504
234.917114
235.551224
236.152817
236.721893
237.258438
237.762466
238.233978
238.672974
239.079453
239.453415
239.794846
240.103760
240.380173
240.624069
240.835419
241.014267
241.160614
241.274429
241.355713
241.404480
241.420746
0.000001
1.385638
2.758321
4.118049
5.464823
6.798642
8.119506
9.427416
10.722372
12.004372
13.273417
14.529510
15.772645
17.002827
18.220053
19.424330
20.615646
21.794008
22.959421
24.111872
25.257168
26.401102
27.543671
28.684877
29.824720
30.963203
32.100319
33.236080
34.370472
35.503502
36.635162
37.765472
38.894409
40.021992
41.148205
42.273056
43.396545
44.518673
45.639435
46.758835
47.876877
48.993549
50.108860
51.222809
52.335396
53.446621
54.556484
55.664978
56.772114
57.877888
58.982296
60.085339
61.187023
62.287346
63.386299
64.483894
65.580124
66.675003
67.768494
68.860641
69.951424
71.040840
72.128899
73.215591
74.300873
75.384392
76.466110
77.546028
78.624138
79.700432
80.774933
81.847626
82.918510
83.987595
85.054871
86.120338
87.184013
88.245872
89.305923
90.364174
91.420616
92.475258
93.528099
94.579124
95.628342
96.675766
97.721375
98.765190
99.807190
100.847397
101.885788
102.922371
103.957153
104.990128
106.021301
107.050667
108.078239
109.103989
110.127937
111.150085
112.170433
113.188965
114.205696
115.220619
116.233742
117.245049
118.254562
119.262268
120.268166
121.273155
122.278107
123.283043
124.287941
125.292831
126.297676
127.302505
128.307312
129.312073
130.316833
131.321564
132.326263
133.330917
134.335571
135.340195
136.344788
137.349350
138.353897
139.358398
140.362900
141.367355
142.371796
143.376221
144.380600
145.384949
146.389282
147.393585
148.397873
149.402130
150.406357
151.410568
152.414749
153.418900
154.423019
155.427124
156.431198
157.435242
158.439240
159.443237
160.447205
161.451157
162.455078
163.458969
164.462830
165.466370
166.467773
167.466721
168.463226
169.457306
170.448929
171.438110
172.424835
173.409134
174.390991
175.370392
176.347351
177.321884
178.293961
179.263596
180.230774
181.195526
182.157837
183.117691
184.075104
185.030090
185.982620
186.932709
187.880356
188.825562
189.768326
190.708633
191.646500
192.581940
193.514923
194.445465
195.373566
196.299225
197.222443
198.143204
199.061523
199.977417
200.890854
201.801849
202.710419
203.616531
204.520203
205.421417
206.320206
207.216553
208.103943
208.975906
209.832443
210.673553
211.499222
212.309464
213.104248
213.883621
214.647568
215.396057
216.129135
216.846771
217.548965
218.235748
218.907074
219.562973
220.203461
220.828491
221.438110
222.032272
222.611008
223.174316
223.722198
224.254639
224.771652
225.273224
225.759354
226.230072
226.685349
227.125183
227.549591
227.958572
228.352112
228.730209
229.092896
229.440140
229.771957
230.088318
230.389267
230.674789
230.944855
231.199509
231.438705
231.662506
231.870834
232.063751
232.241226
232.403275
232.549896
232.681076
232.796814
232.897141
232.982025
233.051468
233.105484
233.144058
233.167206
233.174927
