0.948939
0.025530
0.025530
0.025530
0.948939
0.025530
0.025530
0.025530
0.948939
0.000000
0.754071
1.515949
2.285635
3.063128
3.848428
4.641535
5.442451
6.251173
7.067702
7.892040
8.724185
9.564137
10.411896
11.267461
12.130836
13.002018
13.881006
14.767802
15.662406
16.564816
17.475035
18.393059
19.318893
20.252533
21.193981
22.143236
23.100298
24.065166
25.032885
25.998484
26.961971
27.923346
28.882603
29.839748
30.794779
31.747694
32.698490
33.647179
34.593754
35.538212
36.480553
37.420784
38.358894
39.294899
40.228783
41.160553
42.090214
43.017757
43.943184
44.866497
45.787697
46.706783
47.623749
48.538609
49.451347
50.361973
51.270489
52.176884
53.081169
53.983337
54.883392
55.781334
56.677158
57.570877
58.462471
59.351955
60.239323
61.124577
62.007717
62.888744
63.767654
64.644447
65.519135
66.391701
67.262154
68.130493
68.996712
69.860832
70.722824
71.582703
72.441689
73.300972
74.160561
75.020447
75.880638
76.741127
77.601936
78.463036
79.324448
80.186165
81.048180
81.910492
82.773125
83.636047
84.499283
85.362816
86.226662
87.090805
87.955246
88.820007
89.685059
90.550415
91.416084
92.282059
93.148331
94.014908
94.881790
95.748970
96.616455
97.484253
98.352348
99.220757
100.089455
100.958466
101.827782
102.697395
103.567322
104.437538
105.308067
106.178902
107.050041
107.921486
108.793221
109.665276
110.537628
111.410286
112.283249
113.156517
114.030083
114.903946
115.778130
116.652618
117.527542
118.403091
119.279259
120.156029
121.033409
121.911407
122.790016
123.669235
124.549065
125.429504
126.310562
127.192230
128.074493
128.957382
129.840897
130.725006
131.609741
132.495056
133.381027
134.267578
135.154739
136.042526
136.930908
137.819931
138.709534
139.599762
140.490601
141.382050
142.274124
143.166809
144.060089
144.953979
145.848480
146.743607
147.639343
148.535690
149.432632
150.330215
151.228394
152.127182
153.026581
153.926590
154.827225
155.728455
156.630295
157.532761
158.435822
159.339508
160.243820
161.148712
162.054230
162.960373
163.867126
164.774506
165.682541
166.591202
167.500519
168.410461
169.321045
170.232254
171.144104
172.056610
172.969742
173.883499
174.797913
175.712967
176.628647
177.544968
178.461929
179.379532
180.297760
181.216644
182.136139
183.056290
183.977081
184.898499
185.820557
186.743271
187.666611
188.590576
189.515198
190.440445
191.366333
192.292862
193.220032
194.147827
195.076279
196.005356
196.935074
197.865417
198.796417
199.728043
200.660324
201.593231
202.526764
203.460953
204.395767
205.331223
206.267319
207.204056
208.141434
209.079437
210.018082
210.957352
211.941895
213.016342
214.180679
215.434891
216.779007
218.213013
219.736923
221.350708
223.054382
224.847961
226.731415
228.704788
230.768036
232.921158
235.164200
237.497116
239.919937
242.432648
245.035233
0.000000
0.000000
0.000000
1.696342
3.737600
5.733004
7.682551
9.586246
11.444083
13.256065
15.022192
16.742464
18.416880
20.045441
21.628147
23.164997
24.655994
26.101133
27.500416
28.873560
30.240271
31.600550
32.954399
34.301815
35.642803
36.977360
38.305481
39.627178
40.942440
42.251270
43.553669
44.849640
46.139175
47.422283
48.698963
49.969208
51.233021
52.490406
53.741356
54.985878
56.223965
57.455627
58.680851
59.899647
61.112019
62.317951
63.517452
64.710526
65.897171
67.077385
68.251160
69.418503
70.579430
71.733910
72.881973
74.023590
75.158783
76.287552
77.409882
78.525780
79.635246
80.738289
81.837524
82.939362
84.044106
85.151741
86.262283
87.375717
88.492058
89.611298
90.733437
91.858475
92.986420
94.117256
95.250999
96.387634
97.527176
98.669617
99.814957
100.963196
102.114334
103.268372
104.425316
105.585152
106.747894
107.913536
109.082069
110.253510
111.427849
112.605087
113.785233
114.968269
116.154205
117.343048
118.534782
119.729416
120.926964
122.127411
123.330742
124.536980
125.746124
126.958160
128.173096
129.390930
130.611664
131.834381
133.053467
134.267990
135.477966
136.683380
137.884232
139.080536
140.272278
141.459457
142.642090
143.820190
144.993698
146.162674
147.327072
148.486923
149.642227
150.792984
151.939163
153.080795
154.217850
155.350372
156.478333
157.601746
158.720596
159.834900
160.944626
162.049820
163.150436
164.246506
165.338013
166.424973
167.507370
168.585220
169.658508
170.727234
171.791412
172.851044
173.906097
174.956604
176.002579
177.043961
178.080811
179.113083
180.140686
181.160492
182.171219
183.172913
184.165543
185.149094
186.123611
187.089050
188.045456
188.992767
189.931046
190.860260
191.780426
192.691544
193.593582
194.486557
195.370483
196.245346
197.111176
197.967911
198.815628
199.654251
200.483841
201.304352
202.115814
202.918228
203.711563
204.495865
205.271103
206.037277
206.794388
207.542450
208.281448
209.011383
209.732269
210.444107
211.146866
211.840576
212.525238
213.200836
213.867355
214.524841
215.173279
215.812622
216.448303
217.085617
217.724594
218.365219
219.007492
219.651443
220.297028
220.944260
221.593185
222.243729
222.895950
223.549805
224.205322
224.862503
225.521332
226.181808
226.843964
227.507767
228.173218
228.840317
229.509064
230.179489
230.851547
231.525284
232.200668
232.877701
233.556381
234.236725
234.918732
235.602371
236.287689
236.974655
237.663269
238.353546
239.045471
239.739044
240.434280
241.131180
241.829727
242.529938
243.231781
243.935303
244.640472
245.347290
246.055771
246.765900
247.477676
248.191132
248.906219
249.622986
250.341385
251.061432
251.783157
252.506531
253.231552
253.958237
254.686584
255.000000
255.000000
255.000000
255.000000
255.000000
255.000000
255.000000
0.000000
2.735624
5.337825
7.806605
10.141963
12.343897
14.412411
16.347502
18.149174
19.817421
21.352247
22.753649
24.087584
25.419998
26.750895
28.080273
29.408133
30.734474
32.059299
33.382599
34.704388
36.024654
37.343403
38.660637
39.976349
41.290546
42.603222
43.914371
45.224018
46.532135
47.838741
49.143818
50.447392
51.749439
53.049969
54.348976
55.646469
56.942444
58.236900
59.529835
60.821255
62.111156
63.399536
64.686401
65.971741
67.255569
68.537880
69.818672
71.097725
72.373695
73.646362
74.915733
76.181801
77.444572
78.704041
79.960205
81.213066
82.462631
83.708893
84.951859
86.191513
87.427872
88.660934
89.890686
91.117149
92.340302
93.560158
94.776718
95.989967
97.199921
98.406570
99.609924
100.809975
102.006721
103.200165
104.390320
105.577171
106.760712
107.940956
109.117897
110.291534
111.461884
112.628922
113.792664
114.953102
116.113243
117.276138
118.441780
119.610153
120.781273
121.955139
123.131737
124.311081
125.493172
126.677994
127.865555
129.055847
130.248901
131.444687
132.643204
133.844467
135.048492
136.255234
137.464722
138.676941
139.891907
141.109619
142.330078
143.553268
144.779190
146.007858
147.239273
148.473450
149.710327
150.949966
152.192337
153.437454
154.685303
155.935913
157.189240
158.445328
159.702164
160.947922
162.180588
163.400208
164.606735
165.800232
166.980621
168.147964
169.302231
170.443420
171.571548
172.686615
173.788605
174.877533
175.953384
177.016159
178.065872
179.102524
180.126114
181.136612
182.134048
183.118423
184.089722
185.047958
185.993118
186.925217
187.844238
188.750198
189.643097
190.522919
191.389664
192.243362
193.083969
193.911499
194.725983
195.527390
196.315720
197.094452
197.867126
198.633698
199.394196
200.148575
200.896896
201.639099
202.375229
203.105255
203.829193
204.547058
205.258820
205.964478
206.664062
207.357544
208.044952
208.726257
209.401474
210.070602
210.733643
211.390579
212.041443
212.686203
213.324875
213.957443
214.583939
215.204346
215.818665
216.426865
217.029007
217.625046
218.214996
218.798843
219.376602
219.948288
220.513870
221.073364
221.626770
222.174088
222.715302
223.250443
223.779495
224.302429
224.819305
225.330063
225.834747
226.333328
226.825836
227.312241
227.792557
228.266800
228.734924
229.196960
229.652924
230.102798
230.546555
230.984238
231.415833
231.841339
232.260742
232.674072
233.081284
233.482422
233.877487
234.266449
234.649307
235.026077
235.396774
235.761353
236.119873
236.472290
236.818619
237.158829
237.492981
237.821030
238.142990
238.458862
238.768646
239.072327
239.369934
239.661438
239.946854
240.226181
240.499420
240.766571
241.027618
241.282578
241.531448
241.774246
242.010925
242.241531
242.466034
242.684464
242.896805
243.103043
243.303177
243.497238
243.685211
