0.969693
0.015154
0.015154
0.015154
0.969693
0.015154
0.015154
0.015154
0.969693
0.000000
1.208049
2.402861
3.584436
4.752776
5.907878
7.049744
8.178373
9.293766
10.395923
11.484843
12.560526
13.622972
14.672183
15.708158
16.737024
17.764912
18.791821
19.817749
20.842703
21.866674
22.889668
23.911682
24.932720
25.952776
26.971853
27.989956
29.007074
30.023216
31.038380
32.052563
33.065769
34.077995
35.089249
36.099514
37.108807
38.117115
39.124447
40.130802
41.136173
42.140575
43.143986
44.146427
45.147884
46.148373
47.147869
48.146397
49.143940
50.140507
51.136089
52.130703
53.124332
54.116978
55.108646
56.099339
57.089058
58.077793
59.065552
60.052326
61.038124
62.022945
63.006783
63.989647
64.971527
65.952438
66.932365
67.911308
68.889275
69.866264
70.842285
71.818192
72.794922
73.772446
74.750786
75.729919
76.709862
77.690605
78.672157
79.654510
80.637665
81.621620
82.606384
83.591949
84.578323
85.565498
86.553474
87.542259
88.531837
89.522224
90.513420
91.505417
92.498215
93.491814
94.486221
95.481430
96.477448
97.474258
98.471886
99.470306
100.469543
101.469574
102.470406
103.472054
104.474487
105.477737
106.481789
107.486641
108.492294
109.498756
110.506020
111.514091
112.522964
113.532631
114.543121
115.554398
116.566483
117.579376
118.593063
119.607567
120.622871
121.638977
122.655884
123.673592
124.692101
125.711426
126.730064
127.746559
128.760895
129.773087
130.783112
131.790985
132.796722
133.800293
134.801712
135.800995
136.798096
137.793076
138.785873
139.776535
140.765045
141.751389
142.735580
143.717636
144.697525
145.675278
146.650848
147.624298
148.595566
149.564697
150.531693
151.496506
152.459167
153.419693
154.378052
155.334259
156.288330
157.240234
158.189987
159.137589
160.083038
161.026337
161.967484
162.906464
163.843307
164.777969
165.710510
166.640900
167.569122
168.495193
169.419113
170.340881
171.260483
172.177948
173.093262
174.006409
174.917419
175.826263
176.732956
177.637497
178.539902
179.442474
180.347534
181.255081
182.165131
183.077667
183.992722
184.910248
185.830292
186.752823
187.677841
188.605377
189.535385
190.467896
191.402908
192.340424
193.280411
194.222916
195.167908
196.115402
197.065369
198.017868
198.972839
199.930313
200.890274
201.852737
202.817703
203.785156
204.755112
205.727554
206.702515
207.679947
208.659882
209.642319
210.627243
211.614655
212.604584
213.597000
214.591904
215.589325
216.589233
217.591614
218.596527
219.603912
220.613785
221.626175
222.641052
223.658432
224.678314
225.700684
226.725540
227.752914
228.782745
229.815109
230.849960
231.887299
232.916443
233.926620
234.917877
235.890198
236.843567
237.778015
238.693542
239.590103
240.467758
241.326447
242.166214
242.987045
243.788940
244.571915
245.335953
246.081024
246.807190
247.514404
248.202698
248.872040
249.522461
0.000000
0.765697
2.117124
3.452498
4.771821
6.075091
7.362310
8.633477
9.888593
11.127655
12.350666
13.557626
14.748532
15.923389
17.082191
18.231596
19.378252
20.522161
21.663321
22.801733
23.937397
25.070314
26.200483
27.327906
28.452579
29.574505
30.693682
31.810112
32.923798
34.034729
35.142918
36.248352
37.351048
38.450989
39.548187
40.642635
41.734329
42.823284
43.909485
44.992947
46.073654
47.151615
48.226822
49.299290
50.369007
51.435978
52.500198
53.561672
54.620399
55.676376
56.729607
57.780090
58.827827
59.872814
60.915054
61.954540
62.991287
64.025284
65.056526
66.085037
67.110786
68.133781
69.154037
70.171547
71.186310
72.198441
73.210754
74.224396
75.239365
76.255653
77.273262
78.292198
79.312454
80.334038
81.356941
82.381165
83.406715
84.433586
85.461784
86.491310
87.522148
88.554314
89.587807
90.622612
91.658760
92.696205
93.734993
94.775101
95.816528
96.859283
97.903358
98.948753
99.995476
101.043518
102.092880
103.143570
104.195595
105.248924
106.303589
107.359566
108.416878
109.475510
110.535461
111.596733
112.659332
113.723259
114.788498
115.855072
116.922966
117.992180
119.062721
120.134583
121.207764
122.282272
123.358101
124.435249
125.513245
126.589127
127.662422
128.733109
129.801208
130.866699
131.929596
132.989899
134.047592
135.102707
136.155228
137.205139
138.252472
139.297180
140.339310
141.378845
142.415787
143.450119
144.481873
145.511002
146.537552
147.561508
148.582870
149.601624
150.617798
151.631348
152.642319
153.650696
154.656494
155.659668
156.660263
157.658234
158.653625
159.646423
160.636627
161.624237
162.609238
163.591644
164.571442
165.548676
166.523300
167.495316
168.464752
169.431580
170.395828
171.357452
172.316498
173.272949
174.226791
175.178055
176.126709
177.073547
178.020554
178.967789
179.915222
180.862915
181.810822
182.758957
183.707321
184.655930
185.604752
186.553802
187.503082
188.452591
189.402344
190.352310
191.302505
192.252930
193.203583
194.154480
195.105576
196.056931
197.008484
197.960281
198.912323
199.864563
200.817047
201.769760
202.722702
203.675873
204.629272
205.582901
206.536758
207.490845
208.445160
209.399704
210.354477
211.309479
212.264694
213.220169
214.175842
215.131760
216.087906
217.044281
218.000885
218.957703
219.914764
220.872055
221.829575
222.787323
223.745285
224.703491
225.656891
226.600403
227.534042
228.457794
229.371689
230.275696
231.169846
232.054123
232.928513
233.793045
234.647720
235.492493
236.327408
237.152451
237.967606
238.772888
239.568314
240.353867
241.129547
241.895340
242.651276
243.397339
244.133530
244.859833
245.576279
246.282837
246.979523
247.666367
248.343307
249.010376
249.667572
250.314911
250.952377
251.579971
252.197678
252.805511
253.403488
253.991577
0.000000
1.573580
3.096091
4.567532
5.987904
7.357205
8.675439
9.942601
11.158696
12.348130
13.535308
14.720231
15.902903
17.083319
18.261482
19.437389
20.611042
21.782442
22.951590
24.118481
25.283117
26.445501
27.605633
28.763508
29.919128
31.072498
32.223614
33.372471
34.519077
35.663425
36.805523
37.945370
39.082962
40.218296
41.351379
42.482208
43.610779
44.737103
45.861164
46.982979
48.102531
49.219833
50.334885
51.447681
52.558216
53.666504
54.772541
55.876316
56.977848
58.077122
59.174137
60.268902
61.361412
62.451668
63.539665
64.626480
65.713181
66.799759
67.886230
68.972580
70.058800
71.144920
72.230919
73.316803
74.402557
75.488205
76.573730
77.659149
78.744446
79.829620
80.914680
81.999634
83.084457
84.169159
85.253761
86.338234
87.422592
88.506844
89.590973
90.674973
91.758865
92.842644
93.926300
95.009842
96.093269
97.176575
98.259766
99.342834
100.425797
101.508636
102.591354
103.673958
104.756447
105.838821
106.921082
108.003220
109.085243
110.167137
111.248932
112.330597
113.412155
114.492760
115.571602
116.648697
117.724007
118.797562
119.869347
120.939369
122.007629
123.074127
124.138855
125.201813
126.263016
127.322449
128.380127
129.436020
130.490173
131.542542
132.593140
133.641983
134.689056
135.734390
136.777939
137.819717
138.859741
139.897995
140.934479
141.969208
143.002167
144.033371
145.062790
146.090454
147.116379
148.140488
149.162888
150.183472
151.202316
152.219406
153.234711
154.248260
155.260040
156.270050
157.278320
158.284790
159.289520
160.292480
161.293671
162.292999
163.290344
164.285721
165.279129
166.270538
167.259995
168.247452
169.232941
170.216476
171.197998
172.177582
173.155167
174.130798
175.104416
176.076096
177.045792
178.013504
178.979248
179.943008
180.904800
181.864609
182.822449
183.778305
184.732193
185.684113
186.634048
187.582016
188.528000
189.472000
190.414047
191.354095
192.292191
193.228302
194.162430
195.094589
196.024765
196.952972
197.879211
198.803467
199.725754
200.646042
201.564377
202.480743
203.395126
204.307510
205.217941
206.124695
207.026093
207.922165
208.812881
209.698257
210.578262
211.452927
212.322235
213.186203
214.044830
214.898087
215.746002
216.588562
217.425781
218.257645
219.084167
219.905319
220.721146
221.531616
222.336731
223.136490
223.930893
224.719955
225.503677
226.282043
227.055054
227.822723
228.585037
229.341995
230.093613
230.839874
231.580795
232.316360
233.046570
233.771439
234.490952
235.205109
235.913925
236.617401
237.315506
238.008286
238.695694
239.377762
240.054474
240.725845
241.391846
242.052521
242.707840
243.357788
244.002411
244.641678
245.275589
245.904160
246.527374
247.145248
247.757751
248.364914
248.966736
249.563187
250.154312
250.740082
251.320496
251.895569
