0.971613
0.014194
0.014194
0.014194
0.971613
0.014194
0.014194
0.014194
0.971613
0.000000
1.296497
2.562000
3.796509
5.000025
6.172547
7.314076
8.424611
9.504154
10.552703
11.570257
12.572287
13.574263
14.576184
15.578051
16.579863
17.581621
18.583323
19.584970
20.586563
21.588100
22.589586
23.591015
24.592390
25.593710
26.594975
27.596182
28.597338
29.598440
30.599483
31.600475
32.601410
33.602295
34.603123
35.603893
36.604614
37.605274
38.605881
39.606438
40.606930
41.607380
42.607769
43.608101
44.608376
45.608604
46.608768
47.608883
48.608952
49.608959
50.608906
51.608807
52.608639
53.608437
54.608162
55.607841
56.607464
57.606987
58.606415
59.605743
60.604973
61.604107
62.603142
63.602077
64.600922
65.599655
66.598305
67.596848
68.595291
69.593643
70.591888
71.590042
72.588097
73.586060
74.583916
75.581673
76.579346
77.576904
78.574371
79.571747
80.569008
81.566185
82.563263
83.560234
84.557121
85.553902
86.550583
87.547165
88.543655
89.540039
90.536331
91.532532
92.528625
93.524620
94.520515
95.516312
96.512024
97.507629
98.503136
99.498543
100.493858
101.487770
102.479027
103.467613
104.453522
105.436760
106.417336
107.395226
108.370461
109.343010
110.312897
111.280106
112.244652
113.206520
114.165718
115.122246
116.076103
117.027290
117.975807
118.921646
119.864822
120.805321
121.743149
122.678299
123.610786
124.540604
125.467751
126.392220
127.314026
128.233154
129.149612
130.063400
130.974518
131.882965
132.788742
133.691833
134.592255
135.490036
136.385101
137.277527
138.167267
139.054337
139.938736
140.820480
141.699539
142.576767
143.457153
144.341522
145.229858
146.122208
147.018555
147.918869
148.823181
149.731476
150.643768
151.560028
152.480301
153.404556
154.332794
155.265030
156.201248
157.141449
158.085648
159.033844
159.986008
160.942169
161.902313
162.866470
163.834595
164.806702
165.782806
166.762894
167.746979
168.735046
169.727097
170.723145
171.723190
172.727219
173.735229
174.747238
175.763229
176.783203
177.807175
178.835129
179.867065
180.903000
181.942932
182.986847
184.034744
185.086639
186.139572
187.190659
188.239883
189.287216
190.332718
191.376328
192.418076
193.457962
194.495972
195.532104
196.566406
197.598801
198.629349
199.658035
200.684845
201.709793
202.732864
203.754074
204.773407
205.790909
206.806519
207.820251
208.832123
209.842148
210.850296
211.856567
212.860977
213.863510
214.864182
215.862991
216.859940
217.855011
218.848221
219.839554
220.829025
221.816635
222.802383
223.786255
224.768265
225.748413
226.726669
227.703079
228.677628
229.650284
230.621078
231.590027
232.557098
233.522308
234.485641
235.447113
236.406723
237.364441
238.320328
239.274323
240.226456
241.176743
242.125137
243.071671
244.016342
244.959137
245.900070
246.839127
247.776352
248.711670
249.645142
250.576736
251.506470
0.000000
1.085016
2.177368
3.277056
4.384079
5.498439
6.620134
7.749165
8.885532
10.029236
11.180274
12.338649
13.504359
14.677406
15.857788
17.039547
18.216728
19.389326
20.557344
21.720781
22.879641
24.033916
25.183613
26.328726
27.469261
28.605217
29.736591
30.863384
31.985598
33.103226
34.216278
35.324749
36.428642
37.527950
38.622677
39.712830
40.798397
41.879383
42.955791
44.027615
45.094864
46.157528
47.215614
48.269115
49.318035
50.362385
51.402142
52.437325
53.467930
54.493946
55.515385
56.532249
57.544521
58.552223
59.555508
60.558025
61.561275
62.565254
63.569965
64.575401
65.581573
66.588470
67.596100
68.604462
69.613548
70.623367
71.633919
72.645195
73.657204
74.669937
75.683403
76.697609
77.712532
78.728188
79.744576
80.761696
81.779541
82.798119
83.817421
84.837463
85.858231
86.879723
87.901955
88.924911
89.948593
90.973015
91.998154
93.024033
94.050636
95.077972
96.106041
97.134834
98.164360
99.194618
100.225487
101.256241
102.286758
103.317047
104.347107
105.376930
106.406525
107.435890
108.465012
109.493912
110.522583
111.551018
112.579216
113.607185
114.634926
115.662437
116.689705
117.716743
118.743561
119.770134
120.796486
121.822594
122.848480
123.874130
124.899551
125.924744
126.949692
127.974411
128.998901
130.023163
131.047180
132.070984
133.094543
134.117874
135.140976
136.163834
137.186493
138.208893
139.231064
140.252991
141.274704
142.296143
143.317352
144.338287
145.358978
146.379425
147.399612
148.419556
149.439240
150.458664
151.477844
152.496765
153.515427
154.533844
155.552017
156.569931
157.587570
158.604996
159.622131
160.639038
161.655701
162.672089
163.688232
164.704117
165.719757
166.735138
167.750290
168.765167
169.779785
170.794159
171.808289
172.822144
173.835785
174.849136
175.862259
176.875107
177.887711
178.900070
179.912170
180.924011
181.934021
182.940659
183.943893
184.943726
185.940155
186.933197
187.922836
188.909103
189.891953
190.871399
191.847458
192.820129
193.789398
194.755264
195.717743
196.676819
197.632507
198.584793
199.533691
200.479187
201.421280
202.359985
203.295288
204.227203
205.155701
206.080811
207.002548
207.920883
208.835785
209.747330
210.655472
211.560196
212.461548
213.359497
214.254044
215.145203
216.032959
216.917313
217.798294
218.675842
219.550034
220.420807
221.288177
222.152161
223.012756
223.869949
224.723740
225.574142
226.421158
227.264755
228.104965
228.941788
229.775192
230.605225
231.431839
232.255081
233.074905
233.891342
234.704376
235.514038
236.320282
237.123123
237.922592
238.718643
239.511307
240.300568
241.086441
241.868912
242.647995
243.423676
244.195969
244.964859
245.730347
246.492432
247.251129
248.006439
248.758362
249.506866
250.251984
250.993713
251.732025
252.466949
0.000000
1.278273
2.527649
3.748126
4.939706
6.102389
7.236174
8.341062
9.417051
10.478635
11.540316
12.602089
13.663957
14.725916
15.787969
16.850115
17.912354
18.974684
20.037107
21.099627
22.162239
23.224943
24.287739
25.350628
26.413610
27.476685
28.539854
29.603115
30.666473
31.729919
32.793461
33.857094
34.920822
35.984638
37.048553
38.112560
39.176662
40.240852
41.305138
42.369511
43.433979
44.498547
45.563202
46.627960
47.692619
48.756771
49.820385
50.883461
51.946007
53.008011
54.069481
55.130413
56.190815
57.250675
58.310001
59.368793
60.427048
61.484768
62.541954
63.598598
64.654709
65.710281
66.765320
67.819824
68.873795
69.927223
70.980125
72.032478
73.084305
74.135597
75.186348
76.236557
77.286240
78.335381
79.383987
80.432060
81.479607
82.526604
83.573067
84.618675
85.661552
86.701370
87.738129
88.771835
89.802483
90.830078
91.854614
92.876091
93.894508
94.909889
95.922195
96.931450
97.937653
98.940796
99.940887
100.937912
101.931892
102.922813
103.910675
104.895485
105.877235
106.855934
107.831573
108.804153
109.773682
110.740158
111.703568
112.663933
113.621231
114.575478
115.526672
116.474815
117.419884
118.361916
119.301117
120.242630
121.188553
122.138878
123.093620
124.052765
125.016319
125.984283
126.956657
127.933434
128.914627
129.900238
130.890244
131.884659
132.883484
133.886734
134.894379
135.906433
136.922897
137.943771
138.969040
139.998749
141.032837
142.071350
143.114273
144.161606
145.213348
146.269485
147.330048
148.395004
149.464386
150.538162
151.616364
152.698959
153.785965
154.877380
155.967636
157.051163
158.127975
159.198074
160.261444
161.318085
162.368011
163.411209
164.447662
165.477417
166.500443
167.516739
168.526306
169.529160
170.525284
171.514694
172.497375
173.473343
174.442566
175.405075
176.360870
177.309921
178.252243
179.187866
180.116760
181.038925
181.954361
182.863083
183.765076
184.660355
185.548889
186.430725
187.305817
188.174179
189.035843
189.890762
190.738968
191.580444
192.415207
193.243240
194.064545
194.879120
195.686996
196.488129
197.282532
198.070221
198.851181
199.625412
200.392944
201.153748
201.907806
202.655151
203.395767
204.129669
204.856842
205.577301
206.291016
206.998032
207.698303
208.391846
209.078690
209.758789
210.432175
211.098846
211.758774
212.411987
213.058472
213.698242
214.331284
214.957596
215.577179
216.190048
216.796204
217.395615
217.988312
218.574295
219.153549
219.726074
220.291870
220.850937
221.403290
221.948914
222.487823
223.020004
223.545471
224.064209
224.576218
225.081497
225.580063
226.071915
226.557007
227.035416
227.507080
227.972015
228.430252
228.881729
229.326508
229.764557
230.195877
230.620483
231.038361
231.449524
231.853958
232.251648
232.642624
233.026871
