0.953351
0.023324
0.023324
0.023324
0.953351
0.023324
0.023324
0.023324
0.953351
0.000000
0.950954
1.905526
2.863714
3.825518
4.790939
5.759977
6.732632
7.708903
8.688790
9.672296
10.659416
11.650154
12.644507
13.642478
14.640903
15.636621
16.629629
17.619932
18.607525
19.592409
20.574587
21.554054
22.530815
23.504869
24.476215
25.444853
26.410780
27.374001
28.334513
29.292316
30.247412
31.199802
32.149483
33.096455
34.040722
34.982277
35.921124
36.857262
37.790699
38.721420
39.649437
40.574741
41.497341
42.417233
43.334419
44.248890
45.160660
46.069725
46.976074
47.879719
48.780651
49.678875
50.574398
51.467205
52.357864
53.249729
54.143364
55.038757
55.935921
56.834843
57.735531
58.637981
59.542202
60.448181
61.355927
62.265434
63.176708
64.089745
65.004547
65.921112
66.839447
67.759544
68.681404
69.605019
70.530418
71.457565
72.386482
73.317154
74.249603
75.183815
76.119789
77.057526
77.997032
78.938293
79.881317
80.826118
81.772675
82.721001
83.671082
84.622932
85.576546
86.531929
87.489075
88.447975
89.408653
90.369614
91.329430
92.288071
93.245552
94.201874
95.157036
96.111023
97.063850
98.015518
98.966026
99.915367
100.863533
101.810555
102.756401
103.701088
104.644608
105.586967
106.528168
107.468201
108.407074
109.344780
110.281326
111.216705
112.150925
113.083977
114.015869
114.946602
115.876160
116.804565
117.731796
118.657875
119.582787
120.506531
121.429108
122.350540
123.270798
124.189888
125.107826
126.024582
126.940201
127.854553
128.767120
129.677856
130.586716
131.493729
132.398865
133.302155
134.203583
135.103149
136.000870
136.896713
137.790710
138.682846
139.573105
140.461533
141.348083
142.232788
143.115616
143.996597
144.875717
145.752975
146.628387
147.501907
148.373596
149.243423
150.111389
150.977493
151.841736
152.704132
153.564651
154.423340
155.280136
156.135101
156.988174
157.839417
158.688782
159.536316
160.381958
161.225754
162.067688
162.907776
163.742279
164.567474
165.383362
166.189957
166.987244
167.775223
168.553925
169.323303
170.083389
170.834167
171.575638
172.307816
173.030685
173.744263
174.448547
175.143509
175.829178
176.505539
177.172607
177.830368
178.478821
179.117981
179.747833
180.368408
180.979660
181.581604
182.174255
182.757599
183.331635
183.896378
184.451813
184.997971
185.534805
186.062332
186.580566
187.089493
187.589127
188.079453
188.560471
189.032196
189.494614
189.947754
190.391571
190.826080
191.251297
191.667206
192.073807
192.471130
192.859131
193.237839
193.607239
193.967346
194.318130
194.659637
194.991821
195.314713
195.628311
195.932617
196.227600
196.513275
196.789658
197.056747
197.314514
197.563019
197.802185
198.032059
198.252625
198.463898
198.665863
198.858536
199.041885
199.215958
199.380707
199.536163
199.682343
199.819199
199.946747
200.065002
200.173950
0.000000
1.325512
2.643028
3.952547
5.254071
6.547600
7.833131
9.110668
10.380209
11.641754
12.895304
14.140856
15.378413
16.607973
17.831190
19.049711
20.263538
21.472668
22.677103
23.876844
25.071890
26.262241
27.447899
28.628857
29.805126
30.976694
32.143570
33.305752
34.463238
35.616028
36.764122
37.907524
39.046234
40.180241
41.309559
42.434177
43.554104
44.669331
45.779869
46.885708
47.986858
49.083305
50.175060
51.262123
52.344486
53.422153
54.495125
55.563877
56.631218
57.697628
58.763096
59.827625
60.891224
61.953876
63.015598
64.076378
65.136223
66.195137
67.253105
68.310135
69.366234
70.421394
71.475616
72.528900
73.581253
74.632660
75.683136
76.732674
77.781273
78.828926
79.875648
80.921448
81.966293
83.010208
84.053177
85.095215
86.136314
87.176491
88.215706
89.254005
90.291351
91.329765
92.371246
93.415810
94.463440
95.514137
96.567902
97.624741
98.684654
99.747635
100.813683
101.882797
102.954987
104.030258
105.108582
106.189987
107.274452
108.361992
109.452606
110.546280
111.643036
112.742851
113.845749
114.951706
116.060745
117.172836
118.288017
119.406258
120.527573
121.651955
122.779404
123.909920
125.043526
126.180183
127.319054
128.455002
129.587158
130.715530
131.840103
132.960892
134.077866
135.191086
136.300507
137.406128
138.507965
139.606018
140.700272
141.790741
142.877426
143.960327
145.039413
146.114731
147.186264
148.253983
149.317947
150.378082
151.434464
152.487030
153.535828
154.580811
155.622025
156.659439
157.693054
158.722900
159.748962
160.771210
161.789673
162.804367
163.812454
164.811172
165.800522
166.780472
167.751053
168.712265
169.664108
170.606552
171.539642
172.463318
173.377640
174.282593
175.178162
176.064346
176.941147
177.808578
178.666641
179.515320
180.354614
181.184540
182.005081
182.816254
183.618027
184.410446
185.193481
185.967133
186.731400
187.486313
188.231842
188.967972
189.694763
190.412140
191.120148
191.818787
192.508041
193.187927
193.858429
194.519562
195.171295
195.813660
196.446655
197.070267
197.684494
198.289368
198.884842
199.470947
200.047668
200.615021
201.172989
201.721588
202.260788
202.790634
203.311096
203.822174
204.323883
204.816208
205.299149
205.772736
206.236908
206.691727
207.137177
207.573227
207.999908
208.417221
208.825150
209.223709
209.612885
209.992661
210.363083
210.724121
211.075790
211.418076
211.750977
212.074509
212.388657
212.693436
212.988831
213.274857
213.551483
213.818756
214.076630
214.325150
214.564270
214.794022
215.014404
215.225403
215.427017
215.619263
215.802124
215.975601
216.139725
216.294449
216.439804
216.575790
216.702393
216.819611
216.927444
217.025909
217.115005
217.194702
217.265045
217.325989
217.377579
217.419769
217.452606
217.476044
217.490112
217.494797
0.000000
2.193377
4.282526
6.267446
8.148138
9.924602
11.596838
13.164845
14.674020
16.169744
17.652029
19.120865
20.576260
22.018206
23.446709
24.861765
26.263380
27.651550
29.026270
30.387550
31.735384
33.069771
34.390717
35.698219
36.992275
38.272884
39.540047
40.793766
42.034042
43.260876
44.474258
45.674202
46.860695
48.033749
49.193352
50.343040
51.491421
52.638889
53.785450
54.931095
56.075829
57.219650
58.362560
59.504559
60.645645
61.785820
62.925079
64.063431
65.200867
66.337395
67.473007
68.607712
69.741501
70.874374
72.006340
73.137398
74.267532
75.396767
76.525085
77.652489
78.778984
79.904556
81.029892
82.158836
83.292053
84.429550
85.571312
86.717354
87.867661
89.022255
90.181114
91.344254
92.511665
93.683357
94.859322
96.039551
97.224060
98.412842
99.605904
100.803230
102.004845
103.210724
104.420876
105.635307
106.854004
108.076988
109.304237
110.535767
111.771568
113.011269
114.246964
115.475388
116.696548
117.910439
119.117065
120.316414
121.508514
122.693336
123.870888
125.041183
126.204201
127.359955
128.508453
129.649673
130.783630
131.910324
133.029739
134.141891
135.246765
136.344391
137.434738
138.517822
139.593643
140.662186
141.723495
142.777512
143.824265
144.863617
145.895477
146.919846
147.936691
148.946030
149.947876
150.942215
151.929062
152.908386
153.880203
154.844528
155.801331
156.750641
157.692459
158.626755
159.553558
160.472855
161.384659
162.288925
163.185715
164.074982
164.956757
165.831024
166.697784
167.557037
168.408798
169.253052
170.089798
170.919037
171.740768
172.555008
173.361725
174.160950
174.952667
175.736893
176.513596
177.282806
178.044495
178.798691
179.545380
180.284576
181.016266
181.740433
182.457123
183.166290
183.867935
184.562119
185.248764
185.927917
186.599564
187.263702
187.920349
188.569473
189.211105
189.845230
190.471863
191.090973
191.702591
192.306686
192.903290
193.492401
194.073975
194.648087
195.214645
195.773727
196.325317
196.869385
197.405945
197.935013
198.456573
198.970627
199.477188
199.976212
200.467758
200.951813
201.428345
201.897369
202.358887
202.812897
203.259430
203.698441
204.129929
204.553940
204.970428
205.379425
205.780914
206.174896
206.561371
206.940353
207.311813
207.675797
208.032242
208.381195
208.722641
209.056610
209.383057
209.701996
210.013428
210.317352
210.613754
210.902695
211.184097
211.458008
211.724426
211.983322
212.234726
212.478622
212.715012
212.943893
213.165283
213.379166
213.585541
213.784409
213.975754
214.159622
214.335983
214.504807
214.666168
214.820007
214.966354
215.105179
215.236496
215.360336
215.476654
215.585480
215.686768
215.780579
215.866867
215.945663
216.016968
216.080750
216.137039
216.185806
216.227097
216.260864
216.287125
216.305893
216.317154
216.320908
