0.953550
0.023225
0.023225
0.023225
0.953550
0.023225
0.023225
0.023225
0.953550
0.000000
0.900813
1.806819
2.718018
3.634411
4.555997
5.482777
6.414750
7.351917
8.294276
9.241831
10.194577
11.152518
12.115651
13.083979
14.057500
15.036215
16.020123
17.009224
18.003517
19.003006
20.007689
21.017563
22.032631
23.052893
24.078346
25.108995
26.144838
27.185873
28.228554
29.269333
30.308210
31.345184
32.380260
33.413425
34.444695
35.474060
36.501526
37.527088
38.550747
39.572506
40.592361
41.610313
42.626362
43.640514
44.652760
45.663105
46.671547
47.678089
48.682724
49.685463
50.686295
51.685230
52.682255
53.677383
54.670609
55.661934
56.651352
57.638870
58.624485
59.608200
60.590012
61.569920
62.547928
63.524033
64.498238
65.470543
66.440941
67.409431
68.376030
69.340721
70.303513
71.264404
72.223389
73.180473
74.135651
75.088936
76.040314
76.989784
77.937363
78.883026
79.826797
80.770622
81.716469
82.664330
83.614212
84.566109
85.520027
86.475960
87.433907
88.393883
89.355865
90.319870
91.285896
92.253937
93.223991
94.196068
95.170166
96.146278
97.124413
98.104553
99.086723
100.070908
101.057114
102.045334
103.035568
104.027824
105.022102
106.018394
107.016701
108.017021
109.019371
110.023735
111.030121
112.038513
113.048935
114.061371
115.075821
116.092293
117.110779
118.131287
119.153809
120.178352
121.204910
122.233490
123.264084
124.296700
125.331337
126.367981
127.406647
128.447342
129.490036
130.534760
131.581497
132.630249
133.679291
134.726913
135.773117
136.817886
137.861237
138.903152
139.943649
140.982727
142.020355
143.056580
144.091370
145.124725
146.156662
147.187180
148.216278
149.243927
150.270157
151.294968
152.318359
153.340302
154.360840
155.379944
156.397614
157.413864
158.428680
159.442093
160.454056
161.464600
162.473724
163.481415
164.487671
165.492523
166.495941
167.497910
168.498474
169.497620
170.495331
171.491608
172.486465
173.479904
174.471893
175.462479
176.451630
177.439346
178.425659
179.410538
180.393982
181.376007
182.356598
183.335754
184.313507
185.289825
186.264709
187.239014
188.213531
189.188278
190.163239
191.138443
192.113846
193.089493
194.065353
195.041473
196.017792
196.994339
197.971115
198.948105
199.925323
200.902771
201.880463
202.858368
203.836487
204.814850
205.793411
206.772232
207.751251
208.730499
209.709991
210.689697
211.669632
212.649796
213.630173
214.610794
215.591629
216.572693
217.553986
218.535492
219.517227
220.499191
221.481384
222.463806
223.446442
224.429321
225.412415
226.395737
227.379288
228.363052
229.347061
230.331268
231.315720
232.300400
233.285294
234.270432
235.255768
236.241348
237.227158
238.213181
239.205994
240.212143
241.231598
242.264389
243.310516
244.369980
245.442764
246.528885
247.628342
248.741135
249.867233
251.006668
252.159439
253.325546
254.504974
0.000000
0.989838
1.980456
2.971853
3.964031
4.956988
5.950725
6.945242
7.940540
8.936617
9.933474
10.931110
11.929526
12.928722
13.928699
14.929454
15.930991
16.933308
17.936401
18.940277
19.944935
20.950367
21.956585
22.963579
23.971354
24.979910
25.989243
26.999357
28.010250
29.021925
30.034378
31.047613
32.061626
33.076424
34.091995
35.108349
36.125481
37.143394
38.160740
39.176170
40.189686
41.201286
42.210972
43.218742
44.224602
45.228539
46.230564
47.230675
48.228874
49.225155
50.219521
51.211967
52.202503
53.191128
54.177830
55.162621
56.145500
57.126453
58.105503
59.082630
60.057846
61.031147
62.002529
62.972004
63.939556
64.905197
65.868919
66.830727
67.790627
68.748611
69.704674
70.658821
71.611053
72.561378
73.509773
74.456276
75.400841
76.343506
77.284248
78.223083
79.159996
80.094994
81.028084
81.959244
82.888504
83.815842
84.741272
85.664780
86.586372
87.506226
88.428162
89.353745
90.282990
91.215881
92.152420
93.092613
94.036453
94.983948
95.935089
96.889877
97.848320
98.810417
99.776154
100.745552
101.718597
102.695290
103.675636
104.659630
105.647270
106.638573
107.633522
108.632111
109.634361
110.640259
111.649803
112.663002
113.679855
114.700356
115.724510
116.752304
117.783752
118.818855
119.857605
120.900009
121.946060
122.995766
124.049118
125.106117
126.166771
127.231079
128.299042
129.370636
130.445892
131.524811
132.607346
133.693558
134.783417
135.876923
136.974075
138.074890
139.179337
140.286728
141.392715
142.496552
143.598251
144.697830
145.795273
146.890579
147.983749
149.074783
150.163681
151.250458
152.335098
153.417603
154.497971
155.576202
156.652313
157.726288
158.798111
159.867813
160.935379
162.000809
163.064117
164.125290
165.184311
166.241211
167.295975
168.348618
169.399109
170.447464
171.493698
172.537796
173.579758
174.619598
175.657272
176.692841
177.726288
178.757584
179.786728
180.813751
181.838654
182.861404
183.882034
184.900528
185.916885
186.931107
187.943192
188.953156
189.960968
190.966660
191.970215
192.971649
193.970932
194.968140
195.963455
196.956818
197.948303
198.937836
199.925476
200.911209
201.895020
202.876923
203.856903
204.834976
205.811142
206.785370
207.757706
208.728119
209.696625
210.663223
211.627884
212.590637
213.551483
214.510437
215.467453
216.422562
217.375748
218.327026
219.276382
220.223846
221.169388
222.112991
223.054703
223.994507
224.932373
225.868347
226.802414
227.734543
228.664764
229.593094
230.519485
231.443970
232.366531
233.287201
234.205933
235.122772
236.037674
236.950699
237.861786
238.770950
239.678223
240.583557
241.486984
242.388504
243.288116
244.202911
245.149933
246.129211
247.140732
248.184509
249.260513
250.368790
251.509323
252.682098
253.887115
255.000000
0.000000
1.010660
2.022011
3.034053
4.046785
5.060208
6.074323
7.089128
8.104624
9.120811
10.137688
11.155257
12.173516
13.192467
14.212108
15.232438
16.253462
17.275175
18.297581
19.320677
20.344460
21.368938
22.394108
23.419964
24.446514
25.473753
26.501686
27.529661
28.557051
29.583849
30.610054
31.635668
32.660690
33.685120
34.708961
35.732208
36.754864
37.776928
38.798405
39.819283
40.839573
41.859268
42.878372
43.896893
44.914814
45.932148
46.948887
47.965031
48.980595
49.995560
51.009930
52.023716
53.036900
54.049500
55.061512
56.072922
57.083752
58.093979
59.103622
60.112671
61.121128
62.128990
63.136269
64.142944
65.149048
66.154541
67.159454
68.163765
69.167488
70.170624
71.173164
72.175117
73.176476
74.177238
75.177414
76.177002
77.175987
78.174393
79.172295
80.171753
81.173592
82.177826
83.184456
84.193466
85.204872
86.218674
87.234863
88.253433
89.274399
90.297760
91.323509
92.351654
93.382179
94.415100
95.450409
96.488106
97.528206
98.570686
99.615562
100.662827
101.712471
102.764511
103.818954
104.875778
105.934998
106.996597
108.060593
109.126984
110.195763
111.266922
112.340485
113.416435
114.494774
115.575500
116.658623
117.744133
118.832031
119.922325
121.015007
122.110077
123.207542
124.307396
125.409637
126.514275
127.621307
128.730728
129.842529
130.956726
132.073318
133.192276
134.312881
135.430420
136.544159
137.654053
138.760132
139.862396
140.960846
142.055450
143.146255
144.233215
145.316376
146.395706
147.471207
148.542908
149.610764
150.674820
151.735046
152.791443
153.844025
154.892792
155.937714
156.978851
158.016129
159.049622
160.079269
161.105087
162.127106
163.145294
164.159653
165.170212
166.176926
167.179825
168.178909
169.174179
170.165619
171.153229
172.137024
173.116989
174.093140
175.065475
176.033981
176.998672
177.959534
178.916595
179.869797
180.819214
181.764801
182.706543
183.644485
184.578598
185.508881
186.435349
187.359192
188.283264
189.207748
190.132599
191.057816
191.983459
192.909454
193.835815
194.762589
195.689743
196.617279
197.545181
198.473480
199.402161
200.331207
201.260666
202.190491
203.120697
204.051300
204.982269
205.913620
206.845367
207.777481
208.710007
209.642899
210.576157
211.509811
212.443863
213.378281
214.313095
215.248260
216.183838
217.119797
218.056137
218.992859
219.929947
220.867432
221.805298
222.743561
223.682190
224.621201
225.560608
226.500397
227.440552
228.381088
229.322021
230.263336
231.205032
232.147110
233.089584
234.032425
234.975647
235.912048
236.834259
237.742355
238.636322
239.516144
240.381851
241.233429
242.070877
242.894180
243.703369
244.498413
245.279343
246.046127
246.798798
247.537323
248.261719
248.971985
249.668121
250.350143
251.018021
251.671768
252.311386
