0.968348
0.015826
0.015826
0.015826
0.968348
0.015826
0.015826
0.015826
0.968348
0.000000
1.185638
2.362574
3.530807
4.690340
5.841169
6.983296
8.116722
9.241446
10.357466
11.464786
12.563402
13.653318
14.734531
15.807042
16.870852
17.929649
18.987137
20.043310
21.098171
22.151716
23.203949
24.254866
25.304470
26.352764
27.399738
28.445402
29.489750
30.532787
31.574509
32.614914
33.654011
34.691792
35.728260
36.763412
37.797249
38.829773
39.860985
40.890884
41.919472
42.946739
43.972694
44.997337
46.020668
47.042683
48.063385
49.082771
50.100845
51.117607
52.133049
53.147186
54.160007
55.171513
56.181702
57.190578
58.198139
59.204388
60.209328
61.212952
62.215256
63.216251
64.215942
65.214294
66.211357
67.207092
68.201523
69.194626
70.186432
71.176918
72.166084
73.153938
74.140480
75.125710
76.109627
77.092239
78.073547
79.053543
80.032234
81.009621
81.985718
82.960503
83.933983
84.906174
85.877052
86.846626
87.814896
88.781868
89.747543
90.711906
91.674973
92.636734
93.597198
94.556351
95.514214
96.470757
97.426010
98.379959
99.332603
100.283943
101.233986
102.182724
103.130157
104.076294
105.021118
105.964645
106.906868
107.847794
108.787415
109.725739
110.662750
111.598465
112.532875
113.465988
114.397789
115.328285
116.257484
117.185387
118.111984
119.037277
119.961266
120.883949
121.805336
122.725418
123.644196
124.561676
125.477852
126.392723
127.306297
128.218552
129.129532
130.039185
130.947556
131.854614
132.762115
133.671875
134.583862
135.498093
136.414551
137.333252
138.254181
139.177353
140.102753
141.030396
141.960251
142.892349
143.826691
144.763260
145.702072
146.643112
147.586395
148.531906
149.479660
150.429642
151.381851
152.336304
153.292984
154.251907
155.213058
156.176453
157.142075
158.109924
159.080017
160.052338
161.026901
162.003693
162.982742
163.964005
164.947495
165.933243
166.921204
167.911407
168.903839
169.898514
170.895416
171.894562
172.895935
173.899551
174.905396
175.913483
176.923798
177.936340
178.951126
179.968124
180.987396
182.008881
183.032593
184.058548
185.086746
186.117172
187.149841
188.184723
189.221512
190.258179
191.294373
192.330078
193.365326
194.400101
195.434418
196.468246
197.501602
198.534500
199.566925
200.598862
201.630356
202.661362
203.691895
204.721970
205.751572
206.780701
207.809341
208.837540
209.865250
210.892487
211.919266
212.945557
213.971405
214.996750
216.021652
217.046066
218.070007
219.093491
220.116501
221.139023
222.161102
223.182693
224.203827
225.224472
226.244659
227.264374
228.283600
229.302368
230.320679
231.338501
232.355865
233.372742
234.389160
235.405106
236.420578
237.435577
238.450119
239.464188
240.477783
241.490906
242.503555
243.515732
244.527420
245.538681
246.549438
247.559723
248.569565
249.584442
250.609879
251.645874
252.692444
253.749557
254.817245
0.000000
0.000000
0.990365
2.152270
3.308563
4.459247
5.604319
6.743781
7.877632
9.005873
10.128501
11.245521
12.356927
13.462724
14.562910
15.657484
16.746450
17.829802
18.907545
19.979677
21.046198
22.107107
23.162407
24.212095
25.256174
26.294641
27.327497
28.357042
29.385582
30.413118
31.439646
32.465168
33.489681
34.513191
35.535694
36.557190
37.577679
38.597160
39.615635
40.633106
41.649570
42.665024
43.679478
44.692917
45.705353
46.716782
47.727211
48.736626
49.745037
50.752445
51.758839
52.764236
53.768620
54.771996
55.774368
56.775734
57.776093
58.775444
59.773792
60.771126
61.767460
62.762787
63.757107
64.750427
65.742737
66.734032
67.724327
68.713615
69.701897
70.689163
71.675430
72.660698
73.644958
74.628204
75.610443
76.591675
77.571907
78.551132
79.529343
80.506554
81.482750
82.457947
83.432144
84.406136
85.380722
86.355888
87.331665
88.308029
89.284996
90.262550
91.240715
92.219460
93.198807
94.178749
95.159286
96.140419
97.122147
98.104485
99.087395
100.070915
101.055031
102.039742
103.025040
104.010948
104.997437
105.984528
106.972214
107.960495
108.949379
109.938858
110.928925
111.919586
112.910851
113.902710
114.895164
115.888222
116.881866
117.876106
118.870934
119.866371
120.862396
121.859024
122.856239
123.854057
124.852470
125.851471
126.851074
127.851280
128.852081
129.853455
130.855453
131.858032
132.861206
133.864975
134.869354
135.874313
136.879868
137.886032
138.892776
139.899933
140.907379
141.915085
142.923050
143.931290
144.939774
145.948532
146.957550
147.966843
148.976364
149.986191
150.996246
152.006592
153.017181
154.028030
155.039154
156.050537
157.062180
158.074097
159.086258
160.098694
161.111404
162.124344
163.137573
164.151062
165.164810
166.178818
167.193100
168.207626
169.222412
170.237473
171.252792
172.268387
173.284225
174.300354
175.316727
176.333359
177.350250
178.367416
179.384842
180.402527
181.420471
182.438690
183.457169
184.475906
185.494888
186.514160
187.533676
188.553467
189.573532
190.593842
191.614410
192.635254
193.656357
194.677719
195.699341
196.720352
197.739807
198.757706
199.774094
200.788940
201.802246
202.814026
203.824249
204.832947
205.840118
206.845749
207.849838
208.852386
209.853409
210.852875
211.850830
212.847229
213.842102
214.835434
215.827240
216.817505
217.806229
218.793411
219.779068
220.763184
221.745758
222.726807
223.706314
224.684280
225.660721
226.635620
227.608994
228.580811
229.551086
230.519852
231.487076
232.452759
233.416901
234.379517
235.340576
236.300110
237.258118
238.214569
239.169495
240.122879
241.074738
242.025070
242.973846
243.921082
244.866791
245.810974
246.753586
247.694687
248.634262
249.572281
250.508774
251.442215
252.371094
253.295395
254.215149
255.000000
0.000000
1.177557
2.347699
3.510427
4.665741
5.813641
6.954125
8.087196
9.212853
10.331096
11.441924
12.545338
13.641337
14.729923
15.811093
16.884850
17.954657
19.023977
20.092817
21.161171
22.229040
23.296427
24.363327
25.429745
26.495678
27.561125
28.626091
29.690569
30.754566
31.818075
32.881104
33.943645
35.005707
36.067276
37.128365
38.188972
39.249092
40.308731
41.367882
42.426548
43.484730
44.542435
45.599644
46.656380
47.712627
48.768383
49.823662
50.878448
51.932762
52.986591
54.039932
55.092789
56.145157
57.197048
58.248451
59.299366
60.349804
61.399750
62.449215
63.498203
64.546692
65.594711
66.642235
67.689278
68.735840
69.781921
70.827507
71.872612
72.917236
73.961372
75.005028
76.048203
77.090843
78.132210
79.171997
80.210190
81.246796
82.281815
83.315231
84.347069
85.377312
86.405975
87.433037
88.458519
89.482399
90.504700
91.525406
92.544525
93.562057
94.578003
95.592354
96.605118
97.616287
98.625870
99.633858
100.640266
101.645081
102.648308
103.649940
104.649986
105.648445
106.645309
107.640594
108.634277
109.626381
110.616890
111.605812
112.593140
113.578888
114.563034
115.545601
116.526566
117.505959
118.483749
119.459953
120.434570
121.407593
122.379028
123.348877
124.317131
125.283806
126.248878
127.212372
128.174271
129.134583
130.093307
131.050446
132.005966
132.959930
133.912689
134.866638
135.822144
136.779236
137.737900
138.698135
139.659958
140.623352
141.588318
142.554855
143.522980
144.492676
145.463943
146.436783
147.411209
148.387207
149.364777
150.343918
151.324631
152.306946
153.290817
154.276245
155.263290
156.251877
157.242050
158.233795
159.227127
160.222031
161.218506
162.216568
163.216187
164.217377
165.220169
166.224518
167.230453
168.237946
169.247040
170.257690
171.269928
172.283722
173.299103
174.316071
175.334595
176.354706
177.376404
178.399658
179.424484
180.450897
181.478882
182.508453
183.539581
184.572296
185.606583
186.642441
187.679901
188.718903
189.759491
190.800323
191.838211
192.872971
193.904633
194.933167
195.958618
196.980942
198.000137
199.016251
200.029236
201.039108
202.045868
203.049515
204.050064
205.047501
206.041809
207.033035
208.021118
209.006104
209.987976
210.966736
211.942383
212.914917
213.884338
214.850662
215.813858
216.773941
217.730927
218.684784
219.635544
220.583176
221.527725
222.469131
223.407440
224.342636
225.274734
226.203690
227.129562
228.052307
228.971939
229.888474
230.801895
231.712189
232.619385
233.523468
234.424423
235.322281
236.217026
237.108658
237.997177
238.882584
239.764877
240.644073
241.520142
242.393097
243.262955
244.129700
244.985809
245.823730
246.643509
247.445114
248.228531
248.993820
249.740906
250.469833
251.180618
251.873215
252.547638
253.203903
253.842010
