0.981338
0.009331
0.009331
0.009331
0.981338
0.009331
0.009331
0.009331
0.981338
0.000000
1.264515
2.502535
3.714060
4.899090
6.057625
7.189666
8.295211
9.374261
10.426816
11.452878
12.465776
13.478854
14.492109
15.505541
16.519150
17.532936
18.546896
19.561035
20.575350
21.589846
22.604511
23.619358
24.634382
25.649582
26.664957
27.680508
28.696239
29.712145
30.728230
31.744488
32.760925
33.777542
34.794334
35.811298
36.828445
37.845764
38.863258
39.880936
40.898785
41.916817
42.935017
43.953400
44.971954
45.990692
47.009602
48.028694
49.047958
50.067406
51.087021
52.106819
53.126755
54.146145
55.164703
56.182434
57.199322
58.215385
59.230610
60.245007
61.258568
62.271294
63.283192
64.294250
65.304482
66.313881
67.322449
68.330177
69.337067
70.343132
71.348366
72.352768
73.356331
74.359070
75.360970
76.362030
77.362267
78.361664
79.360237
80.357971
81.354874
82.350945
83.346184
84.340591
85.334160
86.326889
87.318794
88.309875
89.300102
90.289513
91.278084
92.265831
93.252731
94.238998
95.225777
96.213264
97.201447
98.190323
99.179916
100.170204
101.161194
102.152901
103.145294
104.138397
105.132195
106.126709
107.121918
108.117836
109.114449
110.111771
111.109795
112.108513
113.107941
114.108078
115.108902
116.110435
117.112679
118.115616
119.119263
120.123611
121.128654
122.134407
123.140862
124.148018
125.155884
126.164444
127.173714
128.183670
129.194351
130.205734
131.217819
132.230576
133.244064
134.258255
135.273056
136.288300
137.303955
138.320038
139.336548
140.353470
141.370819
142.388580
143.406769
144.425369
145.444397
146.463852
147.483719
148.504013
149.524734
150.545853
151.567429
152.589386
153.611786
154.634598
155.657837
156.681503
157.705582
158.730087
159.755005
160.780350
161.806107
162.832291
163.858902
164.885925
165.913391
166.941238
167.969528
168.998245
170.027374
171.056931
172.086899
173.117294
174.148117
175.179352
176.211014
177.237640
178.253830
179.259552
180.254791
181.239594
182.213913
183.177795
184.131195
185.074142
186.006622
186.928650
187.840210
188.741318
189.631958
190.512131
191.381836
192.241089
193.089890
193.928223
194.756104
195.573502
196.380447
197.176941
197.962967
198.738525
199.503632
200.258286
201.002457
201.736176
202.459427
203.172226
203.874557
204.566437
205.247833
205.918793
206.579285
207.229309
207.868881
208.497971
209.116623
209.724808
210.322525
210.909775
211.486588
212.052933
212.608810
213.154221
213.689163
214.213654
214.727676
215.231262
215.724365
216.207001
216.679184
217.140915
217.592178
218.032974
218.463303
218.883179
219.292603
219.691544
220.080048
220.458069
220.825653
221.182755
221.529404
221.865601
222.191315
222.506577
222.811386
223.105728
223.389587
223.663025
223.925964
224.178467
224.420502
224.652069
224.873184
225.083847
225.284012
225.473740
225.653000
0.000000
0.881755
1.778920
2.691497
3.619484
4.562881
5.521690
6.495909
7.485540
8.490582
9.511032
10.546896
11.598168
12.664852
13.746948
14.844454
15.957371
17.076078
18.190968
19.302034
20.409279
21.512701
22.612301
23.708080
24.800037
25.888170
26.972485
28.052973
29.129641
30.202486
31.271511
32.336712
33.398090
34.455647
35.509384
36.559296
37.605389
38.647659
39.686104
40.720726
41.751530
42.778507
43.801670
44.821003
45.836517
46.848209
47.856079
48.860130
49.860355
50.856758
51.849342
52.838104
53.823040
54.804153
55.781448
56.754917
57.725689
58.696487
59.667442
60.638554
61.609814
62.581234
63.552807
64.524536
65.496414
66.468460
67.440651
68.413002
69.385498
70.358162
71.330971
72.303940
73.277069
74.250343
75.223778
76.197372
77.171104
78.145012
79.119064
80.093269
81.067642
82.042160
83.016830
83.991661
84.966637
85.941780
86.917068
87.892525
88.868126
89.843887
90.819794
91.795860
92.772079
93.748466
94.724998
95.701759
96.679253
97.657547
98.636650
99.616547
100.597260
101.578781
102.561096
103.544212
104.528145
105.512878
106.498413
107.484749
108.471901
109.459846
110.448601
111.438156
112.428520
113.419678
114.411652
115.404427
116.398003
117.392387
118.387573
119.383568
120.380363
121.377960
122.376366
123.375572
124.375587
125.376404
126.378029
127.380447
128.383682
129.387711
130.392563
131.398193
132.404633
133.411911
134.419952
135.428177
136.436356
137.444504
138.452621
139.460678
140.468704
141.476700
142.484650
143.492554
144.500412
145.508240
146.516022
147.523758
148.531464
149.539124
150.546753
151.554321
152.561874
153.569366
154.576828
155.584244
156.591629
157.598969
158.606262
159.613525
160.620743
161.627914
162.635056
163.642151
164.649216
165.656219
166.663193
167.670135
168.677017
169.683884
170.690704
171.697464
172.704193
173.710907
174.711426
175.699677
176.675674
177.639374
178.590790
179.529953
180.456833
181.371429
182.273743
183.163788
184.041565
184.907043
185.760269
186.601212
187.429871
188.246262
189.050369
189.842209
190.621750
191.389038
192.144043
192.886765
193.617218
194.335403
195.041306
195.734909
196.416260
197.085327
197.742126
198.386642
199.018875
199.638840
200.246521
200.841934
201.425064
201.995926
202.554504
203.100800
203.634842
204.156586
204.666061
205.163254
205.648193
206.120819
206.581192
207.029282
207.465103
207.888641
208.299896
208.698898
209.085602
209.460037
209.822189
210.172073
210.509674
210.835007
211.148041
211.448822
211.737320
212.013550
212.277481
212.529160
212.768555
212.995651
213.210495
213.413055
213.603348
213.781357
213.947098
214.100540
214.241714
214.370636
214.487259
214.591599
214.683670
214.763474
214.831009
214.886230
214.929199
214.959900
214.978317
214.984451
0.000000
1.395017
2.739347
4.032989
5.275946
6.468215
7.609797
8.700693
9.740903
10.756824
11.774858
12.795004
13.817264
14.841634
15.868117
16.896713
17.927423
18.960241
19.995176
21.032221
22.071379
23.112650
24.156031
25.201525
26.249132
27.298853
28.350683
29.404627
30.460686
31.518854
32.579136
33.641529
34.706036
35.772655
36.841385
37.912231
38.985188
40.060253
41.137432
42.216728
43.298130
44.381645
45.467274
46.555016
47.643288
48.730507
49.816681
50.901794
51.985863
53.068871
54.150833
55.231743
56.311600
57.390404
58.468159
59.544857
60.620510
61.695107
62.768654
63.841148
64.912582
65.982979
67.052315
68.120598
69.187836
70.254021
71.319145
72.383224
73.446259
74.508224
75.569153
76.629021
77.687843
78.745605
79.802322
80.857986
81.912598
82.966164
84.018677
85.068962
86.115875
87.159393
88.199539
89.236298
90.269676
91.299667
92.326286
93.349518
94.369362
95.385826
96.398903
97.408607
98.414925
99.417854
100.417412
101.413582
102.406364
103.395767
104.381790
105.364433
106.343689
107.319557
108.292053
109.261162
110.226891
111.189224
112.148186
113.103767
114.055954
115.004776
115.950203
116.892250
117.830917
118.766197
119.702095
120.642639
121.587807
122.537605
123.492035
124.451096
125.414795
126.383118
127.356079
128.333679
129.315887
130.302750
131.294220
132.290344
133.291092
134.296463
135.306473
136.321121
137.340378
138.364288
139.392822
140.425995
141.463791
142.506210
143.553284
144.604965
145.661285
146.722260
147.787842
148.858063
149.932907
151.012375
152.096512
153.185242
154.278625
155.369217
156.449539
157.519623
158.579468
159.629089
160.668472
161.697586
162.716476
163.725128
164.723541
165.711716
166.689636
167.657333
168.614777
169.561996
170.498962
171.425705
172.342178
173.248428
174.144440
175.030228
175.905746
176.771027
177.626083
178.470886
179.305466
180.129791
180.943878
181.747726
182.541336
183.324707
184.097824
184.860718
185.613373
186.355774
187.087952
187.809875
188.521561
189.223007
189.914200
190.595184
191.265900
191.926392
192.576645
193.216660
193.846420
194.465927
195.075226
195.674271
196.263092
196.841644
197.409973
197.968048
198.515915
199.053497
199.580872
200.097992
200.604889
201.101532
201.587936
202.064102
202.530014
202.985718
203.431152
203.866364
204.291321
204.706055
205.110535
205.504761
205.888779
206.262543
206.626068
206.979340
207.322388
207.655197
207.977768
208.290085
208.592163
208.884003
209.165619
209.436981
209.698105
209.948975
210.189606
210.420029
210.640198
210.850113
211.049789
211.239227
211.418442
211.587387
211.746109
211.894592
212.032837
212.160828
212.278595
212.386124
212.483398
212.570450
212.647247
212.713806
212.770126
212.816193
212.852036
212.877655
212.893005
212.898117
