0.983079
0.008460
0.008460
0.008460
0.983079
0.008460
0.008460
0.008460
0.983079
0.000000
0.000000
0.000000
0.963762
2.071471
3.174988
4.274312
5.369443
6.460383
7.547131
8.629685
9.708048
10.782220
11.852197
12.917982
13.979578
15.036980
16.090187
17.139204
18.184029
19.224659
20.261101
21.293348
22.321402
23.345264
24.364939
25.380415
26.391701
27.398796
28.401697
29.400406
30.394924
31.385250
32.371387
33.353321
34.331074
35.304626
36.273991
37.239166
38.200146
39.156929
40.109520
41.057926
42.002132
42.942150
43.877979
44.809608
45.737049
46.660301
47.579357
48.494217
49.408035
50.323917
51.241879
52.161911
53.084023
54.008209
54.934471
55.862812
56.793228
57.725719
58.660286
59.596928
60.535652
61.476448
62.419323
63.364273
64.311295
65.260399
66.211578
67.164833
68.120163
69.077568
70.037048
70.998611
71.962242
72.927948
73.895744
74.865601
75.837547
76.811562
77.787666
78.765823
79.746071
80.728386
81.712791
82.699265
83.687813
84.678444
85.671135
86.665916
87.662773
88.661705
89.662712
90.665794
91.670944
92.678200
93.687500
94.698891
95.712357
96.727898
97.744934
98.762093
99.779289
100.796524
101.813812
102.831139
103.848511
104.865929
105.883385
106.900894
107.918442
108.936035
109.953674
110.971359
111.989082
113.006851
114.024658
115.042519
116.060425
117.078377
118.096367
119.114395
120.132469
121.150597
122.168762
123.186974
124.205231
125.223526
126.241867
127.260254
128.278687
129.297165
130.315674
131.334244
132.352859
133.371506
134.390198
135.408936
136.427734
137.446548
138.465424
139.484344
140.503296
141.522293
142.541351
143.560440
144.579575
145.598770
146.617996
147.637253
148.656403
149.674423
150.691162
151.706619
152.720779
153.733643
154.745239
155.755524
156.764542
157.772263
158.778687
159.783829
160.787689
161.790253
162.791534
163.791534
164.790222
165.787643
166.783783
167.778610
168.772171
169.764435
170.755402
171.745087
172.733490
173.720596
174.706421
175.690964
176.674210
177.656158
178.636841
179.616211
180.594315
181.571121
182.546631
183.520859
184.493805
185.465469
186.435822
187.404892
188.372681
189.339188
190.304398
191.268326
192.230972
193.192307
194.152374
195.111145
196.068634
197.024826
197.979904
198.937286
199.898422
200.863297
201.831924
202.804291
203.780396
204.760239
205.743820
206.731140
207.722229
208.717026
209.715576
210.717880
211.723907
212.733704
213.747223
214.764481
215.785477
216.810242
217.838730
218.870956
219.906937
220.946640
221.990112
223.037308
224.088242
225.142914
226.201340
227.263504
228.329422
229.399078
230.472473
231.549606
232.630478
233.715088
234.803467
235.895569
236.991394
238.091003
239.194321
240.301392
241.412201
242.526764
243.645050
244.767090
245.892868
247.022385
248.155655
249.292664
250.433411
251.497940
252.406433
253.158813
253.755112
0.000000
0.302237
1.506234
2.704008
3.895559
5.080884
6.259987
7.432865
8.599521
9.759952
10.914160
12.062144
13.203903
14.339439
15.468754
16.591841
17.708706
18.819349
19.923763
21.021957
22.113930
23.199675
24.279196
25.352495
26.419571
27.480421
28.535049
29.583454
30.625631
31.661589
32.691322
33.714828
34.732117
35.743176
36.751469
37.760464
38.770153
39.780537
40.791622
41.803394
42.815876
43.829044
44.842911
45.857475
46.872734
47.888687
48.905342
49.922688
50.940731
51.959473
52.978909
53.999039
55.019871
56.041397
57.063618
58.086533
59.110146
60.134457
61.159462
62.185165
63.211563
64.238655
65.266449
66.294937
67.324120
68.354004
69.384583
70.415848
71.447807
72.480476
73.513832
74.547897
75.582649
76.618103
77.654243
78.691086
79.728615
80.766853
81.805786
82.845413
83.885735
84.926750
85.968475
87.010880
88.053986
89.097786
90.142288
91.187477
92.233376
93.279701
94.325775
95.371574
96.417107
97.462364
98.507347
99.552055
100.596504
101.640671
102.684563
103.728195
104.771545
105.814621
106.857430
107.899971
108.942238
109.984222
111.025948
112.067390
113.108566
114.149467
115.190102
116.230461
117.270546
118.310364
119.349899
120.389168
121.428169
122.466896
123.505348
124.543533
125.581436
126.619080
127.656448
128.693527
129.730362
130.766907
131.803177
132.839188
133.874924
134.910385
135.945557
136.980469
138.015121
139.049500
140.083588
141.117401
142.150986
143.184250
144.217270
145.250000
146.282471
147.314667
148.346588
149.378220
150.409332
151.438217
152.464584
153.488464
154.509827
155.528717
156.545074
157.558960
158.570328
159.579193
160.585556
161.589417
162.590790
163.589645
164.586014
165.579865
166.571243
167.560089
168.546448
169.530304
170.511658
171.490509
172.466858
173.440720
174.412064
175.380920
176.347275
177.311111
178.272461
179.231308
180.187653
181.141510
182.092850
183.041702
183.988037
184.931885
185.873215
186.812057
187.748383
188.682220
189.613571
190.542389
191.468719
192.392548
193.313889
194.232712
195.149048
196.062866
196.974197
197.883011
198.789337
199.693176
200.594482
201.493301
202.389633
203.283539
204.177475
205.072403
205.968292
206.865189
207.763062
208.661926
209.561783
210.462601
211.364441
212.267227
213.171021
214.075806
214.981567
215.888306
216.796051
217.704758
218.614471
219.525162
220.436844
221.349503
222.263153
223.177780
224.093399
225.010010
225.927612
226.846191
227.765732
228.686295
229.607834
230.530350
231.453842
232.378357
233.303833
234.230286
235.157745
236.086182
237.015594
237.945999
238.877411
239.809784
240.743134
241.677490
242.612839
243.549149
244.486450
245.424759
246.364029
247.304291
248.245544
249.187790
250.130997
251.075211
252.020416
252.966599
253.913742
254.969589
0.000000
0.971895
1.946545
2.923952
3.904116
4.887035
5.872712
6.861144
7.852333
8.846278
9.842978
10.842436
11.844649
12.849620
13.857347
14.867829
15.881068
16.897064
17.915815
18.937321
19.961586
20.988607
22.018383
23.050917
24.086206
25.124252
26.165052
27.208611
28.254927
29.303993
30.355822
31.410406
32.467751
33.527843
34.590694
35.654865
36.718941
37.782913
38.846775
39.910538
40.974194
42.037750
43.101192
44.164539
45.227779
46.290916
47.353947
48.416874
49.479698
50.542419
51.605030
52.667545
53.729946
54.792248
55.854450
56.916542
57.978527
59.040413
60.102196
61.163872
62.225445
63.286911
64.348274
65.409531
66.470688
67.531738
68.592690
69.653534
70.714264
71.774895
72.835434
73.895859
74.956177
76.016396
77.076508
78.136513
79.196419
80.256226
81.315910
82.375504
83.434998
84.494377
85.553658
86.612823
87.671906
88.730873
89.789726
90.848488
91.907143
92.965706
94.024147
95.082489
96.140717
97.198845
98.256866
99.314789
100.372604
101.430313
102.487907
103.545410
104.602798
105.660095
106.717270
107.774345
108.831322
109.888191
110.944946
112.001602
113.058159
114.114601
115.170944
116.227180
117.283318
118.339348
119.395264
120.451080
121.506798
122.562393
123.617889
124.673286
125.728584
126.783768
127.838852
128.893829
129.948685
131.003464
132.058121
133.112671
134.167130
135.221466
136.275711
137.329834
138.383865
139.437790
140.491592
141.545319
142.598938
143.652435
144.705826
145.759109
146.812302
147.865387
148.918350
149.970871
151.020782
152.067719
153.111679
154.152679
155.190704
156.225754
157.257858
158.286987
159.313126
160.336319
161.356537
162.373764
163.388062
164.399368
165.407715
166.413071
167.415482
168.414917
169.411377
170.404861
171.395401
172.382950
173.367538
174.349167
175.327820
176.303497
177.276215
178.245956
179.212738
180.176544
181.137375
182.095261
183.050156
184.002090
184.951050
185.897049
186.840073
187.780121
188.717209
189.651337
190.582489
191.510666
192.435867
193.358124
194.277405
195.193695
196.107056
197.017410
197.924820
198.829239
199.730698
200.629211
201.524719
202.417404
203.309860
204.203140
205.097260
205.992233
206.888046
207.784698
208.682190
209.580521
210.479706
211.379730
212.280579
213.182266
214.084808
214.988205
215.892426
216.797485
217.703400
218.610153
219.517746
220.426178
221.335449
222.245560
223.156525
224.068329
224.980957
225.894440
226.808762
227.723923
228.639938
229.556778
230.474457
231.392990
232.312363
233.232574
234.153625
235.075516
235.998260
236.921829
237.846268
238.771515
239.697617
240.624557
241.552338
242.480957
243.410446
244.340744
245.271896
246.203888
247.136719
248.070389
249.004913
249.940262
250.876465
251.813507
252.633789
253.219711
253.571243
253.688431
