0.933364
0.033318
0.033318
0.033318
0.933364
0.033318
0.033318
0.033318
0.933364
0.000000
0.984710
1.980460
2.987251
4.005081
5.033951
6.073862
7.124812
8.186802
9.259833
10.343904
11.432631
12.519636
13.604919
14.688478
15.770314
16.850428
17.928818
19.005482
20.080425
21.153643
22.225140
23.294912
24.362961
25.429289
26.493893
27.556770
28.617926
29.677357
30.735069
31.791056
32.845314
33.897858
34.948673
35.997768
37.045135
38.090782
39.134705
40.176907
41.217384
42.256138
43.293167
44.328472
45.362053
46.393913
47.424049
48.452465
49.479156
50.504124
51.527367
52.548885
53.568684
54.586758
55.603107
56.617733
57.630638
58.641819
59.651279
60.659012
61.665020
62.669308
63.673485
64.679161
65.686356
66.695038
67.705238
68.716934
69.730141
70.744850
71.761055
72.778770
73.797989
74.818718
75.840942
76.864677
77.889915
78.916649
79.944901
80.974640
82.005898
83.038651
84.072922
85.108681
86.145950
87.184723
88.225006
89.266785
90.310074
91.354866
92.401161
93.448959
94.498260
95.549065
96.601379
97.655190
98.710510
99.767342
100.825676
101.885498
102.946846
104.009674
105.074028
106.139870
107.207230
108.276085
109.346443
110.418312
111.491684
112.566559
113.642937
114.720818
115.798653
116.874886
117.949524
119.022568
120.094017
121.163864
122.232109
123.298752
124.363808
125.427261
126.489128
127.549385
128.608032
129.665115
130.720566
131.774429
132.826706
133.877380
134.926437
135.973923
137.019791
138.064072
139.106766
140.147842
141.187332
142.225220
143.261505
144.296188
145.329300
146.360794
147.390686
148.418991
149.445694
150.470795
151.494293
152.516205
153.536530
154.555237
155.572342
156.587860
157.601776
158.614105
159.624832
160.633942
161.641479
162.647400
163.651733
164.654465
165.655609
166.655136
167.653015
168.649094
169.643417
170.635971
171.626755
172.615784
173.603043
174.588531
175.572266
176.554230
177.534424
178.512848
179.489502
180.464417
181.437546
182.408905
183.378510
184.346344
185.312408
186.276703
187.239243
188.200012
189.159012
190.116257
191.071732
192.025436
192.977371
193.927551
194.875946
195.822601
196.767471
197.710587
198.651932
199.591492
200.529312
201.465363
202.399628
203.332153
204.262909
205.191879
206.119095
207.044556
207.968231
208.890137
209.810303
210.728699
211.645309
212.560165
213.473251
214.384567
215.293167
216.197998
217.099121
217.996506
218.890152
219.780090
220.666290
221.548752
222.427490
223.302490
224.173767
225.041321
225.905136
226.765228
227.621582
228.474213
229.323120
230.168289
231.009735
231.847427
232.681412
233.511673
234.338181
235.160980
235.980042
236.795380
237.606964
238.414841
239.218994
240.019394
240.816071
241.609039
242.398270
243.183746
243.965515
244.743546
245.517853
246.288437
247.055267
247.818390
248.577774
249.333420
250.085342
250.833542
251.578003
0.000000
0.701594
1.449365
2.243315
3.083442
3.969747
4.902230
5.880891
6.905730
7.976748
9.093942
10.257314
11.466865
12.696458
13.919966
15.137386
16.348719
17.553963
18.753120
19.946190
21.133171
22.314066
23.488873
24.657589
25.820223
26.976765
28.127222
29.271589
30.409866
31.542061
32.668163
33.788181
34.902115
36.009953
37.111713
38.207375
39.296955
40.380444
41.457848
42.529163
43.594391
44.653530
45.706585
46.753551
47.794430
48.829212
49.857914
50.880531
51.897060
52.907501
53.911850
54.910118
55.902290
56.888374
57.868378
58.842289
59.810120
60.771851
61.727497
62.677067
63.620541
64.557930
65.489227
66.414719
67.340820
68.270142
69.202667
70.138412
71.077377
72.019547
72.964935
73.913544
74.865372
75.820404
76.778648
77.740120
78.704796
79.672691
80.643799
81.618126
82.595665
83.576424
84.560387
85.547577
86.537971
87.531586
88.528419
89.528465
90.531723
91.538200
92.547890
93.560791
94.576912
95.596245
96.618790
97.644554
98.673531
99.705727
100.741135
101.779755
102.821602
103.866653
104.914925
105.966400
107.021103
108.079018
109.140144
110.204491
111.272041
112.342819
113.416809
114.494011
115.574432
116.658058
117.744308
118.829567
119.913254
120.995338
122.075851
123.154778
124.232132
125.307892
126.382065
127.454659
128.525665
129.595093
130.662933
131.729187
132.793854
133.856949
134.918442
135.978378
137.036713
138.093460
139.148636
140.202209
141.254227
142.304642
143.353485
144.400711
145.446396
146.490463
147.532959
148.573883
149.613220
150.650955
151.687119
152.721695
153.754684
154.786087
155.815933
156.844162
157.870834
158.895905
159.919403
160.941299
161.961624
162.980362
163.997528
165.013092
166.027069
167.039490
168.050293
169.059540
170.067184
171.073120
172.076950
173.078690
174.078323
175.075867
176.071304
177.064651
178.055893
179.045029
180.032059
181.017014
181.999847
182.980591
183.959229
184.935776
185.910202
186.882553
187.852798
188.820938
189.786987
190.750916
191.712769
192.672501
193.630157
194.585709
195.539154
196.490494
197.439728
198.386887
199.331924
200.274872
201.215714
202.154465
203.091110
204.025665
204.958099
205.888458
206.816696
207.742844
208.666901
209.588837
210.508682
211.426437
212.342087
213.255630
214.167084
215.076431
215.983673
216.888840
217.791885
218.692825
219.592392
220.491272
221.389465
222.286987
223.183838
224.080002
224.975479
225.870285
226.764420
227.657867
228.550629
229.442719
230.334122
231.224854
232.114914
233.004272
233.892975
234.780975
235.668304
236.554962
237.440933
238.326218
239.210846
240.094788
240.978043
241.860611
242.742508
243.623734
244.504257
245.384109
246.263290
247.141800
248.019623
248.896774
249.773209
250.649002
251.524094
252.398544
253.272278
254.145340
0.000000
0.856142
1.746250
2.670324
3.628365
4.620371
5.646344
6.706283
7.800189
8.928060
10.089897
11.267584
12.443007
13.616162
14.787053
15.955678
17.122040
18.286135
19.447962
20.607525
21.764824
22.919855
24.072622
25.223122
26.371361
27.517330
28.661034
29.802473
30.941645
32.078556
33.213196
34.345570
35.475685
36.603531
37.729111
38.852425
39.973476
41.092262
42.208775
43.323029
44.435013
45.544735
46.652187
47.757381
48.860306
49.960960
51.059357
52.155479
53.249352
54.340946
55.430279
56.517345
57.602142
58.684677
59.764946
60.842949
61.919430
62.996189
64.073318
65.150803
66.228661
67.306877
68.385460
69.464409
70.543724
71.623398
72.703445
73.783852
74.864624
75.945763
77.027260
78.109131
79.191360
80.273964
81.356918
82.440247
83.523933
84.607994
85.692406
86.777199
87.862350
88.947861
90.033737
91.119987
92.206589
93.293564
94.380898
95.468605
96.556671
97.645111
98.733902
99.823059
100.912582
102.002480
103.092743
104.183357
105.274353
106.365700
107.457413
108.549492
109.641930
110.734520
111.825890
112.915810
114.004295
115.091331
116.176926
117.261086
118.343796
119.425072
120.504906
121.583282
122.660233
123.735733
124.809799
125.882408
126.953590
128.023331
129.091614
130.158463
131.223862
132.287842
133.350342
134.411438
135.471069
136.529266
137.586029
138.641342
139.695206
140.747620
141.798615
142.848145
143.896255
144.942917
145.988129
147.031891
148.074219
149.115128
150.154572
151.192581
152.229141
153.264252
154.297928
155.330170
156.360962
157.390305
158.418182
159.443787
160.466782
161.487183
162.504990
163.520203
164.532791
165.542801
166.550201
167.555023
168.557220
169.556824
170.553833
171.548233
172.540070
173.529266
174.515884
175.499893
176.481323
177.460129
178.436340
179.409958
180.380966
181.349396
182.315216
183.278442
184.239059
185.197083
186.152512
187.105331
188.055557
189.003174
189.948227
190.890640
191.830475
192.767700
193.702332
194.634369
195.563797
196.490631
197.414871
198.336502
199.255554
200.171982
201.085815
201.997055
202.905197
203.809708
204.710602
205.607880
206.501526
207.391571
208.277985
209.160782
210.039963
210.915527
211.787476
212.655792
213.520493
214.381577
215.239044
216.092880
216.943115
217.789719
218.632721
219.472092
220.307846
221.139969
221.968491
222.793381
223.614655
224.432312
225.246368
226.056793
226.863571
227.666763
228.466324
229.262268
230.054596
230.843292
231.628403
232.409866
233.187714
233.961945
234.732559
235.499542
236.262924
237.022675
237.778809
238.531342
239.280228
240.025513
240.767166
241.505203
242.239624
242.970444
243.697632
244.421188
245.141144
245.857468
246.570160
247.279266
247.984741
248.686600
249.384827
250.079437
250.770432
251.457809
252.141571
252.821716
