0.971286
0.014357
0.014357
0.014357
0.971286
0.014357
0.014357
0.014357
0.971286
0.000000
1.142573
2.276999
3.403278
4.521410
5.631396
6.733234
7.826926
8.912471
9.989870
11.059120
12.120225
13.173182
14.217993
15.254657
16.283175
17.303543
18.319893
19.336340
20.352888
21.369537
22.386284
23.403133
24.420084
25.437134
26.454285
27.471539
28.488888
29.506340
30.523893
31.541550
32.559303
33.577156
34.595108
35.613163
36.631317
37.649582
38.667934
39.686394
40.704952
41.723606
42.742363
43.761227
44.780186
45.799248
46.818405
47.837669
48.857025
49.876492
50.896053
51.915718
52.935478
53.955345
54.975311
55.995377
57.015537
58.035809
59.056171
60.076641
61.097206
62.117878
63.138641
64.159515
65.180489
66.201561
67.222725
68.244003
69.265373
70.286842
71.308418
72.330093
73.351860
74.373734
75.395706
76.417160
77.437447
78.456581
79.474548
80.491364
81.507027
82.521523
83.534866
84.547050
85.558075
86.567947
87.576660
88.584213
89.590614
90.595856
91.599937
92.602852
93.604622
94.605240
95.604683
96.602982
97.600121
98.596100
99.590912
100.584579
101.577087
102.568436
103.558624
104.547661
105.535538
106.522255
107.507812
108.492218
109.475464
110.457550
111.438484
112.418251
113.396866
114.374321
115.350624
116.325768
117.299751
118.272575
119.244247
120.214760
121.184113
122.152306
123.119347
124.085228
125.049950
126.013519
126.975922
127.937172
128.897263
129.856201
130.813980
131.770599
132.726105
133.680511
134.633835
135.586075
136.537216
137.487289
138.436264
139.384171
140.330963
141.276688
142.221344
143.164886
144.107346
145.048721
145.989014
146.928223
147.866333
148.803360
149.739304
150.674164
151.607941
152.540619
153.472229
154.402740
155.332169
156.260513
157.187775
158.113937
159.039017
159.963013
160.885925
161.807755
162.728485
163.648148
164.566711
165.484192
166.400574
167.315887
168.230103
169.143250
170.055283
170.966248
171.876114
172.784912
173.692612
174.599228
175.504776
176.409210
177.312561
178.214828
179.116013
180.016113
180.915131
181.813049
182.709900
183.605652
184.500320
185.396347
186.296204
187.199905
188.107422
189.018753
189.933929
190.852921
191.775742
192.702393
193.632874
194.567154
195.505280
196.447235
197.393021
198.342621
199.296051
200.253311
201.214386
202.179291
203.148026
204.120590
205.096970
206.077194
207.061218
208.049103
209.040787
210.036316
211.035645
212.038818
213.045807
214.056641
215.071289
216.089752
217.112045
218.138184
219.168137
220.201920
221.239532
222.280960
223.326202
224.375305
225.428207
226.484940
227.545502
228.609894
229.678101
230.750137
231.826019
232.905701
233.989227
235.076569
236.167740
237.262741
238.361557
239.464218
240.570679
241.680984
242.784698
243.871460
244.941223
245.994034
247.029831
248.048691
249.050537
250.035431
251.003326
251.954269
252.888214
0.000000
0.000000
0.000000
0.000000
0.000000
1.305657
2.976845
4.605465
6.191518
7.735002
9.235918
10.694268
12.110050
13.483262
14.813909
16.101990
17.347502
18.550446
19.710819
20.828632
21.903868
22.936543
23.926647
24.896114
25.866863
26.838898
27.812220
28.786825
29.762718
30.739895
31.718357
32.698105
33.679138
34.661457
35.645061
36.629951
37.616127
38.603588
39.592331
40.582363
41.573685
42.566280
43.560169
44.555344
45.551804
46.549545
47.548573
48.548889
49.550491
50.553375
51.557549
52.563004
53.569744
54.577774
55.587090
56.597683
57.609566
58.622738
59.637192
60.652931
61.669952
62.688267
63.707859
64.728745
65.750916
66.774361
67.799110
68.825127
69.852432
70.881035
71.910912
72.942078
73.974525
75.008263
76.043282
77.079590
78.117180
79.156059
80.196228
81.236710
82.275116
83.311348
84.345421
85.377304
86.407021
87.434563
88.459930
89.483116
90.504135
91.522980
92.539658
93.554153
94.566475
95.576630
96.584610
97.590408
98.594040
99.595490
100.594772
101.591881
102.586815
103.579567
104.570160
105.558563
106.544807
107.528870
108.510765
109.490479
110.468025
111.443390
112.416588
113.387611
114.356461
115.323128
116.287628
117.249962
118.210106
119.168091
120.123894
121.077522
122.028976
122.978256
123.925369
124.870308
125.813065
126.753662
127.692070
128.628311
129.562378
130.494263
131.423996
132.351532
133.276901
134.200104
135.121124
136.040329
136.959915
137.880219
138.801285
139.723068
140.645584
141.568832
142.492813
143.417526
144.342972
145.269165
146.196075
147.123734
148.052109
148.981216
149.911072
150.841660
151.772980
152.705017
153.637802
154.571335
155.505569
156.440552
157.376282
158.312729
159.249908
160.187820
161.126480
162.065857
163.005981
163.946823
164.888412
165.830734
166.773773
167.717560
168.662079
169.607330
170.553314
171.500031
172.447479
173.395676
174.344589
175.294235
176.244614
177.195740
178.147583
179.100174
180.053497
181.007538
181.962326
182.917831
183.874084
184.831070
185.788788
186.747238
187.706436
188.666351
189.627136
190.588837
191.551437
192.514938
193.479370
194.444687
195.410934
196.378082
197.346130
198.315094
199.284988
200.255753
201.227463
202.200073
203.173584
204.147995
205.123322
206.099579
207.076721
208.054779
209.033768
210.013641
210.994431
211.976120
212.958725
213.942245
214.926666
215.912003
216.898239
217.885406
218.873459
219.862427
220.852310
221.843094
222.834808
223.827408
224.820923
225.815369
226.810699
227.806946
228.804092
229.802170
230.801132
231.801010
232.801804
233.803528
234.806122
235.809647
236.814087
237.819412
238.825668
239.832825
240.840897
241.849884
242.859756
243.870544
244.915787
246.028961
247.210083
248.459152
249.776199
251.161179
252.614105
254.134979
0.000000
1.142627
2.279199
3.409719
4.534183
5.652594
6.764951
7.871254
8.971505
10.065700
11.153840
12.235927
13.311960
14.381940
15.445866
16.503738
17.555553
18.601318
19.644379
20.688086
21.732439
22.777441
23.823090
24.869387
25.916328
26.963919
28.012156
29.061041
30.110573
31.160751
32.211578
33.263050
34.315166
35.367939
36.421349
37.475414
38.530121
39.585480
40.641479
41.698135
42.755428
43.813374
44.871967
45.931206
46.991089
48.051620
49.112804
50.174629
51.237103
52.300228
53.363995
54.428417
55.493477
56.559189
57.625542
58.692547
59.760201
60.828495
61.897438
62.967037
64.037277
65.108162
66.179703
67.251884
68.324715
69.398193
70.472313
71.547081
72.622498
73.698563
74.775276
75.852539
76.928078
78.000984
79.071251
80.138878
81.203865
82.266220
83.325928
84.382996
85.437424
86.489227
87.538383
88.584908
89.628784
90.670021
91.708626
92.744591
93.777916
94.808609
95.836647
96.862061
97.884827
98.904968
99.922462
100.937309
101.949532
102.959106
103.966057
104.970352
105.972015
106.971039
107.967430
108.961174
109.952286
110.940758
111.926590
112.909782
113.890335
114.868256
115.843536
116.816177
117.786171
118.753540
119.718262
120.680336
121.639786
122.596596
123.550766
124.502296
125.451195
126.397453
127.341064
128.282028
129.220367
130.156418
131.092239
132.028168
132.964233
133.900406
134.836685
135.773102
136.709610
137.646255
138.583023
139.519882
140.456879
141.393982
142.331207
143.268555
144.206009
145.143600
146.081299
147.019119
147.957031
148.895081
149.833252
150.771530
151.709930
152.648453
153.587097
154.525833
155.464706
156.403702
157.342804
158.282028
159.221359
160.160828
161.100403
162.040085
162.979919
163.919830
164.859863
165.800034
166.740311
167.680710
168.621231
169.561859
170.502594
171.443466
172.384460
173.325562
174.266785
175.208115
176.149567
177.091141
178.032822
178.974625
179.916550
180.858734
181.801559
182.745041
183.689163
184.633942
185.579361
186.525452
187.472183
188.419571
189.367615
190.316299
191.265640
192.215637
193.166290
194.117569
195.069504
196.022125
196.975372
197.929260
198.883820
199.839035
200.794876
201.751389
202.708542
203.666351
204.624817
205.583923
206.543686
207.504105
208.465179
209.426880
210.389267
211.352295
212.315948
213.280273
214.245255
215.210876
216.177170
217.144089
218.111664
219.079926
220.048813
221.018326
221.988525
222.959366
223.930862
224.903000
225.875793
226.849243
227.823349
228.798096
229.773483
230.749542
231.726242
232.696075
233.651535
234.592606
235.519302
236.431610
237.329529
238.213089
239.082260
239.937042
240.777451
241.603470
242.415115
243.212372
243.995255
244.763748
245.517868
246.257599
246.982956
247.693939
248.390518
249.072723
249.740555
250.393997
