0.981729
0.009136
0.009136
0.009136
0.981729
0.009136
0.009136
0.009136
0.981729
0.000000
1.225629
2.421300
3.587010
4.722761
5.828552
6.904385
7.950257
8.966170
9.967102
10.968027
11.968947
12.969863
13.970773
14.971678
15.972576
16.973473
17.974361
18.975245
19.976124
20.977001
21.977869
22.978733
23.979593
24.980444
25.981297
26.982140
27.982977
28.983810
29.984638
30.985462
31.986280
32.987095
33.987904
34.988708
35.989502
36.990299
37.991089
38.991867
39.992649
40.993416
41.994183
42.994946
43.995705
44.996456
45.997200
46.997944
47.998684
48.999420
50.000141
51.000862
52.001579
53.002151
54.002228
55.001797
56.000858
56.999413
57.997456
58.994987
59.992016
60.988537
61.984550
62.980053
63.975048
64.969528
65.963509
66.956985
67.949936
68.942390
69.934334
70.925774
71.916702
72.907120
73.897026
74.886436
75.875328
76.863716
77.851593
78.838959
79.825829
80.812180
81.798027
82.783363
83.768188
84.752510
85.736320
86.719620
87.702415
88.684700
89.666481
90.647751
91.628510
92.608765
93.588516
94.567749
95.546616
96.525993
97.506012
98.486679
99.467995
100.449951
101.432556
102.415802
103.399704
104.384247
105.369431
106.355270
107.341751
108.328873
109.316643
110.305061
111.294128
112.283836
113.274193
114.265198
115.256844
116.249138
117.242081
118.235664
119.229897
120.224777
121.220299
122.216469
123.213280
124.210747
125.208855
126.207603
127.207008
128.207047
129.207748
130.209091
131.211060
132.213699
133.216980
134.220901
135.225479
136.230682
137.236542
138.243073
139.250809
140.259979
141.270554
142.282562
143.295975
144.310837
145.327103
146.344803
147.363922
148.384476
149.406433
150.429825
151.454651
152.480881
153.508545
154.537613
155.568115
156.600052
157.633408
158.668182
159.704376
160.742020
161.781052
162.821518
163.863403
164.906723
165.951477
166.997635
168.045227
169.094223
170.144653
171.196518
172.249786
173.304489
174.360626
175.418167
176.477142
177.537521
178.599350
179.662582
180.727249
181.793335
182.860855
183.926376
184.986542
186.041336
187.090759
188.134827
189.173523
190.206833
191.234772
192.257355
193.274567
194.286407
195.292877
196.293976
197.289703
198.280060
199.265045
200.244659
201.218918
202.187805
203.151306
204.109451
205.062225
206.009628
206.951660
207.888321
208.819611
209.745529
210.666077
211.581268
212.491074
213.395523
214.294586
215.188293
216.076614
216.959595
217.837173
218.709412
219.576263
220.437744
221.293854
222.144592
222.989975
223.829987
224.664612
225.493881
226.317764
227.136292
227.949448
228.757233
229.559647
230.356689
231.148376
231.934677
232.715622
233.491180
234.261383
235.026199
235.785660
236.539749
237.288467
238.031815
238.769791
239.502396
240.229645
240.951523
241.667999
242.379135
243.084885
243.785278
244.480301
245.169937
245.854218
246.533142
247.206680
0.000000
0.918952
1.852626
2.801023
3.764142
4.741983
5.734547
6.741834
7.763843
8.800574
9.852028
10.918204
11.999103
13.094724
14.205067
15.320873
16.432880
17.541092
18.645504
19.746120
20.842939
21.935961
23.025185
24.110611
25.192238
26.270071
27.344105
28.414339
29.480780
30.543421
31.602264
32.657310
33.708561
34.756012
35.799664
36.839520
37.875584
38.907845
39.936306
40.960972
41.981842
42.998913
44.012188
45.021664
46.027344
47.029224
48.027306
49.021591
50.012085
50.998779
51.981674
52.960770
53.936073
54.907574
55.875275
56.839180
57.799290
58.757141
59.716465
60.677433
61.640045
62.604309
63.570217
64.537773
65.506981
66.477837
67.450333
68.424477
69.400276
70.377716
71.356804
72.337540
73.319923
74.303955
75.289635
76.276955
77.265938
78.256561
79.248817
80.242737
81.238304
82.235504
83.234367
84.234871
85.237030
86.240829
87.246269
88.253365
89.262108
90.272491
91.284523
92.298210
93.313538
94.330513
95.349144
96.369415
97.391342
98.414909
99.440117
100.466629
101.492378
102.517021
103.540550
104.562965
105.584274
106.604462
107.623550
108.641518
109.658386
110.674141
111.688774
112.702301
113.714722
114.726021
115.736221
116.745300
117.753273
118.760132
119.765877
120.770523
121.774048
122.776466
123.777763
124.777962
125.777046
126.775017
127.771866
128.767624
129.762268
130.755783
131.748199
132.739502
133.729691
134.718781
135.706757
136.693604
137.679352
138.664001
139.647522
140.629944
141.611237
142.591537
143.573120
144.556931
145.542969
146.531235
147.521713
148.514435
149.509384
150.506546
151.505936
152.507553
153.511398
154.517471
155.525772
156.536301
157.549042
158.564011
159.581223
160.600662
161.622299
162.646194
163.672302
164.700623
165.731186
166.763977
167.798996
168.836227
169.875687
170.917389
171.961304
173.007431
174.055817
175.106400
176.159225
177.214279
178.271561
179.331055
180.392776
181.456741
182.522903
183.591309
184.661942
185.734787
186.801727
187.854599
188.893372
189.918060
190.928696
191.925232
192.907700
193.876099
194.830414
195.770645
196.696808
197.608887
198.506882
199.390823
200.260666
201.116425
201.958130
202.785736
203.599289
204.398758
205.184128
205.955444
206.712677
207.455826
208.184906
208.899902
209.600815
210.287659
210.960419
211.619110
212.263718
212.894241
213.510712
214.113083
214.701401
215.275604
215.835754
216.381821
216.913818
217.431732
217.935577
218.425339
218.901031
219.362625
219.810150
220.243607
220.662979
221.068268
221.459488
221.836624
222.199692
222.548676
222.883575
223.204422
223.511169
223.803848
224.082443
224.346954
224.597412
224.833771
225.056061
225.264267
225.458405
225.638458
225.804428
225.956329
226.094162
226.217911
226.327591
226.423172
226.504684
226.572128
0.000000
1.158910
2.316099
3.471566
4.625311
5.777333
6.927224
8.074569
9.219368
10.361622
11.501331
12.638494
13.773114
14.905188
16.034714
17.161699
18.286139
19.408030
20.527376
21.644180
22.758438
23.870148
24.979313
26.085934
27.190014
28.291546
29.390530
30.486973
31.580866
32.672218
33.761024
34.847279
35.930996
37.012169
38.090794
39.166874
40.240406
41.311394
42.379837
43.445736
44.509094
45.569901
46.628166
47.683880
48.737137
49.789715
50.842350
51.895046
52.947796
54.000603
55.053463
56.106384
57.159359
58.212391
59.265480
60.318630
61.371834
62.425091
63.478409
64.531784
65.585213
66.638695
67.692245
68.745842
69.799507
70.853218
71.906982
72.960815
74.014694
75.068634
76.122635
77.176689
78.230804
79.284966
80.339195
81.393471
82.447807
83.502205
84.556656
85.611168
86.665733
87.720352
88.775032
89.829681
90.883751
91.937164
92.989899
94.041985
95.093399
96.144150
97.194237
98.243668
99.292427
100.340523
101.387955
102.434731
103.480835
104.526276
105.571053
106.615166
107.658623
108.701408
109.743523
110.784988
111.825783
112.865913
113.905380
114.944183
115.982323
117.019798
118.056618
119.092758
120.128250
121.163071
122.197235
123.230713
124.263550
125.295715
126.327217
127.358055
128.388229
129.417740
130.447250
131.478271
132.510880
133.545105
134.580948
135.618408
136.657440
137.698090
138.740356
139.784225
140.829681
141.876755
142.925446
143.975723
145.027618
146.081116
147.136215
148.192917
149.251236
150.311142
151.372681
152.435791
153.500549
154.566879
155.634827
156.704376
157.775528
158.848282
159.922653
160.998642
162.076218
163.155396
164.236191
165.318573
166.402573
167.488174
168.575378
169.664215
170.754623
171.840103
172.914093
173.976608
175.027618
176.067169
177.095215
178.111771
179.116837
180.110443
181.092545
182.063156
183.022293
183.969925
184.906067
185.830750
186.743927
187.645615
188.535843
189.414566
190.281799
191.137543
191.981812
192.814590
193.635880
194.445679
195.244003
196.030823
196.806168
197.570023
198.322388
199.063278
199.792664
200.510590
201.216995
201.911957
202.595398
203.267349
203.927841
204.576828
205.214340
205.840347
206.454880
207.057922
207.649490
208.229553
208.798141
209.355240
209.900864
210.434982
210.957611
211.468781
211.968430
212.456619
212.933304
213.398514
213.852234
214.294464
214.725220
215.144470
215.552246
215.948517
216.333328
216.706650
217.068481
217.418823
217.757660
218.085037
218.400909
218.705322
218.998215
219.279633
219.549576
219.808014
220.054977
220.290451
220.514450
220.726929
220.927963
221.117493
221.295532
221.462082
221.617157
221.760742
221.892838
222.013443
222.122574
222.220200
222.306335
222.380997
222.444183
222.495880
222.536072
222.564789
222.582031
222.587769
