0.964805
0.017597
0.017597
0.017597
0.964805
0.017597
0.017597
0.017597
0.964805
0.000000
1.082225
2.155480
3.219765
4.275079
5.321423
6.358797
7.387200
8.406632
9.417095
10.418587
11.411107
12.394659
13.369239
14.334848
15.291487
16.239161
17.177858
18.107584
19.028345
19.940130
20.842947
21.736794
22.621672
23.497576
24.369675
25.243134
26.117954
26.994131
27.871670
28.750568
29.630825
30.512440
31.395416
32.279755
33.165447
34.052498
34.940914
35.830685
36.721821
37.614311
38.508163
39.403378
40.299946
41.197876
42.097164
42.997814
43.899818
44.803192
45.707916
46.614002
47.521450
48.430256
49.340416
50.251942
51.164825
52.079071
52.994671
53.911633
54.829952
55.749634
56.670677
57.593071
58.516834
59.441956
60.368435
61.296268
62.225468
63.156025
64.087936
65.021217
65.955849
66.891838
67.829201
68.767914
69.707993
70.649414
71.592209
72.536362
73.481873
74.427780
75.373161
76.317993
77.262283
78.206032
79.149246
80.091904
81.034027
81.975616
82.916649
83.857147
84.797104
85.736519
86.675385
87.613716
88.551498
89.488747
90.425453
91.361603
92.297226
93.232300
94.166840
95.100822
96.034271
96.967178
97.899544
98.831367
99.762642
100.693382
101.623581
102.553238
103.482346
104.410919
105.338943
106.266426
107.193375
108.119774
109.045631
109.970947
110.895721
111.819954
112.743645
113.666786
114.589394
115.511459
116.432983
117.353958
118.274399
119.194290
120.113647
121.032455
121.950714
122.868446
123.785629
124.702271
125.619507
126.538467
127.459160
128.381577
129.305725
130.231598
131.159195
132.088531
133.019577
133.952362
134.886887
135.823120
136.761078
137.700775
138.642197
139.585342
140.530228
141.476837
142.425156
143.375229
144.327011
145.280518
146.235779
147.192749
148.151428
149.111877
150.074020
151.037918
152.003510
152.970856
153.939926
154.910706
155.883224
156.857483
157.833466
158.811172
159.790588
160.771759
161.754639
162.739243
163.725601
164.713669
165.703476
166.694992
167.688232
168.683228
169.679932
170.678375
171.678528
172.680420
173.684052
174.689392
175.696457
176.705261
177.715790
178.729050
179.745956
180.766510
181.790756
182.818665
183.850250
184.885498
185.924408
186.966995
188.013245
189.063171
190.116760
191.174042
192.234970
193.299561
194.367844
195.439774
196.515396
197.594681
198.677628
199.764252
200.854553
201.948502
203.046127
204.147430
205.252396
206.361038
207.473358
208.589325
209.708969
210.832291
211.959274
213.089920
214.224258
215.362259
216.503922
217.649246
218.798248
219.950928
221.107285
222.267273
223.430954
224.598312
225.769333
226.944031
228.122391
229.304428
230.490112
231.679489
232.872528
234.069229
235.269608
236.473648
237.681381
238.892761
240.119370
241.372894
242.653290
243.960541
245.294662
246.655670
248.043533
249.458252
250.899857
252.368317
253.863663
0.000000
1.426269
2.830827
4.213674
5.574809
6.914233
8.231947
9.527948
10.802240
12.054820
13.285687
14.494844
15.682291
16.848026
17.992052
19.114363
20.214966
21.293856
22.351036
23.386505
24.411442
25.437042
26.463299
27.490210
28.517782
29.546007
30.574892
31.604435
32.634632
33.665489
34.697002
35.729176
36.762001
37.795486
38.829632
39.864429
40.899887
41.935997
42.972767
44.010197
45.048286
46.087029
47.126423
48.166481
49.207199
50.248566
51.290596
52.333282
53.376629
54.420628
55.465286
56.510597
57.556572
58.603199
59.650482
60.698425
61.747028
62.796284
63.846203
64.896774
65.947998
66.999893
68.052437
69.105629
70.159492
71.214012
72.269188
73.325012
74.381500
75.438644
76.496445
77.554901
78.614029
79.673790
80.734222
81.794823
82.854424
83.912964
84.970459
86.026886
87.082260
88.136574
89.189835
90.242035
91.293182
92.343269
93.392303
94.440269
95.487190
96.533043
97.577850
98.621597
99.664284
100.705910
101.746490
102.786003
103.824455
104.861862
105.898201
106.933495
107.967728
109.000908
110.033020
111.064072
112.094078
113.123024
114.150909
115.177750
116.203514
117.228241
118.251900
119.274498
120.296043
121.316528
122.335960
123.354332
124.371651
125.387917
126.403122
127.417267
128.430344
129.442383
130.453354
131.463272
132.472122
133.479935
134.486679
135.492371
136.497009
137.500580
138.503174
139.505356
140.507172
141.508636
142.509750
143.510513
144.510941
145.511002
146.510727
147.510086
148.509125
149.507782
150.506104
151.504074
152.501694
153.498962
154.495880
155.492462
156.488678
157.484558
158.480072
159.475235
160.470078
161.464539
162.458649
163.452438
164.445862
165.438934
166.431641
167.424026
168.416046
169.407730
170.399063
171.390030
172.380646
173.370926
174.360855
175.350433
176.339661
177.328537
178.317062
179.305237
180.293060
181.280533
182.267654
183.254440
184.240860
185.226959
186.212692
187.198044
188.183075
189.167770
190.152100
191.136063
192.119690
193.102951
194.084824
195.065002
196.043411
197.020111
197.995056
198.968292
199.939789
200.909531
201.877563
202.843842
203.808411
204.771225
205.732315
206.691666
207.649292
208.605194
209.559326
210.511765
211.462448
212.411392
213.358612
214.304108
215.247849
216.189880
217.130173
218.068710
219.005539
219.940613
220.873978
221.805588
222.735474
223.663620
224.590027
225.514709
226.437668
227.358887
228.278366
229.196106
230.112122
231.026398
231.938950
232.849777
233.758835
234.666199
235.571793
236.475693
237.377823
238.278244
239.176926
240.073853
240.969070
241.862549
242.754288
243.644287
244.532578
245.404999
246.247498
247.060059
247.842667
248.595337
249.318069
250.010864
250.673721
251.306625
251.909592
252.482620
253.025711
253.538864
254.022049
254.475327
0.000000
2.678407
5.227985
7.648736
9.940659
12.103754
14.138021
16.043457
17.820068
19.467850
20.986807
22.376934
23.638233
24.835636
26.034086
27.233582
28.434120
29.635702
30.838329
32.042000
33.246716
34.452473
35.659279
36.867123
38.076015
39.285946
40.496929
41.708954
42.922016
44.136127
45.351280
46.567482
47.784729
49.003014
50.222347
51.442719
52.664139
53.886604
55.110111
56.334660
57.560261
58.786896
60.014580
61.243305
62.473080
63.703892
64.935753
66.168655
67.402611
68.637596
69.873627
71.110718
72.348831
73.587997
74.828217
76.069473
77.311768
78.555115
79.799500
81.044930
82.291412
83.538628
84.785843
86.033028
87.280174
88.527283
89.774361
91.021408
92.268410
93.515381
94.762321
96.009232
97.256104
98.502937
99.749741
100.996498
102.243233
103.489922
104.736595
105.983215
107.229805
108.476364
109.722893
110.969383
112.215836
113.462257
114.708641
115.954987
117.201309
118.447586
119.693832
120.940048
122.186218
123.432365
124.678467
125.924545
127.170586
128.416580
129.662552
130.908493
132.154388
133.400269
134.646072
135.891876
137.137650
138.383377
139.629074
140.874725
142.120346
143.365051
144.603485
145.834808
147.058960
148.275986
149.485901
150.688629
151.884247
153.072723
154.254044
155.428238
156.595291
157.755203
158.907974
160.053619
161.192108
162.323456
163.447662
164.564743
165.674683
166.777481
167.873138
168.961639
170.043015
171.117249
172.184357
173.244308
174.297119
175.342804
176.381332
177.412735
178.436996
179.454117
180.464081
181.466919
182.462616
183.451172
184.432602
185.406891
186.374023
187.334015
188.286880
189.232590
190.171173
191.102631
192.026917
192.944092
193.854111
194.757034
195.653488
196.543747
197.427841
198.305756
199.177460
200.042984
200.902313
201.755478
202.602432
203.443207
204.277817
205.106216
205.928436
206.744476
207.554321
208.357971
209.155457
209.946747
210.731842
211.510757
212.283478
213.050018
213.810394
214.564560
215.312546
216.054337
216.789948
217.519363
218.242615
218.959671
219.670517
220.375198
221.073685
221.765991
222.452118
223.132034
223.805786
224.473343
225.134720
225.789902
226.438904
227.081711
227.718338
228.348785
228.973038
229.591095
230.202988
230.808670
231.408646
232.003418
232.592972
233.177307
233.756409
234.330292
234.898956
235.462402
236.020645
236.573654
237.121429
237.663986
238.201340
238.733475
239.260376
239.782059
240.298523
240.809769
241.315796
241.816589
242.312180
242.802551
243.287689
243.767609
244.242310
244.711792
245.176056
245.635101
246.088913
246.537521
246.980896
247.419052
247.852005
248.279709
248.702225
249.119492
249.531540
249.938400
250.340012
250.736404
251.127579
251.513535
251.894272
252.269791
252.640091
253.005157
253.365005
253.719650
254.069061
254.413254
