0.995224
0.002388
0.002388
0.002388
0.995224
0.002388
0.002388
0.002388
0.995224
0.000000
1.137929
2.271600
3.401014
4.526171
5.647071
6.763713
7.876100
8.984228
10.088099
11.187715
12.283072
13.374175
14.461017
15.544036
16.623665
17.699903
18.772753
19.842213
20.908279
21.970957
23.030245
24.086140
25.138645
26.187763
27.233488
28.275824
29.314770
30.350325
31.382486
32.411263
33.436646
34.458637
35.477242
36.492451
37.504276
38.512703
39.517746
40.519398
41.517654
42.512524
43.504005
44.492096
45.476791
46.458103
47.436020
48.410545
49.381683
50.349438
51.313797
52.274757
53.232334
54.186520
55.137310
56.084717
57.028736
57.969357
58.906590
59.840431
60.770889
61.697948
62.621620
63.541901
64.458794
65.372292
66.282402
67.189117
68.093040
68.997658
69.903557
70.810753
71.719238
72.629005
73.540070
74.452415
75.366051
76.280983
77.197197
78.114693
79.033485
79.953568
80.874939
81.797592
82.721535
83.646774
84.573296
85.501106
86.430206
87.360588
88.292267
89.225235
90.159477
91.095016
92.031853
92.969971
93.909378
94.850067
95.792053
96.735329
97.679893
98.625740
99.572876
100.521294
101.471016
102.422012
103.374306
104.327888
105.282761
106.238907
107.196350
108.155083
109.115112
110.076424
111.039024
112.002914
112.968086
113.934547
114.902298
115.871338
116.841667
117.813286
118.786079
119.759918
120.734818
121.710762
122.687767
123.665810
124.644920
125.625069
126.606270
127.588531
128.571854
129.556213
130.541626
131.528107
132.515625
133.504196
134.493835
135.484497
136.476227
137.469025
138.462860
139.457748
140.453690
141.450684
142.448715
143.447815
144.447968
145.449173
146.451416
147.454742
148.459091
149.464508
150.470963
151.478485
152.487061
153.496689
154.507355
155.519073
156.531860
157.545685
158.560562
159.576508
160.593506
161.611542
162.630630
163.650772
164.671982
165.694229
166.717529
167.741882
168.767288
169.793747
170.821259
171.849655
172.878098
173.906387
174.934570
175.962616
176.990524
178.018311
179.045944
180.073471
181.100861
182.128113
183.155243
184.182236
185.209122
186.235855
187.262466
188.288940
189.315277
190.341492
191.367584
192.393524
193.419342
194.445053
195.470596
196.496048
197.521332
198.546509
199.571548
200.596466
201.621246
202.645889
203.670410
204.694794
205.719040
206.743164
207.767166
208.791031
209.814774
210.838379
211.861847
212.885193
213.908401
214.931488
215.954422
216.977249
217.999924
219.022491
220.044922
221.067230
222.089386
223.111420
224.133347
225.155106
226.176758
227.196213
228.211441
229.222443
230.229187
231.231735
232.230011
233.224060
234.213898
235.199478
236.180847
237.157944
238.130844
239.099487
240.063919
241.024094
241.980042
242.931763
243.879242
244.822495
245.761505
246.696274
247.626831
248.553131
249.475204
250.393051
251.306656
252.216019
253.121170
0.000000
1.068173
2.151034
3.248583
4.360820
5.487745
6.629358
7.785659
8.956649
10.142325
11.342690
12.557742
13.787483
15.031912
16.291029
17.553053
18.806210
20.050499
21.285915
22.512466
23.730145
24.938957
26.138897
27.329969
28.512175
29.685509
30.849972
32.005569
33.152294
34.290150
35.419140
36.539257
37.650509
38.752888
39.846401
40.931042
42.006813
43.073723
44.131752
45.180916
46.221214
47.252640
48.275200
49.288887
50.293705
51.289654
52.276737
53.254940
54.224293
55.184765
56.136372
57.079102
58.012970
58.937962
59.854092
60.761345
61.659740
62.549255
63.429905
64.301689
65.166412
66.034981
66.909203
67.789085
68.674629
69.565819
70.462677
71.365181
72.273346
73.187164
74.106651
75.031784
75.962578
76.899025
77.841133
78.788902
79.742317
80.701393
81.666130
82.636520
83.612564
84.594276
85.581635
86.574654
87.573326
88.577652
89.587646
90.603287
91.624588
92.651550
93.684166
94.722435
95.766365
96.815948
97.871193
98.932083
99.998650
101.070869
102.148735
103.232262
104.321442
105.416283
106.516785
107.622932
108.734734
109.852211
110.972198
112.091583
113.210365
114.328529
115.446098
116.563057
117.679405
118.795143
119.910278
121.024803
122.138733
123.252037
124.364754
125.476852
126.588348
127.699234
128.809494
129.919174
131.028244
132.136688
133.244553
134.351791
135.458435
136.564453
137.669876
138.774689
139.878922
140.982513
142.085495
143.187897
144.289673
145.390839
146.491409
147.591370
148.690720
149.789474
150.887589
151.985123
153.082047
154.178375
155.274078
156.369186
157.463669
158.557556
159.650848
160.743256
161.833298
162.920700
164.005463
165.087601
166.167099
167.243973
168.318207
169.389786
170.458740
171.525070
172.588760
173.649811
174.708221
175.764008
176.817154
177.867661
178.915558
179.960785
181.003403
182.043365
183.080719
184.115417
185.147476
186.176910
187.203705
188.227875
189.249405
190.268280
191.284546
192.298172
193.309158
194.317520
195.323227
196.326309
197.326752
198.324570
199.319748
200.312286
201.302200
202.289474
203.274109
204.256088
205.235474
206.212204
207.186279
208.150986
209.099594
210.032059
210.948395
211.848618
212.732712
213.600677
214.452530
215.288254
216.107834
216.911316
217.698669
218.469894
219.224991
219.963959
220.686829
221.393555
222.084167
222.758636
223.416992
224.059219
224.685333
225.295303
225.889175
226.466904
227.028519
227.574005
228.103378
228.616608
229.113724
229.594696
230.059570
230.508301
230.940918
231.357422
231.757782
232.142044
232.510147
232.862152
233.198013
233.517761
233.821396
234.108887
234.380264
234.635513
234.874634
235.097641
235.304520
235.495270
235.669907
235.828400
235.970795
236.097031
236.207169
236.301178
236.379074
236.440826
236.486465
236.515961
0.000000
1.938145
3.731817
5.381017
6.885744
8.245997
9.529794
10.805143
12.072046
13.330504
14.580518
15.822085
17.055206
18.279884
19.496115
20.703899
21.903240
23.094137
24.276587
25.450590
26.616146
27.773260
28.921928
30.062151
31.193928
32.317257
33.432148
34.538589
35.636581
36.726131
37.807240
38.879894
39.944111
40.999874
42.047199
43.086079
44.116508
45.138489
46.153595
47.171131
48.192661
49.218193
50.247715
51.281231
52.318748
53.360256
54.405762
55.455257
56.508755
57.566246
58.627735
59.693214
60.762691
61.836163
62.913635
63.995102
65.080559
66.170013
67.263458
68.360909
69.462349
70.567787
71.677216
72.790642
73.908066
75.029480
76.154900
77.284302
78.417717
79.555115
80.696503
81.841103
82.988083
84.137474
85.289253
86.443428
87.600006
88.758972
89.920334
91.084099
92.250259
93.418816
94.589767
95.763115
96.938858
98.116997
99.297531
100.480469
101.665794
102.853523
104.043648
105.236168
106.431084
107.628387
108.828102
110.030205
111.234703
112.441605
113.650902
114.862587
116.076675
117.293152
118.512032
119.732452
120.949356
122.161896
123.370071
124.573868
125.773308
126.968369
128.159073
129.345413
130.527359
131.704956
132.878189
134.047043
135.211533
136.371658
137.527405
138.678787
139.825806
140.968460
142.106750
143.240662
144.370193
145.495377
146.616180
147.732620
148.844696
149.952408
151.055740
152.154709
153.249298
154.339539
155.425400
156.506897
157.581711
158.647522
159.704346
160.752182
161.791016
162.820862
163.841705
164.853561
165.856415
166.850296
167.835175
168.811035
169.777924
170.735809
171.684692
172.624603
173.555511
174.477432
175.390350
176.294266
177.189194
178.075134
178.952072
179.820023
180.678970
181.528915
182.369888
183.201843
184.024826
184.838821
185.643799
186.439789
187.226791
188.004791
188.773804
189.533813
190.284836
191.026855
191.759903
192.483932
193.198975
193.905029
194.602081
195.290146
195.969208
196.639282
197.300369
197.952438
198.595535
199.229630
199.854736
200.470825
201.077942
201.676056
202.265182
202.845322
203.416458
203.978607
204.531754
205.075897
205.611053
206.137222
206.654388
207.162567
207.661743
208.151932
208.633118
209.105331
209.568527
210.022736
210.467957
210.904190
211.331406
211.749649
212.158875
212.559113
212.950378
213.332626
213.705887
214.070160
214.425430
214.771713
215.108994
215.437286
215.756592
216.066879
216.368195
216.660492
216.943832
217.218140
217.483475
217.739807
217.987152
218.225494
218.454849
218.675232
218.886581
219.088943
219.282333
219.466705
219.642105
219.808487
219.965897
220.114304
220.253708
220.384125
220.505539
220.617981
220.721405
220.815842
220.901306
220.977753
221.045212
221.103653
221.153137
221.193604
221.225082
221.247574
221.261063
221.265564
