0.992048
0.003976
0.003976
0.003976
0.992048
0.003976
0.003976
0.003976
0.992048
0.000000
0.827278
1.666528
2.517751
3.380946
4.256114
5.143255
6.042368
6.953455
7.876514
8.811544
9.758549
10.717526
11.683139
12.650059
13.618281
14.587809
15.558640
16.530775
17.504217
18.478960
19.455009
20.432360
21.411016
22.390978
23.372242
24.354813
25.338686
26.323860
27.310343
28.298128
29.287218
30.277613
31.269310
32.262314
33.256618
34.252228
35.249142
36.247360
37.246887
38.247711
39.249844
40.253277
41.258018
42.264061
43.271408
44.280056
45.290012
46.301277
47.313847
48.327705
49.342884
50.359360
51.377140
52.396225
53.416210
54.434658
55.451164
56.465733
57.478355
58.489040
59.497780
60.504585
61.509441
62.512360
63.513340
64.512375
65.509476
66.504623
67.497841
68.489113
69.478447
70.465836
71.451279
72.434784
73.416351
74.395981
75.373665
76.349411
77.323204
78.295074
79.264992
80.232971
81.199005
82.163101
83.125259
84.085464
85.043739
86.000069
86.954460
87.906914
88.857422
89.805984
90.752609
91.697296
92.640038
93.580849
94.519699
95.457542
96.395309
97.332993
98.270584
99.208099
100.145523
101.082878
102.020134
102.957314
103.894402
104.831413
105.768333
106.705177
107.641930
108.578606
109.515190
110.451698
111.388123
112.324455
113.260704
114.196884
115.132965
116.068970
117.004883
117.940720
118.876465
119.812134
120.747711
121.683205
122.618614
123.553940
124.489197
125.424355
126.359428
127.294426
128.229340
129.164154
130.098892
131.033554
131.968140
132.902618
133.837021
134.771255
135.704849
136.637726
137.569870
138.501282
139.431961
140.361923
141.291183
142.219681
143.147476
144.074524
145.000854
145.926468
146.851349
147.775497
148.698929
149.621643
150.543610
151.464859
152.385376
153.305176
154.224243
155.142593
156.060211
156.977097
157.893265
158.808716
159.723419
160.637405
161.550674
162.463196
163.375000
164.286102
165.196457
166.106079
167.014984
167.923157
168.830612
169.737335
170.643341
171.548599
172.453156
173.356979
174.260620
175.164688
176.069138
176.973999
177.879242
178.784912
179.690964
180.597412
181.504257
182.411514
183.319153
184.227219
185.135666
186.044510
186.953766
187.863403
188.773453
189.683899
190.594742
191.505997
192.417648
193.329697
194.242142
195.154968
196.068237
196.981873
197.895905
198.810349
199.725204
200.640442
201.556076
202.472122
203.388550
204.305405
205.222641
206.140274
207.058304
207.976746
208.895584
209.814819
210.734451
211.654495
212.574921
213.495758
214.416992
215.338623
216.260651
217.183090
218.105927
219.029160
219.952774
220.876816
221.801239
222.726074
223.651291
224.576920
225.502945
226.429382
227.356201
228.283417
229.211060
230.139069
231.067505
231.996323
232.925537
233.855164
234.785187
235.715607
236.646423
237.577652
238.509262
239.441284
240.373703
0.000000
0.776303
1.603669
2.482098
3.411590
4.392145
5.423762
6.506442
7.640186
8.824992
10.060861
11.347791
12.685786
14.042123
15.384083
16.711662
18.024868
19.323694
20.608141
21.878212
23.133907
24.375221
25.602160
26.814720
28.012903
29.196707
30.366135
31.521183
32.661854
33.788147
34.900063
35.997604
37.080765
38.149551
39.203957
40.243984
41.269634
42.280910
43.277802
44.260323
45.228458
46.182224
47.122200
48.061466
49.005367
49.953907
50.907078
51.864883
52.827328
53.794403
54.766113
55.742462
56.723438
57.709061
58.699310
59.694195
60.693722
61.697880
62.706673
63.720100
64.738159
65.760857
66.788193
67.820160
68.856758
69.898003
70.943871
71.994377
73.049522
74.109299
75.173714
76.242767
77.315369
78.385101
79.450890
80.512718
81.570602
82.624527
83.674507
84.720535
85.762611
86.800735
87.834908
88.865135
89.891411
90.913734
91.932098
92.946526
93.956993
94.963516
95.966087
96.964699
97.959366
98.950081
99.936844
100.919662
101.898521
102.873428
103.844391
104.811401
105.774467
106.733566
107.690369
108.648941
109.609428
110.571854
111.536217
112.502510
113.470734
114.440887
115.412987
116.387009
117.362968
118.340851
119.320679
120.302437
121.286118
122.271736
123.259300
124.248787
125.240204
126.233559
127.228844
128.226059
129.225220
130.226288
131.229324
132.234268
133.241150
134.249954
135.260712
136.273392
137.286240
138.297485
139.307129
140.315155
141.321609
142.326447
143.329666
144.331299
145.331329
146.329758
147.326569
148.321808
149.315414
150.307419
151.297852
152.286667
153.273865
154.259476
155.243484
156.225876
157.206680
158.185883
159.163467
160.139465
161.113846
162.086639
163.057831
164.027405
164.995392
165.961761
166.926544
167.889725
168.851303
169.811264
170.769623
171.726395
172.681549
173.635101
174.587067
175.537415
176.486160
177.433319
178.378876
179.322800
180.265152
181.205887
182.145035
183.082565
184.018509
184.952820
185.885559
186.816681
187.746201
188.674133
189.600449
190.525162
191.448273
192.369781
193.289703
194.208008
195.124710
196.039810
196.953308
197.865204
198.775513
199.684189
200.591278
201.496780
202.400665
203.302933
204.203629
205.102707
206.000168
206.896042
207.790314
208.682999
209.574051
210.463516
211.351379
212.237640
213.122299
214.005356
214.886795
215.766647
216.644882
217.521545
218.396591
219.270035
220.141861
221.012100
221.880737
222.747757
223.613205
224.477020
225.339233
226.199860
227.058884
227.916306
228.772110
229.626312
230.478928
231.329926
232.179337
233.027145
233.873352
234.717941
235.560928
236.402328
237.242126
238.080292
238.916885
239.751877
240.585251
241.417038
242.247208
243.075775
243.902740
244.728119
245.551880
246.374039
247.194611
248.013580
248.830917
249.646667
0.000000
3.034755
4.659300
6.261075
7.840075
9.396299
10.929750
12.440427
13.928329
15.393454
16.835808
18.255384
19.652187
21.026217
22.377470
23.705948
25.011652
26.294582
27.554739
28.792118
30.006725
31.198557
32.370178
33.536980
34.701530
35.863831
37.023876
38.181667
39.337208
40.490490
41.641525
42.790306
43.936832
45.081108
46.223129
47.362892
48.500412
49.635674
50.768681
51.899441
53.027939
54.154194
55.278187
56.404091
57.536053
58.674080
59.818172
60.968327
62.124542
63.286819
64.455170
65.629570
66.810036
67.996559
69.189156
70.387817
71.592537
72.803322
74.020157
75.243065
76.472038
77.707069
78.948166
80.193314
81.430389
82.657394
83.874321
85.081161
86.277924
87.464615
88.641228
89.807755
90.964211
92.110580
93.246872
94.373085
95.489235
96.595284
97.691269
98.777176
99.852997
100.918739
101.974403
103.019997
104.060059
105.099152
106.137283
107.174438
108.210625
109.245850
110.280098
111.313385
112.345695
113.377037
114.407417
115.436829
116.465263
117.492737
118.519234
119.544769
120.569328
121.592926
122.615555
123.637215
124.657898
125.677620
126.696365
127.714157
128.730972
129.746811
130.761688
131.775589
132.788528
133.800507
134.811508
135.821533
136.830597
137.838699
138.845810
139.851959
140.857162
141.861374
142.864624
143.866913
144.868225
145.868561
146.867935
147.866348
148.863785
149.860245
150.855743
151.850281
152.843857
153.836441
154.828079
155.818726
156.808411
157.797134
158.784882
159.771652
160.757477
161.742310
162.726181
163.709091
164.691040
165.671997
166.652008
167.631012
168.609085
169.586182
170.562302
171.537460
172.511642
173.484863
174.457123
175.428391
176.398712
177.368042
178.336426
179.303818
180.270264
181.235733
182.200226
183.163757
184.126312
185.087921
186.048538
187.008179
187.966873
188.924591
189.881348
190.837112
191.791931
192.745773
193.698654
194.650543
195.601486
196.551453
197.500458
198.448471
199.395538
200.341629
201.286758
202.230896
203.174088
204.116287
205.057541
205.997833
206.937134
207.875473
208.812836
209.749268
210.684692
211.619156
212.552658
213.485184
214.416748
215.347336
216.276947
217.205612
218.133301
219.060013
219.985764
220.910538
221.834351
222.757187
223.679077
224.599960
225.519897
226.438843
227.356842
228.273880
229.189926
230.105026
231.019150
231.932281
232.844482
233.755707
234.665939
235.575211
236.483536
237.390869
238.297241
239.202652
240.107086
241.010529
241.913025
242.814560
243.715118
244.614716
245.513336
246.410980
247.307663
248.203384
249.098114
249.991898
250.884720
251.776535
252.667404
253.557312
254.446243
255.000000
255.000000
255.000000
255.000000
255.000000
255.000000
255.000000
255.000000
255.000000
255.000000
255.000000
255.000000
255.000000
255.000000
255.000000
