0.947946
0.026027
0.026027
0.026027
0.947946
0.026027
0.026027
0.026027
0.947946
0.000000
1.531305
2.938792
4.222459
5.382308
6.478679
7.571916
8.662016
9.748982
10.832812
11.913508
12.991068
14.065493
15.136783
16.204937
17.269955
18.331842
19.390591
20.446205
21.498684
22.548029
23.594234
24.637308
25.677244
26.714048
27.747719
28.778250
29.805647
30.829908
31.851034
32.869026
33.883884
34.895603
35.904190
36.909637
37.911957
38.911137
39.907181
40.900089
41.889866
42.876507
43.860008
44.840378
45.817616
46.791714
47.762680
48.730507
49.695202
50.656757
51.615181
52.570469
53.522621
54.471638
55.419575
56.368507
57.318436
58.269348
59.221256
60.174149
61.128033
62.082912
63.038776
63.995632
64.953476
65.912315
66.872139
67.832954
68.794762
69.757553
70.721344
71.686119
72.651886
73.618637
74.586388
75.555122
76.524857
77.495567
78.467278
79.439972
80.413658
81.388344
82.364006
83.340668
84.318314
85.296951
86.276573
87.257195
88.238808
89.221405
90.204987
91.189575
92.175133
93.161697
94.149254
95.137787
96.127319
97.117836
98.109344
99.101845
100.095337
101.089813
102.084686
103.079330
104.073761
105.067970
106.061958
107.055733
108.049286
109.042618
110.035736
111.028633
112.021309
113.013771
114.006012
114.998032
115.989838
116.981422
117.972786
118.963943
119.954865
120.945580
121.936066
122.926338
123.916397
124.906227
125.895851
126.885239
127.874420
128.863388
129.852112
130.840637
131.828949
132.817047
133.804901
134.792557
135.779984
136.767181
137.754196
138.740952
139.727509
140.713852
141.699966
142.685867
143.671539
144.657013
145.642242
146.627274
147.612076
148.596664
149.582214
150.569885
151.559708
152.551666
153.545761
154.541992
155.540375
156.540863
157.543518
158.548279
159.555222
160.564270
161.575455
162.588791
163.604263
164.621872
165.641602
166.663498
167.687515
168.713654
169.741959
170.772385
171.804947
172.839661
173.876495
174.915466
175.956573
176.999832
178.045242
179.092758
180.142441
181.194229
182.248169
183.304245
184.362457
185.422821
186.485306
187.549927
188.616699
189.685593
190.756638
191.829819
192.905136
193.982574
195.062164
196.143890
197.227753
198.313751
199.392685
200.455475
201.502045
202.532440
203.546631
204.544617
205.526428
206.492035
207.441437
208.374649
209.291672
210.192505
211.077118
211.945557
212.797791
213.633835
214.453690
215.257339
216.044800
216.816055
217.571121
218.309982
219.032684
219.739151
220.429443
221.103546
221.761429
222.403137
223.028641
223.637939
224.231064
224.807968
225.368698
225.913223
226.441574
226.953705
227.449661
227.929398
228.392960
228.840317
229.271469
229.686447
230.085220
230.467804
230.834183
231.184372
231.518356
231.836151
232.137756
232.423157
232.692368
232.945389
233.182205
233.402847
233.607269
233.795502
233.967529
234.123383
234.263031
0.000000
0.874831
1.799480
2.773948
3.798234
4.872339
5.996263
7.170006
8.365867
9.556151
10.740858
11.919986
13.093537
14.261509
15.423903
16.580719
17.731958
18.877617
20.017698
21.152203
22.281128
23.404476
24.522243
25.634436
26.741051
27.842087
28.937544
30.027424
31.111725
32.190449
33.263596
34.331158
35.393147
36.449558
37.500393
38.545647
39.585327
40.619427
41.647945
42.670883
43.688248
44.700035
45.706242
46.706875
47.701927
48.691399
49.675297
50.653614
51.626354
52.593517
53.555103
54.511108
55.461536
56.406384
57.345879
58.285072
59.226028
60.168747
61.113216
62.059452
63.007442
63.957195
64.908699
65.861969
66.817009
67.773796
68.732338
69.692642
70.654716
71.618546
72.584122
73.551468
74.520569
75.491432
76.464058
77.438431
78.414574
79.392479
80.372131
81.353554
82.336723
83.321663
84.308357
85.296822
86.287033
87.279007
88.272728
89.268219
90.265480
91.264481
92.265251
93.267784
94.272064
95.278107
96.285919
97.295479
98.306824
99.319901
100.334740
101.351341
102.369698
103.389633
104.409973
105.430542
106.451317
107.472321
108.493546
109.514992
110.536659
111.558548
112.580658
113.602982
114.625534
115.648308
116.671295
117.694511
118.717941
119.741592
120.765472
121.789566
122.813881
123.838417
124.863174
125.888153
126.913361
127.938766
128.964417
129.990280
131.016357
132.042664
133.069183
134.095932
135.122894
136.150085
137.177490
138.205124
139.232971
140.261032
141.289322
142.317841
143.346573
144.375519
145.404694
146.434097
147.463699
148.493546
149.523590
150.553879
151.584000
152.613144
153.641220
154.668243
155.694214
156.719147
157.742996
158.765823
159.787598
160.808304
161.827972
162.846588
163.864136
164.880646
165.896103
166.910507
167.923859
168.936157
169.947403
170.957596
171.966751
172.974838
173.981888
174.987869
175.992813
176.996704
177.999527
179.001312
180.002060
181.001740
182.000351
182.997940
183.994461
184.989929
185.984344
186.977722
187.970032
188.961304
189.951523
190.940674
191.928802
192.915848
193.901855
194.886810
195.870697
196.853561
197.835373
198.815399
199.792984
200.768127
201.740814
202.711044
203.678833
204.644165
205.607040
206.567459
207.525421
208.480957
209.434021
210.384613
211.332779
212.278488
213.221725
214.162521
215.100876
216.036774
216.970215
217.901199
218.829727
219.755814
220.679443
221.600616
222.519333
223.435593
224.349411
225.260773
226.169693
227.076157
227.980148
228.881714
229.780792
230.677444
231.571625
232.463379
233.352646
234.239502
235.123871
236.005798
236.885269
237.762283
238.636856
239.508957
240.378632
241.245834
242.110596
242.972885
243.832748
244.690140
245.545074
246.397568
247.247604
248.095200
248.940323
249.783005
250.623230
251.460999
252.296310
253.129196
0.000000
1.716588
3.209458
4.478609
5.634161
6.786237
7.934837
9.079961
10.221606
11.359776
12.494469
13.625685
14.753425
15.877689
16.998474
18.115784
19.229616
20.339972
21.446852
22.550253
23.650179
24.746630
25.839603
26.929100
28.015118
29.097660
30.176727
31.252314
32.324429
33.393063
34.458221
35.519905
36.578110
37.632839
38.684090
39.731865
40.776165
41.816990
42.854336
43.888203
44.918594
45.945511
46.968948
47.988914
49.005402
50.018402
51.027935
52.034447
53.040588
54.046829
55.053154
56.059574
57.066086
58.072685
59.079376
60.086159
61.093033
62.099998
63.107056
64.114204
65.121437
66.128761
67.136185
68.143700
69.151299
70.158997
71.166779
72.174652
73.182617
74.190666
75.198814
76.207054
77.215385
78.223801
79.232315
80.240913
81.249611
82.258392
83.267258
84.276222
85.285286
86.294434
87.303673
88.312996
89.322418
90.331932
91.341537
92.351227
93.361008
94.370888
95.380844
96.392342
97.406830
98.424309
99.444771
100.468224
101.494652
102.524071
103.556480
104.591873
105.630249
106.671616
107.715965
108.763306
109.813622
110.866936
111.923225
112.982506
114.044769
115.110031
116.178261
117.249496
118.323708
119.400902
120.481094
121.564262
122.650414
123.739555
124.831688
125.926804
127.024895
128.125992
129.230057
130.337112
131.447174
132.560196
133.676208
134.795212
135.917206
137.042175
138.170135
139.301086
140.435028
141.571930
142.711182
143.848694
144.983841
146.116592
147.246964
148.374939
149.500549
150.623764
151.744598
152.863052
153.979111
155.092789
156.204086
157.312988
158.419525
159.523666
160.625412
161.724792
162.821777
163.916382
165.008606
166.098434
167.185898
168.270966
169.353638
170.433945
171.511856
172.587372
173.660538
174.731277
175.799667
176.865662
177.929260
178.990494
180.049347
181.105789
182.159851
183.211548
184.260849
185.307770
186.352310
187.394455
188.434235
189.471603
190.503845
191.528091
192.544357
193.552673
194.553040
195.545425
196.529846
197.506317
198.474808
199.435333
200.387924
201.332520
202.269165
203.197830
204.118561
205.031296
205.936096
206.832916
207.721771
208.602661
209.475601
210.340576
211.197571
212.046616
212.887680
213.720795
214.545944
215.363129
216.172348
216.973618
217.766907
218.552231
219.329590
220.098999
220.860443
221.613907
222.359421
223.096954
223.826553
224.548157
225.261826
225.967499
226.665237
227.354996
228.036804
228.710632
229.376495
230.034409
230.684357
231.326324
231.960342
232.586395
233.204498
233.814621
234.416779
235.010971
235.597214
236.175476
236.745773
237.308121
237.862488
238.408905
238.947357
239.477844
240.000366
240.514938
241.021530
241.520142
242.010803
242.493515
242.968262
243.435028
243.893829
244.344681
244.787582
245.222488
245.649445
246.068436
