0.954605
0.022698
0.022698
0.022698
0.954605
0.022698
0.022698
0.022698
0.954605
0.000000
1.144773
2.284794
3.420064
4.550583
5.676351
6.797367
7.913632
9.025146
10.131907
11.233918
12.331178
13.423686
14.511444
15.594449
16.674248
17.752394
18.828880
19.903711
20.976887
22.048405
23.118265
24.186470
25.253016
26.317907
27.381142
28.442717
29.502638
30.560900
31.617504
32.672455
33.725746
34.777382
35.827366
36.875683
37.922352
38.967358
40.010712
41.052406
42.092442
43.130825
44.167549
45.202618
46.236031
47.267784
48.297878
49.326317
50.353100
51.378231
52.401703
53.423515
54.443668
55.462170
56.479015
57.494202
58.507729
59.519600
60.529816
61.538376
62.545277
63.550522
64.554115
65.556046
66.556061
67.553955
68.549698
69.543304
70.534782
71.524101
72.511292
73.496330
74.479233
75.459999
76.438622
77.415100
78.389435
79.361633
80.331688
81.299599
82.265373
83.229012
84.190498
85.149849
86.107056
87.062126
88.015060
88.965843
89.914482
90.860992
91.805351
92.747574
93.687653
94.625595
95.561394
96.495049
97.426559
98.355934
99.283173
100.208260
101.131210
102.052017
102.970688
103.887215
104.801598
105.713844
106.623947
107.531914
108.437729
109.341415
110.242950
111.142349
112.042213
112.945183
113.851234
114.760368
115.672600
116.587921
117.506325
118.427818
119.352409
120.280083
121.210846
122.144699
123.081642
124.021667
124.964790
125.911003
126.860298
127.812675
128.768158
129.726730
130.688385
131.653137
132.620972
133.591873
134.565887
135.542999
136.523178
137.506454
138.492844
139.482300
140.474823
141.470474
142.469193
143.471008
144.475906
145.483902
146.494980
147.509171
148.526413
149.546768
150.570206
151.596725
152.626343
153.659058
154.694855
155.733734
156.775696
157.820755
158.864883
159.904083
160.938324
161.967636
162.991989
164.011414
165.025909
166.035431
167.040024
168.039673
169.034393
170.024155
171.008972
171.988846
172.963791
173.933777
174.898834
175.858948
176.814102
177.764328
178.709610
179.649948
180.585342
181.515808
182.441315
183.361862
184.277496
185.188171
186.093918
186.994720
187.890549
188.781464
189.667450
190.548462
191.424545
192.295685
193.161880
194.023132
194.879440
195.730804
196.577240
197.418732
198.255264
199.086853
199.913498
200.735214
201.551987
202.363831
203.179611
204.008270
204.849792
205.704178
206.571442
207.451569
208.344574
209.250443
210.169174
211.100769
212.045242
213.002579
213.972778
214.955856
215.951797
216.960587
217.982269
219.016815
220.064224
221.124496
222.197647
223.283661
224.382553
225.494293
226.618912
227.756409
228.906754
230.069977
231.246063
232.435028
233.636841
234.851532
236.079117
237.319534
238.572845
239.838989
241.118042
242.409943
243.714691
245.032349
246.362854
247.706223
249.062454
250.431564
251.813553
253.208374
254.616104
255.000000
255.000000
0.000000
0.831018
1.680649
2.548894
3.435753
4.341225
5.265311
6.208010
7.169323
8.149250
9.147791
10.164944
11.200711
12.255092
13.328086
14.419694
15.529917
16.658752
17.806200
18.972261
20.156940
21.360229
22.569704
23.772947
24.969955
26.160728
27.345264
28.523569
29.695635
30.861465
32.021061
33.174419
34.321545
35.462433
36.597092
37.725510
38.847691
39.963642
41.073349
42.176830
43.274071
44.365074
45.449848
46.528381
47.600685
48.666748
49.726578
50.780170
51.827530
52.868652
53.903542
54.932198
55.954617
56.970795
57.980740
58.984447
59.981926
60.973167
61.958168
62.936939
63.909470
64.875771
65.835838
66.789673
67.737267
68.678627
69.613739
70.542633
71.465477
72.386703
73.308090
74.229652
75.151398
76.073296
76.995377
77.917618
78.840042
79.762627
80.685387
81.608322
82.531418
83.454697
84.378143
85.301758
86.225540
87.149498
88.073631
88.997932
89.922401
90.847046
91.771858
92.696846
93.622002
94.547325
95.472824
96.398491
97.324333
98.250351
99.176521
100.102875
101.029404
101.956100
102.882965
103.810005
104.737213
105.664597
106.592148
107.519867
108.447762
109.375824
110.304062
111.232468
112.161041
113.089790
114.018707
114.948189
115.880501
116.816040
117.754799
118.696785
119.641991
120.590424
121.542076
122.496956
123.455055
124.416382
125.380928
126.348709
127.319702
128.293915
129.271362
130.252029
131.235916
132.223022
133.213379
134.206924
135.203705
136.203720
137.206940
138.213409
139.223068
140.235977
141.252106
142.271454
143.294022
144.319809
145.348831
146.381058
147.416534
148.455215
149.497147
150.542267
151.590637
152.642212
153.697006
154.755051
155.816299
156.880783
157.948471
159.019394
160.093536
161.170914
162.249069
163.322128
164.389786
165.452072
166.508972
167.560471
168.606583
169.647324
170.682663
171.712616
172.737183
173.756363
174.770157
175.778564
176.781586
177.779221
178.771469
179.758316
180.739792
181.715881
182.686584
183.651886
184.611816
185.566345
186.515488
187.459244
188.397629
189.330612
190.258209
191.180420
192.097244
193.008682
193.914734
194.815399
195.710678
196.600571
197.485077
198.364197
199.237900
200.106247
200.969208
201.826767
202.678955
203.525742
204.367142
205.203156
206.033798
206.866577
207.709106
208.561356
209.423325
210.295029
211.176468
212.067612
212.968475
213.879089
214.799423
215.729477
216.669235
217.618744
218.577988
219.546936
220.525604
221.514008
222.512146
223.519989
224.537582
225.564880
226.601913
227.648666
228.705154
229.771362
230.847290
231.932938
233.028336
234.133438
235.248276
236.372833
237.507126
238.651138
239.804855
240.968323
242.141510
243.324417
244.517059
245.719421
246.931519
248.153320
249.384857
250.626129
251.877121
253.137833
254.408264
255.000000
0.000000
1.261126
2.512768
3.754925
4.987597
6.210785
7.424489
8.628706
9.823441
11.008691
12.184455
13.350735
14.507531
15.654840
16.792667
17.921009
19.044266
20.166842
21.288734
22.409943
23.530472
24.650314
25.769476
26.887955
28.005749
29.122862
30.239292
31.355040
32.470100
33.584484
34.698185
35.811203
36.923534
38.035183
39.146152
40.256439
41.366039
42.474957
43.583199
44.690746
45.797619
46.903805
48.009312
49.114136
50.218277
51.321732
52.424507
53.526596
54.628006
55.728733
56.828777
57.928135
59.026814
60.124809
61.222118
62.318748
63.414696
64.509834
65.601463
66.688469
67.770851
68.848618
69.921768
70.990288
72.054199
73.113480
74.168144
75.218185
76.263611
77.304405
78.340584
79.372147
80.399094
81.421410
82.439110
83.452187
84.460648
85.464485
86.463699
87.458298
88.448273
89.433624
90.414360
91.390480
92.361969
93.328842
94.291100
95.248726
96.201736
97.150131
98.093903
99.033051
99.967575
100.897491
101.822769
102.743446
103.659492
104.570923
105.477730
106.381233
107.289421
108.203613
109.123825
110.050018
110.982231
111.920448
112.864662
113.814880
114.771111
115.733345
116.701576
117.675819
118.656067
119.642311
120.634567
121.632828
122.637093
123.647354
124.663628
125.685898
126.714188
127.748474
128.788757
129.835052
130.887344
131.945648
133.009964
134.080276
135.156586
136.238907
137.327240
138.421570
139.521896
140.628235
141.740585
142.858932
143.983292
145.113647
146.250000
147.392380
148.540741
149.690948
150.832733
151.965652
153.089706
154.204895
155.311203
156.408661
157.497253
158.576965
159.647812
160.709793
161.762894
162.807144
163.842514
164.869019
165.886658
166.895432
167.895325
168.886383
169.868530
170.841843
171.806259
172.761841
173.708527
174.646347
175.575302
176.495407
177.406631
178.308990
179.202469
180.087097
180.962845
181.829727
182.687759
183.536896
184.377167
185.208588
186.031128
186.844803
187.649612
188.445557
189.232620
190.018738
190.811905
191.612061
192.419235
193.233398
194.054581
194.882782
195.717987
196.560181
197.409409
198.265640
199.128860
199.999100
200.876358
201.760620
202.651886
203.550156
204.455444
205.367737
206.287033
207.213333
208.146652
209.086975
210.034302
210.988647
211.949997
212.918365
213.893723
214.876099
215.865479
216.861877
217.865265
218.875671
219.893097
220.917511
221.948944
222.987381
224.032837
225.085297
226.144760
227.211227
228.284714
229.365204
230.452713
231.547195
232.648712
233.757233
234.872787
235.995316
237.124863
238.261414
239.404984
240.555542
241.713135
242.877716
244.049316
245.227921
246.413544
247.606155
248.805786
250.012421
251.226074
252.446732
253.674393
254.909058
255.000000
255.000000
255.000000
255.000000
255.000000
255.000000
255.000000
255.000000
