0.971112
0.014444
0.014444
0.014444
0.971112
0.014444
0.014444
0.014444
0.971112
0.000000
1.061870
2.101286
3.118247
4.112754
5.084807
6.046166
7.008589
7.972078
8.936630
9.902248
10.868931
11.836679
12.805491
13.775369
14.746310
15.718319
16.691391
17.665529
18.640730
19.616997
20.594326
21.572723
22.552183
23.532713
24.514303
25.496958
26.480680
27.465466
28.451315
29.438231
30.426210
31.415255
32.405369
33.396542
34.388783
35.382084
36.376450
37.371887
38.368385
39.365952
40.364582
41.364277
42.365036
43.366856
44.369747
45.373699
46.378716
47.384800
48.391945
49.400162
50.409439
51.419781
52.431187
53.443661
54.457195
55.471798
56.487465
57.504200
58.521992
59.540852
60.560783
61.581753
62.603607
63.626328
64.649910
65.674362
66.699677
67.725845
68.752884
69.780792
70.809563
71.839203
72.869698
73.901062
74.933296
75.966385
77.000336
78.035156
79.070839
80.107391
81.144806
82.183083
83.222221
84.262238
85.303108
86.344841
87.387436
88.430901
89.475227
90.520424
91.566483
92.613403
93.661186
94.709831
95.759346
96.809731
97.860977
98.913086
99.966057
101.019890
102.074593
103.130150
104.186577
105.243866
106.302032
107.361053
108.420937
109.481689
110.543304
111.605782
112.669121
113.733322
114.798409
115.864342
116.931137
117.998802
119.067337
120.136726
121.204926
122.269859
123.331543
124.389969
125.445129
126.497047
127.545708
128.591095
129.633240
130.672119
131.707733
132.740097
133.769211
134.795059
135.817642
136.836975
137.853058
138.865891
139.875443
140.881760
141.884811
142.884598
143.881134
144.874420
145.864426
146.851196
147.834702
148.814941
149.791946
150.765671
151.736145
152.703369
153.667328
154.628021
155.585480
156.539658
157.490585
158.438263
159.382690
160.323837
161.261734
162.196396
163.127777
164.055908
164.980774
165.902390
166.820740
167.735855
168.647690
169.556274
170.461609
171.363678
172.262482
173.158051
174.050339
174.939392
175.825912
176.714600
177.606186
178.500671
179.398041
180.298325
181.201492
182.107574
183.016525
183.928406
184.843185
185.760849
186.681396
187.604874
188.531235
189.460495
190.392654
191.327713
192.265671
193.206528
194.150284
195.096939
196.046478
196.998932
197.954285
198.912537
199.873688
200.837723
201.804657
202.774506
203.747238
204.722885
205.701416
206.682861
207.667191
208.654434
209.644562
210.637589
211.633499
212.632339
213.634064
214.638687
215.646210
216.656631
217.669952
218.686172
219.705292
220.727295
221.752213
222.780045
223.810745
224.844360
225.880859
226.920273
227.962570
229.007782
230.055878
231.104233
232.150116
233.193527
234.234497
235.273010
236.309067
237.342667
238.373810
239.402512
240.428741
241.452530
242.473862
243.492737
244.509171
245.523148
246.534668
247.543716
248.550339
249.554489
250.556183
251.555435
252.552231
253.546585
254.538467
0.000000
0.960603
1.957757
2.991460
4.061713
5.168515
6.311867
7.491770
8.688081
9.880663
11.069514
12.254637
13.436030
14.613693
15.787624
16.957827
18.124302
19.287045
20.446056
21.601339
22.752893
23.900717
25.044809
26.185173
27.321810
28.454714
29.583887
30.709332
31.831045
32.949028
34.063282
35.173809
36.280605
37.383671
38.483006
39.578609
40.670483
41.758629
42.843044
43.923729
45.000690
46.073914
47.143410
48.209175
49.271210
50.329514
51.384090
52.434940
53.482059
54.525448
55.565098
56.601028
57.633228
58.661690
59.686428
60.707439
61.724716
62.738266
63.748081
64.754166
65.756531
66.755157
67.750053
68.742638
69.736313
70.731262
71.727470
72.724937
73.723663
74.723656
75.724922
76.727440
77.731232
78.736275
79.742592
80.750168
81.759003
82.769104
83.780464
84.793091
85.806984
86.822136
87.838554
88.856232
89.875175
90.895386
91.916855
92.939590
93.963585
94.988838
96.015358
97.043152
98.072197
99.102516
100.134079
101.166916
102.201027
103.236389
104.273018
105.310905
106.350060
107.390472
108.432159
109.475105
110.519302
111.564781
112.611511
113.659500
114.708763
115.759285
116.811066
117.864120
118.918434
119.974007
121.030846
122.088951
123.148315
124.208939
125.270210
126.328453
127.383064
128.434021
129.481339
130.525024
131.565048
132.601440
133.634171
134.663284
135.688736
136.710556
137.728729
138.743256
139.754150
140.761383
141.764984
142.764938
143.761261
144.753922
145.742935
146.728333
147.710083
148.688187
149.662628
150.633438
151.600601
152.564117
153.524017
154.480255
155.432846
156.381790
157.327103
158.268768
159.206787
160.141174
161.071915
161.999008
162.922455
163.842255
164.758423
165.670944
166.579819
167.485062
168.386658
169.284592
170.178894
171.069550
171.956573
172.839951
173.719681
174.595764
175.468216
176.337021
177.202179
178.063904
178.926605
179.792114
180.660431
181.531540
182.405441
183.282166
184.161667
185.043991
185.929092
186.817017
187.707733
188.601273
189.497574
190.396698
191.298645
192.203354
193.110886
194.021225
194.934341
195.850281
196.769012
197.690552
198.614883
199.542023
200.471954
201.404694
202.340240
203.278595
204.219727
205.163666
206.110428
207.059967
208.012314
208.967484
209.925415
210.886169
211.849731
212.816086
213.785233
214.757202
215.731964
216.709518
217.689896
218.673050
219.659012
220.647781
221.639359
222.633713
223.630890
224.630859
225.633636
226.639221
227.647598
228.658768
229.672745
230.684753
231.690033
232.688553
233.680344
234.665405
235.643723
236.615295
237.580139
238.538239
239.489594
240.434219
241.372101
242.303253
243.227661
244.145340
245.056274
245.960449
246.857910
247.748627
248.632584
249.509827
250.380325
251.244080
252.101105
252.951385
253.794937
254.631729
0.000000
1.524193
2.979949
4.367269
5.686152
6.936599
8.150938
9.361497
10.568276
11.771275
12.970494
14.165934
15.357594
16.545473
17.729570
18.909893
20.086433
21.259192
22.428173
23.593372
24.754793
25.912432
27.066294
28.216373
29.362677
30.505198
31.643938
32.778900
33.910080
35.037483
36.161102
37.280945
38.397003
39.509289
40.617790
41.722515
42.823456
43.920616
45.013996
46.103600
47.189426
48.271469
49.349731
50.424213
51.494915
52.561840
53.624985
54.684349
55.739929
56.791737
57.839764
58.884007
59.924473
60.961155
61.994057
63.023182
64.048531
65.070229
66.091248
67.112793
68.134865
69.157478
70.180611
71.204262
72.228455
73.253174
74.278419
75.304199
76.330505
77.357346
78.384705
79.412598
80.441025
81.469971
82.499451
83.529457
84.559998
85.591064
86.622658
87.654785
88.687439
89.720619
90.754333
91.788574
92.823341
93.858643
94.894470
95.930824
96.967712
98.005127
99.043068
100.081535
101.120537
102.160072
103.200127
104.240715
105.281830
106.323479
107.365654
108.408363
109.451591
110.495354
111.539650
112.584465
113.629814
114.675690
115.722092
116.769035
117.816490
118.864029
119.908905
120.950668
121.989319
123.024841
124.057251
125.086548
126.112724
127.135780
128.155716
129.172562
130.186279
131.196869
132.204346
133.208710
134.209961
135.208084
136.203094
137.194992
138.183777
139.169449
140.151978
141.131424
142.107727
143.080933
144.051010
145.017975
145.981827
146.942551
147.900177
148.854675
149.806046
150.754333
151.699478
152.641510
153.580414
154.516220
155.448898
156.378479
157.304932
158.228256
159.148468
160.065582
160.979568
161.890442
162.798187
163.702820
164.604340
165.502731
166.398026
167.290192
168.179245
169.066391
169.954544
170.843857
171.734329
172.625916
173.518692
174.412598
175.307678
176.203903
177.101257
177.999786
178.899460
179.800293
180.702271
181.605408
182.509674
183.415131
184.321716
185.229446
186.138336
187.048370
187.959579
188.871918
189.785400
190.700058
191.615860
192.532806
193.450928
194.370178
195.290604
196.212158
197.134872
198.058731
198.983734
199.909912
200.837234
201.765701
202.695343
203.626114
204.558044
205.491119
206.425354
207.360733
208.297287
209.234970
210.173813
211.113800
212.054947
212.997238
213.940674
214.885284
215.831039
216.776810
217.721359
218.664734
219.606949
220.547974
221.487823
222.426498
223.363983
224.300293
225.235428
226.169388
227.102158
228.033737
228.964157
229.893402
230.821472
231.748352
232.674057
233.598587
234.521927
235.444107
236.365097
237.284912
238.203552
239.121002
240.037277
240.952377
241.866287
242.779037
243.690613
244.600998
245.510193
246.418228
247.325073
248.230743
249.135239
250.038559
250.940689
251.841644
252.741425
253.640030
254.537460
255.000000
