0.955616
0.022192
0.022192
0.022192
0.955616
0.022192
0.022192
0.022192
0.955616
0.000000
0.685550
1.388532
2.108947
2.846793
3.602073
4.374784
5.164929
5.972505
6.797514
7.639956
8.499828
9.377135
10.271873
11.184045
12.113647
13.060684
14.025152
15.007052
16.006384
17.023151
18.057348
19.108976
20.178040
21.264534
22.368462
23.489820
24.628614
25.784838
26.946806
28.102819
29.252880
30.396992
31.535151
32.667355
33.793613
34.913918
36.028267
37.136669
38.239120
39.335613
40.426159
41.510754
42.589397
43.662090
44.728828
45.789616
46.844448
47.893337
48.936268
49.973255
51.004284
52.029362
53.048485
54.061661
55.068882
56.070156
57.065475
58.054844
59.038261
60.015720
60.987236
61.952805
62.912411
63.866077
64.813782
65.755531
66.691338
67.621193
68.545090
69.463043
70.375046
71.281082
72.181175
73.075325
73.963516
74.845757
75.722038
76.592377
77.456764
78.315193
79.167679
80.016556
80.867607
81.721092
82.576996
83.435326
84.296082
85.159264
86.024879
86.892914
87.763382
88.636276
89.511597
90.389336
91.269516
92.152115
93.037140
93.924591
94.814476
95.706779
96.601509
97.498672
98.398262
99.300270
100.204712
101.111580
102.020866
102.932594
103.846741
104.763313
105.682312
106.603745
107.527596
108.453880
109.382584
110.313721
111.247284
112.183266
113.121689
114.062523
115.005798
115.951492
116.899612
117.850159
118.803131
119.758537
120.716370
121.676620
122.639297
123.604416
124.571953
125.541916
126.514305
127.489120
128.465973
129.442581
130.418579
131.393951
132.368698
133.342819
134.316330
135.289200
136.261459
137.233093
138.204102
139.174484
140.144226
141.113373
142.081879
143.049774
144.017044
144.983688
145.949692
146.915100
147.879868
148.844025
149.807541
150.770432
151.732712
152.694366
153.655396
154.615799
155.575577
156.534744
157.493286
158.451187
159.408478
160.365158
161.321198
162.276611
163.231400
164.185577
165.139130
166.092056
167.044342
167.996017
168.947083
169.897507
170.847321
171.796509
172.745056
173.692978
174.640305
175.586975
176.533051
177.478485
178.423325
179.367584
180.313187
181.260849
182.210587
183.162399
184.116272
185.072250
186.030258
186.990372
187.952545
188.916809
189.883118
190.851517
191.821991
192.794525
193.769150
194.745834
195.724594
196.705429
197.688339
198.673309
199.660370
200.649490
201.640701
202.633972
203.629303
204.626740
205.626221
206.627792
207.631439
208.637131
209.644928
210.654785
211.666718
212.680710
213.696793
214.714935
215.735168
216.757462
217.781830
218.808273
219.836792
220.867371
221.900040
222.934769
223.971573
225.010452
226.051407
227.094437
228.139526
229.186707
230.235947
231.287262
232.340668
233.406418
234.494675
235.605484
236.738861
237.894791
239.073257
240.274307
241.497894
242.744049
244.012741
245.304001
246.617813
247.954178
249.313110
0.000000
1.118969
2.432964
3.743584
5.050831
6.354705
7.655205
8.952331
10.246082
11.536461
12.823466
14.107099
15.387354
16.664240
17.937748
19.207886
20.474649
21.738039
22.998053
24.254698
25.507965
26.757860
28.003744
29.244986
30.481581
31.713531
32.940838
34.163498
35.381516
36.594891
37.803616
39.007698
40.207134
41.401928
42.592079
43.777580
44.958443
46.134655
47.306221
48.473148
49.635429
50.793064
51.946056
53.094398
54.238098
55.377155
56.511566
57.641335
58.766457
59.886936
61.002766
62.113956
63.220497
64.322395
65.419647
66.512253
67.600220
68.683540
69.762215
70.836243
71.905632
72.970375
74.030472
75.085915
76.136726
77.182884
78.224403
79.261269
80.293510
81.321075
82.344025
83.362312
84.375961
85.385193
86.395203
87.408096
88.423859
89.442520
90.464058
91.488480
92.515778
93.545975
94.579048
95.614998
96.653839
97.695564
98.740166
99.787651
100.838028
101.891281
102.947418
104.006447
105.068352
106.133141
107.200821
108.271378
109.344818
110.421135
111.500351
112.582443
113.667412
114.755272
115.846008
116.939636
118.036133
119.135536
120.237808
121.342964
122.451012
123.561935
124.675743
125.792435
126.912003
128.034470
129.159805
130.288025
131.419144
132.553131
133.690018
134.829773
135.972427
137.117935
138.266342
139.417648
140.571808
141.727966
142.880661
144.028992
145.172928
146.312500
147.447708
148.578552
149.705002
150.827103
151.944824
153.058167
154.167145
155.271774
156.372009
157.467865
158.559372
159.646484
160.729248
161.807632
162.881638
163.951294
165.016556
166.077454
167.133987
168.186142
169.233917
170.277344
171.316391
172.351059
173.381348
174.407303
175.428848
176.446045
177.458862
178.467300
179.471390
180.471100
181.466431
182.457397
183.443985
184.426208
185.404053
186.377533
187.346649
188.311386
189.271744
190.227753
191.179382
192.126633
193.069519
194.008026
194.942169
195.871643
196.795746
197.714432
198.627701
199.535568
200.438004
201.335037
202.226654
203.112854
203.993652
204.869034
205.738998
206.603546
207.462692
208.316422
209.164734
210.007645
210.845123
211.677200
212.503876
213.325134
214.140961
214.951385
215.756393
216.555984
217.350174
218.138947
218.922302
219.700256
220.472794
221.239899
222.001633
222.757904
223.508789
224.254272
224.994324
225.728973
226.458191
227.182007
227.900421
228.613403
229.320999
230.023148
230.719910
231.411240
232.097168
232.777679
233.452789
234.122482
234.786758
235.445618
236.099060
236.757843
237.432648
238.123489
238.830383
239.553314
240.292267
241.047287
241.818329
242.605408
243.408554
244.227722
245.062927
245.914185
246.781464
247.664810
248.564178
249.479599
250.411041
251.358551
252.322083
253.301666
254.297287
255.000000
255.000000
255.000000
255.000000
255.000000
0.000000
1.382260
2.771872
4.168835
5.573150
6.984817
8.403835
9.830206
11.263929
12.705002
14.153428
15.609205
17.072336
18.542814
20.020649
21.505833
22.998371
24.489771
25.971561
27.443733
28.906292
30.359232
31.802559
33.236271
34.660366
36.074841
37.479706
38.874954
40.260586
41.636604
43.003006
44.359787
45.706959
47.044514
48.372452
49.690773
50.999481
52.298569
53.588047
54.867908
56.138149
57.398777
58.649792
59.891190
61.122971
62.345135
63.557686
64.760628
65.953941
67.137642
68.311729
69.476204
70.631058
71.776291
72.911926
74.037933
75.154327
76.261101
77.358269
78.445816
79.523743
80.592064
81.651169
82.709755
83.771385
84.836075
85.903816
86.974602
88.048447
89.125343
90.205292
91.288292
92.374344
93.463440
94.555595
95.650803
96.749054
97.850365
98.954720
100.062134
101.172592
102.286118
103.402679
104.522301
105.644974
106.770691
107.899467
109.031288
110.166168
111.304100
112.445068
113.589111
114.736198
115.886330
117.039513
118.195747
119.355049
120.517387
121.682785
122.851227
124.022720
125.197273
126.374863
127.555519
128.739227
129.925980
131.115799
132.308655
133.503662
134.695480
135.883209
137.066879
138.246445
139.421936
140.593338
141.760651
142.923874
144.083023
145.238068
146.389053
147.535950
148.678741
149.817459
150.952103
152.082642
153.209122
154.331482
155.449783
156.563980
157.674103
158.780151
159.882111
160.979980
162.073746
163.163437
164.249054
165.330582
166.408020
167.481384
168.550659
169.615845
170.676926
171.733963
172.786880
173.835739
174.880493
175.921173
176.957764
177.990265
179.018677
180.043015
181.063263
182.079437
183.091522
184.098190
185.096252
186.085526
187.066040
188.037796
189.000763
189.954971
190.900391
191.837051
192.764954
193.684067
194.594421
195.496017
196.388809
197.272858
198.148132
199.014633
199.872360
200.721329
201.561523
202.392944
203.215591
204.029480
204.834595
205.630920
206.418503
207.197296
207.967331
208.728592
209.481094
210.224792
210.959763
211.685928
212.403351
213.111969
213.811859
214.502960
215.185287
215.858841
216.523636
217.179657
217.826904
218.465393
219.095093
219.716034
220.328201
220.938843
221.555206
222.177307
222.805115
223.438660
224.077927
224.722916
225.373627
226.030060
226.692230
227.360123
228.033722
228.713058
229.398117
230.088898
230.785400
231.487640
232.195587
232.909256
233.628677
234.353790
235.084625
235.821213
236.563507
237.311523
238.065262
238.824738
239.589920
240.360840
241.137497
241.919861
242.707947
243.501755
244.301300
245.106552
245.917526
246.734238
247.556671
248.384827
249.218719
250.058319
250.903641
251.754700
252.611481
253.473969
254.342194
255.000000
255.000000
255.000000
255.000000
255.000000
255.000000
255.000000
255.000000
255.000000
255.000000
