0.954657
0.022672
0.022672
0.022672
0.954657
0.022672
0.022672
0.022672
0.954657
0.000000
1.575387
2.999373
4.271958
5.393144
6.438191
7.482368
8.525673
9.568105
10.609665
11.650355
12.690172
13.729117
14.767191
15.804393
16.840721
17.876179
18.910765
19.944479
20.977320
22.009289
23.040386
24.070610
25.099966
26.128448
27.156059
28.182798
29.208664
30.233660
31.257778
32.281033
33.303410
34.324917
35.345551
36.365314
37.384205
38.402218
39.419365
40.435642
41.451046
42.465580
43.479240
44.492027
45.503941
46.514984
47.525154
48.534458
49.542885
50.550438
51.557117
52.562931
53.567871
54.571941
55.575138
56.577461
57.578915
58.579796
59.580841
60.582085
61.583519
62.585155
63.586990
64.589020
65.591248
66.593666
67.596291
68.599106
69.602119
70.605331
71.608749
72.612350
73.616150
74.620155
75.624344
76.628738
77.633331
78.638115
79.643105
80.648285
81.653664
82.659241
83.665024
84.670982
85.677155
86.683517
87.690079
88.696838
89.703796
90.710945
91.718292
92.725830
93.733582
94.741516
95.749657
96.757996
97.766518
98.775261
99.784180
100.793297
101.802628
102.812141
103.821846
104.831772
105.841866
106.852165
107.862679
108.873367
109.884338
110.895973
111.908348
112.921471
113.935341
114.949951
115.965302
116.981400
117.998238
119.015816
120.034142
121.053207
122.073013
123.093559
124.114853
125.136894
126.159668
127.183189
128.207458
129.232468
130.258209
131.284698
132.311935
133.339920
134.368637
135.398102
136.428299
137.459244
138.490936
139.523376
140.556549
141.590469
142.625137
143.660553
144.696686
145.733582
146.771210
147.809586
148.848694
149.888565
150.929184
151.970520
153.012604
154.055435
155.099014
156.143326
157.188385
158.234192
159.280731
160.328018
161.376068
162.424667
163.470322
164.511597
165.548447
166.580917
167.608994
168.632675
169.651947
170.666809
171.677292
172.683380
173.685059
174.682343
175.675232
176.663727
177.647812
178.627502
179.602798
180.573700
181.540192
182.502289
183.460007
184.413315
185.362213
186.306717
187.246841
188.182556
189.113876
190.040802
190.963318
191.881439
192.795166
193.704498
194.609436
195.509964
196.406097
197.297836
198.185181
199.068115
199.946655
200.820801
201.690552
202.555908
203.416855
204.273407
205.125565
205.973328
206.816681
207.655655
208.490219
209.320389
210.146164
210.969910
211.794052
212.618576
213.443481
214.268768
215.094452
215.920517
216.746948
217.573776
218.400986
219.228561
220.056549
220.884903
221.713638
222.542755
223.372253
224.202133
225.032410
225.863052
226.694107
227.525513
228.357315
229.189484
230.022049
230.854996
231.688339
232.522049
233.356155
234.190613
235.025482
235.860733
236.696350
237.532364
238.368744
239.205521
240.042679
240.880234
241.718140
242.556458
243.395142
244.234207
245.073669
245.913498
246.753708
247.594315
248.435303
0.000000
0.746694
1.553404
2.420130
3.346873
4.333632
5.380405
6.487196
7.654004
8.848322
10.037649
11.221983
12.401328
13.575680
14.745038
15.909408
17.068783
18.223167
19.372559
20.516960
21.656370
22.790785
23.920210
25.044643
26.164087
27.278536
28.387993
29.492460
30.591934
31.686417
32.775909
33.860405
34.939915
36.014431
37.083954
38.148487
39.208023
40.262569
41.312126
42.356693
43.396263
44.430840
45.460434
46.485035
47.504631
48.519245
49.528870
50.533497
51.533138
52.527790
53.517437
54.502102
55.481773
56.456451
57.426144
58.390835
59.350536
60.305248
61.255768
62.206821
63.159210
64.112938
65.068001
66.024399
66.982132
67.941193
68.901596
69.863335
70.826408
71.790817
72.756561
73.723633
74.692055
75.661797
76.632881
77.605301
78.579056
79.554153
80.530571
81.508331
82.487434
83.467865
84.449631
85.432732
86.417168
87.402939
88.390053
89.378494
90.368271
91.359383
92.351830
93.345612
94.340729
95.337189
96.334976
97.334106
98.334564
99.336365
100.339500
101.343956
102.349754
103.356903
104.365364
105.375175
106.386330
107.398796
108.412613
109.427757
110.444267
111.462196
112.481522
113.502251
114.524384
115.547913
116.572861
117.599205
118.626961
119.656113
120.686668
121.718636
122.752007
123.786774
124.822945
125.860527
126.899513
127.939896
128.981689
130.024887
131.069489
132.115494
133.162903
134.211700
135.261917
136.313553
137.366562
138.420990
139.476837
140.534058
141.592697
142.652756
143.714203
144.777054
145.841309
146.906967
147.974030
149.042496
150.112381
151.183655
152.256348
153.330414
154.405899
155.482788
156.561096
157.640808
158.721909
159.804428
160.888321
161.973175
163.056152
164.136765
165.215027
166.290955
167.364517
168.435730
169.504608
170.571121
171.635269
172.697083
173.756561
174.813660
175.868423
176.920853
177.970901
179.018631
180.063980
181.106995
182.147644
183.185959
184.221924
185.255539
186.286804
187.315689
188.342255
189.366455
190.388321
191.407822
192.424988
193.439789
194.452240
195.462341
196.470093
197.475510
198.478561
199.479263
200.477615
201.473618
202.467270
203.458572
204.447525
205.434128
206.418381
207.400269
208.379837
209.357025
210.331879
211.304367
212.274521
213.240479
214.200394
215.154236
216.102005
217.043747
217.979416
218.909058
219.832626
220.750153
221.661621
222.567032
223.466400
224.359711
225.246964
226.128159
227.003311
227.872406
228.735458
229.592453
230.443375
231.288269
232.127090
232.959869
233.786606
234.607269
235.421906
236.230469
237.032974
237.829437
238.619843
239.404190
240.182495
240.954742
241.720932
242.481064
243.235168
243.983200
244.725189
245.461121
246.190979
246.914810
247.632568
248.344299
249.049942
249.749557
250.443115
251.130615
251.812073
252.487473
0.000000
0.841464
1.740256
2.696377
3.709827
4.780606
5.879886
6.978841
8.077472
9.175776
10.273756
11.371410
12.468740
13.565742
14.662421
15.758775
16.854805
17.950506
19.045885
20.140938
21.235666
22.330069
23.424143
24.517895
25.611324
26.704424
27.797203
28.889652
29.981779
31.073578
32.165054
33.256203
34.347031
35.437531
36.527706
37.617558
38.707081
39.796276
40.885147
41.973698
43.061928
44.149822
45.237396
46.324646
47.411568
48.498165
49.584435
50.670383
51.756004
52.841301
53.926273
55.010952
56.095467
57.179806
58.263973
59.347965
60.431789
61.515442
62.598919
63.682228
64.765358
65.848320
66.931114
68.013725
69.096176
70.178452
71.260551
72.342476
73.424232
74.505814
75.587234
76.668472
77.749542
78.830437
79.911156
80.991714
82.072083
83.152290
84.232330
85.312187
86.391876
87.471397
88.550743
89.629913
90.708916
91.787743
92.866402
93.944885
95.023201
96.101334
97.179306
98.257103
99.334724
100.412178
101.489456
102.566559
103.643623
104.721474
105.800240
106.879913
107.960495
109.042000
110.124405
111.207733
112.291977
113.377121
114.463188
115.550163
116.638054
117.726860
118.816582
119.907211
120.998756
122.091209
123.184578
124.278862
125.374062
126.470161
127.567177
128.665131
129.763977
130.863739
131.964417
133.065994
134.168488
135.271912
136.376236
137.481476
138.587616
139.694687
140.802658
141.911560
143.021362
144.132065
145.243713
146.356262
147.469727
148.584076
149.699371
150.815567
151.932678
153.050568
154.166336
155.278793
156.387939
157.493759
158.596283
159.695511
160.791397
161.883987
162.973267
164.059235
165.141891
166.221222
167.297256
168.369965
169.439377
170.505478
171.568253
172.627731
173.683914
174.736755
175.786285
176.832504
177.875427
178.915039
179.951340
180.984314
182.013992
183.040344
184.063400
185.083130
186.099564
187.112671
188.122467
189.128952
190.132126
191.132004
192.128555
193.121811
194.111755
195.098373
196.081665
197.061676
198.038361
199.011734
199.981812
200.944809
201.897018
202.838409
203.768997
204.688766
205.597763
206.495926
207.383286
208.259827
209.125580
209.980530
210.824661
211.657990
212.480515
213.292236
214.093140
214.883240
215.662552
216.431030
217.188721
217.935608
218.671677
219.396927
220.111404
220.815048
221.507904
222.189926
222.861176
223.521591
224.171219
224.810028
225.438034
226.055237
226.661621
227.257217
227.841995
228.415970
228.979141
229.531509
230.073059
230.603806
231.123749
231.632889
232.131210
232.618744
233.095459
233.561371
234.016479
234.460785
234.894257
235.316956
235.728836
236.129913
236.520157
236.899628
237.268280
237.626114
237.973175
238.309402
238.634827
238.949448
239.253265
239.546265
239.828476
240.099854
240.360443
240.610229
240.849213
241.077377
