0.979440
0.010280
0.010280
0.010280
0.979440
0.010280
0.010280
0.010280
0.979440
0.000000
0.961251
1.920625
2.878123
3.833744
4.787488
5.739356
6.689347
7.637462
8.583699
9.528061
10.470545
11.411153
12.349884
13.286739
14.221717
15.154819
16.086046
17.015394
17.942863
18.868460
19.792179
20.714018
21.633984
22.552071
23.468283
24.382620
25.296255
26.210382
27.124996
28.040100
28.955688
29.871765
30.788326
31.705378
32.622913
33.540939
34.459454
35.378448
36.297935
37.217911
38.138371
39.059319
39.980755
40.902676
41.825085
42.747982
43.671368
44.595238
45.519596
46.444443
47.369778
48.295597
49.221905
50.148697
51.075977
52.003742
52.932003
53.860741
54.789974
55.719688
56.649895
57.580585
58.511765
59.443436
60.375591
61.308228
62.241356
63.174973
64.109070
65.043663
65.978729
66.914307
67.850349
68.786888
69.723930
70.661583
71.599861
72.538773
73.478310
74.418472
75.359268
76.300682
77.242737
78.185410
79.128708
80.072639
81.017204
81.962395
82.908211
83.854645
84.801712
85.749413
86.697746
87.646698
88.596275
89.546486
90.497330
91.448792
92.400879
93.353607
94.306953
95.260933
96.215530
97.170761
98.126625
99.083115
100.040237
100.997971
101.956352
102.915352
103.874977
104.835236
105.796112
106.757629
107.719765
108.682526
109.645927
110.609955
111.574600
112.539879
113.505775
114.472313
115.439476
116.406273
117.371719
118.335800
119.298531
120.259895
121.219917
122.178574
123.135880
124.091827
125.046417
125.999649
126.951530
127.902046
128.851227
129.799026
130.745483
131.690567
132.634308
133.576691
134.517715
135.457397
136.395721
137.332672
138.268280
139.202515
140.135422
141.066940
141.997116
142.925934
143.853394
144.779510
145.704254
146.627655
147.549698
148.470383
149.389694
150.307678
151.224289
152.139557
153.053452
153.965988
154.877182
155.787003
156.695496
157.602615
158.508377
159.412781
160.315826
161.217926
162.121613
163.027298
163.934967
164.844635
165.756287
166.669937
167.585587
168.503220
169.422852
170.344467
171.268066
172.193680
173.121262
174.050858
174.982437
175.916016
176.851562
177.789124
178.728683
179.670227
180.613770
181.559296
182.506805
183.456329
184.407822
185.361313
186.316818
187.274292
188.233765
189.195236
190.158691
191.124146
192.091599
193.061035
194.032455
195.005890
195.981293
196.958710
197.938095
198.919495
199.902878
200.888260
201.875626
202.864975
203.856339
204.849686
205.845016
206.842361
207.844437
208.854065
209.871216
210.895920
211.928146
212.967896
214.015182
215.070007
216.132370
217.202255
218.279678
219.364639
220.457153
221.557175
222.664719
223.779816
224.902435
226.032608
227.170288
228.315521
229.468277
230.628571
231.796387
232.971741
234.154633
235.345047
236.543030
237.748520
238.961533
240.182083
241.410187
242.645798
243.888962
245.139648
246.397873
0.000000
0.000000
1.023592
2.353100
3.672814
4.982731
6.282856
7.573184
8.853718
10.124457
11.385402
12.636551
13.877904
15.109465
16.331226
17.543200
18.745375
19.937754
21.120338
22.293127
23.456121
24.609322
25.752731
26.886339
28.014277
29.140667
30.265512
31.388809
32.510563
33.630760
34.749416
35.866528
36.982086
38.096100
39.208565
40.319485
41.428852
42.536678
43.642952
44.747684
45.850864
46.952499
48.052586
49.151127
50.248116
51.343563
52.437458
53.529812
54.620617
55.709873
56.797581
57.883743
58.968361
60.051422
61.132942
62.212914
63.291336
64.368210
65.443542
66.517326
67.589554
68.660248
69.729393
70.796982
71.863029
72.927528
73.990479
75.051941
76.112854
77.173637
78.234291
79.294807
80.355194
81.415443
82.475555
83.535538
84.595390
85.655106
86.714684
87.774132
88.833450
89.892624
90.951675
92.010590
93.069374
94.128014
95.186531
96.244911
97.303154
98.361275
99.419250
100.477097
101.534805
102.592384
103.649826
104.707146
105.764313
106.821358
107.878273
108.935051
109.991692
111.048203
112.104576
113.160820
114.216934
115.272911
116.328751
117.384460
118.440041
119.495468
120.550781
121.605759
122.659164
123.710815
124.760696
125.808815
126.855164
127.899757
128.942581
129.983658
131.022949
132.060486
133.096252
134.130264
135.162506
136.192978
137.221695
138.248657
139.273834
140.297256
141.318909
142.338806
143.356949
144.373306
145.387909
146.400742
147.411835
148.421127
149.428680
150.434464
151.438492
152.440735
153.441238
154.439941
155.436920
156.432114
157.425552
158.417221
159.407135
160.395279
161.381653
162.366272
163.349136
164.330200
165.309540
166.286972
167.262085
168.234909
169.205444
170.173676
171.139603
172.103241
173.064575
174.023590
174.980331
175.934769
176.886887
177.836731
178.784271
179.729507
180.672440
181.613083
182.551437
183.487473
184.421204
185.352661
186.281799
187.208649
188.133179
189.055435
189.975388
190.893021
191.808365
192.721420
193.632172
194.540619
195.446762
196.350616
197.252167
198.151428
199.048386
199.943039
200.835403
201.725449
202.613205
203.498657
204.381821
205.262680
206.141251
207.017792
207.892700
208.765915
209.637482
210.507385
211.375610
212.242142
213.107025
213.970230
214.831757
215.691620
216.549835
217.406357
218.261200
219.114380
219.965897
220.815720
221.663910
222.510391
223.355225
224.198364
225.039856
225.879669
226.717819
227.554291
228.389084
229.222214
230.053665
230.883453
231.711563
232.538010
233.362778
234.185883
235.007309
235.827087
236.645157
237.461578
238.276321
239.089401
239.900818
240.710541
241.518600
242.325012
243.129715
243.932770
244.734131
245.533859
246.331894
247.128250
247.922943
248.715973
249.507324
250.297012
251.085007
251.871353
252.656021
253.439011
0.000000
1.914377
3.768915
5.563612
7.298470
8.973488
10.588666
12.144004
13.639503
15.075161
16.450979
17.766958
19.023096
20.219395
21.355856
22.463783
23.574482
24.687954
25.804199
26.923216
28.045008
29.169569
30.296906
31.427013
32.559898
33.695549
34.833977
35.975178
37.119152
38.265900
39.415413
40.567711
41.722771
42.880615
44.041225
45.204609
46.370766
47.539692
48.711395
49.885876
51.063118
52.243137
53.425930
54.611500
55.799839
56.990948
58.184834
59.381493
60.580925
61.783131
62.988106
64.195854
65.406380
66.618973
67.829460
69.037140
70.242012
71.444069
72.643326
73.839775
75.033409
76.224236
77.412254
78.597466
79.779869
80.959457
82.136246
83.310226
84.481400
85.649757
86.815308
87.978058
89.137985
90.295120
91.449432
92.600937
93.749649
94.895538
96.038620
97.178894
98.316368
99.451027
100.582886
101.711922
102.838150
103.961586
105.082199
106.200005
107.315010
108.427200
109.536583
110.643166
111.748901
112.855789
113.963821
115.072998
116.183311
117.294769
118.407372
119.521111
120.636002
121.752037
122.869217
123.987534
125.106995
126.227608
127.349350
128.472244
129.596283
130.721466
131.847794
132.975250
134.103867
135.233612
136.364517
137.496552
138.629745
139.764069
140.899536
142.036148
143.173904
144.312805
145.452850
146.594040
147.736359
148.879837
150.024460
151.170212
152.317123
153.465164
154.613235
155.754700
156.888474
158.014526
159.132858
160.243484
161.346390
162.441589
163.529068
164.608841
165.680893
166.745239
167.801865
168.850784
169.891983
170.925461
171.951248
172.969299
173.979660
174.982285
175.977203
176.964417
177.943924
178.915695
179.879761
180.836105
181.784760
182.725693
183.658905
184.584396
185.502182
186.412247
187.314621
188.209259
189.096207
189.975433
190.846939
191.710724
192.566803
193.416946
194.262939
195.104782
195.942490
196.776047
197.605453
198.430710
199.251816
200.068787
200.881592
201.690247
202.494751
203.295120
204.091339
204.883392
205.671326
206.455078
207.234711
208.010178
208.781494
209.548660
210.311691
211.070572
211.825302
212.575882
213.322296
214.064590
214.802719
215.536697
216.266541
216.992218
217.713760
218.431137
219.144379
219.853470
220.558426
221.259216
221.955841
222.648346
223.336700
224.020889
224.700943
225.376846
226.048599
226.716202
227.379654
228.038956
228.694122
229.345108
229.991974
230.634689
231.273254
231.907669
232.537933
233.164047
233.786011
234.403824
235.017502
235.627014
236.232376
236.833618
237.430679
238.023605
238.612396
239.197006
239.777496
240.353821
240.926010
241.494034
242.057922
242.617645
243.173248
243.724670
244.271957
244.815109
245.354095
245.888947
246.419632
246.946182
247.468582
247.986816
248.500916
249.010864
249.516663
250.018311
250.515808
251.009186
