0.913832
0.043084
0.043084
0.043084
0.913832
0.043084
0.043084
0.043084
0.913832
0.000000
0.877079
1.758141
2.643185
3.532212
4.425220
5.322212
6.223186
7.128141
8.037080
8.950000
9.866902
10.787786
11.712655
12.641503
13.574336
14.511151
15.451947
16.396729
17.345488
18.298231
19.254957
20.211817
21.164967
22.114407
23.060135
24.002153
24.940460
25.875055
26.805941
27.733116
28.656578
29.576328
30.492373
31.404703
32.313320
33.218227
34.119427
35.016914
35.910690
36.800755
37.687107
38.569756
39.448685
40.323906
41.195412
42.063213
42.927303
43.787685
44.644348
45.497307
46.346550
47.192085
48.033905
48.872021
49.706417
50.537109
51.364086
52.187359
53.006912
53.822758
54.634895
55.443317
56.248032
57.049038
57.846333
58.639912
59.429783
60.215946
60.998394
61.777130
62.552151
63.323471
64.091080
64.855225
65.621239
66.391335
67.165497
67.943733
68.726044
69.512421
70.302879
71.097397
71.895996
72.698662
73.505409
74.316216
75.131104
75.950058
76.773087
77.600189
78.431366
79.266602
80.105927
80.949310
81.796776
82.648308
83.503906
84.363586
85.227333
86.095154
86.967049
87.843018
88.723053
89.607162
90.495346
91.387596
92.283920
93.184326
94.088791
94.997337
95.909950
96.826630
97.747383
98.672218
99.601120
100.534096
101.471138
102.412254
103.357445
104.306709
105.260040
106.217445
107.178917
108.144470
109.114090
110.087784
111.065147
112.043724
113.023094
114.003281
114.984276
115.966080
116.948677
117.932098
118.916313
119.901344
120.887177
121.873810
122.861259
123.849510
124.838570
125.828438
126.819107
127.810593
128.802872
129.795959
130.789856
131.784576
132.780090
133.776398
134.773529
135.771454
136.770203
137.769745
138.770111
139.771255
140.773224
141.776001
142.779572
143.783966
144.789169
145.795151
146.801956
147.809570
148.817993
149.827225
150.837250
151.848083
152.859726
153.872192
154.885452
155.899506
156.914383
157.930054
158.946548
159.963852
160.981934
162.000839
163.020554
164.041534
165.064835
166.090530
167.118622
168.149094
169.181976
170.217255
171.254898
172.294952
173.337402
174.382217
175.429459
176.479065
177.531082
178.585480
179.642273
180.701462
181.763031
182.827011
183.893372
184.962112
186.033264
187.106796
188.182709
189.261032
190.341751
191.424850
192.510345
193.598236
194.688507
195.781174
196.876251
197.973694
199.073532
200.175781
201.280411
202.387436
203.496857
204.608658
205.722839
206.839432
207.958420
209.079803
210.203552
211.329712
212.458252
213.589203
214.722519
215.858276
216.996368
218.136887
219.279785
220.425079
221.584198
222.768600
223.978256
225.213165
226.473373
227.758835
229.069565
230.405579
231.766846
233.153397
234.565201
236.002274
237.464630
238.952240
240.465134
242.003281
243.566696
245.155396
246.769348
248.408585
250.073074
251.762848
253.477890
0.000000
0.000000
0.000000
0.420853
2.545372
4.598003
6.578746
8.487598
10.324564
12.089642
13.782828
15.404129
16.953539
18.431063
19.836699
21.170443
22.464735
23.752022
25.032301
26.305567
27.571825
28.831072
30.083311
31.328539
32.566757
33.797966
35.022167
36.239353
37.449535
38.652702
39.848866
41.038013
42.220158
43.395287
44.563408
45.724518
46.878620
48.025715
49.165794
50.298866
51.424927
52.543983
53.656025
54.761055
55.859077
56.950089
58.034096
59.111088
60.181076
61.244049
62.300018
63.348969
64.390923
65.425850
66.453773
67.474686
68.488594
69.495491
70.495384
71.488251
72.474121
73.452980
74.424828
75.389671
76.353989
77.324348
78.300705
79.283081
80.271461
81.265862
82.266258
83.272682
84.285110
85.303551
86.328003
87.358467
88.394936
89.437424
90.485924
91.540436
92.600952
93.667480
94.740028
95.818573
96.903145
97.993713
99.090309
100.192909
101.301514
102.416138
103.536766
104.663414
105.796074
106.934738
108.079414
109.230110
110.386810
111.549522
112.718246
113.892975
115.073723
116.260483
117.453247
118.652031
119.856827
121.067627
122.284439
123.507263
124.736107
125.970947
127.211807
128.458679
129.706665
130.950882
132.191345
133.428040
134.660980
135.890137
137.115524
138.337143
139.555008
140.769089
141.979416
143.185974
144.388763
145.587769
146.783035
147.974518
149.162247
150.346191
151.526382
152.702805
153.875458
155.044342
156.209473
157.370819
158.528412
159.682220
160.832260
161.978561
163.121078
164.259827
165.394806
166.526016
167.653473
168.777161
169.897064
171.013229
172.125595
173.234222
174.339066
175.440140
176.537460
177.630997
178.720779
179.806808
180.889053
181.967529
183.042221
184.113174
185.178131
186.234894
187.283432
188.323776
189.355927
190.379852
191.395569
192.403091
193.402405
194.393494
195.376404
196.351089
197.317581
198.275848
199.225937
200.167801
201.101471
202.026917
202.944183
203.853226
204.754059
205.646698
206.531128
207.407349
208.275360
209.135178
209.986786
210.830185
211.665375
212.492371
213.311142
214.121719
214.924088
215.718262
216.504211
217.281967
218.051514
218.812836
219.565979
220.310898
221.047638
221.776154
222.496460
223.208572
223.912460
224.608154
225.295639
225.974930
226.650085
227.325180
228.000198
228.675186
229.350082
230.024948
230.699738
231.374481
232.049149
232.723770
233.398331
234.072830
234.747269
235.421661
236.095978
236.770248
237.444458
238.118607
238.792679
239.466705
240.140686
240.814590
241.488449
242.162231
242.835968
243.509644
244.183258
244.856812
245.530319
246.203751
246.877136
247.550461
248.223724
248.896927
249.570068
250.243149
250.916183
251.589142
252.262054
252.934891
253.607681
254.280411
254.953094
255.000000
255.000000
255.000000
255.000000
255.000000
0.000000
3.459808
6.685027
9.675656
12.431696
14.953145
17.240002
19.292271
21.109953
22.693043
24.155321
25.610563
27.058769
28.499941
29.934080
31.361181
32.781250
34.194283
35.600281
36.999245
38.391171
39.776066
41.153923
42.524746
43.888535
45.245289
46.595009
47.937687
49.273338
50.601952
51.923534
53.238075
54.545589
55.846062
57.139503
58.425907
59.705276
60.977612
62.242912
63.501179
64.752411
65.996597
67.233757
68.463890
69.686974
70.903030
72.119675
73.344559
74.577667
75.819016
77.068588
78.326401
79.592430
80.866699
82.149193
83.439919
84.738876
86.046066
87.361481
88.685127
90.017006
91.357117
92.705452
94.062012
95.426819
96.799843
98.181099
99.570595
100.968315
102.374268
103.788445
105.210854
106.641495
108.080368
109.527466
110.982803
112.446365
113.918159
115.398178
116.886436
118.382919
119.887634
121.395584
122.901741
124.406113
125.908707
127.409523
128.908539
130.405792
131.901260
133.394928
134.886841
136.376953
137.865280
139.351837
140.836609
142.319595
143.800812
145.280228
146.757874
148.233734
149.707825
151.180099
152.650620
154.119354
155.586304
157.051468
158.514847
159.976456
161.436279
162.894318
164.350571
165.805038
167.257751
168.708649
170.157791
171.605133
173.050690
174.483200
175.891373
177.275238
178.634735
179.969925
181.280762
182.567276
183.829483
185.067337
186.280853
187.470047
188.634918
189.775436
190.891632
191.983505
193.051041
194.094254
195.113113
196.107666
197.077866
198.023743
198.945297
199.842514
200.715393
201.563950
202.388168
203.188065
203.963623
204.714844
205.441742
206.144302
206.822540
207.476440
208.106003
208.711243
209.292145
209.858078
210.418457
210.973251
211.522491
212.066132
212.604202
213.136703
213.663635
214.184967
214.700729
215.210938
215.715546
216.214584
216.708054
217.195953
217.678268
218.154999
218.626160
219.091751
219.551758
220.006195
220.455048
220.898331
221.336044
221.768173
222.194733
222.615707
223.031113
223.440948
223.845200
224.243866
224.636963
225.024490
225.406448
225.782806
226.153610
226.518829
226.878464
227.232544
227.581039
227.923965
228.261292
228.593063
228.919250
229.239853
229.554886
229.864365
230.168243
230.466553
230.759293
231.046448
231.328033
231.604034
231.874466
232.139313
232.398605
232.652298
232.900436
233.142975
233.379944
233.611359
233.837189
234.057419
234.272095
234.481186
234.684708
234.882660
235.075027
235.261826
235.443039
235.618668
235.788742
235.953232
236.112137
236.265488
236.413254
236.555420
236.692032
236.823074
236.948517
237.068405
237.182709
237.291443
237.394608
237.492188
237.584183
237.670609
237.751450
237.826736
237.896439
237.960556
238.019104
238.072083
238.119461
238.161285
238.197525
238.228180
238.253281
238.272812
238.286743
238.295105
238.297897
