0.988816
0.005592
0.005592
0.005592
0.988816
0.005592
0.005592
0.005592
0.988816
0.000000
0.976364
1.952387
2.928066
3.903404
4.878398
5.853050
6.827361
7.801328
8.774954
9.748236
10.721175
11.693772
12.666027
13.637940
14.609510
15.580738
16.551622
17.522165
18.492365
19.462223
20.431738
21.400909
22.369740
23.338228
24.306372
25.274178
26.241636
27.208754
28.175528
29.141960
30.108051
31.073801
32.039204
33.005486
33.973850
34.944309
35.916851
36.891483
37.868202
38.847012
39.827908
40.810898
41.795971
42.783131
43.772381
44.763721
45.757153
46.752670
47.750275
48.749969
49.751747
50.755619
51.761578
52.769627
53.779762
54.791988
55.806297
56.822697
57.841190
58.861767
59.884438
60.909187
61.936035
62.964966
63.995983
65.029099
66.064285
67.101578
68.140953
69.182419
70.225960
71.271606
72.319328
73.369156
74.421059
75.475044
76.531128
77.589302
78.649567
79.711906
80.776344
81.842865
82.911484
83.982178
85.054970
86.129860
87.206429
88.282379
89.357330
90.431259
91.504173
92.576080
93.646973
94.716858
95.785721
96.853577
97.920425
98.986252
100.051079
101.114883
102.177681
103.239464
104.300240
105.359993
106.418739
107.476471
108.533195
109.588905
110.643600
111.697289
112.749969
113.801628
114.852280
115.901917
116.950539
117.998154
119.044754
120.090340
121.134918
122.178474
123.221031
124.262573
125.303093
126.342613
127.381111
128.418610
129.455078
130.490540
131.525009
132.558441
133.590881
134.622299
135.652695
136.682083
137.710464
138.737839
139.764191
140.789536
141.813858
142.837189
143.859253
144.879776
145.898804
146.916321
147.932327
148.946808
149.959778
150.971222
151.981155
152.989594
153.996490
155.001892
156.005768
157.008133
158.008987
159.008331
160.006149
161.002472
161.997253
162.990540
163.982300
164.972534
165.961273
166.948517
167.934204
168.918396
169.901077
170.882248
171.861893
172.840012
173.816635
174.791748
175.765335
176.737411
177.707962
178.677017
179.644547
180.610565
181.575058
182.538055
183.499527
184.459488
185.417923
186.374863
187.330261
188.284164
189.236557
190.187424
191.136780
192.084625
193.030945
193.975754
194.919067
195.861130
196.803650
197.746918
198.690933
199.635681
200.581161
201.527405
202.474365
203.422089
204.370544
205.319733
206.269684
207.220367
208.171783
209.123947
210.076843
211.030487
211.984879
212.940018
213.895889
214.852493
215.809860
216.767944
217.726776
218.686371
219.646683
220.607742
221.569550
222.532089
223.495377
224.459396
225.424179
226.389679
227.355942
228.322937
229.290665
230.259125
231.228348
232.198318
233.169022
234.140457
235.112640
236.085556
237.059235
238.033630
239.008789
239.984680
240.961304
241.938690
242.916794
243.895660
244.875244
245.855591
246.836670
247.793198
248.699722
249.556305
250.362946
251.119614
251.826370
252.483154
253.089996
0.000000
0.000000
0.000000
0.000000
0.496966
1.822460
3.133220
4.429245
5.710535
6.977091
8.228911
9.465997
10.688349
11.895964
13.088845
14.266993
15.430405
16.579084
17.713022
18.832230
19.936707
21.026442
22.101446
23.161715
24.207247
25.238045
26.254110
27.255440
28.242031
29.213888
30.171015
31.113407
32.049698
32.988556
33.929962
34.873928
35.820446
36.769520
37.721146
38.675327
39.632069
40.591358
41.553204
42.517605
43.484562
44.454075
45.426136
46.400753
47.377934
48.357658
49.339943
50.324780
51.312172
52.302120
53.294621
54.289677
55.287292
56.287460
57.290180
58.295452
59.303280
60.313667
61.326603
62.342098
63.360149
64.380753
65.403908
66.429626
67.457886
68.488708
69.522087
70.558022
71.596504
72.637550
73.681137
74.727295
75.776001
76.827248
77.881065
78.937439
79.996353
81.057838
82.121864
83.188446
84.257591
85.329292
86.403397
87.476807
88.548248
89.617706
90.685196
91.750710
92.814262
93.875832
94.935425
95.993050
97.048706
98.102386
99.154091
100.203819
101.251579
102.297363
103.341187
104.383018
105.422890
106.460785
107.496704
108.530655
109.562630
110.592636
111.620659
112.646721
113.670799
114.692909
115.713051
116.731209
117.747398
118.761627
119.773857
120.784134
121.792435
122.798752
123.803116
124.805489
125.805901
126.804337
127.800789
128.795273
129.787781
130.778320
131.766891
132.753494
133.738113
134.720764
135.701431
136.680145
137.656876
138.631622
139.604416
140.575226
141.544052
142.511124
143.477570
144.443588
145.409195
146.374390
147.339142
148.303497
149.267426
150.230927
151.194031
152.156677
153.118927
154.080765
155.042175
156.003159
156.963730
157.923874
158.883606
159.842911
160.801804
161.760269
162.718323
163.675964
164.633163
165.589951
166.546326
167.502274
168.457809
169.412918
170.367615
171.321899
172.275726
173.229172
174.182190
175.134796
176.086960
177.038696
177.990051
178.940948
179.891449
180.841537
181.791183
182.740433
183.689240
184.637634
185.585617
186.533173
187.480316
188.427032
189.373322
190.319199
191.264648
192.209702
193.154327
194.098526
195.043091
195.990036
196.939423
197.891235
198.845505
199.802216
200.761383
201.722961
202.687012
203.653488
204.622421
205.593796
206.567596
207.543854
208.522552
209.503708
210.487289
211.473312
212.461777
213.452698
214.446060
215.441864
216.440094
217.440796
218.443924
219.449493
220.457520
221.467972
222.480881
223.496216
224.514008
225.534241
226.556915
227.582031
228.609589
229.639587
230.672028
231.706924
232.744263
233.784042
234.826263
235.870911
236.918015
237.967575
239.019577
240.074005
241.130875
242.190201
243.251968
244.316177
245.382828
246.451920
247.523468
248.597427
249.673859
250.731247
251.748154
252.724564
253.660477
254.555893
0.000000
1.178826
2.346879
3.504162
4.650672
5.786411
6.911379
8.025575
9.129000
10.221652
11.303534
12.374642
13.434981
14.484548
15.523341
16.551365
17.568617
18.575096
19.570807
20.555744
21.529907
22.493301
23.445923
24.387775
25.318853
26.239159
27.148697
28.047459
28.944658
29.849489
30.761953
31.682055
32.609791
33.545162
34.488167
35.438805
36.397083
37.362991
38.336536
39.317719
40.306534
41.302986
42.307068
43.318790
44.338142
45.365135
46.399757
47.442017
48.491913
49.549438
50.614605
51.687405
52.767841
53.855907
54.951614
56.054951
57.165928
58.284534
59.410778
60.544655
61.686169
62.835316
63.992100
65.156517
66.328575
67.508263
68.695587
69.890549
71.093140
72.303375
73.521233
74.746735
75.979866
77.220627
78.469025
79.725075
80.988739
82.260056
83.538986
84.825104
86.108322
87.384499
88.653641
89.915764
91.170845
92.418900
93.659920
94.893913
96.120872
97.340797
98.553696
99.759560
100.958389
102.150185
103.334953
104.512695
105.683395
106.847061
108.003700
109.153313
110.295891
111.431435
112.559944
113.681435
114.795883
115.903297
117.003685
118.097038
119.183365
120.262650
121.334915
122.400139
123.458336
124.509506
125.553635
126.590736
127.620804
128.643845
129.659851
130.668823
131.670761
132.665680
133.653564
134.634399
135.608215
136.575012
137.534760
138.487473
139.433167
140.371826
141.303436
142.228882
143.153152
144.077103
145.000732
145.924042
146.847031
147.769714
148.692062
149.614075
150.535782
151.457169
152.378220
153.298981
154.219391
155.139496
156.059265
156.978729
157.897873
158.816681
159.735184
160.653351
161.571228
162.488754
163.405960
164.322845
165.239426
166.155670
167.071609
167.987213
168.902496
169.817459
170.732101
171.646439
172.560440
173.474121
174.387482
175.300522
176.213257
177.125641
178.037720
178.949478
179.860916
180.772034
181.682831
182.593307
183.503464
184.413284
185.322800
186.231995
187.140854
188.049408
188.957626
189.865707
190.774002
191.682571
192.591370
193.500443
194.409760
195.319321
196.229141
197.139221
198.049545
198.960129
199.870972
200.782059
201.693405
202.605011
203.516846
204.428955
205.341309
206.253922
207.166779
208.079910
208.993271
209.906891
210.820770
211.734894
212.649277
213.563919
214.478806
215.393951
216.309357
217.224991
218.140900
219.057053
219.973465
220.890121
221.807053
222.724213
223.641632
224.559311
225.477234
226.395416
227.313858
228.232559
229.151505
230.070694
230.990158
231.909851
232.829803
233.750015
234.670486
235.591187
236.512161
237.430740
238.344421
239.253113
240.156860
241.055649
241.949463
242.838348
243.722244
244.601212
245.475204
246.344254
247.208328
248.067459
248.921616
249.770828
250.615082
251.454376
252.288712
253.118103
253.942520
254.761978
