0.995403
0.002298
0.002298
0.002298
0.995403
0.002298
0.002298
0.002298
0.995403
0.000000
1.226963
2.425045
3.594247
4.734569
5.846010
6.928571
7.982252
9.007051
10.002971
10.970012
11.908169
12.832866
13.759522
14.688138
15.618712
16.551245
17.485735
18.422184
19.360594
20.300962
21.243286
22.187571
23.133812
24.082016
25.032175
25.984293
26.938370
27.894405
28.852400
29.812353
30.774267
31.738138
32.703968
33.671757
34.641502
35.613209
36.586872
37.562492
38.540073
39.519611
40.501110
41.484570
42.469982
43.457355
44.446690
45.437981
46.431229
47.426445
48.423611
49.422737
50.423820
51.426861
52.431866
53.438828
54.447746
55.458622
56.471455
57.485126
58.496872
59.506565
60.514210
61.519810
62.523357
63.524853
64.524300
65.521698
66.517052
67.510353
68.501610
69.490807
70.477966
71.463066
72.446121
73.427124
74.406090
75.382996
76.357849
77.330658
78.301414
79.270134
80.236794
81.201408
82.163971
83.124481
84.082947
85.039360
85.993736
86.946045
87.896317
88.844536
89.790703
90.734825
91.676888
92.616913
93.554886
94.490814
95.424690
96.356522
97.286293
98.214012
99.139694
100.063332
100.984901
101.904594
102.823425
103.741547
104.658966
105.575691
106.491707
107.407021
108.321632
109.235542
110.148750
111.061256
111.973053
112.884155
113.794556
114.704247
115.613235
116.521523
117.429115
118.335991
119.242180
120.147652
121.052429
121.956497
122.859871
123.762543
124.664497
125.565765
126.466324
127.366188
128.265335
129.163788
130.061554
130.958588
131.854935
132.750580
133.645523
134.539749
135.433289
136.326126
137.218231
138.109665
139.000397
139.890427
140.779739
141.668350
142.556259
143.443527
144.331131
145.219482
146.108582
146.998413
147.889008
148.780350
149.672440
150.565262
151.458847
152.353195
153.248276
154.144089
155.040680
155.938004
156.836090
157.734909
158.634476
159.534805
160.435867
161.337708
162.240265
163.143570
164.047638
164.952469
165.858017
166.764328
167.671387
168.579193
169.487747
170.397049
171.307098
172.217911
173.129456
174.041763
174.954803
175.868607
176.783142
177.698441
178.614471
179.531281
180.448807
181.367096
182.286133
183.205902
184.126450
185.047729
185.972565
186.903763
187.841339
188.785263
189.735550
190.692215
191.655243
192.624634
193.600372
194.582489
195.570953
196.565811
197.567017
198.574600
199.588516
200.608826
201.635483
202.668503
203.707901
204.753662
205.805771
206.864258
207.929108
209.000320
210.077896
211.161850
212.252136
213.348816
214.451843
215.561234
216.676987
217.799118
218.927612
220.062454
221.203674
222.351257
223.505203
224.665512
225.832184
227.005219
228.184631
229.370392
230.562515
231.761017
232.965866
234.177094
235.394669
236.618622
237.848938
239.085617
240.328659
241.578049
242.833832
244.095947
245.364456
246.639328
247.920547
249.208145
250.502106
0.000000
1.027997
2.061291
3.099881
4.143767
5.192951
6.247430
7.307206
8.372279
9.442647
10.518312
11.599275
12.685531
13.773437
14.859331
15.943218
17.025097
18.104969
19.182833
20.258690
21.332539
22.404381
23.474213
24.542040
25.607857
26.671667
27.733473
28.793266
29.851051
30.906834
31.960606
33.012371
34.062134
35.109879
36.155621
37.199356
38.241081
39.280800
40.318512
41.354214
42.387913
43.419601
44.449276
45.476948
46.502621
47.526276
48.547920
49.567566
50.585205
51.600830
52.614456
53.626274
54.637573
55.648544
56.659203
57.669548
58.679569
59.689274
60.698662
61.707729
62.716484
63.724922
64.733040
65.740837
66.748314
67.755478
68.762329
69.768852
70.775063
71.780952
72.786530
73.791779
74.796722
75.801353
76.805649
77.809631
78.813301
79.816658
80.819687
81.822403
82.824791
83.826874
84.828636
85.830086
86.831207
87.832016
88.832504
89.832680
90.832527
91.832077
92.831116
93.829491
94.827202
95.824242
96.820610
97.816322
98.811356
99.805725
100.799423
101.792465
102.784828
103.776527
104.767555
105.757919
106.747612
107.736641
108.724991
109.712692
110.699707
111.686066
112.671753
113.656784
114.641129
115.624817
116.607834
117.590179
118.571861
119.552872
120.533218
121.512886
122.491898
123.470238
124.447914
125.424927
126.401268
127.376930
128.351929
129.326279
130.299866
131.272385
132.243774
133.214005
134.183105
135.151077
136.117874
137.083557
138.048080
139.011475
139.973709
140.934799
141.894760
142.853577
143.811264
144.767792
145.723190
146.677429
147.630524
148.582504
149.533310
150.483002
151.431549
152.378937
153.325180
154.270294
155.214264
156.157089
157.098770
158.039307
158.978714
159.916977
160.854080
161.790054
162.724884
163.658569
164.591110
165.522522
166.452774
167.382812
168.313507
169.244873
170.176926
171.109634
172.043015
172.977066
173.911804
174.847198
175.783264
176.720001
177.657425
178.595505
179.534271
180.473709
181.413803
182.354568
183.296021
184.238129
185.180923
186.124374
187.068527
188.013321
188.958801
189.904938
190.851746
191.799255
192.747406
193.696243
194.645737
195.595932
196.546783
197.498291
198.450485
199.403366
200.356888
201.311096
202.265976
203.221512
204.177750
205.134644
206.092194
207.050430
208.009354
208.968933
209.929184
210.890106
211.851700
212.813965
213.776901
214.740524
215.704803
216.669754
217.635391
218.601700
219.568649
220.536301
221.504608
222.473587
223.443253
224.413589
225.384567
226.356262
227.328598
228.301620
229.275284
230.249649
231.224670
232.200394
233.176773
234.153809
235.131516
236.109909
237.088974
238.068695
239.049103
240.030182
241.011932
241.994354
242.977448
243.961197
244.945648
245.930740
246.916519
247.902969
248.890091
249.877869
250.866333
251.855484
0.000000
1.366539
2.679823
3.939850
5.146623
6.300138
7.400398
8.447402
9.467894
10.488613
11.509563
12.530742
13.552150
14.573786
15.595652
16.617744
17.640070
18.662622
19.685406
20.708418
21.731657
22.755127
23.778826
24.802753
25.826910
26.851297
27.875912
28.900757
29.925831
30.951134
31.976664
33.002422
34.028412
35.054630
36.081078
37.107754
38.134663
39.161797
40.189159
41.216755
42.244579
43.272633
44.300911
45.328423
46.354172
47.378159
48.400383
49.420841
50.439529
51.456463
52.471626
53.485031
54.496670
55.506538
56.514648
57.521000
58.525581
59.528400
60.529453
61.528744
62.526268
63.522034
64.516029
65.508263
66.498734
67.487442
68.474388
69.459564
70.442978
71.424629
72.404518
73.382645
74.359001
75.333595
76.306427
77.277489
78.246803
79.214333
80.180458
81.145531
82.109528
83.072479
84.034363
84.995186
85.954948
86.913658
87.871292
88.827881
89.783409
90.737862
91.691269
92.643600
93.594879
94.545105
95.494263
96.442360
97.389397
98.335373
99.280289
100.224144
101.166939
102.108673
103.049355
103.988960
104.927513
105.865013
106.801445
107.736809
108.671127
109.604370
110.536560
111.467697
112.397766
113.326797
114.254814
115.181824
116.107819
117.032799
117.956772
118.879730
119.801682
120.722618
121.642540
122.561447
123.479347
124.396233
125.312111
126.226967
127.140823
128.053665
128.965485
129.876297
130.786102
131.694901
132.602676
133.509445
134.415192
135.319931
136.223663
137.126389
138.028091
138.928787
139.828476
140.727142
141.624786
142.521439
143.417068
144.311691
145.206650
146.103317
147.001678
147.901749
148.803497
149.706970
150.612122
151.518982
152.427536
153.337799
154.249741
155.163391
156.078751
156.995804
157.914551
158.835007
159.757156
160.681000
161.606537
162.533783
163.462723
164.393372
165.325729
166.259766
167.195511
168.132950
169.072083
170.012924
170.955460
171.899689
172.845627
173.793259
174.742584
175.693634
176.646347
177.600800
178.556915
179.514740
180.474258
181.435486
182.398422
183.363052
184.329376
185.297394
186.267120
187.238541
188.211655
189.186462
190.162979
191.141205
192.121124
193.102737
194.086044
195.071060
196.057770
197.046173
198.036285
199.028091
200.021606
201.016815
202.013718
203.012314
204.012619
205.014618
206.018311
207.023727
208.030823
209.039627
210.050110
211.062317
212.076218
213.091812
214.109100
215.128098
216.148788
217.171173
218.195267
219.221054
220.248535
221.277725
222.308624
223.341187
224.375488
225.411469
226.449158
227.488541
228.529602
229.572372
230.616867
231.663040
232.710907
233.760483
234.811752
235.864731
236.919418
237.975769
239.033829
240.093613
241.155075
242.218246
243.283112
244.349670
245.417953
246.487915
247.559570
248.632919
249.707977
250.784744
