0.957307
0.021347
0.021347
0.021347
0.957307
0.021347
0.021347
0.021347
0.957307
0.000000
0.920724
1.841182
2.761375
3.681302
4.600963
5.520359
6.439489
7.358353
8.276952
9.195283
10.113350
11.031151
11.948686
12.865955
13.782960
14.699698
15.616170
16.532377
17.448318
18.363993
19.279467
20.194813
21.110029
22.025116
22.940069
23.854897
24.769592
25.684158
26.598591
27.512897
28.427073
29.341116
30.255030
31.168814
32.082470
32.995991
33.909386
34.822647
35.735779
36.648781
37.561653
38.474396
39.387009
40.299488
41.211842
42.124062
43.036148
43.948116
44.859943
45.771645
46.683216
47.594650
48.505962
49.417137
50.328190
51.239105
52.149895
53.060555
53.971081
54.881481
55.791744
56.701885
57.611889
58.521774
59.431515
60.341133
61.250622
62.159977
63.069206
63.978298
64.887260
65.796097
66.704803
67.613373
68.521820
69.430122
70.338150
71.245880
72.153336
73.060486
73.967354
74.873932
75.780220
76.686226
77.591934
78.497360
79.402489
80.307335
81.211884
82.116158
83.020134
83.923813
84.827217
85.730324
86.633148
87.535675
88.437912
89.339874
90.241531
91.142906
92.043991
92.944794
93.845299
94.745506
95.645432
96.545074
97.444427
98.343491
99.242256
100.140739
101.038933
101.936844
102.834450
103.731773
104.628815
105.525566
106.422012
107.318192
108.214066
109.109657
110.004967
110.899971
111.794693
112.689125
113.583267
114.477127
115.370689
116.263969
117.156952
118.049660
118.942070
119.835777
120.732407
121.631935
122.534370
123.439720
124.347969
125.259132
126.173195
127.090172
128.010040
128.932831
129.858521
130.787125
131.718628
132.653046
133.590363
134.530579
135.473724
136.419769
137.368698
138.320557
139.275314
140.232986
141.193558
142.157028
143.123428
144.092712
145.064911
146.040009
147.018036
147.998947
148.982773
149.969513
150.959152
151.951691
152.947144
153.945511
154.946777
155.950958
156.958023
157.968018
158.980911
159.996704
161.015411
162.037033
163.061569
164.088974
165.119324
166.152557
167.188705
168.227768
169.269730
170.314575
171.362350
172.413040
173.466568
174.522568
175.580948
176.641708
177.704880
178.770447
179.838425
180.908783
181.981537
183.056686
184.134232
185.214157
186.296494
187.381226
188.468369
189.557892
190.649796
191.744125
192.840836
193.939941
195.041443
196.145340
197.251633
198.360321
199.471405
200.584885
201.700760
202.819031
203.939697
205.062759
206.188217
207.316071
208.446320
209.578964
210.714020
211.851440
212.991272
214.133514
215.278137
216.425156
217.574570
218.726379
219.880585
221.037201
222.196182
223.357574
224.521378
225.687546
226.856140
228.027115
229.200500
230.376251
231.554428
232.734970
233.917923
235.103287
236.283035
237.449310
238.602020
239.741226
240.866882
241.979019
243.077637
244.162704
245.234268
246.292282
247.336761
248.367737
249.385162
0.000000
0.000000
0.000000
0.000000
0.205981
2.308610
4.349059
6.327329
8.243421
10.097335
11.889068
13.618621
15.285998
16.891195
18.434214
19.915052
21.333715
22.690197
23.984501
25.216623
26.386568
27.494335
28.570532
29.645786
30.720095
31.793455
32.865864
33.937332
35.007847
36.077423
37.146042
38.213718
39.280445
40.346218
41.411057
42.474937
43.537872
44.599865
45.660904
46.721001
47.780140
48.838345
49.895596
50.951900
52.007256
53.061661
54.115124
55.167637
56.219200
57.269817
58.319492
59.368214
60.415985
61.462811
62.508690
63.553623
64.597610
65.640640
66.682732
67.723869
68.764069
69.803322
70.841614
71.878967
72.915367
73.950829
74.985336
76.018890
77.051506
78.083176
79.113899
80.143661
81.172493
82.200760
83.230858
84.263161
85.297691
86.334435
87.373398
88.414581
89.457977
90.503593
91.551430
92.601479
93.653740
94.708229
95.764931
96.823853
97.884995
98.948349
100.013924
101.081711
102.151718
103.223946
104.298393
105.375046
106.453934
107.535027
108.618340
109.703865
110.791618
111.881584
112.973770
114.068169
115.164787
116.263626
117.364685
118.467957
119.573441
120.681145
121.791069
122.903214
124.017570
125.134148
126.252937
127.373955
128.497192
129.622620
130.750290
131.880173
133.012268
134.146591
135.283127
136.421875
137.562851
138.703598
139.841660
140.977066
142.109802
143.239868
144.367264
145.491989
146.614059
147.733429
148.850143
149.964203
151.075577
152.184280
153.290329
154.393692
155.494385
156.592422
157.687790
158.780472
159.870499
160.957840
162.042511
163.124527
164.203873
165.280548
166.354553
167.425888
168.494553
169.560547
170.623871
171.684525
172.742493
173.797821
174.850479
175.900452
176.947754
177.992386
179.034348
180.073654
181.110291
182.144241
183.175522
184.204163
185.230103
186.253387
187.273987
188.291931
189.307205
190.319809
191.329742
192.337006
193.341293
194.340820
195.335251
196.324646
197.308945
198.288177
199.262344
200.231430
201.195450
202.154404
203.108261
204.057083
205.000809
205.939468
206.873062
207.801575
208.725021
209.643402
210.556686
211.464935
212.368088
213.266174
214.159180
215.047119
215.929993
216.807800
217.680527
218.548187
219.410782
220.268280
221.120712
221.968094
222.810394
223.647614
224.479767
225.306839
226.128860
226.945801
227.757660
228.564468
229.366180
230.162842
230.954422
231.740936
232.522369
233.298721
234.070023
234.836243
235.597412
236.353485
237.104477
237.850433
238.588318
239.315247
240.031189
240.736145
241.430130
242.113113
242.785126
243.446152
244.096207
244.735275
245.363358
245.980453
246.586563
247.181702
247.765854
248.339035
248.901215
249.452423
249.992661
250.521896
251.040161
251.547424
252.043732
252.529037
253.003357
253.466705
253.919083
254.360443
0.000001
2.031089
3.995425
5.893008
7.723840
9.487920
11.185248
12.815823
14.379646
15.876718
17.307037
18.700254
20.086021
21.464338
22.835203
24.198620
25.554585
26.903099
28.244162
29.577776
30.903940
32.222652
33.533909
34.837719
36.134087
37.422993
38.704449
39.978462
41.245014
42.504124
43.755779
44.999985
46.236744
47.466049
48.687904
49.902306
51.109264
52.308762
53.500816
54.685421
55.862564
57.032265
58.194515
59.349312
60.496658
61.636555
62.769005
63.893997
65.011559
66.121651
67.224289
68.319481
69.407227
70.487526
71.560364
72.625763
73.683701
74.735802
75.791801
76.853310
77.920311
78.992836
80.070854
81.154388
82.243416
83.337967
84.438011
85.543564
86.654625
87.771194
88.893265
90.020851
91.153938
92.292526
93.436630
94.586235
95.741348
96.901970
98.068085
99.239723
100.416862
101.599510
102.787659
103.981316
105.180473
106.385147
107.595322
108.811005
110.032204
111.258896
112.491096
113.728806
114.972008
116.220741
117.474960
118.734695
119.999939
121.270691
122.546944
123.828697
125.115967
126.408745
127.707016
129.010803
130.315521
131.616653
132.914185
134.208099
135.498398
136.785110
138.068192
139.347672
140.623550
141.895828
143.164490
144.429550
145.691010
146.948853
148.203079
149.453720
150.700729
151.944153
153.183960
154.420166
155.652771
156.881760
158.107132
159.328918
160.547073
161.761642
162.972580
164.179947
165.383682
166.583817
167.780350
168.973251
170.162582
171.348282
172.530380
173.708862
174.883759
176.055038
177.222702
178.386765
179.547241
180.704071
181.857315
183.006958
184.152985
185.295410
186.432785
187.556564
188.665314
189.759018
190.837692
191.901321
192.949905
193.983459
195.001999
196.005478
196.993927
197.967346
198.925705
199.869049
200.797333
201.710617
202.608841
203.492020
204.360184
205.213272
206.051361
206.874405
207.682419
208.475388
209.253311
210.016205
210.764069
211.496872
212.214661
212.917404
213.605133
214.277802
214.935440
215.578033
216.205597
216.818115
217.415604
217.998062
218.565475
219.117859
219.655197
220.177505
220.684769
221.177002
221.654190
222.116348
222.563477
223.005478
223.452286
223.903870
224.360260
224.821442
225.287415
225.758194
226.233780
226.714157
227.199310
227.689270
228.184036
228.683578
229.187943
229.697083
230.211029
230.729767
231.253296
231.781631
232.314758
232.852676
233.395386
233.942917
234.495224
235.052338
235.614227
236.180939
236.752441
237.328735
237.909805
238.495697
239.086380
239.681854
240.282135
240.887192
241.497055
242.111725
242.731186
243.355438
243.984482
244.618332
245.256973
245.900421
246.548645
247.201675
247.859497
248.522125
249.189545
249.861771
250.538773
251.220566
251.907181
252.598572
253.294769
253.995758
254.701553
255.000000
255.000000
255.000000
