0.762624
0.118688
0.118688
0.118688
0.762624
0.118688
0.118688
0.118688
0.762624
0.000000
0.839931
1.679253
2.517967
3.356072
4.193569
5.030456
5.866735
6.702406
7.537468
8.371922
9.205766
10.039002
10.871631
11.704718
12.539335
13.375484
14.213161
15.052367
15.893104
16.735371
17.579165
18.424490
19.271343
20.119726
20.969641
21.821083
22.674055
23.528559
24.384590
25.242151
26.101242
26.961864
27.824015
28.687693
29.552902
30.419640
31.287909
32.157707
33.029037
33.901890
34.776279
35.652195
36.529640
37.408615
38.289120
39.171154
40.054718
40.939812
41.826439
42.714592
43.604271
44.495483
45.388226
46.282497
47.178299
48.075630
48.974487
49.874878
50.776798
51.680244
52.585224
53.491734
54.399769
55.309334
56.220432
57.133057
58.047215
58.962898
59.880112
60.798859
61.719128
62.640930
63.564003
64.486794
65.409042
66.330750
67.251915
68.172539
69.092621
70.012154
70.931152
71.849602
72.767509
73.684883
74.601707
75.517990
76.433731
77.348938
78.263596
79.177711
80.091278
81.004311
81.916801
82.828751
83.740158
84.651024
85.561340
86.471123
87.380356
88.289055
89.197205
90.104805
91.011879
91.918404
92.824394
93.729828
94.634727
95.539085
96.442902
97.346169
98.248901
99.151093
100.052734
100.953842
101.854401
102.754417
103.653900
104.552834
105.451225
106.349075
107.246391
108.143158
109.039375
109.935066
110.830200
111.724800
112.618851
113.512367
114.405342
115.297760
116.189651
117.080994
117.972511
118.864960
119.758331
120.652618
121.547821
122.443947
123.340981
124.238937
125.137810
126.037605
126.938316
127.839943
128.742493
129.645950
130.550339
131.455627
132.361847
133.268982
134.177032
135.085999
135.995911
136.906693
137.818420
138.731079
139.644638
140.559113
141.474487
142.390808
143.308029
144.226181
145.145248
146.065247
146.986145
147.907959
148.830704
149.754364
150.678925
151.604416
152.530823
153.458160
154.386398
155.315552
156.245636
157.176636
158.108536
159.041382
159.975143
160.909805
161.845383
162.781891
163.719315
164.657654
165.596909
166.537079
167.478180
168.420181
169.363113
170.306961
171.251740
172.198090
173.150284
174.108932
175.074097
176.045746
177.023880
178.008514
178.999634
179.997253
181.001358
182.011948
183.029053
184.052628
185.082703
186.119278
187.162323
188.211868
189.267899
190.330444
191.399475
192.474976
193.556992
194.645477
195.740479
196.841949
197.949921
199.064392
200.185349
201.312790
202.446732
203.587158
204.734085
205.887497
207.047409
208.213806
209.386688
210.566071
211.751938
212.944305
214.143158
215.348511
216.560349
217.778671
219.003494
220.234818
221.472626
222.716919
223.967697
225.224976
226.488770
227.759018
229.035782
230.319016
231.608765
232.904984
234.207703
235.516922
236.832626
238.154816
239.483521
240.875244
242.386597
244.017563
245.768127
0.000000
0.000000
0.000000
0.000000
0.808433
3.666093
6.305792
8.727533
10.931318
12.917145
14.685009
16.234921
17.566870
18.788845
20.008821
21.226807
22.442797
23.656792
24.868792
26.078796
27.286806
28.492823
29.696842
30.898870
32.098900
33.296936
34.492977
35.687023
36.879078
38.069130
39.257195
40.443264
41.627335
42.809414
43.989494
45.167583
46.343678
47.517773
48.689880
49.859989
51.028099
52.194221
53.358349
54.520477
55.680607
56.838749
57.994888
59.149048
60.301205
61.451366
62.599529
63.745697
64.889870
66.032051
67.172241
68.310432
69.446625
70.580826
71.713043
72.843254
73.971466
75.097687
76.221916
77.344147
78.464394
79.582771
80.702187
81.823837
82.947708
84.073822
85.202156
86.332726
87.465530
88.600563
89.737816
90.877304
92.019028
93.162979
94.309158
95.457573
96.608215
97.761093
98.916191
100.073524
101.233086
102.394882
103.558907
104.725159
105.893646
107.064362
108.237305
109.412483
110.589890
111.769531
112.951393
114.135490
115.321823
116.510384
117.701164
118.894180
120.089439
121.286919
122.486626
123.688560
124.892731
126.099136
127.307770
128.518616
129.731720
130.947037
132.164597
133.384384
134.606400
135.830643
137.057114
138.285812
139.516754
140.749924
141.984268
143.213531
144.436630
145.653610
146.864441
148.069138
149.267685
150.460098
151.646362
152.826492
154.000473
155.168320
156.330032
157.485596
158.635010
159.778290
160.915436
162.046432
163.171280
164.290009
165.402588
166.509018
167.609314
168.703476
169.791489
170.873352
171.949081
173.018677
174.082123
175.139420
176.190582
177.235626
178.274506
179.307236
180.333847
181.354309
182.368637
183.376816
184.378860
185.374756
186.364517
187.348129
188.325607
189.296936
190.262131
191.221176
192.174103
193.120865
194.061493
194.995987
195.924332
196.846542
197.762604
198.673218
199.580109
200.483353
201.382950
202.278900
203.171173
204.059814
204.944778
205.826111
206.703781
207.577820
208.448181
209.314911
210.177963
211.037399
211.893158
212.745270
213.593735
214.438522
215.279694
216.117188
216.951050
217.781235
218.607788
219.430679
220.249924
221.065506
221.877457
222.685745
223.490372
224.291351
225.088669
225.882355
226.672379
227.458755
228.241470
229.020538
229.795959
230.567719
231.335846
232.100296
232.861099
233.618256
234.371765
235.121613
235.867813
236.610352
237.349243
238.084488
238.816071
239.544006
240.268295
240.988937
241.699280
242.392700
243.069214
243.728806
244.371490
244.997238
245.606049
246.197968
246.772964
247.331039
247.872192
248.396423
248.903748
249.394150
249.867615
250.324173
250.763809
251.186523
251.592331
251.981216
252.353165
252.708221
253.046341
253.367554
253.671814
253.959183
254.229645
254.483170
254.719772
254.939468
255.000000
255.000000
0.000000
4.938792
9.755166
14.449124
19.020668
23.469790
27.796499
32.000790
36.082661
40.042122
43.879166
47.593784
51.185989
54.655781
58.003151
61.228111
64.330658
67.310776
70.168480
72.903770
75.516640
78.007095
80.375137
82.620750
84.779854
86.926407
89.062668
91.188637
93.304321
95.409706
97.504807
99.589615
101.664131
103.728355
105.782288
107.825935
109.859283
111.882355
113.895119
115.897606
117.889793
119.871689
121.843307
123.804619
125.755646
127.696373
129.626816
131.550140
133.479431
135.416092
137.360092
139.311462
141.270203
143.236313
145.209778
147.190598
149.178802
151.174377
153.177292
155.187576
157.205231
159.230240
161.262634
163.302383
165.349487
167.403961
169.465790
171.534988
173.611542
175.695480
177.782227
179.829773
181.827881
183.776535
185.675766
187.525543
189.325897
191.076828
192.778305
194.430359
196.032974
197.586151
199.089874
200.544174
201.949036
203.304474
204.610458
205.867020
207.074142
208.231827
209.340073
210.398880
211.408249
212.368759
213.299408
214.209396
215.098755
215.967438
216.815460
217.642838
218.449554
219.235626
220.001038
220.745789
221.469879
222.173340
222.856125
223.518265
224.159760
224.780594
225.380753
225.960266
226.519150
227.057343
227.574905
228.071823
228.548050
229.012283
229.473160
229.930710
230.384903
230.835724
231.283218
231.727341
232.168137
232.605545
233.039627
233.470352
233.897720
234.321747
234.742416
235.159729
235.573700
235.984299
236.391556
236.795486
237.196030
237.593246
237.987076
238.377594
238.764740
239.148529
239.528976
239.906067
240.279816
240.650208
241.017242
241.380920
241.741257
242.098236
242.451874
242.802139
243.149078
243.492630
243.832870
244.169724
244.503250
244.833420
245.160233
245.483704
245.803802
246.120560
246.433975
246.744019
247.050720
247.354080
247.654068
247.950714
248.244003
248.533951
248.820541
249.103775
249.383667
249.660202
249.933380
250.203217
250.469696
250.732834
250.992599
251.249023
251.502090
251.751816
251.998169
252.241196
252.480850
252.717178
252.950134
253.179733
253.405991
253.628891
253.848450
254.064636
254.277496
254.487000
254.693130
254.895935
255.095352
255.291458
255.484192
255.000000
255.000000
255.000000
255.000000
255.000000
255.000000
255.000000
255.000000
255.000000
255.000000
255.000000
255.000000
255.000000
255.000000
255.000000
255.000000
255.000000
255.000000
255.000000
255.000000
255.000000
255.000000
255.000000
255.000000
255.000000
255.000000
255.000000
255.000000
255.000000
255.000000
255.000000
255.000000
255.000000
255.000000
255.000000
255.000000
255.000000
255.000000
255.000000
255.000000
255.000000
255.000000
255.000000
255.000000
255.000000
255.000000
255.000000
255.000000
255.000000
255.000000
255.000000
255.000000
255.000000
255.000000
255.000000
255.000000
255.000000
