0.971430
0.014285
0.014285
0.014285
0.971430
0.014285
0.014285
0.014285
0.971430
0.000000
0.000000
0.639861
1.994990
3.336868
4.665493
5.980866
7.282988
8.571858
9.847477
11.109843
12.358957
13.594820
14.817430
16.026789
17.222897
18.405754
19.575356
20.731709
21.874809
23.004658
24.121254
25.224598
26.314692
27.391533
28.455122
29.505461
30.542545
31.566381
32.576962
33.574287
34.558365
35.529194
36.493092
37.456383
38.419079
39.381168
40.342651
41.303535
42.263813
43.223492
44.182564
45.141029
46.098900
47.056164
48.012821
48.968876
49.924332
50.879177
51.833427
52.787071
53.740108
54.692547
55.644382
56.595612
57.546238
58.496258
59.445679
60.394497
61.342709
62.290321
63.237324
64.183731
65.129532
66.074730
67.019325
67.963310
68.906700
69.849480
70.791664
71.733238
72.674217
73.614693
74.557304
75.503105
76.452087
77.404259
78.359619
79.318153
80.279892
81.244804
82.212906
83.184196
84.158676
85.136337
86.117188
87.101227
88.088455
89.078865
90.072464
91.069252
92.069229
93.072380
94.078728
95.088257
96.100975
97.116882
98.135979
99.158257
100.183723
101.212379
102.244217
103.279251
104.317459
105.358864
106.403450
107.451225
108.502190
109.556328
110.613670
111.674187
112.737900
113.804550
114.872627
115.941879
117.012321
118.083946
119.156746
120.230736
121.305908
122.382263
123.459793
124.538506
125.618408
126.699486
127.781746
128.865189
129.949814
131.035614
132.122620
133.210785
134.300140
135.390671
136.482391
137.575302
138.669373
139.764633
140.861084
141.958710
143.057526
144.157516
145.258682
146.361038
147.464584
148.569290
149.675201
150.782288
151.890564
153.000000
154.110626
155.222443
156.335434
157.447281
158.552322
159.650269
160.741165
161.824951
162.901688
163.971344
165.033920
166.089401
167.137817
168.179153
169.213425
170.240601
171.260712
172.273758
173.279709
174.278595
175.270401
176.255127
177.232758
178.203339
179.166824
180.123260
181.072586
182.014847
182.950027
183.878159
184.799179
185.713135
186.620010
187.519821
188.412521
189.298187
190.176758
191.048248
191.912659
192.769989
193.620255
194.463440
195.299545
196.133484
196.970169
197.809586
198.651749
199.496658
200.344299
201.194687
202.047821
202.903687
203.762283
204.623642
205.487732
206.354553
207.224136
208.096436
208.971512
209.849304
210.729843
211.613113
212.499130
213.387878
214.279373
215.173630
216.070602
216.970337
217.872803
218.778000
219.685944
220.596634
221.510056
222.426239
223.345123
224.266800
225.191177
226.118317
227.048187
227.980804
228.916168
229.854263
230.795090
231.738663
232.684982
233.634048
234.585861
235.540390
236.497665
237.457687
238.420456
239.385971
240.354218
241.325195
242.298920
243.275391
244.254608
245.236557
246.221252
247.208679
248.198853
249.191772
250.187424
251.185822
252.186966
253.190842
254.197449
0.000000
0.515689
1.659192
2.800405
3.939326
5.075957
6.210298
7.342347
8.472106
9.599576
10.724752
11.847641
12.968237
14.086543
15.202559
16.316282
17.427719
18.536865
19.643715
20.748278
21.850550
22.950533
24.048222
25.143623
26.236729
27.327553
28.416077
29.502316
30.586262
31.667919
32.746243
33.820213
34.889828
35.955074
37.015961
38.072491
39.124657
40.172462
41.215908
42.254993
43.289715
44.320084
45.346088
46.367725
47.385006
48.397926
49.406490
50.410690
51.410530
52.406010
53.397129
54.383884
55.366283
56.344315
57.317993
58.287308
59.252262
60.212852
61.169086
62.120960
63.068470
64.011627
64.950417
65.884842
66.814919
67.740623
68.661964
69.578957
70.491585
71.399841
72.304031
73.209953
74.120018
75.034218
75.952568
76.875053
77.801682
78.732452
79.667366
80.606422
81.549622
82.496956
83.448441
84.404060
85.363815
86.327728
87.295769
88.267960
89.244293
90.224762
91.209373
92.198120
93.191017
94.188057
95.189240
96.194557
97.204018
98.217621
99.235367
100.257256
101.283287
102.313454
103.347763
104.386223
105.428825
106.475563
107.526436
108.581451
109.640617
110.703918
111.771370
112.842407
113.913887
114.985268
116.056534
117.127693
118.198753
119.269707
120.340553
121.411301
122.481934
123.552467
124.622887
125.693207
126.763420
127.833534
128.903519
129.973419
131.043213
132.112900
133.182495
134.251968
135.321320
136.390579
137.459747
138.528809
139.597748
140.666580
141.735306
142.803955
143.872467
144.940887
146.009201
147.077408
148.145508
149.213501
150.281387
151.349182
152.416855
153.484436
154.551910
155.619247
156.685287
157.746948
158.804153
159.856857
160.905075
161.948807
162.988037
164.022797
165.053085
166.078873
167.100174
168.116989
169.129318
170.137161
171.140518
172.139404
173.133789
174.123688
175.109100
176.090027
177.066467
178.038422
179.005905
179.968887
180.927399
181.881409
182.830933
183.775970
184.716537
185.652603
186.584183
187.511292
188.433899
189.352036
190.265671
191.174820
192.079498
192.979675
193.875381
194.766586
195.653305
196.537460
197.420898
198.303650
199.185699
200.067078
200.947754
201.827713
202.707016
203.585602
204.463486
205.340698
206.217194
207.093002
207.968124
208.842575
209.716293
210.589340
211.461700
212.333344
213.204315
214.074570
214.944153
215.813019
216.681213
217.548706
218.415497
219.281616
220.147018
221.011734
221.875763
222.739090
223.601730
224.463684
225.324936
226.185486
227.045349
227.904541
228.763016
229.620804
230.477875
231.334274
232.189972
233.044998
233.899307
234.752930
235.605850
236.458084
237.309631
238.160492
239.010635
239.860107
240.708878
241.556961
242.404327
243.251022
244.097015
244.942322
245.786926
246.630844
247.474060
248.316589
249.158417
249.999557
0.000001
1.273846
2.542289
3.805329
5.062966
6.315201
7.562033
8.803462
10.039490
11.270114
12.495336
13.715155
14.929570
16.138586
17.342197
18.540405
19.733212
20.920614
22.102615
23.279211
24.450407
25.616199
26.776588
27.931580
29.081165
30.225346
31.364124
32.497501
33.625473
34.747971
35.864910
36.976299
38.082134
39.182411
40.277134
41.366306
42.449924
43.527988
44.600494
45.667446
46.728848
47.784695
48.834984
49.879719
50.918903
51.952530
52.980602
54.003128
55.020092
56.031506
57.037365
58.037666
59.032417
60.021610
61.005249
61.983334
62.955864
63.922844
64.884270
65.840141
66.790451
67.735214
68.674416
69.608070
70.536179
71.463310
72.394073
73.328461
74.266472
75.208122
76.153397
77.102295
78.054817
79.010979
79.970757
80.934166
81.901199
82.871864
83.846153
84.824081
85.805626
86.790794
87.779602
88.772018
89.768082
90.767769
91.771080
92.778008
93.788582
94.802773
95.820587
96.842033
97.867119
98.895821
99.928146
100.964104
102.003685
103.046898
104.093742
105.144203
106.198296
107.256050
108.317497
109.382637
110.451469
111.524002
112.600220
113.680130
114.763741
115.851036
116.942024
118.036705
119.135086
120.237152
121.342918
122.452377
123.565521
124.682365
125.802902
126.927124
128.055038
129.186676
130.321976
131.460968
132.603668
133.750061
134.900131
136.053909
137.211365
138.372528
139.537369
140.705917
141.878159
143.054092
144.233704
145.417023
146.604034
147.787231
148.959091
150.119614
151.268784
152.406647
153.533157
154.648346
155.752197
156.844711
157.925888
158.995728
160.054245
161.101425
162.137268
163.161789
164.174957
165.176804
166.167297
167.146484
168.114319
169.070816
170.015991
170.949814
171.872330
172.783493
173.683334
174.571823
175.448990
176.314819
177.169327
178.012482
178.844299
179.664795
180.473953
181.271774
182.058273
182.839020
183.619537
184.399872
185.179993
185.959946
186.739670
187.519211
188.298553
189.077682
189.856628
190.635376
191.413910
192.192261
192.970413
193.748367
194.526123
195.303680
196.081024
196.858200
197.635162
198.411911
199.188492
199.964844
200.741028
201.516983
202.292770
203.068344
203.843719
204.618896
205.393875
206.168671
206.943253
207.717636
208.491837
209.265823
210.039612
210.813202
211.586594
212.359802
213.132812
213.905609
214.678207
215.450623
216.222839
216.994827
217.766647
218.538269
219.309692
220.080902
220.851929
221.622742
222.393372
223.163803
223.934021
224.704056
225.473892
226.243546
227.012970
227.782196
228.551239
229.320084
230.088730
230.857178
231.625412
232.393478
233.161331
233.928970
234.696442
235.463699
236.230759
236.997620
237.764282
238.530746
239.297012
240.063095
240.828949
241.594620
242.360107
243.125381
243.890457
244.655350
245.420029
246.184509
