0.911458
0.044271
0.044271
0.044271
0.911458
0.044271
0.044271
0.044271
0.911458
0.000000
1.140029
2.276659
3.409890
4.539721
5.666153
6.789186
7.908819
9.025053
10.137888
11.247323
12.353359
13.455996
14.555232
15.651071
16.743509
17.832550
18.918190
20.000427
21.079269
22.154711
23.226751
24.295395
25.360638
26.422483
27.480927
28.535971
29.587618
30.635864
31.680712
32.722160
33.760208
34.794857
35.826107
36.853962
37.878407
38.899464
39.917114
40.931366
41.942219
42.949673
43.953728
44.954384
45.951637
46.945496
47.937798
48.930408
49.923313
50.916523
51.910034
52.903839
53.897949
54.892361
55.887070
56.882080
57.877392
58.873009
59.868919
60.865135
61.861645
62.858463
63.855572
64.852989
65.850700
66.848717
67.847031
68.845650
69.844566
70.843788
71.843300
72.843117
73.843239
74.843658
75.844368
76.845398
77.846710
78.848335
79.850250
80.852478
81.855003
82.857819
83.860947
84.864372
85.868095
86.872116
87.876442
88.881058
89.885986
90.891212
91.896744
92.902565
93.908592
94.912514
95.913399
96.911240
97.906036
98.897789
99.886505
100.872169
101.854805
102.834389
103.810936
104.784447
105.754906
106.722336
107.686714
108.648056
109.606346
110.561600
111.513824
112.462997
113.409126
114.352219
115.292274
116.229271
117.163239
118.094170
119.022049
119.946892
120.868690
121.787445
122.703171
123.615837
124.525475
125.432068
126.335617
127.236130
128.133591
129.028015
129.919403
130.807739
131.693039
132.575317
133.454529
134.330688
135.203827
136.073914
136.940979
137.805786
138.673172
139.543961
140.418106
141.295624
142.176544
143.060837
143.948502
144.839554
145.733978
146.631790
147.532974
148.437561
149.345505
150.256836
151.171539
152.089630
153.011124
153.935959
154.864182
155.795807
156.730804
157.669159
158.610916
159.556046
160.504562
161.456451
162.411728
163.370377
164.332413
165.297821
166.266617
167.238785
168.214325
169.193268
170.175568
171.161270
172.150345
173.142792
174.138626
175.137833
176.140427
177.146408
178.155746
179.168488
180.184601
181.204102
182.226440
183.250290
184.275589
185.302383
186.330597
187.360291
188.391449
189.424042
190.458130
191.493637
192.530624
193.569077
194.608978
195.650345
196.693161
197.737457
198.783188
199.830399
200.879059
201.929169
202.980759
204.033813
205.088303
206.144257
207.201675
208.260559
209.320892
210.382690
211.445953
212.510666
213.576843
214.644470
215.713562
216.784119
217.856125
218.929596
220.004532
221.080917
222.158768
223.238083
224.318848
225.401077
226.484772
227.569916
228.656525
229.744583
230.834122
231.913498
232.971222
234.007278
235.021652
236.014313
236.985321
237.934631
238.862259
239.768219
240.652481
241.515076
242.355972
243.175186
243.972733
244.748581
245.502762
246.235245
246.946045
247.635178
248.302597
248.948364
249.572449
250.174835
250.755539
0.000000
1.272643
2.537126
3.793451
5.041617
6.281624
7.513472
8.737161
9.952692
11.160064
12.359277
13.550329
14.733224
15.907959
17.074537
18.232956
19.383217
20.525316
21.659258
22.785038
23.902664
25.012129
26.113436
27.206581
28.291571
29.368402
30.437071
31.497581
32.549934
33.594128
34.630165
35.658039
36.677761
37.689320
38.692715
39.687954
40.675037
41.653961
42.624725
43.587334
44.541775
45.488064
46.431114
47.375874
48.322327
49.270481
50.220337
51.171890
52.125145
53.080097
54.036747
54.995098
55.955147
56.916901
57.880348
58.845497
59.812344
60.780888
61.751137
62.723083
63.696728
64.672073
65.649109
66.627861
67.608299
68.590439
69.574280
70.559814
71.547050
72.535995
73.526634
74.518974
75.513000
76.508743
77.506172
78.505310
79.506142
80.508675
81.512909
82.518837
83.526466
84.535797
85.546822
86.559555
87.573975
88.590103
89.607933
90.627457
91.648682
92.670761
93.691597
94.711090
95.729240
96.746071
97.761551
98.775711
99.788521
100.800003
101.810143
102.818947
103.826416
104.832558
105.837364
106.840828
107.842957
108.843742
109.843208
110.841331
111.838112
112.833565
113.827682
114.820457
115.811905
116.802017
117.790794
118.778221
119.764320
120.749092
121.732521
122.714615
123.695374
124.674789
125.652870
126.629631
127.605042
128.579132
129.551865
130.523270
131.493347
132.462082
133.429474
134.395554
135.360275
136.323669
137.285721
138.246445
139.206207
140.167328
141.130203
142.094803
143.061142
144.029221
144.999039
145.970596
146.943893
147.918915
148.895691
149.874207
150.854446
151.836426
152.820160
153.805618
154.792816
155.781754
156.772446
157.764862
158.759003
159.754898
160.752533
161.751907
162.753021
163.755859
164.760437
165.766769
166.774826
167.784637
168.796173
169.809448
170.824448
171.841217
172.859711
173.879944
174.901917
175.925613
176.951065
177.978256
179.007172
180.037842
181.070236
182.104370
183.140244
184.177872
185.217209
186.258148
187.296326
188.330048
189.359314
190.384140
191.404480
192.420364
193.431808
194.438782
195.441299
196.439362
197.432968
198.422119
199.406799
200.387039
201.362808
202.334106
203.300980
204.263382
205.221298
206.174789
207.123810
208.068390
209.008484
209.944153
210.875336
211.802063
212.724350
213.642166
214.555511
215.464432
216.368866
217.268860
218.164383
219.055450
219.942078
220.824219
221.701920
222.575150
223.443939
224.308258
225.168137
226.023544
226.874481
227.720993
228.563004
229.400589
230.233704
231.091370
232.002625
232.967453
233.985901
235.057892
236.183472
237.362640
238.595383
239.881714
241.221619
242.615112
244.062180
245.562836
247.117065
248.724884
250.386276
252.101257
253.869797
255.000000
255.000000
255.000000
255.000000
255.000000
255.000000
255.000000
0.000000
1.104529
2.211243
3.320141
4.431223
5.544490
6.659942
7.777577
8.897398
10.019403
11.143593
12.269966
13.398523
14.529268
15.662194
16.797304
17.934605
19.074083
20.215748
21.359598
22.505632
23.653851
24.804255
25.956841
27.111612
28.268570
29.427711
30.589037
31.752546
32.918240
34.086121
35.256184
36.428432
37.602867
38.779480
39.958279
41.139267
42.317951
43.489857
44.654976
45.813309
46.964863
48.109634
49.247620
50.378822
51.503242
52.620876
53.731731
54.835800
55.933083
57.023586
58.107304
59.184242
60.254395
61.317764
62.374348
63.424149
64.467163
65.503403
66.532860
67.555527
68.571411
69.580513
70.582825
71.578362
72.567116
73.549080
74.524269
75.492661
76.454285
77.409119
78.357178
79.298439
80.232925
81.160622
82.081535
82.995682
83.903023
84.803596
85.697380
86.584389
87.464607
88.339363
89.216736
90.098045
90.983292
91.872482
92.765610
93.662674
94.563675
95.468605
96.377480
97.290298
98.207054
99.127747
100.052368
100.980942
101.913452
102.849884
103.790276
104.734596
105.682846
106.635048
107.591179
108.551254
109.515259
110.483215
111.455101
112.430923
113.410690
114.394386
115.382027
116.373604
117.369118
118.368576
119.371964
120.379295
121.390564
122.405762
123.424919
124.447998
125.475014
126.505974
127.540871
128.579712
129.622482
130.669205
131.719833
132.771774
133.822342
134.871552
135.919418
136.965912
138.011047
139.054810
140.097229
141.138275
142.177979
143.216293
144.253265
145.288864
146.323105
147.356003
148.387527
149.417694
150.446503
151.473938
152.500015
153.524734
154.548096
155.570084
156.590729
157.610001
158.627914
159.644470
160.659668
161.673477
162.685959
163.697067
164.706818
165.715210
166.722244
167.727890
168.732208
169.735153
170.736725
171.736954
172.735809
173.733322
174.729462
175.724243
176.717651
177.709717
178.700287
179.688797
180.675156
181.659317
182.641281
183.621109
184.598724
185.574188
186.547470
187.518555
188.487488
189.454224
190.418793
191.381180
192.341400
193.299423
194.255280
195.208969
196.160461
197.109772
198.056931
199.001892
199.944672
200.885300
201.823746
202.759995
203.694077
204.625977
205.555695
206.483246
207.408615
208.331818
209.252823
210.171661
211.088318
212.002808
212.915115
213.825241
214.733200
215.638977
216.542572
217.443985
218.343216
219.240280
220.135162
221.027878
221.929550
222.851257
223.793045
224.754883
225.736786
226.738724
227.760757
228.802841
229.864990
230.947189
232.049454
233.171783
234.314163
235.476624
236.659149
237.861710
239.084335
240.327042
241.589798
242.872620
244.175507
245.498459
246.841461
248.204514
249.587662
250.990845
252.414108
253.857422
255.000000
255.000000
255.000000
255.000000
255.000000
255.000000
255.000000
255.000000
255.000000
