0.931963
0.034018
0.034018
0.034018
0.931963
0.034018
0.034018
0.034018
0.931963
0.000000
0.000000
0.000000
0.000000
0.716629
2.709424
4.579443
6.326685
7.951152
9.452845
10.831758
12.087899
13.221262
14.231851
15.119663
15.884699
16.526962
17.111683
17.704109
18.304237
18.912069
19.527607
20.150843
20.781784
21.420427
22.066774
22.720823
23.382576
24.052031
24.729187
25.414047
26.106611
26.806877
27.514849
28.230518
28.953892
29.684971
30.423752
31.170233
31.924419
32.686310
33.455898
34.233196
35.018192
35.810890
36.611294
37.419399
38.235210
39.058720
39.889935
40.728851
41.575470
42.429794
43.291817
44.161545
45.038975
45.924110
46.816944
47.717487
48.625729
49.541672
50.465324
51.396671
52.335728
53.282307
54.230400
55.177113
56.122437
57.066376
58.008930
58.950092
59.889874
60.828270
61.765274
62.700897
63.635132
64.567986
65.499443
66.429520
67.358208
68.285515
69.211433
70.135971
71.059105
71.980865
72.901237
73.820229
74.737823
75.654037
76.568871
77.482307
78.394371
79.305038
80.214317
81.122215
82.028732
82.933853
83.837593
84.739944
85.640915
86.540497
87.438690
88.335495
89.230919
90.124947
91.017593
91.908859
92.798737
93.687225
94.574326
95.460045
96.344376
97.227509
98.111206
98.995880
99.881546
100.768196
101.655838
102.544456
103.434074
104.324669
105.216248
106.108818
107.002373
107.896912
108.792442
109.688950
110.586449
111.484932
112.384407
113.284859
114.186302
115.088722
115.992142
116.896545
117.801933
118.708305
119.615669
120.524010
121.433334
122.343651
123.254959
124.167244
125.080521
125.994781
126.910027
127.826263
128.743469
129.661682
130.580872
131.501053
132.422226
133.344360
134.267502
135.191620
136.116714
137.042816
137.969894
138.897964
139.827026
140.756134
141.681519
142.602783
143.519897
144.432892
145.341751
146.246460
147.147049
148.043488
148.935806
149.823990
150.708008
151.587921
152.463699
153.335342
154.202835
155.066208
155.925461
156.780548
157.631516
158.478333
159.321045
160.159607
160.994034
161.824326
162.650482
163.472504
164.290390
165.104156
165.913773
166.719238
167.520599
168.317810
169.110886
169.899826
170.684631
171.465317
172.241852
173.014267
173.782532
174.546677
175.306671
176.062531
176.814270
177.561859
178.305328
179.044662
179.779846
180.521896
181.293518
182.095383
182.927490
183.789825
184.682419
185.605270
186.558350
187.541672
188.555237
189.599045
190.673096
191.777405
192.911957
194.076752
195.271774
196.497055
197.752579
199.038345
200.354355
201.700607
203.077103
204.483856
205.920837
207.388062
208.885544
210.413269
211.971237
213.559433
215.177887
216.826584
218.505524
220.214706
221.954147
223.723816
225.523743
227.353882
229.214294
231.104935
233.025833
234.976974
236.958359
238.969986
241.011856
243.083954
245.186310
247.318924
249.481766
0.000000
0.660771
3.272867
5.719074
7.999393
10.113820
12.062360
13.845011
15.461771
16.912643
18.197628
19.399963
20.602900
21.806431
23.010563
24.215292
25.420616
26.626541
27.833061
29.040180
30.247898
31.456213
32.665131
33.874638
35.084747
36.295456
37.506752
38.718662
39.931156
41.144253
42.357944
43.572243
44.787132
46.002625
47.218704
48.435394
49.652672
50.870552
52.089031
53.308102
54.527782
55.748047
56.968914
58.190376
59.412441
60.635105
61.858364
63.082218
64.306679
65.531731
66.757385
67.983627
69.210472
70.437912
71.665962
72.894608
74.123840
75.353668
76.584099
77.815132
79.046761
80.278992
81.511810
82.745232
83.979256
85.213867
86.449081
87.684891
88.921310
90.158318
91.395920
92.633057
93.868629
95.102638
96.335106
97.566010
98.795364
100.023163
101.249405
102.474098
103.697227
104.918800
106.138824
107.357292
108.574203
109.789558
111.003357
112.215607
113.426300
114.635437
115.843018
117.049042
118.253517
119.456429
120.657799
121.857597
123.055847
124.252548
125.447693
126.641273
127.833321
129.023773
130.212723
131.400085
132.585892
133.770157
134.952850
136.133987
137.313583
138.491623
139.668106
140.843033
142.016388
143.188217
144.358475
145.527176
146.694336
147.859924
149.023972
150.186447
151.347397
152.506760
153.664581
154.820847
155.975571
157.128708
158.280319
159.430359
160.578873
161.725800
162.871170
164.012924
165.148972
166.279312
167.403946
168.522873
169.636108
170.743622
171.845444
172.941544
174.031952
175.116653
176.195663
177.268951
178.336548
179.398422
180.454590
181.505066
182.549835
183.588913
184.622253
185.649918
186.671875
187.688095
188.698654
189.703476
190.702621
191.696030
192.683762
193.665771
194.642075
195.612686
196.577591
197.536774
198.490265
199.438065
200.380157
201.316513
202.247192
203.172150
204.091415
205.004974
205.912827
206.814972
207.711411
208.602142
209.487183
210.366516
211.240128
212.108047
212.970261
213.826782
214.677567
215.522675
216.362061
217.195755
218.023727
218.846024
219.662598
220.473450
221.278641
222.076965
222.867447
223.650009
224.424683
225.191452
225.950333
226.701309
227.444382
228.179550
228.906845
229.626221
230.337708
231.041290
231.736984
232.424774
233.104675
233.776657
234.440765
235.096970
235.745285
236.385681
237.018173
237.642792
238.259491
238.868317
239.469223
240.062241
240.647369
241.224579
241.793915
242.355347
242.908859
243.454483
243.992233
244.522064
245.043991
245.558029
246.064178
246.562408
247.052750
247.535202
248.009766
248.476410
248.935165
249.386017
249.828964
250.264023
250.691177
251.110458
251.521820
251.925278
252.320862
252.708527
253.088287
253.460175
253.824142
254.180222
254.528397
254.868698
255.000000
255.000000
255.000000
255.000000
255.000000
255.000000
0.000000
4.474858
7.899435
10.273729
12.118250
13.953501
15.779484
17.596197
19.403645
21.201820
22.990728
24.770367
26.540741
28.301846
30.053680
31.796246
33.529545
35.253574
36.968334
38.673828
40.370052
42.057011
43.734695
45.403118
47.062267
48.712147
50.352764
51.984108
53.606186
55.218994
56.822540
58.416805
60.001804
61.577541
63.144009
64.701202
66.249138
67.787811
69.317192
70.837318
72.348175
73.849762
75.342087
76.825127
78.298920
79.763428
81.218674
82.664650
84.101357
85.528801
86.946976
88.355873
89.755508
91.145874
92.526970
93.898796
95.261368
96.614655
97.958679
99.293434
100.621536
101.949356
103.277206
104.605064
105.932953
107.260841
108.588760
109.916695
111.244637
112.572609
113.900589
115.228600
116.556618
117.884651
119.212715
120.540787
121.868874
123.196983
124.525108
125.853249
127.181419
128.509598
129.837784
131.166016
132.494232
133.822495
135.150757
136.479034
137.807343
139.135666
140.464005
141.792358
143.120728
144.449127
145.777542
147.105942
148.434402
149.762848
151.091339
152.419846
153.748352
155.076889
156.405426
157.734009
159.062576
160.391190
161.719803
163.048431
164.377090
165.705765
167.034439
168.363159
169.691910
171.020645
172.349396
173.678177
175.005157
176.319397
177.619095
178.904236
180.174820
181.430878
182.672363
183.899292
185.111694
186.309525
187.492813
188.661545
189.815735
190.955368
192.080460
193.190979
194.286942
195.368393
196.435257
197.487595
198.525360
199.548584
200.557266
201.551392
202.530960
203.495987
204.446442
205.382370
206.303726
207.210541
208.102814
208.980530
209.843689
210.692307
211.526367
212.345871
213.150833
213.941238
214.717102
215.478409
216.225159
216.957367
217.675018
218.378113
219.066666
219.740677
220.400116
221.045029
221.675369
222.291153
222.892410
223.479095
224.051239
224.608841
225.151871
225.680359
226.194641
226.702820
227.208160
227.710663
228.210327
228.707153
229.201157
229.692322
230.180649
230.666138
231.148804
231.628616
232.105606
232.579742
233.051071
233.519547
233.985184
234.447998
234.907974
235.365097
235.819397
236.270859
236.719498
237.165314
237.608261
238.048386
238.485672
238.920135
239.351761
239.780533
240.206482
240.629593
241.049866
241.467316
241.881912
242.293701
242.702621
243.108734
243.511993
243.912445
244.310013
244.704788
245.096710
245.485794
245.872055
246.255463
246.636063
247.013794
247.388718
247.760803
248.130035
248.496429
248.860016
249.220749
249.578644
249.933716
250.285950
250.630264
250.961578
251.279907
251.585251
251.877579
252.156937
252.423294
252.676666
252.917023
253.144409
253.358795
253.560181
253.748596
253.923996
254.086411
254.235825
254.372253
254.495697
254.606125
254.703568
254.788025
254.859482
254.917953
254.963425
254.995911
255.000000
255.000000
