0.992609
0.003695
0.003695
0.003695
0.992609
0.003695
0.003695
0.003695
0.992609
0.000000
1.282667
2.531082
3.745247
4.925162
6.070825
7.182238
8.259399
9.302311
10.310973
11.285383
12.225542
13.131453
14.021409
14.913723
15.808389
16.705408
17.604782
18.506508
19.410587
20.317020
21.225805
22.136946
23.050438
23.966284
24.884485
25.805035
26.727942
27.653198
28.580811
29.510777
30.443094
31.377768
32.314793
33.254173
34.195900
35.139988
36.086426
37.035213
37.986359
38.939857
39.895710
40.853912
41.814468
42.777378
43.742641
44.710258
45.680229
46.652557
47.627232
48.604263
49.583645
50.565384
51.549473
52.535915
53.524715
54.515862
55.509369
56.505222
57.503429
58.503994
59.506908
60.512180
61.519798
62.529774
63.542103
64.556786
65.573830
66.593208
67.614952
68.639046
69.665489
70.693970
71.722481
72.750717
73.778656
74.806313
75.833687
76.860771
77.887573
78.914085
79.940315
80.966255
81.991913
83.017281
84.042374
85.067169
86.091682
87.115906
88.139847
89.163506
90.186874
91.209953
92.232758
93.255264
94.277496
95.299431
96.321083
97.342453
98.363533
99.384338
100.404846
101.425072
102.445007
103.464661
104.484024
105.503113
106.521904
107.540413
108.558640
109.576576
110.594231
111.611595
112.628670
113.645462
114.661980
115.678192
116.694130
117.709778
118.725143
119.740227
120.755013
121.769531
122.783745
123.797676
124.811325
125.824692
126.837769
127.850571
128.863068
129.875290
130.887207
131.898544
132.908981
133.918488
134.927109
135.934830
136.941635
137.947540
138.952530
139.956619
140.959793
141.962067
142.963440
143.963898
144.963440
145.962082
146.959839
147.956680
148.952606
149.947617
150.941727
151.934937
152.927246
153.918640
154.909134
155.898712
156.887390
157.875153
158.862030
159.847977
160.833023
161.817169
162.800415
163.782745
164.764175
165.744690
166.724304
167.703018
168.680801
169.657700
170.633682
171.608765
172.582947
173.556198
174.528564
175.500031
176.470566
177.440216
178.408951
179.376770
180.343704
181.309723
182.274826
183.239029
184.202316
185.164719
186.126205
187.086777
188.046448
189.005219
189.963486
190.923737
191.886383
192.851425
193.818878
194.788712
195.760941
196.735565
197.712585
198.692001
199.673813
200.658020
201.644638
202.633621
203.625031
204.618805
205.614990
206.613586
207.614548
208.617920
209.623688
210.631866
211.642410
212.655380
213.670715
214.688461
215.708603
216.731140
217.756073
218.783401
219.813126
220.845245
221.879761
222.916672
223.955963
224.997681
226.041763
227.088257
228.137146
229.188431
230.242111
231.298172
232.356644
233.417511
234.480774
235.546432
236.614471
237.684921
238.757751
239.833008
240.910629
241.990646
243.073074
244.157898
245.245117
246.334732
247.426727
248.521133
249.617935
250.717117
251.739960
252.607727
253.320404
253.877991
254.280518
0.000000
0.000000
0.000000
0.823711
2.443483
4.000829
5.495751
6.928249
8.298324
9.605972
10.851196
12.033997
13.154372
14.212323
15.239045
16.265739
17.292402
18.319036
19.345640
20.372211
21.398756
22.425268
23.451752
24.478203
25.504627
26.531019
27.557383
28.583715
29.610016
30.636290
31.662527
32.688740
33.714924
34.741077
35.767197
36.793285
37.819347
38.845375
39.871380
40.897346
41.923290
42.949200
43.975079
45.000927
46.026749
47.052536
48.078293
49.104023
50.129726
51.155396
52.181030
53.206642
54.232216
55.257767
56.283287
57.308773
58.334232
59.359657
60.385059
61.410423
62.435760
63.461067
64.486351
65.511597
66.536812
67.562004
68.587158
69.612282
70.637375
71.662445
72.687477
73.712479
74.737450
75.762321
76.786598
77.810211
78.833153
79.855438
80.877060
81.898003
82.918282
83.937904
84.956856
85.975136
86.992760
88.009705
89.026001
90.041618
91.056572
92.070869
93.084488
94.097443
95.109734
96.121361
97.132317
98.142616
99.152237
100.161201
101.169495
102.177124
103.184090
104.190384
105.196014
106.200981
107.205284
108.208923
109.211884
110.214180
111.215820
112.216789
113.217094
114.216736
115.215698
116.213997
117.211639
118.208618
119.204926
120.200562
121.195541
122.189842
123.183495
124.176468
125.168777
126.160423
127.151398
128.141708
129.131363
130.120346
131.108658
132.096313
133.083298
134.069611
135.055252
136.040344
137.024979
138.009155
138.992874
139.976166
140.958969
141.941345
142.923248
143.904694
144.885696
145.866241
146.846329
147.825958
148.805145
149.783875
150.762161
151.739960
152.717331
153.694244
154.670700
155.646698
156.622238
157.597336
158.571960
159.546143
160.519882
161.493149
162.465973
163.438324
164.410248
165.381683
166.352707
167.323227
168.293335
169.262970
170.232147
171.200882
172.169159
173.136963
174.104340
175.071243
176.037704
177.003693
177.969238
178.934326
179.898972
180.863144
181.826874
182.790146
183.752975
184.715317
185.677246
186.638687
187.599701
188.560242
189.520340
190.479980
191.439148
192.397888
193.356323
194.315475
195.275497
196.236404
197.198181
198.160843
199.124374
200.088791
201.054077
202.020264
202.987289
203.955231
204.924026
205.893707
206.864258
207.835678
208.807999
209.781174
210.755249
211.730194
212.706009
213.682709
214.660263
215.638718
216.618042
217.598236
218.579330
219.561295
220.544113
221.527832
222.512421
223.497894
224.484238
225.471451
226.459549
227.448532
228.438385
229.429108
230.420715
231.413208
232.406570
233.400803
234.395920
235.391907
236.388779
237.386536
238.385162
239.384659
240.385040
241.386292
242.388412
243.391434
244.395309
245.400085
246.405731
247.412247
248.419647
249.427917
250.437073
251.447098
252.416031
253.301819
254.104477
254.824005
0.000000
1.932490
3.694709
5.286658
6.708338
7.959747
9.125244
10.289196
11.451599
12.612454
13.771760
14.929517
16.085726
17.240385
18.393497
19.545063
20.695078
21.843546
22.990465
24.135834
25.279655
26.421928
27.562649
28.701828
29.839457
30.975534
32.110065
33.243050
34.374481
35.504368
36.632702
37.759495
38.884731
40.008423
41.130562
42.251160
43.370209
44.487701
45.603653
46.718052
47.830906
48.942211
50.051968
51.160175
52.266830
53.371944
54.475502
55.577515
56.677982
57.776897
58.874264
59.970081
61.064358
62.157078
63.248249
64.337883
65.425957
66.512482
67.597458
68.680893
69.762772
70.843109
71.921898
72.999054
74.074051
75.146812
76.217339
77.285629
78.351677
79.415489
80.477058
81.536400
82.593491
83.648354
84.700981
85.751366
86.799507
87.845428
88.889091
89.930534
90.969734
92.006691
93.041412
94.073891
95.104141
96.132149
97.157921
98.181450
99.202751
100.221802
101.238632
102.253212
103.265556
104.275658
105.283531
106.289162
107.292564
108.293716
109.292633
110.289307
111.283752
112.275963
113.265930
114.253662
115.239151
116.222412
117.203423
118.182198
119.158745
120.133057
121.105118
122.074944
123.042534
124.007889
124.971008
125.931885
126.890526
127.846924
128.801102
129.753021
130.702713
131.651031
132.598923
133.546341
134.493301
135.439804
136.385849
137.331436
138.276550
139.221237
140.165436
141.109177
142.052460
142.995300
143.937653
144.879562
145.821014
146.762009
147.702545
148.642609
149.582214
150.521362
151.460052
152.398300
153.336075
154.273376
155.210236
156.146637
157.082565
158.018051
158.953049
159.887619
160.821716
161.755341
162.688522
163.621262
164.553513
165.485321
166.416641
167.347534
168.277954
169.207932
170.137421
171.066467
171.995056
172.923172
173.850845
174.778046
175.704788
176.631088
177.556900
178.482269
179.407196
180.331635
181.255630
182.179153
183.102219
184.024841
184.947021
185.869019
186.790848
187.712524
188.634033
189.555389
190.476593
191.397614
192.318481
193.239212
194.159760
195.080154
196.000381
196.920456
197.840363
198.760117
199.679718
200.599152
201.518417
202.437546
203.356491
204.275284
205.193909
206.112396
207.030701
207.948853
208.866852
209.784698
210.702377
211.619888
212.537231
213.454422
214.371475
215.288345
216.205048
217.121613
218.038010
218.954239
219.870316
220.786240
221.701996
222.617584
223.533020
224.448303
225.363419
226.278381
227.193161
228.107803
229.022278
229.936600
230.850754
231.764755
232.678589
233.592270
234.505783
235.419128
236.332336
237.245377
238.154907
239.057571
239.953400
240.842361
241.724472
242.599716
243.468109
244.329636
245.184326
246.032150
246.873123
247.707230
248.534500
249.354904
250.168457
250.975128
251.774979
252.567947
253.354080
254.133347
