0.957765
0.021117
0.021117
0.021117
0.957765
0.021117
0.021117
0.021117
0.957765
0.000000
1.141395
2.276633
3.405714
4.528638
5.645404
6.756015
7.860467
8.958764
10.050902
11.136884
12.216709
13.290376
14.357886
15.419242
16.474438
17.523478
18.567945
19.609426
20.647923
21.683432
22.715956
23.745495
24.772045
25.795610
26.816191
27.833784
28.848391
29.860010
30.868647
31.874292
32.876957
33.876633
34.873325
35.867027
36.857750
37.845474
38.830223
39.811985
40.790756
41.766544
42.739346
43.709160
44.675991
45.639835
46.600693
47.558563
48.513447
49.465347
50.414257
51.360188
52.303127
53.243080
54.180050
55.116982
56.056831
56.999596
57.945271
58.893864
59.845371
60.799793
61.757133
62.717384
63.680550
64.646637
65.615631
66.587540
67.562370
68.540115
69.520775
70.504341
71.490829
72.480240
73.472557
74.467781
75.465935
76.466988
77.470970
78.477867
79.487679
80.500397
81.516037
82.534592
83.556061
84.580437
85.607735
86.637939
87.671066
88.707115
89.746071
90.787941
91.833496
92.883469
93.937866
94.996704
96.059959
97.127663
98.199783
99.276329
100.357315
101.442719
102.532555
103.626823
104.725525
105.828651
106.936211
108.048187
109.164612
110.285446
111.410728
112.540428
113.674561
114.813133
115.956123
117.103546
118.255394
119.411667
120.572388
121.737518
122.907097
124.081093
125.259521
126.442383
127.629662
128.821381
130.017517
131.218094
132.423111
133.626266
134.821320
136.008286
137.187149
138.357910
139.520569
140.675125
141.821579
142.959930
144.090164
145.212326
146.326370
147.432297
148.530136
149.619873
150.701508
151.775040
152.840454
153.897797
154.947006
155.988129
157.021149
158.046082
159.062881
160.071594
161.072205
162.064713
163.049118
164.025421
164.993622
165.953720
166.905716
167.849609
168.785385
169.713089
170.632675
171.544159
172.446609
173.339081
174.221588
175.094116
175.956665
176.809265
177.651886
178.484528
179.307190
180.119888
180.922623
181.715378
182.498169
183.270981
184.033829
184.786697
185.529587
186.262527
186.985474
187.698456
188.401474
189.094513
189.777573
190.450668
191.113800
191.766953
192.410126
193.043335
193.666580
194.279831
194.883133
195.476456
196.059799
196.633179
197.196594
197.750015
198.293488
198.826981
199.350494
199.864044
200.367615
200.861221
201.344864
201.818512
202.282211
202.735916
203.179657
203.613449
204.037247
204.451065
204.854919
205.248810
205.632721
206.006653
206.370636
206.724625
207.068665
207.402725
207.726791
208.040909
208.345062
208.639221
208.923416
209.197632
209.461884
209.716171
209.960480
210.194824
210.419174
210.633575
210.838013
211.032455
211.216919
211.391449
211.555969
211.710541
211.855133
211.989746
212.114395
212.229065
212.333771
212.428513
212.513260
212.588058
212.652863
212.707718
212.752594
212.787491
212.812424
212.827393
212.832367
0.000000
0.972321
1.955713
2.950173
3.955704
4.972305
5.999975
7.038715
8.088525
9.149405
10.221354
11.304374
12.398462
13.503620
14.619849
15.747148
16.885517
18.034956
19.195465
20.367041
21.549688
22.733801
23.909777
25.077614
26.237314
27.388878
28.532305
29.667591
30.794744
31.913757
33.024632
34.127373
35.221973
36.308434
37.386765
38.456951
39.519001
40.572914
41.618687
42.656330
43.685829
44.707191
45.720417
46.725506
47.722462
48.711273
49.691948
50.664482
51.628887
52.585152
53.533276
54.473270
55.405117
56.328823
57.244400
58.151844
59.051140
59.942699
60.835392
61.732838
62.635033
63.541985
64.453682
65.370132
66.291344
67.217300
68.148003
69.083473
70.023674
70.968643
71.918358
72.872826
73.832047
74.796021
75.764740
76.738220
77.716446
78.699432
79.687157
80.679642
81.676880
82.678864
83.685616
84.697105
85.713348
86.734344
87.760094
88.790588
89.825844
90.865845
91.910599
92.960114
94.014374
95.073380
96.136787
97.202400
98.269859
99.339165
100.410309
101.483307
102.558151
103.634842
104.713379
105.793755
106.875984
107.960068
109.045990
110.133743
111.223366
112.314827
113.408134
114.503281
115.600288
116.699135
117.799828
118.902367
120.006760
121.112984
122.221062
123.330994
124.442757
125.556381
126.671844
127.789146
128.908325
130.029327
131.152161
132.276855
133.403412
134.531815
135.662033
136.791595
137.914322
139.029953
140.138458
141.239853
142.334137
143.421295
144.501358
145.574310
146.640137
147.698868
148.750488
149.794983
150.832352
151.862640
152.885803
153.901871
154.910797
155.912628
156.907349
157.894943
158.875427
159.848816
160.815094
161.774246
162.726303
163.671234
164.609055
165.539764
166.463348
167.379837
168.289215
169.191467
170.086624
170.974655
171.855576
172.729401
173.599152
174.467880
175.335571
176.202240
177.067886
177.932510
178.796112
179.658691
180.520233
181.380753
182.240265
183.098740
183.956192
184.812607
185.668015
186.522385
187.375748
188.228073
189.079376
189.929642
190.778915
191.627136
192.474350
193.320526
194.165695
195.009827
195.852921
196.695023
197.536057
198.376114
199.215118
200.053101
200.890045
201.725998
202.560913
203.394806
204.227661
205.059494
205.890305
206.720093
207.548859
208.376602
209.203323
210.029022
210.853683
211.677322
212.499939
213.321533
214.142105
214.961639
215.780167
216.597672
217.414124
218.229568
219.043991
219.857391
220.669769
221.481110
222.291443
223.100739
223.909027
224.716263
225.522491
226.327698
227.131866
227.935028
228.737152
229.538254
230.338333
231.137390
231.935425
232.732422
233.528397
234.323364
235.117294
235.910187
236.702087
237.492935
238.282776
239.071594
239.859360
240.646133
241.431870
242.216568
243.000259
243.782913
244.564560
245.345169
0.000000
1.280582
2.553616
3.819103
5.077043
6.327434
7.570279
8.805575
10.033325
11.253529
12.466182
13.671289
14.868848
16.058861
17.241325
18.416243
19.584431
20.746710
21.903082
23.053539
24.198092
25.336733
26.469467
27.596289
28.717203
29.832207
30.941303
32.044487
33.141762
34.233131
35.318588
36.398132
37.471771
38.539501
39.601322
40.657234
41.707233
42.751324
43.789513
44.821781
45.848141
46.868599
47.883144
48.891777
49.894508
50.891323
51.882233
52.867226
53.848671
54.832314
55.818420
56.806988
57.798016
58.791508
59.787464
60.785877
61.786755
62.790096
63.795895
64.804161
65.814888
66.828079
67.843727
68.861832
69.882416
70.905441
71.930946
72.958908
73.989326
75.022217
76.057564
77.095367
78.135643
79.178375
80.223564
81.271225
82.321335
83.373924
84.428970
85.486473
86.546768
87.611885
88.682159
89.757576
90.838150
91.923874
93.014755
94.110779
95.211960
96.318298
97.429779
98.546410
99.668205
100.795143
101.927231
103.064468
104.206863
105.354408
106.507111
107.664955
108.827957
109.996101
111.169411
112.347862
113.531471
114.720230
115.914139
117.113205
118.317413
119.526779
120.741302
121.960968
123.185379
124.405212
125.616692
126.819817
128.014572
129.200974
130.379013
131.548691
132.710007
133.862976
135.007584
136.143829
137.271713
138.391220
139.502380
140.605194
141.699631
142.785721
143.863449
144.932816
145.993805
147.046448
148.090744
149.126663
150.154236
151.173447
152.184280
153.186768
154.180893
155.166672
156.144073
157.113113
158.073807
159.029282
159.982635
160.933868
161.882996
162.830048
163.774963
164.717789
165.658493
166.597107
167.533615
168.468002
169.400284
170.330475
171.258560
172.184540
173.108398
174.030167
174.949814
175.867355
176.782806
177.696136
178.607376
179.516510
180.423508
181.328430
182.231232
183.131927
184.030533
184.927017
185.821396
186.713684
187.603851
188.491928
189.377884
190.261734
191.143478
192.023117
192.900665
193.776093
194.649414
195.520630
196.389740
197.256744
198.121643
198.984436
199.845123
200.703705
201.560181
202.414566
203.266830
204.116974
204.965027
205.810974
206.654816
207.496567
208.336182
209.173706
210.009125
210.842438
211.673630
212.502731
213.329727
214.154617
214.977402
215.798080
216.616653
217.433105
218.247467
219.059723
219.869858
220.677902
221.483841
222.287659
223.089371
223.889008
224.686508
225.481903
226.275208
227.066391
227.855484
228.642456
229.427338
230.210098
230.990753
231.769318
232.545792
233.320129
234.092361
234.862488
235.630524
236.396439
237.160263
237.921951
238.681564
239.439056
240.194443
240.947739
241.698914
242.447998
243.194946
243.939819
244.682587
245.423218
246.161758
246.898193
247.632523
248.364746
249.094879
249.822891
250.548798
251.272598
