0.872607
0.063697
0.063697
0.063697
0.872607
0.063697
0.063697
0.063697
0.872607
0.000000
0.000000
0.000000
0.841434
2.593623
4.315621
6.007429
7.669046
9.300471
10.901707
12.472751
14.013604
15.524268
17.004740
18.455021
19.875111
21.265009
22.624720
23.954237
25.253567
26.522703
27.761646
28.970404
30.148968
31.297342
32.415527
33.503517
34.561317
35.588928
36.586353
37.553581
38.490612
39.397465
40.283108
41.156540
42.017761
42.866772
43.703568
44.528149
45.340519
46.140682
46.928627
47.704357
48.467876
49.219185
49.958279
50.685162
51.399834
52.102291
52.792534
53.470566
54.136387
54.789993
55.431389
56.069710
56.727299
57.405170
58.103321
58.821754
59.560471
60.319469
61.098751
61.898315
62.718159
63.558285
64.418694
65.299385
66.200356
67.121613
68.063148
69.024971
70.007072
71.009453
72.032120
73.075066
74.135674
75.198105
76.259743
77.320595
78.380646
79.439896
80.498352
81.556023
82.612892
83.668968
84.724251
85.778732
86.832420
87.885323
88.937424
89.988731
91.039238
92.088959
93.137878
94.186005
95.233337
96.279419
97.314201
98.333595
99.337578
100.326172
101.299355
102.257141
103.199532
104.126518
105.038109
105.934296
106.815079
107.680466
108.530457
109.365051
110.184235
110.988022
111.776413
112.549400
113.306984
114.049179
114.775963
115.497147
116.222519
116.952087
117.685844
118.423790
119.165932
119.912262
120.662781
121.417496
122.176399
122.939499
123.706787
124.478264
125.253937
126.033806
126.817856
127.606102
128.398529
129.195160
129.995987
130.800995
131.610199
132.423599
133.241165
134.062943
134.888916
135.719086
136.553421
137.391968
138.234695
139.081619
139.932739
140.788040
141.647537
142.511230
143.379105
144.251175
145.127441
146.007889
146.892548
147.781387
148.674408
149.571640
150.473038
151.378632
152.288437
153.202408
154.120590
155.042953
155.969513
156.900269
157.835205
158.774338
159.717667
160.665176
161.616898
162.572784
163.532867
164.497162
165.465637
166.438293
167.415146
168.396210
169.381424
170.370850
171.364487
172.362274
173.364288
174.370483
175.380859
176.395447
177.414215
178.437164
179.464310
180.495667
181.531219
182.570938
183.614838
184.662949
185.715240
186.771744
187.832413
188.897293
189.966370
191.039612
192.117050
193.198685
194.284515
195.374542
196.468765
197.567139
198.669754
199.776535
200.887512
202.002701
203.122055
204.245605
205.373322
206.505264
207.641388
208.781708
209.926208
211.074921
212.227814
213.384888
214.546158
215.711624
216.881287
218.055130
219.233170
220.415390
221.601822
222.792435
223.987228
225.186218
226.389420
227.596786
228.808365
230.024124
231.244064
232.468216
233.696548
234.929077
236.165771
237.406708
238.651794
239.901077
241.154572
242.412231
243.674103
244.940155
246.210403
247.484833
248.763474
250.046280
251.333298
252.624512
253.919922
0.000000
0.000000
0.000000
0.000000
0.000000
0.156277
1.998547
3.805500
5.577134
7.313448
9.014444
10.680121
12.310481
13.905521
15.465242
16.989647
18.478729
19.932495
21.350943
22.734076
24.081882
25.394373
26.671545
27.913403
29.119934
30.291155
31.427052
32.527630
33.592896
34.622837
35.617458
36.576763
37.500751
38.389423
39.242767
40.060802
40.843506
41.590904
42.302986
43.002472
43.712128
44.431946
45.161930
45.902073
46.652378
47.412842
48.183472
48.964260
49.755211
50.556324
51.367596
52.189037
53.020634
53.862392
54.714314
55.576397
56.448639
57.331047
58.223560
59.125095
60.035202
60.953873
61.881115
62.816929
63.761307
64.714256
65.675774
66.645874
67.624519
68.611748
69.607544
70.611908
71.624847
72.646347
73.676422
74.715065
75.762276
76.818054
77.881126
78.943825
80.004875
81.064262
82.122002
83.178085
84.232521
85.285301
86.336418
87.385902
88.433716
89.479889
90.524406
91.567268
92.608475
93.648026
94.685936
95.722183
96.756775
97.789719
98.819786
99.844002
100.862236
101.874481
102.880730
103.880997
104.875275
105.863564
106.845863
107.822182
108.792503
109.756836
110.715187
111.667542
112.613922
113.554298
114.488693
115.417107
116.339523
117.255959
118.168030
119.077377
119.984009
120.887917
121.789093
122.687561
123.583298
124.476311
125.366608
126.254166
127.139023
128.021133
128.900543
129.777222
130.651169
131.522400
132.390915
133.256699
134.119766
134.980103
135.837708
136.692596
137.544769
138.394226
139.240952
140.084961
140.926224
141.764786
142.600616
143.433731
144.264114
145.091782
145.916718
146.738937
147.558426
148.375198
149.189255
150.000565
150.809174
151.615051
152.418213
153.218643
154.016357
154.811356
155.603622
156.393158
157.179977
157.964081
158.745453
159.524109
160.300018
161.073242
161.843719
162.611465
163.376526
164.138824
164.898407
165.655273
166.409424
167.160843
167.909546
168.655533
169.398773
170.139313
170.877106
171.612198
172.344559
173.074173
173.801102
174.525299
175.246765
175.965500
176.681534
177.394836
178.105408
178.813263
179.518402
180.220810
180.920502
181.617462
182.311691
183.003204
183.691986
184.378082
185.061417
185.742050
186.419937
187.095123
187.767593
188.437317
189.104324
189.768616
190.430191
191.089005
191.745132
192.398544
193.049210
193.697159
194.342377
194.984879
195.624664
196.261719
196.896057
197.527664
198.156570
198.782715
199.406158
200.026886
200.644882
201.260147
201.872711
202.482529
203.089645
203.694031
204.295670
204.894608
205.490829
206.084320
206.675110
207.263138
207.848450
208.431046
209.010925
209.588089
210.162506
210.734222
211.303192
211.869461
212.432999
212.993820
213.551910
214.107285
214.659943
215.209839
215.757050
216.301514
216.843277
217.382309
0.000000
0.275696
1.844078
3.390052
4.913619
6.414777
7.893529
9.349873
10.783808
12.195336
13.584457
14.951170
16.295473
17.617371
18.916861
20.193943
21.448618
22.680882
23.890743
25.078192
26.243237
27.385872
28.506102
29.603918
30.679329
31.732336
32.762932
33.771122
34.756901
35.720276
36.661247
37.579800
38.475952
39.349701
40.201035
41.029961
41.836479
42.620590
43.382298
44.121593
44.838482
45.532967
46.223385
46.928097
47.647102
48.380402
49.127991
49.889870
50.666046
51.456509
52.261265
53.080311
53.913647
54.761280
55.623196
56.499413
57.389915
58.294712
59.213799
60.147545
61.098164
62.066029
63.051128
64.053474
65.073059
66.109886
67.163948
68.235260
69.323807
70.429596
71.552620
72.692894
73.850410
75.025162
76.217163
77.426392
78.652870
79.878288
81.084366
82.271095
83.438477
84.586510
85.715195
86.824539
87.914528
88.985176
90.036476
91.068420
92.081024
93.074280
94.048187
95.002754
95.937965
96.853828
97.753342
98.654488
99.560249
100.470627
101.385643
102.305267
103.229515
104.158394
105.091888
106.030006
106.972748
107.920105
108.872093
109.828697
110.789925
111.755783
112.726250
113.701347
114.676308
115.646400
116.611618
117.571945
118.527405
119.477982
120.423683
121.364517
122.300468
123.231537
124.157730
125.079041
125.995483
126.907043
127.813728
128.715546
129.612473
130.504517
131.391693
132.273987
133.151413
134.023941
134.891617
135.754410
136.612320
137.465347
138.313507
139.156784
139.995193
140.828705
141.657364
142.481140
143.300018
144.114044
144.923172
145.727432
146.526825
147.321335
148.110962
148.895706
149.675583
150.450592
151.220703
151.985947
152.746307
153.501785
154.252411
154.998138
155.738983
156.474960
157.206070
157.932297
158.653641
159.370102
160.081696
160.788422
161.490250
162.187210
162.879288
163.566498
164.248825
164.926270
165.598846
166.266541
166.929352
167.587296
168.240372
168.888550
169.531860
170.170288
170.803848
171.432510
172.056320
172.675247
173.289276
173.898453
174.502747
175.102158
175.696686
176.286346
176.871124
177.451035
178.026077
178.596207
179.161484
179.721878
180.277405
180.828033
181.373795
181.914673
182.450684
182.981827
183.508072
184.029449
184.545944
185.057571
185.564316
186.066177
186.563187
187.055283
187.542526
188.024872
188.502350
188.974960
189.442673
189.905533
190.363495
190.816574
191.264801
191.708130
192.146606
192.580185
193.008896
193.432724
193.851669
194.265747
194.674957
195.079269
195.478714
195.873276
196.262970
196.647781
197.027695
197.402756
197.772949
198.138245
198.498657
198.854218
199.204880
199.550674
199.891586
200.227615
200.558777
200.885071
201.206467
201.522995
201.834641
202.141403
202.443314
202.740326
203.032471
203.319733
203.602112
203.879623
