0.992625
0.003688
0.003688
0.003688
0.992625
0.003688
0.003688
0.003688
0.992625
0.000000
1.063864
2.125558
3.185084
4.242441
5.297628
6.350646
7.401495
8.450175
9.496688
10.541030
11.583203
12.623207
13.661043
14.696708
15.730205
16.761536
17.790693
18.817684
19.842505
20.865156
21.885639
22.903952
23.920099
24.934072
25.945881
26.955519
27.962984
28.968287
29.971416
30.972380
31.971169
32.967800
33.962250
34.954533
35.944653
36.932602
37.918381
38.901989
39.883427
40.862701
41.839802
42.814735
43.787498
44.758095
45.726521
46.692776
47.656868
48.618782
49.578533
50.536114
51.491531
52.444771
53.395840
54.344749
55.291481
56.236053
57.178452
58.118683
59.056740
59.992630
60.926353
61.857903
62.787285
63.714500
64.639549
65.562424
66.483131
67.401672
68.318855
69.235481
70.151573
71.067108
71.982109
72.896553
73.810448
74.723801
75.636604
76.548866
77.460579
78.371742
79.282356
80.192429
81.101952
82.010933
82.919365
83.827248
84.734589
85.641380
86.547623
87.453308
88.358467
89.263062
90.167122
91.070633
91.973595
92.876007
93.777870
94.679199
95.579971
96.480194
97.379883
98.279022
99.177605
100.075638
100.973137
101.870087
102.766487
103.662338
104.557640
105.452400
106.346611
107.240280
108.133400
109.026161
109.919067
110.812134
111.705353
112.598732
113.492271
114.385971
115.279816
116.173836
117.068001
117.962326
118.856819
119.751457
120.646263
121.541222
122.436340
123.331612
124.227043
125.122635
126.018387
126.914291
127.810364
128.706589
129.602966
130.499496
131.396210
132.293060
133.190079
134.087234
134.984558
135.882065
136.779709
137.677505
138.575470
139.473587
140.371872
141.270309
142.168884
143.067642
143.966553
144.865616
145.764847
146.664230
147.563782
148.463470
149.363785
150.267380
151.174713
152.085770
153.000565
153.919098
154.841370
155.767380
156.697113
157.630585
158.567795
159.508759
160.453430
161.401840
162.353989
163.309891
164.269501
165.232864
166.199951
167.170776
168.145355
169.123657
170.105682
171.091461
172.080963
173.074203
174.071182
175.071884
176.076340
177.084518
178.096436
179.112076
180.131485
181.154602
182.181458
183.212051
184.246384
185.284439
186.326233
187.371780
188.421051
189.474045
190.530807
191.591263
192.655487
193.723404
194.794128
195.867325
196.942993
198.021103
199.101685
200.184738
201.270248
202.358215
203.448654
204.541550
205.636917
206.734741
207.835037
208.937775
210.042999
211.150665
212.260818
213.373428
214.488495
215.606018
216.726028
217.848480
218.973404
220.100800
221.230652
222.362961
223.497742
224.634979
225.774673
226.916840
228.061478
229.208572
230.358139
231.510147
232.664642
233.821579
234.981003
236.142868
237.307205
238.473999
239.643280
240.815002
241.989197
243.165848
244.344955
245.589661
246.963165
248.465393
250.096390
251.856155
253.744675
0.000000
1.240422
2.475999
3.706730
4.932614
6.153653
7.369845
8.581191
9.787691
10.989347
12.186154
13.378116
14.565233
15.747503
16.924927
18.097504
19.265240
20.428123
21.586163
22.739359
23.887707
25.031208
26.169867
27.303675
28.432638
29.556753
30.676029
31.790453
32.900032
34.004768
35.104656
36.199696
37.289894
38.375248
39.455750
40.531403
41.602219
42.668182
43.729301
44.785580
45.837006
46.883583
47.925316
48.962212
49.994251
51.021446
52.043804
53.061306
54.073963
55.081779
56.084747
57.082867
58.076145
59.064575
60.048157
61.026890
62.000786
62.969830
63.934025
64.895508
65.856445
66.816826
67.776634
68.735886
69.694580
70.652718
71.610291
72.567299
73.523750
74.479645
75.434975
76.389740
77.343956
78.297600
79.250694
80.203224
81.155190
82.106598
83.057442
84.007721
84.957451
85.906616
86.855225
87.803268
88.750755
89.697678
90.644043
91.589844
92.535080
93.479767
94.423882
95.367447
96.310448
97.252884
98.194763
99.136086
100.076843
101.017044
101.956673
102.895760
103.834274
104.772232
105.709625
106.646461
107.582893
108.522194
109.465714
110.413445
111.365395
112.321571
113.281967
114.246574
115.215401
116.188454
117.165718
118.147202
119.132912
120.122833
121.116974
122.115334
123.117912
124.124718
125.135727
126.150963
127.170418
128.194092
129.221970
130.254089
131.290421
132.330963
133.375732
134.424713
135.477921
136.535339
137.596985
138.662842
139.732910
140.807220
141.885727
142.968475
144.055420
145.146591
146.241974
147.341599
148.445419
149.553452
150.665726
151.782211
152.902908
154.027832
155.155792
156.279709
157.398361
158.511780
159.619965
160.722916
161.820618
162.913101
164.000320
165.082321
166.159058
167.230591
168.296860
169.357895
170.413712
171.464264
172.509583
173.549667
174.584518
175.614120
176.638504
177.657623
178.671524
179.680161
180.683594
181.681763
182.674713
183.662415
184.644882
185.622086
186.594086
187.560822
188.522324
189.478592
190.429626
191.375427
192.315979
193.251297
194.181381
195.106201
196.025803
196.940170
197.849289
198.753174
199.651810
200.545212
201.435593
202.328293
203.223557
204.121384
205.021790
205.924774
206.830322
207.738434
208.649124
209.562408
210.478226
211.396637
212.317627
213.241165
214.167297
215.095978
216.027252
216.961090
217.897491
218.836472
219.778030
220.722168
221.668854
222.618103
223.569962
224.524353
225.481339
226.440903
227.403030
228.367722
229.334991
230.304825
231.277237
232.252213
233.229767
234.209885
235.192596
236.177856
237.165695
238.156113
239.149094
240.144653
241.142761
242.143463
243.146729
244.152588
245.132889
246.059586
246.932663
247.752136
248.517990
249.230225
249.888840
250.493835
251.045212
251.542984
251.987137
252.377670
252.714569
252.997879
0.000000
0.090084
1.640811
3.176353
4.696711
6.201884
7.691872
9.166677
10.626298
12.070735
13.499987
14.914052
16.312939
17.696634
19.065149
20.418482
21.756626
23.079590
24.387365
25.679960
26.957369
28.219593
29.466633
30.698488
31.915163
33.116650
34.302952
35.474072
36.630005
37.770756
38.896320
40.006702
41.101902
42.181911
43.246746
44.296387
45.330845
46.350121
47.354214
48.351925
49.352093
50.354710
51.359764
52.367271
53.377220
54.389618
55.404453
56.421745
57.441471
58.463650
59.488274
60.515339
61.544857
62.576817
63.611221
64.648071
65.687363
66.729111
67.773293
68.819931
69.869011
70.920525
71.974503
73.030914
74.089775
75.151077
76.214828
77.281029
78.349670
79.420753
80.494286
81.570267
82.648697
83.729568
84.812881
85.898636
86.986847
88.077492
89.170601
90.266129
91.364128
92.463707
93.562782
94.661263
95.759155
96.856453
97.953148
99.049248
100.144760
101.239670
102.333992
103.427704
104.520828
105.613365
106.705299
107.796646
108.887383
109.977539
111.067093
112.156044
113.244408
114.332176
115.419357
116.505936
117.591919
118.677299
119.762093
120.846298
121.929893
123.012901
124.095314
125.177139
126.258354
127.338982
128.419022
129.498444
130.577286
131.655533
132.733185
133.810242
134.886703
135.962555
137.037827
138.111954
139.181686
140.246475
141.306335
142.361252
143.411224
144.456238
145.496338
146.531494
147.561691
148.586975
149.607285
150.622665
151.633133
152.638626
153.639191
154.634827
155.625519
156.611252
157.592056
158.567917
159.538849
160.504837
161.465881
162.421982
163.373138
164.319351
165.260635
166.196991
167.128372
168.054840
168.976349
169.892929
170.804581
171.711273
172.613037
173.509842
174.401733
175.288666
176.170639
177.047699
177.919830
178.787201
179.654678
180.524216
181.395798
182.269424
183.145111
184.022858
184.902649
185.784500
186.668396
187.554352
188.442368
189.332413
190.224533
191.118683
192.014893
192.913177
193.813492
194.715866
195.620300
196.526764
197.435303
198.345886
199.258530
200.173218
201.089951
202.008743
202.929596
203.852493
204.777451
205.704453
206.633514
207.564621
208.497787
209.432999
210.370270
211.309601
212.250977
213.194397
214.139877
215.087418
216.037003
216.988632
217.936234
218.873642
219.800888
220.717987
221.624908
222.521652
223.408234
224.284653
225.150909
226.007004
226.852936
227.688690
228.514282
229.329697
230.134964
230.930069
231.714981
232.489761
233.254364
234.008789
234.753067
235.487152
236.211090
236.924850
237.628479
238.321899
239.005173
239.678284
240.341217
240.994003
241.636597
242.269058
242.891327
243.503448
244.105392
244.697174
245.278778
245.850250
246.411514
246.962646
247.503601
248.034378
248.554993
249.065445
249.565750
250.055878
250.535828
251.005630
