0.999162
0.000419
0.000419
0.000419
0.999162
0.000419
0.000419
0.000419
0.999162
0.000000
1.477375
2.901078
4.271110
5.587471
6.850160
8.059177
9.214525
10.316201
11.364205
12.358538
13.326347
14.294797
15.263882
16.233603
17.203959
18.174950
19.146576
20.118837
21.091734
22.065266
23.039433
24.014236
24.989674
25.965748
26.942455
27.919800
28.897778
29.876392
30.855642
31.835526
32.816048
33.797203
34.778996
35.761421
36.744480
37.728176
38.712509
39.697472
40.683079
41.669315
42.656185
43.643692
44.631836
45.620613
46.610027
47.600079
48.590763
49.582088
50.574039
51.567280
52.562454
53.559570
54.558617
55.559601
56.562519
57.567375
58.574169
59.582897
60.593563
61.606163
62.620693
63.637169
64.655579
65.675919
66.698204
67.722412
68.748566
69.776649
70.806679
71.838631
72.872528
73.908363
74.946129
75.985832
77.027466
78.071045
79.116547
80.163994
81.213379
82.264702
83.317955
84.373146
85.430267
86.489334
87.550323
88.613266
89.678139
90.744934
91.811745
92.876633
93.939583
95.000618
96.059731
97.116905
98.172165
99.225487
100.276894
101.326363
102.373917
103.419540
104.463234
105.505013
106.544853
107.582779
108.618767
109.652840
110.684975
111.715195
112.743477
113.769836
114.794281
115.816788
116.837379
117.856033
118.872765
119.887581
120.900452
121.911415
122.920441
123.927536
124.932724
125.935966
126.937294
127.936691
128.934158
129.929718
130.923325
131.916840
132.912064
133.909027
134.907684
135.908066
136.910172
137.914001
138.919525
139.926773
140.935745
141.946426
142.958847
143.972961
144.988800
146.006363
147.025635
148.046616
149.069336
150.093750
151.119904
152.147751
153.177338
154.208633
155.241638
156.276367
157.312820
158.350967
159.390854
160.432449
161.475769
162.520813
163.567535
164.616013
165.666199
166.718094
167.771713
168.827042
169.884094
170.942871
172.002823
173.063400
174.124603
175.186432
176.248901
177.312012
178.375748
179.440094
180.505081
181.570724
182.636978
183.703857
184.771378
185.839539
186.908310
187.977722
189.047775
190.118454
191.189743
192.261688
193.334244
194.407455
195.481293
196.555740
197.630844
198.706573
199.782928
200.859909
201.937531
203.015778
204.094666
205.174179
206.254333
207.335098
208.416504
209.498535
210.581223
211.664505
212.748459
213.833008
214.918198
216.004028
217.090500
218.177582
219.265305
220.353653
221.442627
222.532242
223.622498
224.713379
225.804886
226.897018
227.989792
229.083191
230.177231
231.271881
232.367188
233.463120
234.559677
235.656860
236.754684
237.853134
238.952209
240.051941
241.152283
242.253265
243.354874
244.457123
245.559967
246.663498
247.767624
248.872391
249.977783
251.083801
252.190460
253.297745
254.405685
255.000000
255.000000
255.000000
255.000000
255.000000
255.000000
255.000000
255.000000
255.000000
255.000000
255.000000
255.000000
0.000000
0.936716
1.875627
2.816733
3.760034
4.705530
5.653221
6.603106
7.555187
8.509463
9.465932
10.424597
11.384213
12.343538
13.302568
14.261307
15.219750
16.177904
17.135761
18.093330
19.050604
20.007584
20.964273
21.920666
22.876772
23.832581
24.788099
25.743322
26.698254
27.652891
28.607239
29.561289
30.515051
31.468519
32.421692
33.374573
34.327164
35.279457
36.231464
37.183174
38.134590
39.085888
40.038086
40.991364
41.945717
42.901146
43.857651
44.815228
45.773884
46.733616
47.694420
48.656307
49.619267
50.583302
51.548405
52.514595
53.481857
54.450195
55.419609
56.390099
57.361660
58.334305
59.308022
60.282814
61.258686
62.235630
63.213646
64.192741
65.172920
66.154160
67.136482
68.119072
69.101128
70.082657
71.063644
72.044098
73.024017
74.003403
74.982246
75.960556
76.938332
77.915581
78.892281
79.868454
80.844093
81.819191
82.793755
83.767792
84.741287
85.714249
86.686668
87.658562
88.629921
89.600739
90.571022
91.540764
92.509987
93.478661
94.446808
95.414413
96.381546
97.348518
98.315392
99.282158
100.248833
101.215401
102.181870
103.148239
104.114502
105.080673
106.046738
107.012711
107.978569
108.944336
109.909996
110.875557
111.841026
112.806389
113.771637
114.736801
115.701859
116.666817
117.631676
118.596436
119.561089
120.525642
121.490097
122.454445
123.418709
124.382858
125.347382
126.312721
127.278885
128.245865
129.213684
130.182327
131.151764
132.122055
133.093170
134.065109
135.037857
136.011444
136.985840
137.961060
138.937134
139.914001
140.891693
141.870239
142.849579
143.829758
144.810745
145.792572
146.775223
147.758682
148.742981
149.728104
150.714050
151.700806
152.688400
153.676819
154.666061
155.656128
156.647018
157.638733
158.631271
159.624634
160.618805
161.613831
162.609665
163.606323
164.603790
165.602112
166.601242
167.601196
168.601974
169.603561
170.606003
171.609253
172.613342
173.618225
174.623947
175.630493
176.637863
177.646072
178.655090
179.664932
180.675613
181.687103
182.699432
183.712555
184.726532
185.741318
186.756943
187.773376
188.790634
189.808716
190.827652
191.847351
192.867920
193.889313
194.911514
195.934555
196.958420
197.983093
199.008606
200.034912
201.062073
202.090057
203.118866
204.148483
205.178925
206.210220
207.242310
208.275223
209.308975
210.343552
211.378952
212.415161
213.452209
214.490067
215.528763
216.568283
217.608627
218.649780
219.691772
220.734589
221.778229
222.822693
223.867981
224.914093
225.961014
227.008789
228.057358
229.106766
230.156998
231.208054
232.259918
233.312637
234.366165
235.420517
236.475693
237.531693
238.588531
239.646179
240.704651
241.763947
242.824051
243.885025
244.946777
246.009369
247.072769
248.137024
249.202087
250.267975
251.334686
252.402237
0.000000
0.909311
2.191441
3.345755
4.372252
5.270935
6.106336
6.943001
7.780927
8.620114
9.460562
10.302271
11.145241
11.989470
12.834963
13.681715
14.529729
15.379003
16.229538
17.081333
17.934391
18.788708
19.644285
20.501125
21.359228
22.218590
23.079212
23.942171
24.813927
25.695555
26.587053
27.488426
28.399668
29.320787
30.251772
31.192635
32.143364
33.103973
34.074448
35.054798
36.045017
37.045113
38.055077
39.074913
40.104622
41.144207
42.193657
43.252983
44.322182
45.391140
46.449749
47.498001
48.535908
49.563461
50.580666
51.587517
52.584019
53.570164
54.545959
55.511406
56.466503
57.411243
58.345638
59.269676
60.183369
61.086704
61.979691
62.862328
63.734612
64.596542
65.450340
66.309288
67.175591
68.049271
68.930305
69.818718
70.714478
71.617615
72.528107
73.445969
74.371201
75.303787
76.243744
77.191063
78.145744
79.107796
80.077209
81.053986
82.038132
83.029633
84.028511
85.034737
86.041580
87.042259
88.036774
89.025139
90.007355
90.983398
91.953285
92.917023
93.874603
94.826019
95.771271
96.710373
97.643318
98.570099
99.490723
100.405190
101.313499
102.215652
103.111649
104.001480
104.885162
105.762688
106.634041
107.499252
108.358299
109.211189
110.057915
110.898483
111.732895
112.561157
113.383255
114.199196
115.008972
115.812592
116.610062
117.401375
118.186516
118.965508
119.738350
120.505013
121.265541
122.019897
122.768097
123.510139
124.246025
124.975746
125.699326
126.416740
127.127983
127.833076
128.532028
129.224808
129.911407
130.591873
131.266174
131.934326
132.596313
133.252151
133.901825
134.545334
135.182709
135.813889
136.438934
137.057831
137.670532
138.277100
138.877518
139.471756
140.059860
140.641800
141.217575
141.787186
142.350647
142.907944
143.459076
144.004074
144.542908
145.075577
145.602097
146.122437
146.636642
147.144669
147.646545
148.142288
148.631851
149.115250
149.592499
150.063583
150.528519
150.987305
151.439896
151.886368
152.326645
152.760803
153.188782
153.610611
154.026291
154.435776
154.839142
155.236343
155.627365
156.012238
156.390976
156.763535
157.129929
157.490173
157.844254
158.192200
158.533966
158.869568
159.199020
159.522324
159.839462
160.150452
160.455261
160.753937
161.046432
161.332794
161.612991
161.886993
162.154877
162.416595
162.672165
162.921555
163.164810
163.401886
163.632812
163.857574
164.076187
164.288635
164.494934
164.695084
164.889053
165.076889
165.258530
165.434036
165.603378
165.766556
165.923599
166.074463
166.219193
166.357742
166.490128
166.616379
166.736450
166.850388
166.958145
167.059769
167.155212
167.244507
167.327637
167.404602
167.475418
167.540085
167.598587
167.650925
167.697098
167.737137
167.770996
167.798721
167.820282
167.835663
167.844894
167.847977
