0.959143
0.020429
0.020429
0.020429
0.959143
0.020429
0.020429
0.020429
0.959143
0.000000
0.000000
0.000000
1.472950
3.131420
4.758486
6.354146
7.918403
9.451255
10.952702
12.422744
13.861381
15.268614
16.644442
17.988865
19.301884
20.583500
21.833706
23.052511
24.239912
25.395905
26.520496
27.613680
28.675461
29.705837
30.704807
31.672377
32.608536
33.513294
34.386646
35.228592
36.039135
36.836159
37.637539
38.443287
39.253391
40.067860
40.886688
41.709885
42.537434
43.369350
44.205627
45.046265
45.891266
46.740627
47.594353
48.452438
49.314884
50.181694
51.052864
51.928398
52.808289
53.692547
54.581165
55.474144
56.371487
57.273186
58.179253
59.089680
60.004463
60.923618
61.847126
62.775002
63.707237
64.643837
65.584793
66.530113
67.479797
68.433838
69.392242
70.355011
71.322144
72.293633
73.269478
74.249695
75.234276
76.223213
77.216507
78.214165
79.216187
80.222572
81.233315
82.248428
83.267899
84.291725
85.319237
86.346336
87.372330
88.397224
89.421021
90.443718
91.465317
92.485817
93.505219
94.523514
95.540710
96.556816
97.571815
98.585716
99.598526
100.610229
101.620834
102.630333
103.638741
104.646049
105.652260
106.657364
107.661369
108.664284
109.666100
110.666801
111.666420
112.664932
113.662346
114.658669
115.653877
116.647995
117.641006
118.632935
119.623741
120.613464
121.602081
122.589600
123.576027
124.561340
125.545570
126.528687
127.510712
128.491638
129.471451
130.450195
131.427826
132.404343
133.379776
134.354095
135.327332
136.299469
137.270493
138.240433
139.209213
140.176819
141.143234
142.108475
143.072510
144.035355
144.997040
145.957520
146.916824
147.874939
148.831879
149.787613
150.742172
151.695541
152.647720
153.598724
154.548523
155.497162
156.444595
157.390839
158.335907
159.279785
160.222473
161.163986
162.104324
163.043442
163.981400
164.918152
165.853745
166.788132
167.721329
168.653351
169.584183
170.513840
171.442307
172.369568
173.295654
174.220566
175.144272
176.066803
176.988144
177.908310
178.827286
179.745071
180.661667
181.577087
182.491318
183.404343
184.316208
185.226868
186.136353
187.044662
187.951767
188.858261
189.767426
190.679840
191.595490
192.514404
193.436554
194.361938
195.290604
196.222473
197.157608
198.095993
199.037613
199.982483
200.930588
201.881958
202.836548
203.794403
204.755493
205.719833
206.687424
207.658249
208.632324
209.609650
210.590195
211.574020
212.561081
213.551361
214.544922
215.541718
216.541748
217.545029
218.551559
219.561340
220.574371
221.590607
222.610123
223.632874
224.658875
225.688126
226.720612
227.756348
228.795334
229.837555
230.883026
231.931747
232.983704
234.038910
235.097366
236.159058
237.223999
238.292191
239.363632
240.438293
241.516220
242.616241
243.757141
244.938950
246.161652
247.425278
248.729797
250.075226
251.461548
252.888794
254.356934
0.000000
0.000000
0.000000
0.329123
1.931884
3.502058
5.039646
6.544646
8.017060
9.456888
10.864127
12.238779
13.580847
14.890325
16.167217
17.411524
18.623241
19.802376
20.948921
22.062878
23.144247
24.193031
25.209227
26.192839
27.143862
28.062296
28.965832
29.872168
30.781298
31.693220
32.607941
33.525452
34.445759
35.368862
36.294758
37.223454
38.154938
39.089218
40.026295
40.966164
41.908833
42.854290
43.802544
44.753597
45.707436
46.664074
47.623505
48.585735
49.550762
50.518578
51.489185
52.462593
53.438797
54.417793
55.399578
56.384163
57.371544
58.361717
59.354683
60.350449
61.349007
62.350361
63.354507
64.361450
65.371193
66.383713
67.399040
68.417168
69.438080
70.461792
71.488297
72.517586
73.549690
74.584572
75.622269
76.662743
77.706009
78.752075
79.800934
80.852592
81.907036
82.963066
84.017670
85.070717
86.122215
87.172150
88.220528
89.267357
90.312630
91.356346
92.398506
93.439117
94.478165
95.515663
96.551605
97.585991
98.618828
99.650101
100.679825
101.707985
102.734604
103.759659
104.783157
105.805099
106.825493
107.844330
108.861603
109.877335
110.891502
111.904114
112.915184
113.924683
114.932640
115.939026
116.943878
117.947159
118.948883
119.949059
120.947678
121.944740
122.940254
123.934212
124.926605
125.917442
126.906738
127.894478
128.880646
129.865265
130.848343
131.829849
132.809814
133.788208
134.765060
135.740356
136.714096
137.686279
138.657089
139.627625
140.598114
141.568512
142.538864
143.509125
144.479309
145.449432
146.419479
147.389435
148.359329
149.329163
150.298920
151.268585
152.238190
153.207733
154.177185
155.146576
156.115891
157.085129
158.054291
159.023376
159.992401
160.961349
161.930222
162.899033
163.867752
164.836411
165.804993
166.773514
167.741959
168.710312
169.678604
170.646835
171.614975
172.583038
173.551041
174.518967
175.486816
176.454590
177.422318
178.389938
179.357498
180.324997
181.292404
182.259766
183.227020
184.194214
185.161346
186.128387
187.095367
188.062271
189.029114
189.995865
190.962555
191.929138
192.895828
193.862625
194.829514
195.796524
196.763641
197.730850
198.698196
199.665649
200.633194
201.600876
202.568649
203.536530
204.504547
205.472641
206.440857
207.409180
208.377625
209.346176
210.314819
211.283600
212.252472
213.221466
214.190567
215.159775
216.129089
217.098526
218.068069
219.037704
220.007462
220.977341
221.947327
222.917404
223.887604
224.857925
225.828323
226.798874
227.769501
228.740250
229.711105
230.682098
231.653168
232.624359
233.595657
234.567062
235.538589
236.510223
237.481964
238.453796
239.425781
240.397842
241.370026
242.342316
243.314713
244.287231
245.259842
246.245468
247.257004
248.294449
249.357803
250.447052
251.562225
252.703278
253.870255
255.000000
0.000000
1.079907
2.950619
4.768824
6.534523
8.247715
9.908401
11.516581
13.072254
14.575421
16.026081
17.424234
18.769884
20.063026
21.303659
22.491791
23.627413
24.710529
25.741137
26.719242
27.644838
28.517929
29.366982
30.220459
31.078363
31.940695
32.807449
33.678635
34.554249
35.434284
36.318752
37.207642
38.100960
38.998707
39.900875
40.807472
41.718498
42.633949
43.553825
44.478134
45.406864
46.340019
47.277603
48.219616
49.166058
50.116917
51.072208
52.031929
52.996075
53.964645
54.937641
55.915070
56.896919
57.883198
58.873905
59.869034
60.868591
61.872578
62.880985
63.893829
64.911095
65.932785
66.958900
67.989449
69.024422
70.063820
71.107643
72.155891
73.208572
74.265678
75.327202
76.393166
77.463554
78.538368
79.617432
80.696739
81.774658
82.851204
83.926353
85.000122
86.072502
87.143509
88.213120
89.281357
90.348198
91.413658
92.477737
93.540428
94.601738
95.661659
96.720200
97.777359
98.833122
99.887512
100.940514
101.992126
103.042358
104.091209
105.138672
106.184753
107.229439
108.272751
109.314674
110.355217
111.394371
112.432144
113.468536
114.503540
115.537155
116.569382
117.600243
118.629692
119.657784
120.684471
121.709785
122.733711
123.756256
124.777412
125.797188
126.815567
127.832573
128.848206
129.862427
130.875290
131.886749
132.896820
133.905518
134.912750
135.918045
136.921295
137.922516
138.921722
139.918869
140.914032
141.907120
142.898209
143.887253
144.874283
145.859283
146.842239
147.823181
148.802078
149.778946
150.753815
151.726624
152.697418
153.666168
154.632919
155.597610
156.560287
157.520935
158.479553
159.436127
160.390701
161.343216
162.293732
163.242188
164.188644
165.133057
166.075439
167.015793
167.954117
168.890411
169.824677
170.756927
171.687134
172.615311
173.541458
174.465607
175.387695
176.307755
177.225784
178.141800
179.055786
179.967728
180.877655
181.785538
182.691406
183.595230
184.497040
185.397568
186.298706
187.200546
188.103073
189.006271
189.910172
190.814758
191.720032
192.625992
193.532639
194.439987
195.348022
196.256729
197.166153
198.076248
198.987030
199.898499
200.810669
201.723511
202.637039
203.551285
204.466187
205.381805
206.298096
207.215073
208.132736
209.051102
209.970154
210.889893
211.810318
212.731430
213.653229
214.575729
215.498901
216.422760
217.347336
218.272568
219.198502
220.125137
221.052444
221.980438
222.909134
223.838516
224.768585
225.699341
226.630783
227.562912
228.495743
229.429245
230.363449
231.298325
232.233902
233.170166
234.106598
235.042618
235.978271
236.913528
237.848419
238.782928
239.717041
240.650772
241.584122
242.517090
243.449661
244.381866
245.313675
246.245117
247.176178
248.106842
249.037109
249.967010
250.896545
251.825668
252.754410
253.682785
254.610764
