0.984594
0.007703
0.007703
0.007703
0.984594
0.007703
0.007703
0.007703
0.984594
0.000000
1.187719
2.355323
3.502811
4.630185
5.737443
6.824586
7.891613
8.938526
9.965324
10.981895
11.998137
13.014048
14.029626
15.044873
16.059788
17.074369
18.088619
19.102541
20.116127
21.129381
22.142305
23.154898
24.167156
25.179087
26.190680
27.201944
28.212875
29.223476
30.233744
31.243683
32.253288
33.262566
34.271503
35.280109
36.288387
37.296337
38.303951
39.311230
40.318184
41.324799
42.331085
43.337044
44.342667
45.347958
46.352913
47.357544
48.361835
49.365807
50.369438
51.372738
52.375706
53.378342
54.380650
55.382622
56.384262
57.385571
58.386528
59.386723
60.385975
61.384296
62.381683
63.378128
64.373642
65.368217
66.361855
67.354561
68.346329
69.337166
70.327065
71.316025
72.304054
73.291145
74.277298
75.262512
76.246803
77.230141
78.212555
79.194031
80.174568
81.154167
82.132835
83.110573
84.087357
85.063225
86.038147
87.012131
87.985184
88.957298
89.928474
90.898720
91.868019
92.836395
93.803833
94.770332
95.735893
96.700523
97.664223
98.626976
99.588799
100.549683
101.509628
102.468643
103.426720
104.383865
105.340446
106.298790
107.259262
108.221855
109.186592
110.153458
111.122452
112.093582
113.066849
114.042236
115.019760
115.999420
116.981209
117.965126
118.951180
119.939369
120.929688
121.922134
122.916718
123.913437
124.912277
125.913254
126.916367
127.921608
128.928986
129.938477
130.950119
131.963898
132.979797
133.997833
135.018005
136.040298
137.064728
138.091278
139.119995
140.150803
141.183762
142.218857
143.256088
144.295441
145.336914
146.380539
147.426285
148.474182
149.524185
150.576324
151.630600
152.687027
153.744751
154.801773
155.858017
156.913483
157.968155
159.022049
160.075150
161.127472
162.179001
163.229752
164.279724
165.328918
166.377304
167.424927
168.471756
169.517792
170.563065
171.607529
172.651215
173.694122
174.736237
175.777573
176.818130
177.857910
178.896881
179.935089
180.972488
182.009125
183.044968
184.080032
185.114304
186.147781
187.180496
188.212418
189.243561
190.273911
191.303467
192.332245
193.360260
194.387466
195.413895
196.439529
197.464386
198.488464
199.511749
200.534256
201.555969
202.576904
203.595551
204.610382
205.621399
206.628616
207.632019
208.631607
209.627396
210.619370
211.607529
212.591873
213.572433
214.549164
215.522095
216.491211
217.456512
218.418015
219.375702
220.329575
221.279648
222.225922
223.168365
224.107025
225.041840
225.972870
226.900085
227.823486
228.743088
229.658875
230.570847
231.479019
232.383392
233.283936
234.180679
235.073593
235.962738
236.848038
237.729553
238.607239
239.481110
240.351196
241.217468
242.079926
242.938568
243.793396
244.644424
245.491669
246.335068
247.174667
248.010452
248.842453
249.670624
250.494980
251.315536
252.132278
252.945206
0.000000
0.941175
1.898831
2.872967
3.863583
4.870679
5.894257
6.934314
7.990851
9.063869
10.153368
11.259347
12.372177
13.482232
14.589513
15.694017
16.795746
17.894701
18.990879
20.084282
21.174911
22.262762
23.347839
24.430140
25.509666
26.586416
27.660391
28.731592
29.800014
30.865664
31.928535
32.988636
34.045959
35.100506
36.152279
37.201275
38.247494
39.290939
40.331608
41.369507
42.404621
43.436966
44.466537
45.493332
46.517345
47.538593
48.557056
49.572746
50.585667
51.595810
52.603172
53.607761
54.609573
55.608612
56.604946
57.600166
58.594925
59.589222
60.583057
61.576427
62.569336
63.561779
64.553764
65.545280
66.536346
67.526939
68.517067
69.506737
70.495949
71.484680
72.472961
73.460785
74.448135
75.435028
76.421455
77.407425
78.392921
79.377968
80.362549
81.346657
82.330322
83.313507
84.296234
85.278496
86.260300
87.241631
88.222511
89.202919
90.182869
91.162361
92.141388
93.119949
94.098045
95.075684
96.052856
97.029572
98.005814
98.981720
99.957932
100.934578
101.911652
102.889153
103.867088
104.845451
105.824249
106.803467
107.783127
108.763206
109.743721
110.724663
111.706039
112.687843
113.670074
114.652740
115.635826
116.619354
117.603302
118.587685
119.572502
120.557739
121.543411
122.529518
123.516052
124.503006
125.490395
126.478218
127.466469
128.455154
129.444260
130.433807
131.423782
132.414169
133.404999
134.396271
135.387955
136.380081
137.372635
138.365601
139.359009
140.352859
141.347733
142.345108
143.345032
144.347519
145.352585
146.360199
147.370377
148.383133
149.398453
150.416321
151.436768
152.459763
153.485336
154.513458
155.544174
156.577423
157.613235
158.651627
159.692566
160.736084
161.782150
162.830811
163.882019
164.935776
165.992096
167.050995
168.112457
169.176483
170.243073
171.312210
172.383926
173.458206
174.535049
175.614441
176.696411
177.780960
178.868042
179.957703
181.049927
182.144714
183.242065
184.341965
185.444458
186.546570
187.645416
188.741028
189.833359
190.922409
192.008224
193.090759
194.170029
195.246033
196.318771
197.388229
198.454453
199.517395
200.577072
201.633484
202.686646
203.736526
204.783142
205.826492
206.866577
207.903412
208.936951
209.967270
210.994293
212.018051
213.038544
214.055786
215.069733
216.080444
217.087891
218.092056
219.092957
220.090607
221.084976
222.076096
223.063934
224.048523
225.029816
226.007889
226.982681
227.954193
228.922440
229.887421
230.849152
231.807617
232.762802
233.714737
234.663406
235.608810
236.550919
237.489807
238.425415
239.357742
240.286819
241.212616
242.135162
243.054443
243.970474
244.883209
245.792679
246.698898
247.601852
248.501541
249.397980
250.291107
251.181000
252.067642
252.951004
253.831085
254.707932
255.000000
255.000000
255.000000
0.000000
1.011202
2.032571
3.064107
4.105812
5.157684
6.219723
7.291930
8.368991
9.445588
10.521725
11.597399
12.672610
13.747361
14.821650
15.895476
16.968842
18.041746
19.114187
20.186167
21.257683
22.328737
23.399330
24.469463
25.539137
26.608341
27.677092
28.745375
29.813196
30.880560
31.947458
33.013893
34.079868
35.145382
36.210434
37.275024
38.339153
39.402817
40.466022
41.528763
42.591049
43.652866
44.714222
45.775116
46.835548
47.895523
48.954433
50.010803
51.064575
52.115738
53.164303
54.210262
55.253620
56.294373
57.332527
58.368076
59.401024
60.431370
61.459110
62.484245
63.506783
64.526711
65.544044
66.558769
67.570892
68.580414
69.587334
70.591644
71.593353
72.592468
73.588982
74.582886
75.574181
76.562881
77.548981
78.532471
79.513367
80.491653
81.467339
82.440422
83.410889
84.378777
85.344040
86.306717
87.267281
88.228714
89.191521
90.155685
91.121223
92.088127
93.056396
94.026039
94.997047
95.969421
96.943153
97.918266
98.894737
99.872589
100.851791
101.832367
102.814323
103.797630
104.782310
105.768349
106.755768
107.744545
108.734695
109.726212
110.719093
111.713341
112.708961
113.705940
114.704292
115.704018
116.705101
117.707550
118.711372
119.716560
120.723114
121.731041
122.740334
123.750984
124.763107
125.778816
126.798981
127.823608
128.852676
129.886215
130.924210
131.966660
133.013565
134.064926
135.120743
136.181015
137.245743
138.314957
139.388596
140.466705
141.549240
142.636261
143.727737
144.823669
145.924057
147.028900
148.138199
149.251968
150.370163
151.492844
152.619965
153.751556
154.887589
156.028091
157.173050
158.322464
159.476318
160.634644
161.797424
162.964661
164.136353
165.312515
166.493134
167.673676
168.849625
170.020966
171.187729
172.349884
173.507462
174.660431
175.808792
176.952576
178.091782
179.226364
180.356369
181.481766
182.602570
183.718796
184.830414
185.937439
187.039871
188.137711
189.230942
190.319595
191.403656
192.483109
193.557968
194.628235
195.693909
196.754990
197.811478
198.863358
199.910660
200.953354
201.991455
203.024979
204.053879
205.078217
206.097931
207.113068
208.123596
209.129562
210.130905
211.127640
212.119812
213.107376
214.090347
215.068710
216.042496
217.011688
217.976273
218.936279
219.891678
220.842484
221.788696
222.730316
223.667343
224.599777
225.527603
226.450836
227.369492
228.283524
229.192993
230.097855
230.998123
231.893784
232.784866
233.671356
234.553238
235.430527
236.303223
237.171326
238.034851
238.893753
239.748077
240.597794
241.442932
242.283463
243.119400
243.950760
244.777512
245.599670
246.417236
247.230209
248.038559
248.842361
249.641525
250.436111
251.226105
252.011505
252.792313
253.568542
254.340149
255.000000
255.000000
255.000000
255.000000
255.000000
