0.911897
0.044051
0.044051
0.044051
0.911897
0.044051
0.044051
0.044051
0.911897
0.000000
0.995342
2.001385
3.018126
4.045568
5.083709
6.126372
7.167379
8.206729
9.244425
10.280464
11.314847
12.347576
13.378647
14.408063
15.435822
16.461927
17.486376
18.509169
19.530302
20.549784
21.567608
22.583778
23.598288
24.611149
25.622351
26.631895
27.639784
28.646017
29.650595
30.653517
31.654781
32.654392
33.652348
34.648643
35.643288
36.636272
37.627602
38.617275
39.605293
40.591663
41.576370
42.559418
43.540813
44.520554
45.499001
46.478371
47.459019
48.440952
49.424171
50.408672
51.394459
52.381527
53.369877
54.359516
55.350433
56.342636
57.336124
58.330894
59.326946
60.324284
61.322903
62.322807
63.323997
64.326469
65.330223
66.335258
67.341583
68.349190
69.358070
70.368248
71.379700
72.392448
73.406464
74.421776
75.438370
76.456245
77.475395
78.495842
79.517555
80.540573
81.564865
82.590439
83.617294
84.645447
85.674698
86.704880
87.736000
88.768051
89.801041
90.834953
91.869812
92.905602
93.942329
94.979988
96.018570
97.058090
98.098557
99.139946
100.182281
101.225533
102.269730
103.314857
104.360924
105.407921
106.455849
107.504707
108.554504
109.605240
110.656898
111.709503
112.763039
113.817505
114.872910
115.929237
116.986511
118.044708
119.103851
120.163925
121.224922
122.286865
123.349739
124.413544
125.478279
126.543480
127.606194
128.665955
129.722763
130.776596
131.827484
132.875397
133.920380
134.962387
136.001450
137.037552
138.070679
139.100876
140.128098
141.152344
142.173660
143.192001
144.207397
145.219833
146.229294
147.235825
148.239380
149.239990
150.237625
151.232315
152.224045
153.212814
154.198608
155.181473
156.161377
157.138321
158.112289
159.083313
160.051376
161.016479
161.978638
162.937820
163.894058
164.847351
165.797653
166.746857
167.696762
168.647369
169.598663
170.550690
171.503403
172.456833
173.410965
174.365799
175.321350
176.277588
177.234543
178.192200
179.150558
180.109619
181.069397
182.029892
182.991074
183.952942
184.915558
185.878845
186.842865
187.807571
188.772995
189.739105
190.705933
191.673462
192.641708
193.610641
194.580292
195.550659
196.521713
197.493469
198.465942
199.439133
200.413010
201.387604
202.362885
203.338882
204.315598
205.292999
206.271118
207.249939
208.229462
209.209686
210.190628
211.172272
212.154617
213.137680
214.121429
215.105896
216.091064
217.076935
218.063522
219.050797
220.038788
221.027481
222.016891
223.006989
223.997803
224.989334
225.981552
226.974472
227.968094
228.962448
229.957489
230.953247
231.949707
232.946869
233.944717
234.943298
235.942566
236.942551
237.943237
238.944626
239.946732
240.949539
241.953049
242.957260
243.962173
244.967804
245.974152
246.981171
247.988922
248.997360
250.006516
251.016373
252.026947
253.038208
254.050171
255.000000
255.000000
0.000000
0.000000
1.070645
2.419339
3.721280
4.976470
6.184907
7.346592
8.461525
9.529706
10.574571
11.619561
12.664675
13.709913
14.755275
15.800760
16.846369
17.892103
18.937960
19.983940
21.030046
22.076273
23.122625
24.169102
25.215702
26.262424
27.309271
28.356241
29.403336
30.450556
31.497896
32.545361
33.592953
34.640667
35.688503
36.736462
37.784546
38.832752
39.881092
40.929546
41.978123
43.026825
44.075653
45.124599
46.173676
47.222874
48.272194
49.321644
50.371208
51.420666
52.469936
53.519024
54.567917
55.616627
56.665146
57.713482
58.761623
59.809582
60.857353
61.904934
62.952328
63.999531
65.046555
66.093376
67.140030
68.186478
69.232742
70.278824
71.324722
72.370422
73.415939
74.461258
75.506401
76.551361
77.596123
78.640701
79.685081
80.729294
81.773300
82.817123
83.860771
84.904221
85.947479
86.990555
88.033440
89.076141
90.118645
91.160683
92.200531
93.237930
94.272858
95.305313
96.335320
97.362854
98.387917
99.410522
100.430664
101.448334
102.463539
103.476280
104.486565
105.494377
106.499718
107.502609
108.503029
109.500977
110.496468
111.489494
112.480049
113.468140
114.453773
115.436935
116.417633
117.395874
118.371635
119.344940
120.315788
121.284157
122.250069
123.213509
124.174492
125.133003
126.089050
127.042633
127.993759
128.942398
129.890213
130.841034
131.795074
132.752335
133.712799
134.676483
135.643387
136.613495
137.586823
138.563370
139.543121
140.526093
141.512283
142.501694
143.494293
144.490128
145.489182
146.491440
147.496918
148.505600
149.517502
150.532639
151.550964
152.572510
153.597275
154.625259
155.656448
156.690857
157.728470
158.769318
159.813354
160.860626
161.911102
162.964798
164.021713
165.081833
166.145172
167.211731
168.281509
169.353027
170.424850
171.496994
172.569427
173.642166
174.715240
175.788589
176.862259
177.936218
179.010483
180.085052
181.159927
182.235123
183.310608
184.386398
185.462494
186.538910
187.615601
188.692612
189.769928
190.847549
191.925476
193.003708
194.082245
195.161087
196.240219
197.319672
198.399429
199.479477
200.559830
201.640518
202.721481
203.802765
204.884338
205.966217
207.048416
208.130905
209.213699
210.296799
211.380203
212.463928
213.547928
214.632263
215.716888
216.801804
217.887054
218.972580
220.058426
221.144577
222.231033
223.317780
224.404861
225.492218
226.579895
227.667862
228.756149
229.844727
230.933624
232.022812
233.112320
234.202118
235.292221
236.382645
237.473358
238.564377
239.655701
240.747330
241.839264
242.931519
244.024063
245.116913
246.210052
247.303528
248.397278
249.491364
250.585709
251.680405
252.775375
253.870651
254.966263
255.000000
255.000000
255.000000
255.000000
255.000000
255.000000
255.000000
255.000000
255.000000
255.000000
255.000000
0.000000
1.454517
2.754035
3.898553
4.965717
6.033173
7.100921
8.168962
9.237294
10.305917
11.374835
12.444042
13.513543
14.583336
15.653422
16.723799
17.794468
18.865429
19.936684
21.008224
22.080069
23.152195
24.224619
25.297333
26.370338
27.443636
28.517227
29.591110
30.665281
31.739750
32.814507
33.889561
34.964905
36.040539
37.116463
38.192680
39.269199
40.346001
41.423092
42.500488
43.578178
44.656525
45.735668
46.815609
47.896339
48.977867
50.060184
51.143303
52.227215
53.311920
54.397419
55.483711
56.570793
57.658676
58.747356
59.836826
60.927094
62.018150
63.110004
64.202652
65.296097
66.390335
67.485367
68.581200
69.677811
70.775230
71.873436
72.972443
74.072235
75.172836
76.274216
77.376404
78.479378
79.583153
80.687714
81.793076
82.899223
84.005707
85.109673
86.210655
87.308655
88.403671
89.495705
90.584755
91.670815
92.753906
93.834007
94.911118
95.985252
97.056396
98.124565
99.189758
100.251953
101.311165
102.367401
103.420662
104.470924
105.518211
106.562515
107.603836
108.642166
109.677521
110.709885
111.739273
112.765686
113.789101
114.809532
115.826988
116.841469
117.852951
118.861450
119.866966
120.869507
121.869064
122.866898
123.866096
124.866783
125.868988
126.872681
127.877884
128.884583
129.892792
130.902496
131.913712
132.926407
133.940628
134.956329
135.973541
136.992249
138.012466
139.034195
140.057419
141.082123
142.108353
143.136063
144.165298
145.196014
146.228256
147.261978
148.297211
149.333954
150.372177
151.411911
152.453140
153.495895
154.540131
155.585876
156.633102
157.681854
158.732101
159.783844
160.831329
161.868790
162.896225
163.913635
164.921036
165.918381
166.905746
167.883041
168.850357
169.807632
170.754868
171.692093
172.619293
173.536469
174.443619
175.340759
176.227859
177.104935
177.971985
178.829025
179.676041
180.513016
181.339981
182.156921
182.963837
183.760727
184.547607
185.324448
186.091263
186.848053
187.594818
188.331573
189.058304
189.775009
190.481674
191.178329
191.864960
192.541565
193.208145
193.864700
194.511246
195.147751
195.774231
196.390701
196.997147
197.593567
198.179947
198.756317
199.322647
199.878967
200.425278
200.961548
201.487793
202.004013
202.510223
203.006409
203.492554
203.968674
204.434784
204.890869
205.336929
205.772980
206.198975
206.614960
207.020920
207.416855
207.802780
208.178665
208.544540
208.900391
209.246201
209.582016
209.907776
210.223526
210.529251
210.824951
211.110626
211.386292
211.651917
211.907516
212.153107
212.388657
212.614197
212.829712
213.035202
213.230667
213.416092
213.591522
213.756912
213.912277
214.057617
214.192963
214.318237
214.433517
214.538773
214.633987
214.719193
214.794373
214.859528
214.914658
214.959763
214.994843
215.019913
215.034943
215.039963
