0.997947
0.001027
0.001027
0.001027
0.997947
0.001027
0.001027
0.001027
0.997947
0.000000
1.072642
2.142739
3.210290
4.275297
5.337759
6.397676
7.455048
8.509876
9.562158
10.611895
11.659087
12.703732
13.745835
14.785394
15.822405
16.856874
17.888796
18.918173
19.945005
20.969294
21.991037
23.010233
24.026886
25.040995
26.052555
27.061575
28.068048
29.071974
30.073357
31.072197
32.068489
33.062241
34.053444
35.042103
36.028210
37.011780
37.992809
38.971283
39.947220
40.920609
41.891449
42.859749
43.825504
44.788712
45.750919
46.713699
47.677036
48.640938
49.605400
50.570423
51.536007
52.502155
53.468861
54.436131
55.403957
56.372349
57.341301
58.310814
59.280888
60.251522
61.222717
62.194477
63.166798
64.139679
65.113113
66.087120
67.061691
68.036812
69.012497
69.988747
70.965553
71.942924
72.920853
73.899345
74.878403
75.858017
76.838203
77.818924
78.800232
79.782089
80.764511
81.747490
82.731049
83.715149
84.699814
85.685036
86.670830
87.657181
88.644089
89.631569
90.619598
91.608101
92.596848
93.585838
94.575073
95.564537
96.554237
97.544189
98.534370
99.524780
100.515434
101.506332
102.497467
103.488838
104.480446
105.472290
106.464371
107.456696
108.449257
109.442055
110.435089
111.428368
112.421875
113.415627
114.409622
115.403847
116.398308
117.393013
118.387955
119.383125
120.378540
121.374199
122.370094
123.366219
124.362587
125.359192
126.356041
127.353119
128.350433
129.348007
130.345810
131.343826
132.342102
133.340622
134.339355
135.338348
136.337570
137.337036
138.336716
139.336563
140.336578
141.336746
142.337082
143.337555
144.338196
145.338974
146.339920
147.341034
148.342285
149.343704
150.345276
151.347000
152.348892
153.350922
154.353119
155.355469
156.357971
157.360641
158.363449
159.366425
160.369553
161.372849
162.376297
163.379883
164.383636
165.387558
166.391617
167.395844
168.400208
169.404739
170.409439
171.414291
172.419296
173.424438
174.429764
175.435211
176.440857
177.446640
178.452560
179.458649
180.464905
181.471313
182.477875
183.484589
184.491470
185.498444
186.504410
187.508881
188.511887
189.513397
190.513443
191.512024
192.509094
193.504715
194.498840
195.491501
196.482666
197.472366
198.460587
199.447311
200.432587
201.416367
202.398666
203.379501
204.358841
205.336716
206.313095
207.288010
208.261444
209.233383
210.203873
211.172867
212.140381
213.106430
214.070984
215.034058
215.995667
216.955811
217.914444
218.871613
219.827316
220.781509
221.734238
222.685501
223.635284
224.583588
225.530411
226.475754
227.419601
228.362000
229.302887
230.242325
231.180283
232.120041
233.064896
234.014847
234.969910
235.930038
236.895279
237.865616
238.841049
239.821564
240.807190
241.797913
242.793716
243.794632
244.800629
245.811722
246.827927
247.849228
248.875610
249.907089
250.943665
251.985352
253.032120
0.000000
1.039451
2.078449
3.116994
4.155087
5.192726
6.229912
7.266646
8.302927
9.338754
10.374129
11.409050
12.443519
13.477534
14.511096
15.544206
16.576864
17.609068
18.640820
19.672117
20.702961
21.733353
22.763290
23.792778
24.821814
25.850391
26.878519
27.906193
28.933413
29.960184
30.986500
32.012360
33.037556
34.061867
35.085297
36.107841
37.129501
38.150280
39.170174
40.189186
41.207314
42.224556
43.240921
44.256397
45.270992
46.284702
47.297527
48.309475
49.320538
50.330715
51.340012
52.348419
53.355946
54.362595
55.368355
56.373230
57.377224
58.380337
59.382568
60.383911
61.384369
62.383949
63.382645
64.380447
65.377388
66.373436
67.368591
68.362877
69.356262
70.348770
71.340401
72.331146
73.321007
74.309982
75.298080
76.285294
77.271622
78.257706
79.244164
80.231010
81.218239
82.205849
83.193848
84.182220
85.170975
86.160126
87.149651
88.139565
89.129860
90.120537
91.111595
92.103035
93.094872
94.087082
95.079666
96.072647
97.066002
98.059753
99.053879
100.048378
101.043274
102.038551
103.034210
104.030258
105.026672
106.023483
107.020683
108.018250
109.016212
110.014557
111.013275
112.012390
113.011879
114.011749
115.012009
116.012657
117.013672
118.015083
119.016869
120.019043
121.021606
122.024536
123.027031
124.028252
125.028198
126.026855
127.024254
128.020355
129.015198
130.008759
131.001038
131.992065
132.981781
133.970245
134.957428
135.943329
136.927963
137.911316
138.893402
139.874207
140.853729
141.831985
142.808960
143.784653
144.759064
145.732208
146.704086
147.674683
148.643997
149.612045
150.578812
151.544312
152.508514
153.471451
154.433105
155.393494
156.352615
157.310440
158.267014
159.222275
160.176300
161.129028
162.080490
163.030655
163.979568
164.927185
165.873535
166.819519
167.766006
168.713013
169.660553
170.608597
171.557159
172.506241
173.455841
174.405960
175.356613
176.307770
177.259445
178.211639
179.164352
180.117584
181.071350
182.025620
182.980408
183.935715
184.891541
185.847885
186.804749
187.762131
188.720032
189.678467
190.637405
191.596863
192.556839
193.517334
194.478348
195.439880
196.401947
197.364517
198.327606
199.291199
200.255341
201.219986
202.185150
203.150833
204.117035
205.083755
206.050995
207.018753
207.987045
208.955841
209.917984
210.866287
211.800720
212.721344
213.628113
214.521042
215.400131
216.265381
217.116776
217.954346
218.778061
219.587952
220.383987
221.166183
221.934540
222.689056
223.429733
224.156570
224.869568
225.568710
226.254028
226.925476
227.583099
228.226898
228.856842
229.472946
230.075211
230.663635
231.238205
231.798935
232.345825
232.878891
233.398102
233.903473
234.395004
234.872696
235.336548
235.786545
236.222717
236.645020
237.053513
237.448151
237.828949
238.195908
0.000000
1.264314
2.513712
3.748193
4.967757
6.172404
7.362134
8.536948
9.696846
10.841826
11.971889
13.087036
14.187266
15.272579
16.342976
17.398457
18.439020
19.464666
20.475395
21.471209
22.452105
23.418083
24.369146
25.314161
26.262007
27.212681
28.166182
29.122511
30.081669
31.043653
32.008465
32.976105
33.946571
34.919868
35.895988
36.874943
37.856724
38.841328
39.828758
40.819019
41.812111
42.808033
43.806774
44.808346
45.812748
46.819977
47.830032
48.842918
49.858631
50.877167
51.898533
52.922733
53.949757
54.979603
56.012276
57.047783
58.086121
59.127277
60.171268
61.218082
62.267731
63.320202
64.375366
65.430176
66.483406
67.535042
68.585098
69.633560
70.680435
71.725723
72.769424
73.811531
74.852051
75.890984
76.928329
77.964088
78.998253
80.030838
81.061829
82.091232
83.119049
84.145279
85.169922
86.192963
87.214424
88.234306
89.252586
90.269287
91.284401
92.297920
93.309853
94.320198
95.328949
96.336121
97.341705
98.345695
99.348099
100.348915
101.348145
102.345779
103.341835
104.336288
105.329475
106.323250
107.317940
108.313530
109.310028
110.307419
111.305733
112.304939
113.305054
114.306084
115.308006
116.310837
117.314575
118.319221
119.324768
120.331223
121.338585
122.346848
123.356010
124.366089
125.377068
126.388954
127.401749
128.415451
129.430038
130.445541
131.461960
132.479279
133.497513
134.516632
135.536667
136.557602
137.579453
138.602188
139.625854
140.650406
141.675873
142.702240
143.729507
144.757706
145.785477
146.809525
147.829742
148.846130
149.858673
150.867355
151.872223
152.873245
153.870438
154.863754
155.853271
156.838928
157.820740
158.798721
159.772873
160.743164
161.709625
162.672256
163.631027
164.585983
165.537064
166.484329
167.427750
168.367340
169.303070
170.234970
171.163025
172.087265
173.007629
173.924179
174.836884
175.745743
176.650772
177.551941
178.449295
179.342789
180.232452
181.118271
182.000259
182.878403
183.748672
184.607132
185.453766
186.288528
187.111481
187.922562
188.721832
189.509232
190.284821
191.048553
191.800446
192.540497
193.268707
193.985077
194.689606
195.382294
196.063141
196.732147
197.389313
198.034637
198.668137
199.289780
199.899582
200.497528
201.083664
201.657944
202.220383
202.770981
203.309738
203.836655
204.351730
204.854965
205.346359
205.825912
206.293625
206.749496
207.193527
207.625717
208.046066
208.454575
208.851242
209.236084
209.609070
209.970215
210.319504
210.656967
210.982605
211.296387
211.598312
211.888428
212.166687
212.433105
212.687683
212.930420
213.161316
213.380356
213.587585
213.782959
213.966492
214.138184
214.298035
214.446045
214.582214
214.706543
214.819046
214.919678
215.008484
215.085449
215.150574
215.203857
215.245300
215.274902
215.292664
215.298584
