0.964365
0.017818
0.017818
0.017818
0.964365
0.017818
0.017818
0.017818
0.964365
0.000000
1.015551
2.031758
3.048621
4.066139
5.084312
6.103141
7.122628
8.142768
9.163565
10.185018
11.207126
12.229889
13.253308
14.277384
15.302114
16.327501
17.353544
18.380241
19.407595
20.435606
21.464272
22.493589
23.523567
24.554197
25.585487
26.617432
27.650030
28.683283
29.717197
30.751762
31.786983
32.822865
33.859398
34.896587
35.934433
36.972931
38.012085
39.051903
40.092365
41.133492
42.175270
43.217709
44.260796
45.304543
46.348946
47.392006
48.431744
49.468159
50.501247
51.531010
52.557446
53.580551
54.600334
55.616791
56.629925
57.639725
58.646206
59.649357
60.649181
61.645679
62.638847
63.628696
64.615211
65.598412
66.578278
67.554817
68.528030
69.497925
70.464485
71.427727
72.387627
73.344208
74.297478
75.247398
76.194008
77.137283
78.077240
79.013855
79.947166
80.877144
81.803780
82.727104
83.647102
84.563766
85.477112
86.387115
87.293808
88.197174
89.097206
89.993912
90.887306
91.777367
92.664093
93.547501
94.427574
95.306206
96.187943
97.072998
97.961372
98.853073
99.748100
100.646439
101.548096
102.453087
103.361389
104.273026
105.187981
106.106247
107.027840
107.952751
108.880981
109.812538
110.747421
111.685623
112.627144
113.571983
114.520157
115.471642
116.426437
117.384567
118.346016
119.310783
120.278885
121.250290
122.225029
123.203087
124.184464
125.169167
126.157181
127.148529
128.143204
129.141174
130.142487
131.147110
132.155060
133.166336
134.180923
135.198837
136.220078
137.244629
138.272491
139.303696
140.338226
141.376068
142.417221
143.461304
144.505722
145.550125
146.594482
147.638763
148.683029
149.727249
150.771393
151.815521
152.859589
153.903610
154.947601
155.991531
157.035400
158.079254
159.123047
160.166809
161.210495
162.254150
163.297760
164.341339
165.384842
166.428314
167.471756
168.515137
169.558472
170.601761
171.645004
172.688187
173.731339
174.774445
175.817505
176.860519
177.903488
178.946411
179.989288
181.032120
182.074905
183.117645
184.160324
185.202972
186.245575
187.288116
188.330627
189.373093
190.415497
191.457886
192.500214
193.542480
194.584717
195.626892
196.669052
197.711166
198.753281
199.795334
200.837372
201.879379
202.921356
203.963318
205.005234
206.047119
207.088974
208.130829
209.172623
210.214401
211.256149
212.297882
213.339569
214.381226
215.422852
216.464462
217.506027
218.547577
219.589096
220.630585
221.672043
222.713486
223.754883
224.796249
225.837601
226.878906
227.920212
228.961456
230.002686
231.043900
232.085052
233.126205
234.167313
235.208405
236.249466
237.290482
238.331482
239.372452
240.413391
241.454300
242.495193
243.536041
244.576874
245.617661
246.658432
247.699158
248.683090
249.553482
250.310287
250.953537
251.483215
251.899338
252.201874
252.390869
252.466278
0.000000
1.082696
2.165777
3.249243
4.333096
5.417333
6.501956
7.586964
8.672358
9.758137
10.844300
11.930851
13.017785
14.105106
15.192811
16.280901
17.369381
18.458241
19.547489
20.637121
21.727139
22.817543
23.908331
24.999506
26.091064
27.183012
28.275341
29.368053
30.461159
31.554644
32.648518
33.742775
34.837421
35.932446
37.027859
38.123657
39.219841
40.316414
41.413364
42.510708
43.608433
44.706543
45.805042
46.901833
47.994843
49.084064
50.169495
51.251137
52.328995
53.403065
54.473347
55.539833
56.602543
57.661457
58.716583
59.767929
60.815487
61.859249
62.899227
63.935413
64.967819
65.996429
67.021263
68.042305
69.059547
70.073013
71.082687
72.088577
73.090675
74.088989
75.083504
76.074242
77.061195
78.044365
79.023727
79.999313
80.971115
81.939125
82.903343
83.863777
84.820419
85.773277
86.722351
87.667625
88.609123
89.546829
90.480751
91.410873
92.337219
93.259781
94.178535
95.093529
96.004723
96.912117
97.819244
98.729568
99.643120
100.559868
101.479843
102.403023
103.329422
104.259026
105.191856
106.127884
107.067139
108.009598
108.955269
109.904160
110.856262
111.811577
112.770103
113.731850
114.696800
115.664963
116.636345
117.610939
118.588745
119.569763
120.554001
121.541451
122.532112
123.525986
124.523064
125.523361
126.526878
127.533607
128.543549
129.556686
130.573059
131.592636
132.615433
133.641434
134.670654
135.703079
136.738739
137.777588
138.819656
139.864929
140.913437
141.965149
143.020065
144.078201
145.139557
146.204117
147.271896
148.340561
149.407852
150.473755
151.538269
152.601395
153.663132
154.723465
155.782410
156.839981
157.896149
158.950928
160.004303
161.056305
162.106918
163.156128
164.203964
165.250397
166.295425
167.339081
168.381348
169.422226
170.461716
171.499802
172.536484
173.571793
174.605728
175.638245
176.669373
177.699127
178.727478
179.754440
180.780014
181.804214
182.826996
183.848389
184.868408
185.887024
186.904251
187.920090
188.934540
189.947601
190.959274
191.969528
192.978424
193.985916
194.992004
195.996735
197.000046
198.001984
199.002533
200.001663
200.999451
201.995895
202.991028
203.984787
204.977234
205.968323
206.958084
207.946518
208.933594
209.919357
210.903763
211.886841
212.868591
213.848984
214.828049
215.805786
216.782166
217.757233
218.730942
219.703323
220.674362
221.644073
222.612442
223.579468
224.545166
225.509521
226.472549
227.434235
228.394577
229.353577
230.311249
231.267578
232.222580
233.176254
234.128571
235.079559
236.029205
236.977509
237.924469
238.870117
239.814423
240.757385
241.699005
242.639297
243.578247
244.515854
245.452148
246.387085
247.320679
248.252945
249.183884
250.062469
250.837692
251.509552
252.078049
252.543167
252.904938
253.163345
253.318390
253.370071
0.000000
1.119234
2.238900
3.358997
4.479527
5.600487
6.721879
7.843702
8.965957
10.088645
11.211762
12.335312
13.459292
14.583705
15.708549
16.833824
17.959534
19.085670
20.212242
21.339241
22.466675
23.594540
24.722836
25.851562
26.980722
28.110313
29.240337
30.370789
31.501673
32.632992
33.764736
34.896915
36.029530
37.162575
38.296043
39.429951
40.564289
41.697227
42.826939
43.953426
45.076683
46.196716
47.313522
48.427097
49.537453
50.644573
51.748474
52.849140
53.946587
55.040802
56.131794
57.219555
58.304092
59.385403
60.463486
61.538338
62.609970
63.678368
64.743538
65.805489
66.864212
67.919708
68.971977
70.021019
71.066826
72.109413
73.148781
74.184906
75.217812
76.247490
77.273949
78.297173
79.317169
80.333939
81.347488
82.357796
83.364899
84.368759
85.369392
86.366806
87.360992
88.351944
89.339684
90.324181
91.305450
92.283508
93.258965
94.235695
95.214325
96.194855
97.177292
98.161636
99.147881
100.136032
101.126083
102.118042
103.111908
104.107666
105.105331
106.104904
107.106377
108.109764
109.115044
110.122231
111.131325
112.142319
113.155212
114.170021
115.186722
116.205338
117.225845
118.248260
119.272591
120.298805
121.326942
122.356979
123.388908
124.422752
125.458488
126.496140
127.535690
128.577148
129.620499
130.665771
131.712936
132.762024
133.812988
134.865860
135.920654
136.977325
138.035919
139.096420
140.158813
141.223114
142.289322
143.357437
144.426193
145.494370
146.561981
147.628998
148.695450
149.761292
150.826569
151.891251
152.955353
154.018890
155.081818
156.144165
157.205933
158.267136
159.327744
160.387772
161.447205
162.506058
163.564346
164.622025
165.679153
166.735672
167.791611
168.846985
169.901764
170.955948
172.009567
173.062592
174.115036
175.166885
176.218170
177.268875
178.318985
179.368530
180.417465
181.465836
182.513611
183.560806
184.607422
185.653458
186.698914
187.743774
188.788071
189.831757
190.874878
191.917404
192.959366
194.000748
195.041534
196.081055
197.115204
198.143295
199.165359
200.181351
201.191299
202.195190
203.193039
204.184830
205.170563
206.150269
207.123901
208.091492
209.053024
210.008499
210.957947
211.901321
212.838654
213.769928
214.695160
215.614334
216.527466
217.434525
218.335556
219.230530
220.119446
221.002319
221.879135
222.749893
223.614624
224.473282
225.325897
226.172455
227.012970
227.847412
228.675827
229.498184
230.314484
231.124741
231.928940
232.727081
233.519196
234.305252
235.085236
235.859177
236.627075
237.388916
238.144714
238.894440
239.638138
240.364822
241.063538
241.734238
242.376984
242.991760
243.578552
244.137375
244.668198
245.171066
245.645950
246.092865
246.511810
246.902756
247.265732
247.600739
247.907761
248.186813
248.437881
248.660980
248.856094
249.023239
