0.911855
0.044073
0.044073
0.044073
0.911855
0.044073
0.044073
0.044073
0.911855
0.000000
0.851860
1.712313
2.581358
3.458998
4.345230
5.240056
6.143475
7.055488
7.976093
8.905292
9.843083
10.789468
11.744446
12.708017
13.680182
14.660940
15.650290
16.648237
17.654774
18.669905
19.693626
20.725945
21.766855
22.816359
23.874454
24.941143
26.016426
27.100304
28.192774
29.293835
30.403492
31.521744
32.648586
33.784019
34.921375
36.053989
37.181850
38.304970
39.423340
40.536961
41.645832
42.749962
43.849342
44.943974
46.033855
47.118996
48.199387
49.275028
50.345924
51.412075
52.473473
53.530128
54.582035
55.629189
56.671604
57.709267
58.742184
59.770351
60.793774
61.812450
62.826378
63.835556
64.839989
65.839676
66.834610
67.824799
68.810249
69.790939
70.766884
71.738083
72.704536
73.666245
74.623207
75.575417
76.522881
77.465599
78.403564
79.336792
80.265266
81.188988
82.107971
83.022202
83.931686
84.836418
85.736420
86.632507
87.529762
88.429039
89.330330
90.233627
91.138947
92.046272
92.955620
93.866989
94.780357
95.695755
96.613159
97.532578
98.454010
99.377464
100.302933
101.230408
102.159904
103.091415
104.024933
104.960472
105.898033
106.837601
107.779182
108.722778
109.668396
110.616020
111.565659
112.517319
113.470993
114.426682
115.384384
116.344101
117.305832
118.269585
119.235336
120.203117
121.172905
122.144707
123.118530
124.094368
125.072220
126.052078
127.033966
128.017853
129.003769
129.991699
130.981613
131.973572
132.967545
133.963531
134.961517
135.960861
136.960861
137.961502
138.962845
139.964813
140.967484
141.970795
142.974777
143.979416
144.984711
145.990692
146.997314
148.004608
149.012558
150.021179
151.030472
152.040421
153.051010
154.062286
155.074234
156.086823
157.100098
158.114014
159.128601
160.143845
161.159760
162.176346
163.193588
164.211487
165.230057
166.249283
167.269180
168.289734
169.310944
170.332840
171.355377
172.378586
173.402451
174.427002
175.452179
176.478043
177.504578
178.531769
179.559601
180.588120
181.617310
182.647141
183.677643
184.708801
185.740631
186.773132
187.806091
188.838470
189.870071
190.900894
191.930939
192.960205
193.988693
195.016403
196.043335
197.069489
198.094879
199.119492
200.143311
201.166351
202.188629
203.210114
204.230835
205.250778
206.269943
207.288330
208.305939
209.322754
210.338821
211.354080
212.368591
213.382309
214.395264
215.407410
216.418808
217.429413
218.439240
219.448303
220.456589
221.464081
222.470795
223.476761
224.481918
225.486313
226.489929
227.492752
228.494827
229.496109
230.496613
231.496353
232.495300
233.493454
234.490860
235.487473
236.483322
237.478378
238.472672
239.466171
240.456299
241.440491
242.418716
243.391022
244.357346
245.317719
246.272141
247.220612
248.163132
249.099701
250.030319
250.954987
251.873672
252.786438
253.693253
0.000000
0.000000
1.061705
2.267830
3.466975
4.659139
5.844322
7.022524
8.193746
9.357985
10.515246
11.665526
12.808825
13.945144
15.074483
16.196840
17.312218
18.420612
19.522028
20.616463
21.703915
22.784389
23.857880
24.924393
25.983923
27.036474
28.082041
29.120630
30.152239
31.176867
32.194515
33.205181
34.208870
35.205574
36.195297
37.178040
38.153805
39.122585
40.084389
41.039211
41.987053
42.932335
43.879505
44.828564
45.779499
46.732319
47.687023
48.643608
49.602074
50.562424
51.524658
52.488770
53.454765
54.422646
55.392406
56.364048
57.337574
58.312981
59.290272
60.269447
61.250504
62.233433
63.218258
64.204956
65.193542
66.184006
67.176353
68.170586
69.166702
70.164696
71.164574
72.166336
73.169975
74.175499
75.182899
76.192200
77.203369
78.216415
79.231354
80.248177
81.266876
82.287460
83.309921
84.334274
85.360504
86.388618
87.418610
88.450485
89.484245
90.519882
91.557411
92.596291
93.635201
94.674103
95.712982
96.751854
97.790703
98.829536
99.868355
100.907150
101.945938
102.984703
104.023460
105.062195
106.100914
107.139618
108.178314
109.216980
110.255638
111.294273
112.332893
113.371506
114.410095
115.448662
116.487228
117.525764
118.564293
119.602798
120.641289
121.679771
122.718231
123.756668
124.795105
125.833519
126.871910
127.910286
128.948654
129.987000
131.025330
132.063629
133.101929
134.140213
135.178482
136.216736
137.254959
138.293182
139.331375
140.369553
141.407730
142.445877
143.484009
144.521896
145.558182
146.592606
147.625198
148.655930
149.684814
150.711868
151.737091
152.760437
153.781952
154.801620
155.819458
156.835449
157.849579
158.861877
159.872314
160.880920
161.887680
162.892593
163.895660
164.896896
165.896271
166.893799
167.889496
168.883331
169.875336
170.865494
171.853806
172.840271
173.824890
174.807678
175.788605
176.767700
177.744949
178.720337
179.693893
180.665588
181.635468
182.603485
183.569672
184.533981
185.496475
186.457123
187.415909
188.372849
189.327972
190.281235
191.232635
192.182220
193.129959
194.075912
195.021622
195.967743
196.914230
197.861130
198.808411
199.756104
200.704163
201.652618
202.601486
203.550735
204.500381
205.450409
206.400833
207.351669
208.302872
209.254486
210.206482
211.158859
212.111649
213.064835
214.018387
214.972351
215.926697
216.881454
217.836594
218.792130
219.748047
220.704361
221.661057
222.618164
223.575653
224.533539
225.491821
226.450485
227.409561
228.369019
229.328873
230.289108
231.249741
232.210770
233.172180
234.134003
235.096191
236.058792
237.021774
237.985168
238.948929
239.913101
240.877655
241.842621
242.782501
243.671829
244.510635
245.298874
246.036591
246.723740
247.360367
247.946442
248.481979
248.966980
249.401428
249.785324
250.118698
250.401520
0.000000
0.830069
1.886536
2.942688
3.998526
5.054050
6.109260
7.164156
8.218738
9.273005
10.326960
11.380599
12.433924
13.486936
14.539634
15.592016
16.644085
17.695843
18.747282
19.798409
20.849222
21.899719
22.949905
23.999777
25.049332
26.098576
27.147505
28.196117
29.244419
30.292406
31.340075
32.387371
33.434227
34.480644
35.526627
36.572166
37.617268
38.661930
39.706150
40.749935
41.793285
42.836189
43.878658
44.920689
45.962276
47.003429
48.044144
49.084412
50.124249
51.163647
52.202602
53.241116
54.279198
55.316837
56.354038
57.390797
58.427124
59.463009
60.498455
61.533459
62.568027
63.602154
64.635841
65.669098
66.701912
67.734283
68.766220
69.797707
70.828766
71.859390
72.889565
73.919304
74.948608
75.977470
77.005890
78.033875
79.061417
80.088531
81.115189
82.141426
83.167206
84.193100
85.219658
86.246880
87.274773
88.303314
89.332520
90.362396
91.392921
92.424118
93.455971
94.488480
95.521660
96.555504
97.589996
98.625160
99.660980
100.697472
101.734612
102.772415
103.810883
104.850014
105.889809
106.930260
107.971375
109.013145
110.055588
111.098679
112.142441
113.186867
114.231949
115.277679
116.324097
117.371162
118.418892
119.467285
120.516335
121.566040
122.616425
123.667458
124.719147
125.771515
126.824532
127.878220
128.932556
129.987564
131.043213
132.099548
133.156540
134.214188
135.272491
136.330063
137.385422
138.438614
139.489624
140.538452
141.585098
142.629562
143.671844
144.711945
145.749878
146.785614
147.819168
148.850555
149.879745
150.906754
151.931595
152.954254
153.974731
154.993011
156.009125
157.023056
158.034805
159.044373
160.051758
161.056976
162.059998
163.060837
164.059494
165.055969
166.050262
167.042389
168.032333
169.020081
170.005661
170.989059
171.970276
172.949295
173.926147
174.900818
175.873322
176.843613
177.811752
178.777679
179.741455
180.703049
181.662445
182.619659
183.574707
184.527557
185.478226
186.427124
187.374603
188.320694
189.265366
190.208664
191.150543
192.091034
193.030121
193.967804
194.904083
195.838959
196.772446
197.704514
198.635193
199.564484
200.492371
201.418839
202.343918
203.267593
204.189865
205.110748
206.030228
206.948303
207.864990
208.780258
209.694138
210.606598
211.517685
212.427353
213.335632
214.242508
215.147964
216.052048
216.954712
217.855988
218.755859
219.654327
220.551392
221.447067
222.341324
223.234192
224.125671
225.015732
225.904404
226.791672
227.677536
228.561996
229.445068
230.326721
231.206985
232.068970
232.895767
233.687363
234.443787
235.165039
235.851089
236.501968
237.117661
237.698181
238.243500
238.753647
239.228607
239.668396
240.072983
240.442398
240.776642
241.075699
241.339569
241.568253
241.761749
241.920074
242.043213
242.131165
242.183945
242.201523
