0.956765
0.021617
0.021617
0.021617
0.956765
0.021617
0.021617
0.021617
0.956765
0.000000
1.112193
2.234397
3.366610
4.508834
5.661067
6.823310
7.995563
9.168818
10.334068
11.491310
12.640545
13.781775
14.914998
16.040213
17.157423
18.266626
19.367823
20.461014
21.546196
22.623375
23.692543
24.753708
25.806866
26.852018
27.889162
28.918299
29.939434
30.952559
31.957676
32.954788
33.943893
34.924992
35.898087
36.863171
37.820248
38.773018
39.730495
40.693100
41.660824
42.633675
43.611649
44.594742
45.582962
46.576305
47.574772
48.578365
49.587078
50.600914
51.619877
52.643959
53.673168
54.707500
55.746956
56.791531
57.841232
58.896061
59.956009
61.021080
62.091278
63.166603
64.247047
65.332611
66.423294
67.518242
68.612267
69.704491
70.794930
71.883568
72.970421
74.055473
75.138733
76.220200
77.299881
78.377762
79.453850
80.528152
81.600655
82.671356
83.740280
84.807404
85.872734
86.936272
87.998016
89.057968
90.116127
91.172493
92.227066
93.279839
94.330826
95.380020
96.427422
97.472794
98.510880
99.539520
100.558731
101.568504
102.568848
103.559753
104.541222
105.513252
106.475861
107.429024
108.372749
109.307037
110.231903
111.147316
112.053314
112.949860
113.836975
114.714661
115.582893
116.441711
117.291084
118.131027
118.961525
119.782600
120.594231
121.396423
122.189186
122.972511
123.748230
124.518196
125.282387
126.040810
126.793457
127.540352
128.281464
129.016815
129.746414
130.470230
131.188278
131.900558
132.607071
133.307816
134.002808
134.692017
135.375458
136.053131
136.725052
137.391190
138.051559
138.706177
139.355011
139.998093
140.635391
141.266937
141.892700
142.512711
143.126938
143.735397
144.338120
144.935043
145.526199
146.111603
146.691238
147.265091
147.833191
148.395523
148.952087
149.502884
150.047897
150.587173
151.120651
151.648376
152.170334
152.686523
153.196945
153.701599
154.200485
154.693604
155.180954
155.662537
156.138351
156.608398
157.072693
157.531204
157.983948
158.430923
158.872131
159.307571
159.737259
160.161163
160.579300
160.991684
161.398285
161.799118
162.194183
162.583496
162.967041
163.344803
163.716797
164.083038
164.443497
164.798218
165.147141
165.490295
165.827698
166.159332
166.485199
166.805283
167.119629
167.428162
167.730957
168.027985
168.319244
168.604736
168.884460
169.158417
169.426605
169.689011
169.945679
170.196564
170.441681
170.681030
170.914612
171.142426
171.364471
171.580750
171.791260
171.996002
172.194992
172.388214
172.575638
172.757324
172.933212
173.103363
173.267746
173.426346
173.579178
173.726257
173.867554
174.003098
174.132858
174.256851
174.375092
174.487549
174.594254
174.695190
174.790344
174.879745
174.963379
175.041229
175.113327
175.179657
175.240219
175.294998
175.344025
175.387283
175.424759
175.456497
175.482437
175.502625
175.517044
175.525696
175.528564
0.000000
0.669163
1.410429
2.223798
3.109271
4.066847
5.096526
6.198308
7.372194
8.618181
9.936273
11.282219
12.611771
13.924929
15.221690
16.502058
17.766033
19.013613
20.244797
21.459587
22.657984
23.839985
25.005594
26.154806
27.287624
28.404049
29.504078
30.587711
31.654951
32.705799
33.740250
34.758308
35.759972
36.745239
37.714115
38.666595
39.602676
40.522369
41.425663
42.319336
43.219933
44.128208
45.044159
45.967789
46.899097
47.838081
48.784748
49.739082
50.701103
51.670799
52.648174
53.633224
54.625954
55.626358
56.634445
57.650211
58.673649
59.704765
60.743561
61.790035
62.844181
63.906013
64.975517
66.052696
67.137566
68.230095
69.330322
70.437088
71.543785
72.649277
73.753555
74.856644
75.958534
77.059212
78.158691
79.256966
80.354042
81.449921
82.544594
83.638062
84.730331
85.821404
86.911263
87.999931
89.087387
90.173645
91.258705
92.342560
93.425217
94.506668
95.586922
96.665962
97.743813
98.820457
99.895897
100.969948
102.038330
103.099297
104.152870
105.199028
106.237778
107.269119
108.293053
109.309570
110.318687
111.320396
112.314697
113.301590
114.281075
115.253151
116.217812
117.175072
118.124931
119.067368
120.002403
120.930031
121.850243
122.763054
123.668449
124.566444
125.457031
126.340202
127.215973
128.084335
128.945709
129.800537
130.648819
131.490540
132.325729
133.154358
133.976440
134.791962
135.600937
136.403366
137.199234
137.988556
138.771332
139.547562
140.317230
141.080353
141.836929
142.586960
143.330429
144.067337
144.797714
145.521530
146.238800
146.949524
147.653687
148.351318
149.042389
149.726913
150.404861
151.076294
151.741150
152.399475
153.051224
153.696442
154.335114
154.967239
155.592804
156.211807
156.824280
157.430191
158.029556
158.622360
159.208633
159.788345
160.361496
160.928116
161.488174
162.041687
162.588638
163.129044
163.662903
164.190216
164.710983
165.225174
165.732834
166.233932
166.728500
167.216507
167.697968
168.172867
168.641220
169.103027
169.558273
170.006989
170.449142
170.884735
171.313797
171.736282
172.152252
172.561646
172.964493
173.360809
173.750534
174.133743
174.510391
174.880493
175.244049
175.601044
175.951492
176.295380
176.632736
176.963531
177.287766
177.605469
177.916611
178.221191
178.519257
178.810745
179.095688
179.374069
179.645905
179.911209
180.169952
180.422150
180.667786
180.906876
181.139404
181.365387
181.584839
181.797714
182.004059
182.203857
182.397095
182.583771
182.763916
182.937500
183.104523
183.265015
183.418961
183.566345
183.707184
183.841461
183.969193
184.090378
184.205017
184.313095
184.414627
184.509598
184.598038
184.679916
184.755234
184.824036
184.886261
184.941925
184.991058
185.033646
185.069656
185.099136
185.122070
185.138443
185.148270
185.151535
0.000000
1.298172
2.577519
3.838044
5.079744
6.302621
7.506673
8.697967
9.882575
11.060496
12.231726
13.396270
14.554124
15.705291
16.849766
17.987556
19.118658
20.243071
21.360794
22.471828
23.576176
24.673832
25.764803
26.849081
27.926678
28.997583
30.061798
31.119328
32.170166
33.214317
34.254074
35.295071
36.337555
37.381527
38.426987
39.473938
40.522377
41.572304
42.623718
43.676624
44.731018
45.786896
46.844265
47.903126
48.963474
50.025307
51.088631
52.153446
53.219749
54.287540
55.356819
56.427589
57.499844
58.574295
59.655266
60.743469
61.838902
62.941559
64.051445
65.168564
66.292908
67.424477
68.563278
69.709312
70.862572
72.023064
73.190773
74.365715
75.547897
76.737289
77.933922
79.137787
80.348869
81.567192
82.792732
84.025505
85.264603
86.490082
87.693810
88.875755
90.035950
91.174370
92.291023
93.385910
94.459030
95.510384
96.539978
97.547798
98.533859
99.498146
100.440674
101.361427
102.260414
103.137642
103.993103
104.826797
105.638725
106.428886
107.197281
107.943909
108.677307
109.405975
110.129936
110.849182
111.563698
112.273506
112.978592
113.678970
114.374626
115.065567
115.751793
116.433296
117.110085
117.782166
118.449524
119.112167
119.770096
120.423302
121.071800
121.715576
122.354645
122.988991
123.618614
124.243530
124.863724
125.479202
126.089966
126.696007
127.297340
127.893967
128.485855
129.073044
129.655502
130.233261
130.806274
131.374603
131.938202
132.497086
133.051254
133.600708
134.145447
134.685455
135.220764
135.751343
136.277222
136.798370
137.314819
137.826523
138.333527
138.835831
139.333389
139.826248
140.314392
140.797806
141.276505
141.750519
142.219788
142.684341
143.144180
143.599304
144.049728
144.495407
144.936386
145.372650
145.804184
146.231003
146.653137
147.070511
147.483185
147.891159
148.294403
148.692917
149.086746
149.475830
149.860214
150.239883
150.614822
150.985046
151.350571
151.711380
152.067444
152.418823
152.765472
153.107407
153.444611
153.777130
154.104889
154.427963
154.746323
155.059952
155.368881
155.673080
155.972565
156.267349
156.557388
156.842728
157.123352
157.399261
157.670441
157.936920
158.198669
158.455704
158.708023
158.955643
159.198532
159.436707
159.670166
159.898895
160.122925
160.342224
160.556824
160.766693
160.971863
161.172302
161.368042
161.559052
161.745346
161.926910
162.103775
162.275925
162.443344
162.606079
162.764053
162.917358
163.065903
163.209747
163.348892
163.483292
163.612991
163.737991
163.858246
163.973785
164.084625
164.190735
164.292145
164.388824
164.480804
164.568039
164.650589
164.728409
164.801498
164.869904
164.933563
164.992523
165.046753
165.096283
165.141083
165.181183
165.216537
165.247208
165.273132
165.294357
165.310852
165.322647
165.329742
165.332092
