0.910066
0.044967
0.044967
0.044967
0.910066
0.044967
0.044967
0.044967
0.910066
0.000000
0.873134
1.755992
2.648574
3.550881
4.462913
5.384668
6.316148
7.257353
8.208282
9.162560
10.113811
11.062037
12.007235
12.949407
13.888553
14.824671
15.757764
16.687830
17.614870
18.538881
19.459869
20.377829
21.292761
22.204670
23.113548
24.019403
24.922232
25.822031
26.718805
27.612556
28.503277
29.390974
30.275642
31.157284
32.035900
32.911484
33.784050
34.653587
35.520096
36.383579
37.244038
38.101463
38.955868
39.807243
40.655590
41.500916
42.343216
43.182491
44.018734
44.851952
45.682144
46.509312
47.333447
48.154556
48.972641
49.787701
50.602619
51.420273
52.240669
53.063805
53.889679
54.718292
55.549644
56.383743
57.220573
58.060146
58.902458
59.747513
60.595306
61.445839
62.299110
63.155125
64.013870
64.875366
65.739594
66.606567
67.476280
68.348724
69.223915
70.101845
70.982513
71.865921
72.752075
73.640961
74.532593
75.426964
76.324074
77.223915
78.126495
79.031830
79.939896
80.850700
81.764252
82.680542
83.599556
84.521324
85.445831
86.373085
87.303070
88.235786
89.171257
90.109459
91.050400
91.992249
92.933182
93.873192
94.812294
95.750473
96.687729
97.624062
98.559486
99.493980
100.427559
101.360222
102.291962
103.222786
104.152695
105.081673
106.009735
106.936882
107.863113
108.788414
109.712799
110.636261
111.558815
112.480438
113.401146
114.320938
115.239807
116.157761
117.074791
117.990906
118.906097
119.820366
120.733727
121.646156
122.557671
123.468269
124.377953
125.286713
126.194542
127.101463
128.007477
128.912537
129.816711
130.719940
131.622269
132.523666
133.424149
134.323700
135.221802
136.117905
137.011978
137.904037
138.794098
139.682144
140.568176
141.452209
142.334244
143.214233
144.092239
144.968231
145.842194
146.714157
147.584106
148.452057
149.318008
150.181931
151.043839
151.903732
152.761642
153.617523
154.471390
155.323242
156.173111
157.020950
157.866791
158.710602
159.552414
160.392227
161.229996
162.065781
162.899551
163.731308
164.561066
165.388809
166.214539
167.038269
167.859970
168.679672
169.497360
170.313034
171.126709
171.938354
172.748001
173.555649
174.361267
175.171967
175.994812
176.829788
177.676926
178.536209
179.407639
180.291199
181.186920
182.094788
183.014801
183.946960
184.891266
185.847702
186.816299
187.797043
188.789948
189.794983
190.812164
191.841492
192.882950
193.936584
195.002350
196.080261
197.170303
198.272522
199.386871
200.513367
201.652023
202.802811
203.965744
205.140823
206.328049
207.527435
208.738937
209.962616
211.198425
212.446381
213.706497
214.978745
216.263153
217.559677
218.868378
220.189224
221.522202
222.867325
224.224594
225.594009
226.975586
228.369308
229.775162
231.193176
232.623322
234.065628
235.520050
236.986664
238.465378
239.956268
241.459320
0.000000
1.092314
2.258584
3.498811
4.812994
6.201134
7.663230
9.199285
10.809295
12.447239
14.067101
15.668880
17.252573
18.818182
20.365709
21.895151
23.406509
24.899782
26.374973
27.832079
29.271101
30.692039
32.094894
33.479660
34.846348
36.194950
37.525471
38.837906
40.132252
41.408520
42.666702
43.906796
45.128819
46.332745
47.518593
48.686356
49.836029
50.967621
52.081139
53.176567
54.253899
55.313160
56.354336
57.388664
58.427383
59.470490
60.517994
61.569885
62.626171
63.686852
64.751915
65.821373
66.895226
67.973473
69.056107
70.143135
71.234550
72.330368
73.430557
74.535156
75.644135
76.757515
77.875275
78.997444
80.123993
81.254929
82.390266
83.529991
84.674103
85.822617
86.975510
88.132805
89.294487
90.460564
91.631020
92.805878
93.985130
95.167793
96.352921
97.540504
98.730553
99.923050
101.118011
102.315422
103.515289
104.717621
105.922401
107.129646
108.339348
109.551506
110.766113
111.983185
113.202713
114.424698
115.649132
116.876038
118.105392
119.337204
120.571472
121.808197
123.047386
124.289017
125.533119
126.779671
128.028687
129.280151
130.534073
131.790451
133.049301
134.310608
135.574356
136.836823
138.094299
139.346756
140.594208
141.836639
143.074081
144.306503
145.533905
146.756317
147.973709
149.186111
150.393463
151.595840
152.793213
153.985550
155.172882
156.355209
157.532547
158.704849
159.872147
161.034454
162.191727
163.343994
164.491257
165.633530
166.770767
167.903000
169.030228
170.152451
171.269669
172.381851
173.489059
174.591232
175.688400
176.778214
177.858276
178.928558
179.989090
181.039886
182.080917
183.112198
184.133743
185.145523
186.147552
187.139832
188.122375
189.095154
190.058167
191.011444
191.954987
192.888748
193.812775
194.727036
195.631561
196.526337
197.411362
198.286621
199.152130
200.007889
200.853912
201.690170
202.516678
203.333450
204.140457
204.937714
205.725220
206.502975
207.270981
208.029236
208.777725
209.516464
210.245483
210.964722
211.674225
212.373962
213.063965
213.744202
214.414688
215.075439
215.726410
216.367661
216.999146
217.620895
218.232864
218.835098
219.427582
220.010300
220.583282
221.146515
221.699982
222.243713
222.777695
223.301926
223.816376
224.321121
224.816071
225.301300
225.776764
226.242477
226.698456
227.144653
227.581131
228.007828
228.424789
228.832001
229.229462
229.617157
229.995117
230.363327
230.721771
231.070480
231.409424
231.738617
232.058075
232.367783
232.667709
232.957901
233.238358
233.509048
233.769989
234.021179
234.262619
234.494293
234.716232
234.928406
235.130844
235.323532
235.506470
235.679642
235.843063
235.996750
236.140671
236.274841
236.399261
236.513947
236.618866
236.714050
236.799469
236.875122
236.941040
236.997208
237.043625
237.080276
237.107193
237.124359
0.000000
4.282914
7.131651
9.245926
11.325420
13.370146
15.380101
17.355288
19.295702
21.201349
23.072224
24.908329
26.709665
28.476231
30.208025
31.905048
33.567307
35.194790
36.787506
38.345451
39.868629
41.357040
42.810677
44.229534
45.613632
46.962955
48.277512
49.557304
50.802315
52.018204
53.238770
54.469650
55.710850
56.962368
58.224205
59.496357
60.778824
62.071613
63.374722
64.688148
66.011887
67.345947
68.690331
70.045013
71.410034
72.785362
74.171013
75.566971
76.973259
78.389862
79.816788
81.254021
82.701576
84.159447
85.627640
87.106148
88.585991
90.058205
91.522789
92.979736
94.429047
95.870720
97.304764
98.731155
100.149933
101.561066
102.964561
104.360428
105.748657
107.129257
108.502213
109.867531
111.225227
112.575279
113.917694
115.252480
116.579628
117.899147
119.211029
120.515274
121.811882
123.100853
124.383583
125.668457
126.956886
128.248856
129.544373
130.843414
132.146011
133.452133
134.761826
136.075043
137.391800
138.712097
140.035950
141.363342
142.694275
144.028748
145.366776
146.708328
148.053436
149.402084
150.754272
152.110001
153.469269
154.832092
156.198441
157.568329
158.941772
160.312332
161.673508
163.025330
164.367813
165.700912
167.024673
168.339081
169.644135
170.939835
172.226166
173.503159
174.770782
176.029053
177.277969
178.517532
179.747742
180.968597
182.180099
183.382233
184.575012
185.758453
186.932541
188.097260
189.252625
190.398636
191.535294
192.662582
193.780548
194.889130
195.988358
197.078247
198.158752
199.229935
200.291748
201.344208
202.387329
203.421066
204.445465
205.460510
206.466171
207.462509
208.449493
209.427094
210.395370
211.354263
212.303818
213.244019
214.174866
215.096344
216.008484
216.911255
217.804672
218.688751
219.563461
220.428818
221.284821
222.131454
222.968750
223.796677
224.615265
225.424484
226.224350
227.014862
227.796036
228.567825
229.330276
230.083374
230.827118
231.561493
232.286514
233.002197
233.708496
234.405472
235.093079
235.771332
236.440216
237.099762
237.749954
238.390793
239.022247
239.644379
240.257156
240.860565
241.454605
242.039322
242.614670
243.180664
243.737289
244.284576
244.822495
245.351059
245.870270
246.380127
246.880630
247.371765
247.853592
248.326004
248.789093
249.242828
249.687180
250.122223
250.547882
250.964172
251.371140
251.768707
252.156967
252.535843
252.905365
253.265564
253.616379
253.957840
254.289948
254.612701
254.926102
255.000000
255.000000
255.000000
255.000000
255.000000
255.000000
255.000000
255.000000
255.000000
255.000000
255.000000
255.000000
255.000000
255.000000
255.000000
255.000000
255.000000
255.000000
255.000000
255.000000
255.000000
255.000000
255.000000
255.000000
255.000000
255.000000
255.000000
255.000000
255.000000
255.000000
255.000000
255.000000
255.000000
