0.987210
0.006395
0.006395
0.006395
0.987210
0.006395
0.006395
0.006395
0.987210
0.000000
1.065654
2.123301
3.172941
4.214575
5.248200
6.273820
7.291433
8.301041
9.302638
10.296231
11.281816
12.259397
13.228968
14.190531
15.144090
16.089642
17.027187
17.956724
18.878256
19.791779
20.697298
21.594807
22.484312
23.365807
24.239298
25.110409
25.984777
26.862400
27.743277
28.627407
29.514793
30.405430
31.299326
32.196476
33.096874
34.000530
34.907444
35.817608
36.731026
37.647705
38.567627
39.490810
40.417244
41.346939
42.279884
43.216084
44.155537
45.098244
46.044209
46.993427
47.945896
48.901619
49.860603
50.822834
51.788326
52.757069
53.729065
54.704311
55.682819
56.664581
57.649593
58.637859
59.629379
60.624165
61.622189
62.623482
63.628017
64.635818
65.646858
66.661163
67.678726
68.699532
69.723602
70.750916
71.781494
72.815315
73.852402
74.892738
75.936325
76.982079
78.027290
79.071861
80.115776
81.159042
82.201653
83.243607
84.284912
85.325569
86.365570
87.404922
88.443619
89.481674
90.519066
91.555817
92.591904
93.627350
94.662132
95.696266
96.729759
97.762589
98.794777
99.826302
100.857185
101.887405
102.916985
103.945908
104.974174
106.001793
107.028763
108.055084
109.080750
110.105759
111.130119
112.153831
113.176880
114.199303
115.221046
116.242149
117.262596
118.282394
119.301544
120.320045
121.337883
122.355080
123.371613
124.387497
125.402740
126.417320
127.431252
128.444534
129.457169
130.469131
131.480453
132.491241
133.502075
134.513092
135.524261
136.535599
137.547104
138.558777
139.570618
140.582626
141.594803
142.607117
143.619629
144.632294
145.645142
146.658127
147.671310
148.684631
149.698135
150.711792
151.725632
152.739624
153.753799
154.768127
155.782623
156.797287
157.812134
158.827118
159.842285
160.857605
161.873108
162.888763
163.904602
164.920593
165.936768
166.953064
167.969559
168.986237
170.003067
171.020035
172.037201
173.054520
174.072021
175.089676
176.107498
177.125488
178.143646
179.161972
180.180450
181.199112
182.217926
183.236908
184.256058
185.275391
186.294861
187.314423
188.332611
189.348755
190.362869
191.374954
192.385010
193.393051
194.399063
195.403030
196.404984
197.404907
198.402802
199.398666
200.392502
201.384308
202.374100
203.361847
204.347580
205.331268
206.312943
207.292587
208.270203
209.245789
210.219345
211.190872
212.160385
213.127853
214.093307
215.056732
216.018112
216.977478
217.934814
218.890121
219.843399
220.794662
221.743881
222.691101
223.636261
224.579391
225.520508
226.459595
227.396652
228.331696
229.264679
230.195663
231.124603
232.051529
232.976410
233.899277
234.820114
235.738922
236.655716
237.570450
238.483185
239.393875
240.317795
241.270187
242.251038
243.260330
244.298096
245.364334
246.459045
247.582214
248.733841
249.913940
251.122513
252.359543
253.625015
0.000000
1.192221
2.375802
3.550745
4.717048
5.874713
7.023738
8.164125
9.295873
10.418980
11.533450
12.639279
13.736471
14.825023
15.904937
16.976210
18.038847
19.092842
20.138199
21.174917
22.202995
23.222435
24.233238
25.235397
26.228922
27.213804
28.190050
29.157656
30.116621
31.066946
32.008640
32.941685
33.866096
34.787003
35.709557
36.633755
37.559597
38.487080
39.416206
40.346973
41.279385
42.213440
43.149132
44.086472
45.025455
45.966080
46.908344
47.852253
48.797810
49.745003
50.693840
51.644321
52.596443
53.550213
54.505619
55.462673
56.421364
57.381702
58.343681
59.307301
60.272572
61.239475
62.208027
63.178223
64.150055
65.123535
66.098656
67.075417
68.053825
69.033875
70.015556
70.998901
71.983879
72.970497
73.958763
74.948669
75.940216
76.933411
77.928238
78.924713
79.922829
80.922592
81.923676
82.925270
83.927338
84.929878
85.932907
86.936409
87.940392
88.944855
89.949791
90.955200
91.961098
92.967468
93.974319
94.981651
95.989456
96.997734
98.006500
99.015739
100.025452
101.035652
102.046318
103.057480
104.069107
105.081207
106.093796
107.106857
108.120399
109.134422
110.148918
111.163895
112.179352
113.195290
114.211685
115.228584
116.245949
117.263786
118.282112
119.300911
120.320190
121.339943
122.360184
123.380890
124.402084
125.423744
126.445900
127.468521
128.491623
129.515198
130.539261
131.563675
132.587585
133.610886
134.633606
135.655670
136.677139
137.697998
138.718246
139.737885
140.756897
141.775299
142.793106
143.810272
144.826843
145.842789
146.858124
147.872849
148.886963
149.900467
150.913361
151.925629
152.937302
153.948334
154.958771
155.968582
156.977798
157.986389
158.994370
160.001740
161.008484
162.014648
163.020157
164.025085
165.029388
166.033081
167.036148
168.038605
169.040466
170.041702
171.042313
172.042328
173.041733
174.040512
175.038681
176.036240
177.033188
178.029510
179.025238
180.020340
181.014709
182.005295
182.990891
183.971481
184.947067
185.917648
186.883240
187.843842
188.799438
189.750031
190.695618
191.636215
192.571808
193.502411
194.427994
195.348602
196.264191
197.174789
198.080399
198.980988
199.876587
200.767181
201.652786
202.533386
203.408997
204.279587
205.145203
206.005814
206.861420
207.712006
208.557617
209.398224
210.233826
211.064438
211.890030
212.710663
213.526260
214.336868
215.142487
215.943085
216.738693
217.529312
218.314926
219.095551
219.871155
220.641754
221.407364
222.167999
222.923615
223.674225
224.439529
225.239258
226.073380
226.941895
227.844818
228.782150
229.753860
230.760010
231.800522
232.875458
233.984787
235.128525
236.306656
237.519196
238.766129
240.047470
241.363205
242.713348
244.097900
245.516830
246.970184
248.457916
249.980072
251.536621
253.127579
254.752930
0.000000
0.975150
1.949012
2.921585
3.892871
4.862869
5.831578
6.798999
7.765133
8.729979
9.693537
10.655806
11.616786
12.576480
13.534884
14.492002
15.447831
16.402372
17.355625
18.307589
19.260080
20.214916
21.172100
22.131628
23.093500
24.057718
25.024279
25.993187
26.964439
27.938036
28.913979
29.892265
30.872894
31.855871
32.841194
33.828857
34.818871
35.811226
36.805927
37.802971
38.802364
39.804096
40.808178
41.814602
42.823372
43.834484
44.847946
45.863750
46.881901
47.902397
48.925232
49.950417
50.977943
52.007816
53.040039
54.074600
55.111507
56.150764
57.192356
58.236298
59.282589
60.331226
61.382195
62.435520
63.491188
64.549210
65.609566
66.672264
67.736328
68.799377
69.861282
70.922058
71.981705
73.040215
74.097580
75.153824
76.208931
77.262909
78.315750
79.367455
80.418030
81.467468
82.515770
83.562943
84.608978
85.653885
86.697662
87.740295
88.781792
89.822174
90.861412
91.899513
92.936478
93.972313
95.007019
96.040581
97.073021
98.104324
99.134483
100.163521
101.191422
102.218193
103.243820
104.268318
105.291679
106.313919
107.335014
108.354980
109.373802
110.391510
111.408058
112.423492
113.437790
114.450951
115.462990
116.473885
117.483841
118.494141
119.504982
120.516357
121.528275
122.540718
123.553703
124.567230
125.581299
126.595909
127.611046
128.626724
129.642944
130.659698
131.676987
132.694824
133.713196
134.732101
135.751541
136.771530
137.792053
138.813110
139.834717
140.856842
141.879517
142.902725
143.926483
144.950775
145.975616
147.000977
148.026886
149.053329
150.080307
151.107819
152.135864
153.164459
154.193604
155.223251
156.253464
157.284210
158.315491
159.347321
160.379684
161.412567
162.446014
163.479996
164.514496
165.549545
166.584869
167.614288
168.635330
169.647964
170.652206
171.648041
172.635483
173.614517
174.585190
175.547440
176.501297
177.446762
178.383835
179.312500
180.232773
181.144653
182.048141
182.943237
183.829926
184.708206
185.578125
186.439606
187.292725
188.137436
188.973740
189.801666
190.621185
191.432312
192.235046
193.029373
193.815308
194.592850
195.361984
196.122742
196.875092
197.619049
198.354614
199.081772
199.800537
200.510910
201.212891
201.906464
202.591644
203.268433
203.936813
204.596817
205.248413
205.891617
206.526428
207.169891
207.839172
208.534225
209.255066
210.001694
210.774078
211.572266
212.396225
213.245972
214.121490
215.022797
215.949875
216.902740
217.881393
218.885818
219.916031
220.972000
222.053772
223.161331
224.294647
225.453766
226.638657
227.849335
229.085785
230.348022
231.636032
232.949829
234.289413
235.654755
237.045883
238.462799
239.905502
241.373993
242.868240
244.388275
245.934113
247.505707
249.103088
250.726242
252.375198
254.049911
255.000000
255.000000
