0.916408
0.041796
0.041796
0.041796
0.916408
0.041796
0.041796
0.041796
0.916408
0.000000
2.753589
5.417628
7.992115
10.477053
12.872437
15.178272
17.394554
19.521290
21.558470
23.506104
25.364182
27.132711
28.811689
30.401115
31.900995
33.311317
34.632095
35.910282
37.192856
38.479820
39.771168
41.066902
42.367020
43.671520
44.980408
46.293682
47.611347
48.933388
50.259819
51.590633
52.925835
54.265419
55.609394
56.957752
58.310493
59.667622
61.029133
62.395031
63.765312
65.139984
66.519035
67.902481
69.290298
70.682510
72.079109
73.480087
74.885452
76.295212
77.709343
79.127861
80.550766
81.978065
83.409737
84.845802
86.286247
87.731094
89.180305
90.633904
92.091896
93.554268
95.021027
96.492172
97.967712
99.447639
100.931931
102.420616
103.913429
105.404320
106.890846
108.373001
109.850800
111.324211
112.793266
114.257965
115.718285
117.174240
118.625816
120.073044
121.515884
122.954369
124.388481
125.818230
127.243614
128.664627
130.081284
131.493561
132.901459
134.304993
135.704163
137.098984
138.489426
139.875488
141.257202
142.634521
144.007507
145.376099
146.740341
148.100204
149.455704
150.806839
152.153595
153.496002
154.834030
156.167679
157.496994
158.821899
160.142471
161.458649
162.770477
164.077927
165.381012
166.679749
167.974091
169.264069
170.549698
171.830948
173.106857
174.371506
175.623901
176.864059
178.091980
179.307648
180.511078
181.702271
182.881226
184.047928
185.202393
186.344620
187.474594
188.592346
189.697845
190.791107
191.872116
192.940872
193.997421
195.041718
196.073746
197.093567
198.101120
199.096451
200.079544
201.050369
202.008972
202.955338
203.889450
204.811325
205.720947
206.618332
207.503494
208.376373
209.237045
210.085464
210.921646
211.745605
212.557297
213.356750
214.143951
214.918930
215.681656
216.432159
217.170395
217.896408
218.610168
219.311691
220.000977
220.678009
221.344650
222.005402
222.660461
223.309845
223.953552
224.591583
225.223923
225.850586
226.471558
227.086838
227.696442
228.300369
228.898621
229.491180
230.078049
230.659256
231.234756
231.804581
232.368729
232.927200
233.479980
234.027069
234.568481
235.104218
235.634262
236.158630
236.677322
237.190323
237.697632
238.199265
238.695221
239.185486
239.670074
240.148987
240.622208
241.089737
241.551590
242.007767
242.458252
242.903061
243.342194
243.775635
244.203384
244.625458
245.041855
245.452576
245.857605
246.256943
246.650604
247.038574
247.418762
247.789093
248.149551
248.500107
248.840820
249.171646
249.492584
249.803650
250.104858
250.396179
250.677628
250.949188
251.210892
251.462708
251.704651
251.936722
252.158905
252.371231
252.573685
252.766235
252.948929
253.121750
253.284698
253.437775
253.580963
253.714264
253.837708
253.951279
254.054962
254.148788
254.232712
254.306778
254.370972
254.425293
254.469711
254.504272
254.528976
254.543777
254.548721
0.000000
0.000000
0.000000
0.000000
0.000000
3.267089
6.498472
9.598268
12.566477
15.403098
18.108133
20.681580
23.123438
25.433714
27.612400
29.659498
31.575014
33.358940
35.011280
36.532032
37.921196
39.246098
40.574097
41.905182
43.239346
44.576603
45.916939
47.260361
48.606869
49.956459
51.309135
52.664898
54.023746
55.385677
56.750690
58.118790
59.489971
60.864246
62.241604
63.622040
65.005562
66.392174
67.781868
69.174644
70.570503
71.969460
73.371483
74.776604
76.184807
77.596100
79.010468
80.427925
81.848457
83.272087
84.698799
86.128593
87.561485
88.997444
90.436493
91.878632
93.323845
94.772156
96.223541
97.678017
99.135582
100.596230
102.059952
103.526764
104.996666
106.469650
107.944931
109.417908
110.887787
112.354568
113.818253
115.278839
116.736336
118.190735
119.642036
121.090248
122.535362
123.977379
125.416298
126.852119
128.284851
129.714493
131.141022
132.564468
133.984818
135.402069
136.816238
138.227295
139.635254
141.040131
142.441910
143.840576
145.236176
146.628662
148.018066
149.404358
150.787552
152.167664
153.544678
154.918594
156.289413
157.657135
159.021774
160.383316
161.741760
163.097092
164.449341
165.798492
167.144547
168.487503
169.827377
171.164154
172.497818
173.828384
175.155884
176.480286
177.795975
179.097382
180.384491
181.657303
182.915833
184.160065
185.390015
186.605667
187.807022
188.994095
190.166855
191.325348
192.469528
193.599426
194.715027
195.816345
196.903366
197.976089
199.034531
200.078674
201.108521
202.124084
203.125351
204.112320
205.085007
206.043411
206.987503
207.917297
208.832825
209.734055
210.620987
211.493607
212.351974
213.196014
214.025787
214.841248
215.642441
216.429321
217.201904
217.960205
218.704224
219.433945
220.149368
220.850510
221.537338
222.209885
222.868149
223.512115
224.141785
224.758560
225.370972
225.980362
226.586777
227.190216
227.790665
228.388107
228.982590
229.574066
230.162537
230.748047
231.330566
231.910095
232.486633
233.060196
233.630753
234.198334
234.762924
235.324524
235.883133
236.438751
236.991394
237.541046
238.087723
238.631393
239.172089
239.709778
240.244492
240.776215
241.304962
241.830704
242.353455
242.873245
243.390030
243.903824
244.414627
244.922455
245.427277
245.929123
246.427994
246.923874
247.416748
247.906647
248.393555
248.877487
249.358414
249.836349
250.311310
250.783279
251.252258
251.713455
252.161972
252.597885
253.021164
253.431778
253.829788
254.215149
254.587875
254.947952
255.000000
255.000000
255.000000
255.000000
255.000000
255.000000
255.000000
255.000000
255.000000
255.000000
255.000000
255.000000
255.000000
255.000000
255.000000
255.000000
255.000000
255.000000
255.000000
255.000000
255.000000
255.000000
255.000000
255.000000
255.000000
255.000000
255.000000
255.000000
0.000000
3.282789
6.440845
9.474168
12.382758
15.166617
17.825743
20.360136
22.769796
25.054724
27.214918
29.250381
31.161114
32.947109
34.608376
36.144905
37.619766
39.096027
40.573685
42.052731
43.533180
45.015022
46.498260
47.982895
49.468925
50.956352
52.445175
53.935387
55.427002
56.920010
58.414410
59.910206
61.407410
62.905998
64.405983
65.907372
67.410149
68.914322
70.419891
71.926857
73.435211
74.944977
76.456123
77.968666
79.482613
80.997955
82.514687
84.032814
85.552345
87.073273
88.595589
90.119301
91.644409
93.170914
94.698822
96.228119
97.758804
99.290894
100.824379
102.359261
103.895531
105.432487
106.965836
108.494858
110.019562
111.539940
113.055992
114.567726
116.075142
117.578232
119.076996
120.571442
122.061562
123.547363
125.028839
126.505989
127.978821
129.447327
130.911499
132.371368
133.826920
135.278122
136.725021
138.167587
139.605850
141.039764
142.469376
143.894653
145.315598
146.732239
148.144547
149.552536
150.956207
152.355545
153.750580
155.141266
156.527649
157.909714
159.287430
160.660843
162.029922
163.394684
164.755112
166.111237
167.463028
168.810501
170.153656
171.487610
172.807541
174.113403
175.405228
176.683014
177.946732
179.196426
180.432053
181.653641
182.861191
184.054688
185.234146
186.399551
187.550919
188.688217
189.811493
190.920715
192.015869
193.097000
194.164078
195.217117
196.256088
197.281036
198.291931
199.288788
200.271576
201.240326
202.195053
203.135712
204.062317
204.974899
205.873413
206.757874
207.628326
208.484711
209.327042
210.155319
210.969574
211.769760
212.555908
213.328018
214.086075
214.830093
215.560043
216.275970
216.979095
217.677063
218.371155
219.061340
219.747650
220.430069
221.108566
221.783188
222.453918
223.120758
223.783707
224.442749
225.097916
225.749191
226.396545
227.040039
227.679611
228.315308
228.947113
229.575012
230.199036
230.819168
231.435394
232.047745
232.656174
233.260727
233.861404
234.458160
235.051041
235.640015
236.225098
236.806305
237.383591
237.957016
238.526535
239.092148
239.653885
240.211731
240.765671
241.315735
241.861893
242.404160
242.942535
243.477005
244.007614
244.534317
245.054535
245.565720
246.067856
246.560944
247.044968
247.519958
247.985916
248.442795
248.890656
249.329453
249.759201
250.179916
250.591568
250.994186
251.387741
251.772263
252.147720
252.514145
252.871521
253.219849
253.559113
253.889343
254.210541
254.522675
254.825760
255.000000
255.000000
255.000000
255.000000
255.000000
255.000000
255.000000
255.000000
255.000000
255.000000
255.000000
255.000000
255.000000
255.000000
255.000000
255.000000
255.000000
255.000000
255.000000
255.000000
255.000000
255.000000
255.000000
255.000000
255.000000
255.000000
255.000000
255.000000
255.000000
255.000000
255.000000
255.000000
255.000000
