0.995708
0.002146
0.002146
0.002146
0.995708
0.002146
0.002146
0.002146
0.995708
0.000000
1.117447
2.226327
3.326638
4.418382
5.501557
6.576165
7.642204
8.699675
9.748578
10.792817
11.836304
12.879037
13.921015
14.962236
16.002705
17.042418
18.081375
19.119579
20.157030
21.193722
22.229662
23.264847
24.299274
25.332952
26.365871
27.398037
28.429449
29.460104
30.490007
31.519154
32.547543
33.575184
34.602070
35.628193
36.653568
37.678185
38.702049
39.725159
40.747509
41.769115
42.789951
43.810040
44.829380
45.847961
46.865570
47.880955
48.893894
49.904392
50.912441
51.918053
52.921223
53.921947
54.920231
55.916069
56.909466
57.900417
58.888931
59.875000
60.858624
61.839806
62.818550
63.794846
64.768692
65.740105
66.709076
67.675598
68.639687
69.601318
70.560509
71.517273
72.471581
73.423447
74.372879
75.319855
76.264397
77.206490
78.146141
79.083351
80.018120
80.950447
81.881927
82.814178
83.747185
84.680962
85.615501
86.550797
87.486862
88.423691
89.361282
90.299629
91.238747
92.178619
93.119270
94.060677
95.002846
95.945778
96.889465
97.833931
98.779152
99.725128
100.671883
101.619392
102.567665
103.516708
104.466499
105.417068
106.368393
107.320480
108.273338
109.226944
110.181328
111.136475
112.092384
113.049049
114.006485
114.964554
115.922562
116.880379
117.837990
118.795425
119.752663
120.709709
121.666557
122.623230
123.579697
124.535980
125.492065
126.447968
127.403671
128.359177
129.314514
130.269638
131.224579
132.179321
133.133881
134.088242
135.042419
135.996399
136.950180
137.903793
138.857193
139.810410
140.763443
141.716263
142.668915
143.621368
144.573624
145.525681
146.477570
147.429245
148.380753
149.331284
150.280212
151.227478
152.173096
153.117050
154.059372
155.000015
155.939026
156.876389
157.812088
158.746140
159.678543
160.609283
161.538376
162.465820
163.391617
164.315750
165.238235
166.159058
167.078247
167.995773
168.911667
169.825882
170.738464
171.649384
172.558655
173.466263
174.372238
175.276550
176.179214
177.080231
177.979599
178.877289
179.773346
180.667755
181.560486
182.451584
183.341049
184.228821
185.114990
185.999466
186.882309
187.763489
188.643036
189.520905
190.397141
191.271713
192.144653
193.015915
193.885544
194.753525
195.619843
196.484512
197.347519
198.208893
199.068588
199.926651
200.783051
201.637802
202.490906
203.342361
204.192169
205.040314
205.886810
206.731644
207.574829
208.416382
209.256256
210.094498
210.931091
211.766006
212.599289
213.430908
214.260895
215.089218
215.915894
216.740921
217.564270
218.385986
219.206039
220.024460
220.841217
221.656326
222.469772
223.281586
224.091736
224.900238
225.707077
226.512268
227.315811
228.117722
228.917953
229.716537
230.513474
231.308762
232.102386
232.894363
233.684692
234.473358
235.260391
236.045761
236.829483
237.611557
238.391953
0.000000
0.697238
1.446645
2.248219
3.101962
4.007873
4.965952
5.976199
7.038614
8.153198
9.319948
10.538868
11.778949
13.009188
14.229585
15.440137
16.640848
17.831713
19.012739
20.183920
21.345259
22.496754
23.638407
24.770214
25.892183
27.004305
28.106586
29.199020
30.281616
31.354364
32.417278
33.470345
34.513565
35.546940
36.570480
37.584175
38.588024
39.582027
40.566196
41.540520
42.504993
43.462555
44.420322
45.378632
46.337479
47.296867
48.256790
49.217255
50.178257
51.139797
52.101875
53.064495
54.027653
54.991348
55.955585
56.920357
57.885670
58.851524
59.817909
60.784836
61.752304
62.720310
63.688854
64.657936
65.627556
66.597717
67.568413
68.539658
69.511436
70.483749
71.456596
72.429909
73.403679
74.377914
75.352600
76.327759
77.303360
78.279434
79.255966
80.232956
81.210396
82.188309
83.166679
84.145500
85.124786
86.104538
87.084740
88.065399
89.046516
90.028107
91.010147
91.992645
92.975609
93.959030
94.942909
95.927254
96.912041
97.897308
98.883018
99.869164
100.855186
101.840820
102.826088
103.810974
104.795486
105.779633
106.763412
107.746803
108.729828
109.712479
110.694756
111.676659
112.658195
113.639343
114.620132
115.600540
116.580589
117.560249
118.539536
119.518456
120.497002
121.475166
122.452965
123.430389
124.407440
125.384117
126.360420
127.336349
128.311905
129.286972
130.261444
131.235321
132.208618
133.181290
134.153381
135.124863
136.095764
137.066055
138.035767
139.004868
139.973373
140.941299
141.908615
142.875320
143.841446
144.806976
145.771896
146.736221
147.699966
148.663101
149.625641
150.587585
151.548935
152.509674
153.469849
154.429398
155.388367
156.346725
157.304489
158.261658
159.218231
160.174225
161.129593
162.084381
163.038559
163.992157
164.945145
165.897552
166.849350
167.800552
168.751160
169.701172
170.650589
171.599396
172.547623
173.495255
174.442276
175.388702
176.334534
177.279770
178.224426
179.168457
180.111923
181.054749
181.997009
182.938660
183.879730
184.820190
185.760056
186.699341
187.638000
188.576080
189.513550
190.450439
191.386734
192.322418
193.257507
194.192017
195.125916
196.059204
196.991913
197.924042
198.855545
199.786469
200.716782
201.646515
202.575638
203.504166
204.432098
205.359436
206.286179
207.212311
208.137863
209.062805
209.987152
210.910919
211.834076
212.756638
213.678619
214.599991
215.520752
216.440933
217.360504
218.279495
219.197876
220.115646
221.032867
221.949463
222.865463
223.780853
224.695648
225.609863
226.523483
227.436493
228.348923
229.260742
230.171967
231.082596
231.992630
232.902054
233.810913
234.719147
235.626785
236.533844
237.440292
238.346161
239.251389
240.156082
241.060135
241.963593
242.866470
243.768738
244.670425
245.571518
246.472000
247.371887
0.000000
0.903178
1.949524
3.139038
4.394615
5.639144
6.872627
8.095063
9.306453
10.506796
11.696094
12.874345
14.041550
15.197707
16.342819
17.476883
18.599903
19.711876
20.812801
21.902679
22.981516
24.049303
25.106045
26.152534
27.193556
28.229904
29.261581
30.288588
31.310921
32.328583
33.341568
34.349884
35.353527
36.352497
37.346798
38.336426
39.321377
40.301655
41.277267
42.248203
43.214466
44.176056
45.132984
46.089108
47.048317
48.010609
48.975990
49.944454
50.916004
51.890636
52.868355
53.849152
54.833042
55.820011
56.810066
57.803204
58.799431
59.798740
60.801128
61.806610
62.815174
63.826817
64.840851
65.853111
66.862907
67.870224
68.875076
69.877449
70.877357
71.874802
72.869759
73.862259
74.852287
75.839844
76.824928
77.807541
78.787689
79.765358
80.740562
81.713295
82.683563
83.651360
84.615135
85.573357
86.526024
87.473145
88.414703
89.350708
90.281158
91.206047
92.125389
93.039177
93.947403
94.850082
95.747200
96.638771
97.524780
98.405235
99.280136
100.149475
101.013268
101.871506
102.724190
103.571320
104.412888
105.248901
106.079361
106.904266
107.723618
108.537415
109.345657
110.148346
110.945473
111.737053
112.523071
113.303543
114.078461
114.847809
115.611618
116.369865
117.122559
117.869690
118.611275
119.347305
120.077774
120.802689
121.522057
122.235870
122.944122
123.646812
124.343948
125.035545
125.721573
126.402054
127.076973
127.746346
128.410156
129.068420
129.721115
130.368271
131.009872
131.645905
132.276382
132.901321
133.520706
134.134506
134.742783
135.345490
135.942642
136.534241
137.120300
137.700760
138.275711
138.845078
139.408905
139.967178
140.519897
141.067062
141.608658
142.144714
142.675201
143.200150
143.719543
144.233353
144.741653
145.244370
145.741531
146.233139
146.719193
147.199692
147.674637
148.144028
148.607864
149.066147
149.518875
149.966034
150.407669
150.843735
151.274231
151.699188
152.118576
152.532425
152.940704
153.343445
153.740616
154.132248
154.518311
154.898819
155.273773
155.643173
156.007034
156.365326
156.718063
157.065247
157.406860
157.742935
158.073456
158.398422
158.717834
159.031677
159.339981
159.642715
159.939926
160.231552
160.517624
160.798157
161.073120
161.342529
161.606400
161.864700
162.117447
162.364639
162.606293
162.842361
163.072906
163.297867
163.517273
163.731140
163.939453
164.142212
164.339417
164.531052
164.717148
164.897690
165.072662
165.242096
165.405960
165.564270
165.717041
165.864243
166.005890
166.141983
166.272522
166.397507
166.516937
166.630814
166.739136
166.841904
166.939117
167.030762
167.116867
167.197418
167.272400
167.341843
167.405731
167.464066
167.516846
167.564041
167.605713
167.641800
167.672363
167.697372
167.716797
167.730698
167.739014
167.741806
