0.973221
0.013390
0.013390
0.013390
0.973221
0.013390
0.013390
0.013390
0.973221
0.000000
0.764356
1.796492
2.828094
3.859164
4.889699
5.919702
6.949171
7.978107
9.006510
10.034379
11.061715
12.088516
13.114785
14.140521
15.165724
16.190393
17.214529
18.238132
19.261200
20.283737
21.305738
22.327208
23.348143
24.368546
25.388414
26.407751
27.426552
28.444822
29.462557
30.479759
31.496428
32.513081
33.530231
34.547890
35.566051
36.584709
37.603874
38.623535
39.643707
40.664375
41.685547
42.707218
43.729393
44.752068
45.775246
46.798927
47.823109
48.847797
49.872982
50.898670
51.924858
52.951550
53.978745
55.006443
56.034641
57.063339
58.092545
59.122242
60.152451
61.183163
62.214367
63.246078
64.278290
65.311012
66.344231
67.377953
68.412170
69.446892
70.482117
71.517845
72.554070
73.590805
74.628044
75.665764
76.704010
77.742752
78.781982
79.821739
80.861969
81.902718
82.943970
83.985725
85.027977
86.069153
87.107643
88.143463
89.176613
90.207085
91.234886
92.260010
93.282455
94.302231
95.319336
96.333771
97.345528
98.354607
99.361023
100.364761
101.365822
102.364212
103.359924
104.352966
105.343338
106.331032
107.316055
108.298401
109.278069
110.255074
111.229393
112.201050
113.170029
114.136345
115.099976
116.060928
117.019218
117.974823
118.927765
119.878029
120.825623
121.770531
122.712784
123.652351
124.589249
125.523468
126.455017
127.383896
128.310104
129.233612
130.154480
131.072662
131.988174
132.901001
133.811157
134.718643
135.623459
136.527771
137.433746
138.341385
139.250687
140.161667
141.074310
141.988617
142.904587
143.822235
144.741547
145.662506
146.585159
147.509460
148.435440
149.363083
150.292389
151.223358
152.155991
153.090302
154.026291
154.963928
155.903229
156.844193
157.786835
158.731140
159.677109
160.624756
161.574051
162.525024
163.477676
164.431961
165.387955
166.345596
167.304886
168.265854
169.228500
170.192810
171.158783
172.126404
173.095703
174.066681
175.039307
176.013611
176.989578
177.967224
178.946533
179.927490
180.910126
181.894424
182.880402
183.868027
184.857330
185.846970
186.835541
187.823074
188.809570
189.795029
190.779449
191.762833
192.745178
193.726486
194.706757
195.685974
196.664185
197.641312
198.617447
199.592514
200.566544
201.539551
202.511505
203.482407
204.452286
205.421143
206.388931
207.355698
208.321426
209.286118
210.249756
211.212372
212.173935
213.134476
214.093964
215.052414
216.009827
216.966202
217.921539
218.875839
219.829102
220.781311
221.732513
222.682648
223.631760
224.579819
225.526840
226.472839
227.417786
228.361694
229.304565
230.246399
231.187195
232.126953
233.065659
234.003357
234.940002
235.889664
236.866425
237.870255
238.901184
239.959198
241.044296
242.156479
243.295746
244.462097
245.655548
246.876083
248.123688
249.398392
250.700180
252.029068
253.385010
0.000000
1.020709
2.042837
3.066383
4.091349
5.117733
6.145536
7.174759
8.205401
9.237460
10.270938
11.305836
12.342152
13.379888
14.419041
15.459615
16.501606
17.545017
18.589848
19.636095
20.683762
21.732851
22.783354
23.835278
24.888620
25.943382
26.999561
28.057161
29.116177
30.176615
31.238470
32.301743
33.366440
34.432552
35.500084
36.569031
37.639400
38.711189
39.784397
40.857632
41.929516
43.000042
44.069218
45.137035
46.203506
47.268616
48.332375
49.394772
50.455822
51.515514
52.573853
53.630840
54.686466
55.740746
56.793663
57.845230
58.895443
59.944298
60.991798
62.037949
63.082741
64.126183
65.168266
66.208992
67.248367
68.286385
69.323051
70.358368
71.392326
72.424927
73.456177
74.486069
75.514610
76.541786
77.567627
78.592094
79.615211
80.636986
81.657387
82.676453
83.694160
84.710495
85.725494
86.739128
87.751411
88.762344
89.771935
90.780136
91.787010
92.792526
93.796631
94.799011
95.799606
96.798424
97.795456
98.790726
99.784203
100.775902
101.765823
102.753967
103.740326
104.724907
105.707710
106.688728
107.667976
108.645439
109.621124
110.595024
111.567154
112.537498
113.506065
114.472847
115.437859
116.401085
117.362534
118.322197
119.280083
120.236198
121.190521
122.143082
123.093842
124.042831
124.990044
125.935471
126.879128
127.821007
128.761093
129.699402
130.635925
131.570694
132.503662
133.434860
134.364273
135.291901
136.217773
137.141846
138.064133
138.984650
139.903381
140.820358
141.735519
142.648926
143.562286
144.477402
145.394257
146.312836
147.233154
148.155228
149.079010
150.004532
150.931808
151.860809
152.791550
153.724030
154.658234
155.594193
156.531876
157.471283
158.412445
159.355347
160.299973
161.246338
162.194443
163.144272
164.095856
165.049179
166.004211
166.960999
167.919525
168.879776
169.841766
170.805496
171.770966
172.738174
173.707108
174.677780
175.650192
176.624344
177.600220
178.577850
179.557205
180.538284
181.521118
182.505676
183.491989
184.480026
185.469803
186.461319
187.454544
188.449539
189.446259
190.444717
191.444901
192.446320
193.445755
194.442688
195.437164
196.429138
197.418625
198.405609
199.390121
200.372131
201.351654
202.328705
203.303238
204.275299
205.244873
206.211960
207.176559
208.138657
209.098267
210.055405
211.010040
211.962173
212.911850
213.859009
214.803696
215.745880
216.685593
217.622803
218.557526
219.489746
220.419495
221.346756
222.271530
223.193802
224.113602
225.030899
225.945724
226.858047
227.767883
228.675232
229.580078
230.482437
231.382324
232.279709
233.174606
234.067017
234.956940
235.844376
236.729324
237.611771
238.491745
239.369217
240.244202
241.159332
242.157166
243.237701
244.400955
245.646927
246.975616
248.387039
249.881165
251.457993
253.117569
254.859833
0.000000
1.158994
2.314710
3.467149
4.616311
5.762194
6.904801
8.044130
9.180183
10.312957
11.442454
12.568675
13.691616
14.811281
15.927669
17.040779
18.150614
19.257170
20.360445
21.460447
22.557171
23.650620
24.740784
25.827677
26.911293
27.991625
29.068686
30.142469
31.212971
32.280197
33.344151
34.404823
35.462215
36.516338
37.569328
38.623356
39.678413
40.734497
41.791618
42.849770
43.908951
44.969162
46.030407
47.092682
48.155987
49.220325
50.285694
51.352089
52.419521
53.487984
54.557476
55.628002
56.699554
57.772141
58.845760
59.920406
60.996082
62.072792
63.150536
64.229309
65.309120
66.389946
67.471817
68.554703
69.638634
70.723602
71.809593
72.896614
73.984665
75.073753
76.163864
77.255005
78.347191
79.440392
80.534637
81.629913
82.726212
83.823547
84.921906
86.021301
87.121727
88.223183
89.323586
90.420830
91.514915
92.605843
93.693619
94.778229
95.859688
96.937996
98.013145
99.085144
100.153984
101.219666
102.282196
103.341576
104.397789
105.450844
106.500755
107.547508
108.591103
109.631538
110.668823
111.702957
112.733925
113.761742
114.786400
115.807915
116.826256
117.841461
118.853493
119.862381
120.868111
121.870682
122.870102
123.866364
124.859459
125.849411
126.836205
127.819855
128.800323
129.777664
130.751831
131.722855
132.690704
133.655411
134.616959
135.575363
136.530594
137.482666
138.432846
139.382416
140.331345
141.279663
142.227341
143.174393
144.120804
145.066605
146.011780
146.956329
147.900238
148.843521
149.786163
150.728195
151.669601
152.610382
153.550522
154.490036
155.428925
156.367188
157.304825
158.241821
159.178207
160.113953
161.049072
161.983582
162.917435
163.850677
164.783279
165.715271
166.646622
167.577347
168.507446
169.436920
170.365753
171.293976
172.221558
173.148514
174.074844
175.000549
175.925629
176.850082
177.773880
178.697083
179.619644
180.541580
181.462891
182.383575
183.302994
184.220520
185.136124
186.049835
186.961639
187.871552
188.779556
189.685669
190.589874
191.492172
192.392563
193.291061
194.187668
195.082367
195.975159
196.866058
197.755035
198.642136
199.527328
200.410614
201.291992
202.171478
203.049072
203.924759
204.798523
205.670410
206.540375
207.408447
208.274643
209.138901
210.001282
210.861740
211.720306
212.576981
213.431747
214.284607
215.135559
215.984634
216.831787
217.677048
218.520401
219.361862
220.201401
221.039062
221.874802
222.708664
223.540604
224.370651
225.204697
226.048676
226.902573
227.766403
228.640167
229.523834
230.417450
231.320984
232.234421
233.157806
234.091110
235.034332
235.987473
236.950562
237.923553
238.906479
239.899323
240.902100
241.914795
242.937408
243.969971
245.012436
246.064819
247.127136
248.199387
249.281555
250.373642
251.475662
252.587601
253.709473
