0.976997
0.011501
0.011501
0.011501
0.976997
0.011501
0.011501
0.011501
0.976997
0.000000
0.828605
1.678262
2.548970
3.440729
4.353539
5.287400
6.242312
7.218277
8.215292
9.233357
10.272475
11.332644
12.413863
13.516134
14.639456
15.771531
16.900066
18.025061
19.146511
20.264421
21.378790
22.489614
23.596897
24.700642
25.800842
26.897501
27.990616
29.080193
30.166224
31.248718
32.327667
33.403076
34.474941
35.543266
36.608047
37.669289
38.726986
39.781143
40.831757
41.878834
42.922367
43.962357
44.998806
46.031712
47.061073
48.086895
49.109177
50.127922
51.143116
52.154774
53.162888
54.167458
55.168488
56.165974
57.159924
58.150326
59.137188
60.120510
61.100288
62.076527
63.049217
64.018372
64.983994
65.946053
66.904587
67.859573
68.811020
69.758919
70.703278
71.644096
72.581375
73.515747
74.451012
75.387794
76.326103
77.265930
78.207283
79.150162
80.094566
81.040497
81.987946
82.936920
83.887413
84.839439
85.792984
86.748055
87.704643
88.662766
89.622398
90.583565
91.546265
92.510475
93.476204
94.443466
95.412247
96.382561
97.354393
98.327751
99.302628
100.279030
101.256958
102.236412
103.217377
104.199875
105.183907
106.169449
107.156525
108.145119
109.135239
110.126877
111.120041
112.114731
113.110947
114.108681
115.107941
116.108727
117.111038
118.114868
119.120224
120.127106
121.135506
122.145432
123.156883
124.169861
125.184357
126.200386
127.217934
128.237015
129.256454
130.275146
131.293091
132.310287
133.326721
134.342392
135.357330
136.371506
137.384933
138.397583
139.409485
140.420639
141.431061
142.440689
143.449585
144.457733
145.465103
146.471725
147.477615
148.482712
149.487076
150.490692
151.493561
152.495651
153.497009
154.497589
155.497437
156.496506
157.494827
158.492416
159.489243
160.485306
161.480606
162.475143
163.468964
164.462006
165.454300
166.445831
167.436615
168.426636
169.415909
170.404419
171.392197
172.379211
173.365448
174.350952
175.335693
176.319687
177.302917
178.285416
179.267136
180.248108
181.228333
182.207794
183.186493
184.164444
185.141785
186.119339
187.097198
188.075424
189.053970
190.032883
191.012115
191.991684
192.971603
193.951859
194.932449
195.913376
196.894638
197.876251
198.858215
199.840485
200.823120
201.806091
202.789383
203.773041
204.757034
205.741348
206.726013
207.711014
208.696350
209.682037
210.668045
211.654419
212.641113
213.628159
214.615524
215.603241
216.591293
217.579697
218.568436
219.557510
220.546921
221.536652
222.526764
223.517181
224.507965
225.499069
226.490509
227.482300
228.474426
229.466888
230.459702
231.452850
232.446320
233.440140
234.434311
235.428818
236.423645
237.418823
238.414352
239.410217
240.406403
241.401138
242.392639
243.380905
244.365921
245.347702
246.326218
247.301529
248.273575
249.242371
250.207947
251.170258
252.129333
253.085159
254.037750
0.000000
0.000000
0.000000
0.410545
1.671510
2.920769
4.158321
5.384168
6.598309
7.800744
8.991471
10.170492
11.337809
12.493418
13.637321
14.769519
15.890010
16.998795
18.095875
19.181246
20.254911
21.316874
22.367123
23.405672
24.438200
25.470398
26.502266
27.533802
28.565004
29.595879
30.626419
31.656630
32.686508
33.716053
34.745270
35.774158
36.802711
37.830929
38.858826
39.886383
40.913612
41.940506
42.967072
43.993309
45.019211
46.044781
47.070023
48.094936
49.119511
50.143761
51.167675
52.191257
53.214512
54.237431
55.260025
56.282280
57.304207
58.325806
59.347073
60.368004
61.388607
62.408878
63.428814
64.448425
65.467705
66.486656
67.505264
68.523552
69.541504
70.559120
71.576408
72.593369
73.610001
74.626297
75.642258
76.657890
77.673195
78.688171
79.702805
80.717148
81.731247
82.745110
83.758728
84.772102
85.785233
86.798119
87.810760
88.823151
89.835304
90.847206
91.858871
92.870285
93.881454
94.892387
95.903069
96.913513
97.923698
98.933647
99.943352
100.952812
101.962029
102.971001
103.979729
104.988205
105.996452
107.004440
108.012184
109.019691
110.026947
111.033966
112.040733
113.047264
114.053543
115.059578
116.065361
117.070923
118.076218
119.081276
120.086098
121.090660
122.094986
123.099060
124.102905
125.106491
126.109840
127.112946
128.115814
129.118408
130.120773
131.122910
132.124771
133.126419
134.127823
135.128952
136.129745
137.130096
138.130005
139.129471
140.128479
141.127060
142.125183
143.122864
144.120102
145.116867
146.113205
147.109100
148.104568
149.099564
150.094101
151.088226
152.081879
153.075104
154.067871
155.060196
156.052078
157.043503
158.034500
159.025024
160.015121
161.004776
161.993973
162.982727
163.971039
164.958908
165.946304
166.933273
167.919815
168.905899
169.891525
170.876709
171.861450
172.845749
173.829590
174.812988
175.795959
176.778458
177.760529
178.742142
179.723297
180.704041
181.684311
182.664154
183.643539
184.622482
185.600983
186.579010
187.556625
188.533783
189.510483
190.487244
191.464523
192.442322
193.420639
194.399490
195.378860
196.358765
197.339172
198.320129
199.301605
200.283585
201.266113
202.249146
203.232712
204.216812
205.201431
206.186569
207.172241
208.158432
209.145157
210.132385
211.120148
212.108444
213.097260
214.086609
215.076477
216.066849
217.057755
218.049194
219.041168
220.033646
221.026657
222.020187
223.014252
224.008835
225.003952
225.999573
226.995743
227.992416
228.989639
229.987350
230.985626
231.984390
232.983704
233.983521
234.983887
235.984756
236.986176
237.988098
238.990540
239.993530
240.997025
242.001053
243.005600
244.010666
245.002853
245.968842
246.908600
247.822113
248.709396
249.570435
250.405258
251.213821
251.996170
252.752289
253.482162
254.185791
0.000000
0.866432
1.754350
2.663754
3.594645
4.547022
5.520886
6.516236
7.533072
8.571395
9.631205
10.712501
11.815281
12.939550
14.073289
15.204489
16.333147
17.459265
18.582842
19.703876
20.822371
21.938324
23.051737
24.162607
25.270937
26.376726
27.479973
28.580679
29.678844
30.774467
31.867548
32.958096
34.046097
35.131554
36.214474
37.294846
38.372684
39.447983
40.520733
41.590950
42.658619
43.723751
44.786343
45.846386
46.903896
47.958862
49.011288
50.061169
51.108517
52.153320
53.195580
54.235298
55.272472
56.307110
57.339207
58.368767
59.395779
60.420250
61.442181
62.461575
63.478424
64.492722
65.504494
66.513725
67.520409
68.524551
69.526154
70.525215
71.521736
72.517464
73.514160
74.511818
75.510445
76.510025
77.510574
78.512085
79.514565
80.517998
81.522408
82.527771
83.534096
84.541389
85.549644
86.558861
87.569046
88.580193
89.592300
90.605370
91.619408
92.634407
93.650368
94.667297
95.685188
96.704033
97.723854
98.744629
99.766373
100.789085
101.812752
102.837387
103.862991
104.889542
105.917068
106.945549
107.974998
109.005409
110.036789
111.069138
112.102432
113.136703
114.171936
115.208122
116.245277
117.283394
118.322479
119.362534
120.403549
121.445518
122.488449
123.532349
124.577217
125.623039
126.669838
127.717590
128.765045
129.811005
130.855438
131.898346
132.939728
133.979599
135.017929
136.054749
137.090042
138.123825
139.156067
140.186798
141.216019
142.243698
143.269867
144.294510
145.317627
146.339218
147.359299
148.377853
149.394882
150.410400
151.424377
152.436844
153.447784
154.457214
155.465118
156.471481
157.476349
158.479675
159.481491
160.481781
161.480545
162.477783
163.473495
164.467697
165.460373
166.451523
167.441162
168.429276
169.415863
170.400925
171.384491
172.366501
173.347000
174.325989
175.303421
176.279373
177.253769
178.226654
179.198029
180.167877
181.136185
182.102997
183.068283
184.032761
184.997147
185.961456
186.925690
187.889862
188.853928
189.817932
190.781830
191.745682
192.709427
193.673096
194.636703
195.600220
196.563644
197.526993
198.490265
199.453461
200.416565
201.379608
202.342545
203.305435
204.268219
205.230927
206.193558
207.156097
208.118576
209.080963
210.043274
211.005508
211.967651
212.929718
213.891708
214.853622
215.815445
216.777176
217.738846
218.700439
219.661942
220.623367
221.584717
222.545975
223.507172
224.468277
225.429291
226.390244
227.351105
228.311890
229.272583
230.233200
231.193756
232.154205
233.114609
234.074905
235.035110
235.995255
236.946167
237.878693
238.792847
239.688614
240.566010
241.425018
242.265640
243.087875
243.891754
244.677231
245.444351
246.193069
246.923416
247.635376
248.328949
249.004166
249.660980
250.299423
250.919495
251.521164
252.104462
252.669388
