0.991748
0.004126
0.004126
0.004126
0.991748
0.004126
0.004126
0.004126
0.991748
0.000000
1.039031
2.075563
3.109595
4.141126
5.170156
6.196686
7.220715
8.242245
9.261273
10.277802
11.291828
12.303356
13.312383
14.318909
15.322935
16.324459
17.323486
18.320009
19.314034
20.305555
21.294582
22.281103
23.265125
24.246647
25.225668
26.202188
27.176207
28.147730
29.116747
30.083267
31.047287
32.008804
32.967827
33.924339
34.878357
35.829872
36.778889
37.725407
38.669418
39.612587
40.556576
41.501389
42.447014
43.393459
44.340717
45.288795
46.237694
47.187412
48.137939
49.089287
50.041458
50.994442
51.948242
52.902863
53.858303
54.814560
55.771629
56.729519
57.688229
58.647755
59.608097
60.569260
61.531239
62.494030
63.457645
64.422081
65.387321
66.353394
67.320274
68.287971
69.256500
70.225830
71.195992
72.166962
73.138748
74.111359
75.084778
76.059021
77.034088
78.009956
78.986649
79.964172
80.941689
81.917557
82.891708
83.864151
84.834885
85.803917
86.771233
87.736847
88.700745
89.662941
90.623421
91.582191
92.539261
93.494614
94.448265
95.400200
96.350426
97.298950
98.245758
99.190857
100.134247
101.075935
102.015907
102.954178
103.890732
104.825584
105.758720
106.690147
107.619881
108.547890
109.474190
110.398781
111.321671
112.242844
113.162315
114.080070
114.996117
115.910461
116.823090
117.734016
118.643219
119.550735
120.456528
121.361435
122.268883
123.179237
124.092484
125.008644
125.927696
126.849655
127.774529
128.702286
129.632950
130.566513
131.502975
132.442352
133.384628
134.329803
135.277878
136.228851
137.182739
138.139526
139.099197
140.061783
141.027267
141.995667
142.966949
143.941147
144.918228
145.898239
146.881134
147.866928
148.855637
149.847244
150.841736
151.839157
152.839462
153.842682
154.848785
155.857803
156.869720
157.884537
158.902252
159.922867
160.946396
161.972824
163.001694
164.028473
165.052109
166.072601
167.089920
168.104126
169.115158
170.123047
171.127762
172.129364
173.127792
174.123093
175.115234
176.104233
177.090057
178.072769
179.052292
180.028687
181.001938
181.972015
182.938965
183.902771
184.863403
185.820908
186.775253
187.726456
188.674500
189.619400
190.561142
191.499741
192.435196
193.367493
194.296646
195.222641
196.145508
197.065201
197.981750
198.895157
199.805405
200.712509
201.616470
202.517273
203.414932
204.309708
205.210449
206.121490
207.042786
207.974380
208.916229
209.868362
210.830780
211.803467
212.786423
213.779663
214.783173
215.796951
216.821014
217.855362
218.899979
219.954880
221.020035
222.095490
223.181213
224.277206
225.383484
226.500031
227.626846
228.763947
229.911331
231.068970
232.236893
233.415100
234.603577
235.802338
237.011368
238.230682
239.460266
240.700119
241.950256
243.210663
244.481339
245.762314
247.053543
248.355072
249.666855
250.988922
252.321243
0.000000
0.000000
0.000000
1.047889
2.691967
4.306660
5.891969
7.447894
8.974437
10.471592
11.939366
13.377754
14.786758
16.166380
17.516617
18.837469
20.128937
21.391024
22.623724
23.827042
25.000973
26.145519
27.274897
28.403313
29.530767
30.657263
31.782799
32.907372
34.030987
35.153641
36.275333
37.396065
38.515839
39.634651
40.752506
41.869400
42.985329
44.100296
45.214310
46.327358
47.439453
48.550579
49.660748
50.769958
51.878204
52.985493
54.091824
55.197189
56.301598
57.405048
58.507534
59.609058
60.709625
61.809223
62.907875
64.005562
65.102280
66.198044
67.292847
68.386696
69.479576
70.571503
71.662468
72.752472
73.841515
74.929596
76.016716
77.102882
78.188080
79.272308
80.355598
81.437912
82.519272
83.599670
84.679108
85.757591
86.835686
87.914764
88.994919
90.076126
91.158401
92.241730
93.326126
94.411591
95.498100
96.585686
97.674332
98.764038
99.854805
100.946640
102.039528
103.133484
104.228500
105.324570
106.421715
107.519920
108.619186
109.719505
110.820900
111.923355
113.026863
114.131447
115.237076
116.343773
117.451538
118.560356
119.670250
120.781204
121.893204
123.006279
124.120415
125.235611
126.351868
127.469193
128.587555
129.707016
130.827530
131.949097
133.071716
134.195404
135.320160
136.445984
137.572861
138.700790
139.829803
140.959869
142.090988
143.223190
144.356445
145.490738
146.625504
147.756851
148.884155
150.007446
151.126724
152.241959
153.353180
154.460358
155.563522
156.662628
157.757736
158.848801
159.935852
161.018875
162.097855
163.172821
164.243759
165.310669
166.373535
167.432388
168.487213
169.538025
170.584793
171.627533
172.666245
173.700928
174.731583
175.758224
176.780838
177.799408
178.813950
179.824463
180.830963
181.833435
182.831863
183.826294
184.816666
185.803024
186.785355
187.763657
188.737930
189.708160
190.674393
191.636581
192.594742
193.548874
194.498978
195.445068
196.387115
197.325150
198.259140
199.189117
200.115051
201.036972
201.954895
202.869293
203.780396
204.688171
205.592682
206.493851
207.391739
208.286316
209.177597
210.065552
210.950211
211.831558
212.709625
213.584381
214.455811
215.323959
216.188797
217.050323
217.908554
218.763474
219.615097
220.463409
221.308411
222.150131
222.988525
223.823608
224.655411
225.483902
226.309082
227.130951
227.949524
228.764801
229.576752
230.385422
231.190781
231.992828
232.791580
233.587006
234.379150
235.167984
235.953522
236.735748
237.514664
238.290268
239.062592
239.831589
240.597305
241.359695
242.118790
242.874573
243.627060
244.376236
245.122116
245.864685
246.603958
247.329483
248.031021
248.708481
249.361893
249.991226
250.596527
251.177750
251.734924
252.268036
252.777100
253.262100
253.723022
254.159912
254.572723
254.961487
255.000000
255.000000
0.000000
1.576647
3.126313
4.648998
6.144702
7.613425
9.055167
10.469928
11.857707
13.218507
14.552323
15.859159
17.139015
18.391888
19.617781
20.816692
22.000813
23.182322
24.361231
25.537529
26.711226
27.882313
29.050798
30.216675
31.379944
32.540611
33.698666
34.854122
36.006969
37.157211
38.304848
39.449875
40.592300
41.732121
42.869331
44.003937
45.135941
46.265331
47.392120
48.516300
49.637875
50.756847
51.873215
52.986973
54.098125
55.206673
56.312614
57.415951
58.516682
59.614807
60.710323
61.803234
62.893539
63.981239
65.066330
66.148827
67.228699
68.305977
69.380646
70.452713
71.522179
72.589027
73.653275
74.714920
75.774574
76.836060
77.899971
78.966331
80.035126
81.106369
82.180046
83.256165
84.334724
85.415726
86.499168
87.585052
88.673378
89.764145
90.857346
91.952988
93.051079
94.151604
95.254570
96.359978
97.467827
98.578117
99.690849
100.806023
101.923630
103.043686
104.166183
105.291115
106.418488
107.548302
108.680550
109.815254
110.952393
112.091972
113.233986
114.378456
115.525352
116.674683
117.826469
118.980690
120.137352
121.296463
122.458008
123.621986
124.788422
125.957283
127.128593
128.302338
129.478531
130.654037
131.825867
132.993958
134.158310
135.318939
136.475830
137.628998
138.778427
139.924149
141.066116
142.204391
143.338898
144.469711
145.596756
146.720093
147.839706
148.955582
150.067734
151.176147
152.280838
153.381790
154.479019
155.572525
156.662308
157.748352
158.830658
159.909256
160.984100
162.055222
163.122635
164.186295
165.246231
166.302444
167.354919
168.403687
169.448700
170.489990
171.527557
172.561386
173.591492
174.617874
175.640533
176.659439
177.674637
178.686096
179.693817
180.697815
181.698105
182.694275
183.684280
184.667770
185.644730
186.615143
187.579025
188.536392
189.487228
190.431519
191.369293
192.300537
193.225235
194.143417
195.055069
195.960175
196.858780
197.750824
198.636353
199.515350
200.387817
201.253738
202.113144
202.966019
203.812347
204.652176
205.485443
206.312195
207.132416
207.946106
208.753265
209.553894
210.347992
211.135544
211.916595
212.691101
213.459061
214.220505
214.975418
215.723801
216.465652
217.200974
217.929764
218.652039
219.367767
220.076950
220.779633
221.475769
222.165390
222.848450
223.531509
224.220978
224.916901
225.619278
226.328094
227.043350
227.765060
228.493210
229.227814
229.968857
230.716354
231.470276
232.230667
232.997498
233.770752
234.550476
235.336639
236.129242
236.928299
237.733795
238.545746
239.364120
240.188965
241.020248
241.857986
242.702148
243.552765
244.409821
245.273331
246.143280
247.019684
247.902527
248.791824
249.687546
250.589737
251.498367
252.413437
253.334961
254.262909
255.000000
255.000000
255.000000
255.000000
255.000000
255.000000
255.000000
