0.971443
0.014279
0.014279
0.014279
0.971443
0.014279
0.014279
0.014279
0.971443
0.000000
0.653244
1.318994
1.997248
2.688008
3.391273
4.107043
4.835318
5.576098
6.329384
7.095175
7.873471
8.664272
9.467579
10.283390
11.111707
11.952528
12.805856
13.671687
14.550025
15.440867
16.344215
17.260069
18.181076
19.099892
20.016512
20.930939
21.843172
22.753214
23.661058
24.566711
25.470169
26.371433
27.270504
28.167381
29.062063
29.954554
30.844851
31.732952
32.618858
33.502575
34.384098
35.263424
36.140556
37.015495
37.888241
38.758793
39.627155
40.493317
41.357292
42.219063
43.078648
43.936039
44.791237
45.644238
46.495041
47.343658
48.190079
49.034306
49.876339
50.716179
51.553825
52.389278
53.222534
54.053604
54.882477
55.709152
56.533634
57.355923
58.176018
58.993923
59.809631
60.623142
61.434464
62.243595
63.050526
63.855270
64.657806
65.458160
66.256325
67.052292
67.848198
68.646233
69.446373
70.248627
71.052986
71.859459
72.668037
73.478722
74.291527
75.106438
75.923454
76.742577
77.563812
78.387154
79.212616
80.040184
80.869850
81.701637
82.535530
83.371536
84.209648
85.049873
85.892204
86.736641
87.583199
88.431854
89.282623
90.135506
90.990494
91.847595
92.706795
93.568115
94.431541
95.297081
96.164726
97.034485
97.906342
98.780319
99.656403
100.534592
101.414902
102.297310
103.181839
104.068466
104.957207
105.848053
106.741013
107.636086
108.533264
109.432556
110.333946
111.237457
112.143082
113.050804
113.960640
114.872589
115.786644
116.702805
117.619629
118.535667
119.450905
120.365364
121.279037
122.191910
123.104004
124.015305
124.925812
125.835541
126.744469
127.652618
128.559967
129.466537
130.372314
131.277298
132.181488
133.084900
133.987518
134.889359
135.790390
136.690643
137.590103
138.488785
139.386658
140.283768
141.180054
142.075577
142.970306
143.864227
144.757401
145.649750
146.541321
147.432098
148.322098
149.211288
150.099716
150.987335
151.874176
152.760208
153.645477
154.529938
155.413605
156.296494
157.178589
158.059906
158.940445
159.820175
160.699112
161.577271
162.454636
163.331192
164.206985
165.081985
165.956192
166.829605
167.702240
168.574081
169.450211
170.335663
171.230438
172.134583
173.048035
173.970840
174.902969
175.844452
176.795273
177.755417
178.724915
179.703735
180.691895
181.689407
182.696243
183.712418
184.737946
185.772797
186.816971
187.870514
188.933365
190.005569
191.087112
192.177994
193.278214
194.387756
195.506653
196.634872
197.772446
198.919342
200.075577
201.241150
202.416077
203.600327
204.793915
205.996841
207.209106
208.430695
209.661652
210.901917
212.151535
213.410507
214.678787
215.956406
217.243378
218.539673
219.845322
221.160294
222.484619
223.818268
225.161255
226.513580
227.875244
229.246246
230.626587
232.016266
233.415268
234.823624
238.030151
0.000000
0.000000
1.279937
3.655365
5.947998
8.157833
10.284874
12.329121
14.290567
16.169224
17.965078
19.678141
21.308407
22.855877
24.320551
25.702431
27.040491
28.373716
29.702106
31.025658
32.344372
33.658253
34.967297
36.271500
37.570873
38.865402
40.155098
41.439957
42.719975
43.995163
45.265511
46.531021
47.791698
49.047539
50.298538
51.544704
52.786030
54.022522
55.254181
56.480999
57.702976
58.920124
60.132431
61.339905
62.542538
63.740334
64.933304
66.121422
67.304710
68.483162
69.656776
70.825554
71.989494
73.148598
74.302872
75.452293
76.596886
77.736656
78.871559
80.001656
81.126900
82.247307
83.362892
84.473618
85.579514
86.680847
87.783638
88.890327
90.000923
91.115425
92.233826
93.356140
94.482353
95.612480
96.746513
97.884445
99.026283
100.172028
101.321678
102.475243
103.632698
104.794067
105.959343
107.128525
108.301605
109.478600
110.659492
111.844292
113.033005
114.225616
115.422134
116.622559
117.826889
119.035126
120.247269
121.463318
122.683273
123.907127
125.134903
126.366570
127.602142
128.841614
130.085007
131.332291
132.583496
133.838608
135.097610
136.360535
137.627335
138.898087
140.172699
141.451233
142.733688
144.020020
145.310287
146.602966
147.889389
149.168030
150.438950
151.702072
152.957458
154.205109
155.444977
156.677109
157.901489
159.118103
160.326950
161.528076
162.721420
163.907028
165.084885
166.254974
167.417297
168.571884
169.718719
170.857788
171.989105
173.112671
174.228500
175.336548
176.436844
177.529388
178.614182
179.691238
180.760529
181.822052
182.875824
183.921860
184.960129
185.990646
187.013412
188.028412
189.035660
190.035156
191.026901
192.010895
192.987137
193.955612
194.916351
195.869308
196.814545
197.751999
198.681702
199.603653
200.517868
201.425034
202.326920
203.223602
204.115097
205.001389
205.882462
206.758362
207.629059
208.494537
209.354828
210.209930
211.059830
211.904526
212.744019
213.578308
214.407394
215.231308
216.049988
216.863495
217.671799
218.474899
219.272797
220.065491
220.853012
221.635315
222.412415
223.184326
223.951019
224.712524
225.468842
226.219955
226.965851
227.706573
228.442062
229.172394
229.897491
230.617401
231.332123
232.041626
232.745941
233.445068
234.138977
234.827698
235.511215
236.189529
236.862640
237.530579
238.193283
238.850800
239.503143
240.145950
240.774826
241.389816
241.990891
242.578094
243.151398
243.710800
244.256302
244.787933
245.305634
245.809464
246.299393
246.775436
247.237564
247.685806
248.120148
248.540604
248.947174
249.339828
249.718582
250.083466
250.434433
250.771530
251.094711
251.403992
251.699387
251.980896
252.248489
252.502213
252.742020
252.967941
253.179962
253.378098
253.562317
253.732666
253.889114
254.031662
254.160309
254.275055
254.375916
254.462891
0.000000
4.626347
8.505386
11.637119
14.021546
16.021755
18.000851
19.958824
21.895681
23.811419
25.706038
27.579536
29.431917
31.263180
33.073318
34.862347
36.630257
38.377041
40.102707
41.807255
43.490685
45.152992
46.794186
48.414257
50.013214
51.591049
53.147762
54.683361
56.197838
57.691204
59.163441
60.614559
62.044567
63.453442
64.841209
66.207855
67.553383
68.877785
70.181076
71.463249
72.724304
73.964233
75.183044
76.380745
77.557320
78.712776
79.847122
80.977119
82.119606
83.274567
84.442001
85.621910
86.814285
88.019135
89.236465
90.466263
91.708527
92.963272
94.230492
95.510178
96.802338
98.106972
99.424080
100.753662
102.095711
103.450241
104.817238
106.196701
107.588654
108.993065
110.409958
111.839325
113.281158
114.735466
116.202248
117.681503
119.173225
120.677422
122.194099
123.723244
125.264862
126.818954
128.385513
129.964554
131.556076
133.160034
134.776505
136.405426
138.046829
139.687363
141.313675
142.925766
144.523636
146.107300
147.676727
149.231964
150.772964
152.299744
153.812317
155.310669
156.794785
158.264694
159.720398
161.161880
162.589142
164.002182
165.401001
166.785599
168.155991
169.512161
170.854126
172.181854
173.495377
174.794662
176.079758
177.350616
178.607254
179.849686
181.077881
182.291870
183.491653
184.677200
185.848541
187.005661
188.148560
189.277252
190.391724
191.491974
192.577988
193.649796
194.707382
195.751312
196.782150
197.799896
198.804520
199.796082
200.774506
201.739853
202.692093
203.631241
204.557281
205.470230
206.370087
207.256836
208.130493
208.991028
209.838501
210.672852
211.494110
212.302261
213.097321
213.879288
214.648148
215.403900
216.146561
216.876144
217.592606
218.295975
218.986252
219.663422
220.327484
220.978470
221.616348
222.241104
222.852798
223.451370
224.036850
224.609238
225.168518
225.714691
226.247772
226.767776
227.274658
227.772461
228.265106
228.752640
229.235031
229.712311
230.184464
230.651489
231.113388
231.570175
232.021805
232.468338
232.909729
233.346008
233.777161
234.203186
234.624084
235.039871
235.450500
235.856033
236.256439
236.651718
237.041855
237.426880
237.806778
238.181549
238.551193
238.915726
239.275116
239.629395
239.978561
240.322571
240.661469
240.995239
241.323898
241.647415
241.965820
242.279083
242.587234
242.890244
243.188156
243.480911
243.768570
244.051086
244.328491
244.600769
244.867905
245.129929
245.386826
245.638596
245.885254
246.126755
246.363159
246.594421
246.820572
247.041595
247.257492
247.468262
247.673904
247.874420
248.069824
248.260086
248.445251
248.625259
248.800156
248.969925
249.134567
249.294083
249.448486
249.597748
249.741898
249.880920
250.014801
250.143585
250.267212
250.385742
250.499146
250.607407
250.710541
250.808563
250.901459
250.989227
251.071869
251.149399
