0.994281
0.002859
0.002859
0.002859
0.994281
0.002859
0.002859
0.002859
0.994281
0.000001
0.936250
1.872840
2.809770
3.747039
4.684649
5.622599
6.560889
7.499519
8.438489
9.377800
10.317450
11.257441
12.197770
13.138441
14.079452
15.020803
15.962495
16.904526
17.846893
18.789608
19.732656
20.676050
21.619780
22.563850
23.508263
24.453014
25.398108
26.343538
27.289310
28.234783
29.179329
30.122946
31.065632
32.007389
32.948215
33.888107
34.827072
35.765106
36.702209
37.638382
38.573627
39.507938
40.441322
41.373772
42.305294
43.235886
44.165546
45.094276
46.022079
46.948952
47.874889
48.799900
49.723976
50.647125
51.569344
52.490631
53.410992
54.330414
55.248913
56.166481
57.083115
57.998817
58.913597
59.827442
60.740360
61.652340
62.563400
63.473518
64.382713
65.290977
66.198318
67.104721
68.010178
68.914726
69.818527
70.721985
71.625122
72.527924
73.430397
74.332535
75.234352
76.135841
77.036987
77.937813
78.838303
79.738472
80.638298
81.537811
82.436989
83.335831
84.234344
85.132530
86.030388
86.927902
87.825104
88.721970
89.618507
90.514717
91.410591
92.306137
93.201355
94.096245
94.990799
95.885025
96.778923
97.672493
98.565727
99.458641
100.351219
101.243469
102.135391
103.026978
103.918236
104.809166
105.699760
106.590042
107.479973
108.369591
109.258865
110.148354
111.040260
111.934845
112.832077
113.731987
114.634544
115.539780
116.447662
117.358215
118.271439
119.187309
120.105850
121.027054
121.950920
122.877449
123.806641
124.738495
125.673012
126.610191
127.550034
128.492538
129.437714
130.385529
131.336029
132.289200
133.245026
134.203491
135.164642
136.128448
137.094925
138.064056
139.035843
140.010315
140.987442
141.967224
142.949661
143.934769
144.922546
145.912994
146.906082
147.901855
148.900269
149.901367
150.905106
151.911514
152.920288
153.928528
154.935532
155.941284
156.945831
157.949142
158.951233
159.952087
160.951706
161.950104
162.947266
163.943192
164.937881
165.931351
166.923599
167.914597
168.904373
169.892929
170.880234
171.866333
172.851181
173.834808
174.817200
175.798355
176.778290
177.757004
178.734482
179.710724
180.685730
181.659515
182.632065
183.603378
184.573471
185.542328
186.509949
187.476349
188.441528
189.405457
190.368164
191.329651
192.289886
193.248901
194.206680
195.163223
196.118561
197.072830
198.032242
198.999802
199.975525
200.959381
201.951370
202.951523
203.959808
204.976227
206.000809
207.033524
208.074387
209.123383
210.180542
211.245834
212.319260
213.400848
214.490570
215.588440
216.694458
217.808609
218.930908
220.061340
221.199936
222.346664
223.501541
224.664551
225.835724
227.015030
228.202484
229.398071
230.601807
231.813690
233.033707
234.261902
235.498199
236.742661
237.995255
239.255997
240.524887
241.801926
243.087097
244.380417
245.681885
246.991486
248.309250
0.000000
1.547874
3.071097
4.569668
6.043589
7.492857
8.917474
10.317439
11.692754
13.043416
14.369428
15.670787
16.947495
18.199553
19.426958
20.629711
21.818472
23.003901
24.185995
25.364756
26.540186
27.712282
28.881044
30.046473
31.208569
32.367332
33.522758
34.674858
35.823620
36.969051
38.111145
39.249908
40.385342
41.517437
42.646198
43.771629
44.893734
46.012489
47.127926
48.240021
49.348789
50.454216
51.556316
52.655083
53.750511
54.842609
55.931381
57.016808
58.098911
59.177673
60.253109
61.325207
62.393974
63.459408
64.521500
65.580269
66.635712
67.687805
68.736580
69.782013
70.824112
71.862877
72.898315
73.930405
74.959175
75.987869
77.019699
78.054703
79.092873
80.134186
81.178673
82.226311
83.277115
84.331078
85.388199
86.448479
87.511925
88.578529
89.648285
90.721214
91.797295
92.876541
93.958939
95.044502
96.133232
97.225113
98.320160
99.418358
100.519722
101.624245
102.731934
103.842781
104.956779
106.073944
107.194267
108.317757
109.444405
110.574203
111.707176
112.843300
113.982582
115.125031
116.270638
117.419403
118.571327
119.726410
120.884659
122.046059
123.210640
124.378365
125.549248
126.723289
127.900497
129.080872
130.260986
131.437500
132.610382
133.779617
134.945236
136.107224
137.265579
138.420303
139.571411
140.718872
141.862717
143.002930
144.139511
145.272446
146.401764
147.527466
148.649521
149.767960
150.882767
151.993942
153.101471
154.205399
155.305679
156.402344
157.495361
158.584763
159.670532
160.752670
161.831192
162.906067
163.977310
165.044937
166.108917
167.169296
168.226028
169.279129
170.328598
171.374451
172.416656
173.455246
174.490204
175.521530
176.549225
177.573303
178.593750
179.610550
180.623734
181.633301
182.639206
183.640793
184.637299
185.628784
186.615173
187.596512
188.572800
189.544022
190.510193
191.471298
192.427353
193.378342
194.324280
195.265152
196.200974
197.131714
198.057419
198.978073
199.893661
200.804184
201.709641
202.610031
203.505371
204.395676
205.280899
206.161072
207.036179
207.906235
208.771225
209.631165
210.486038
211.335861
212.180618
213.020325
213.854950
214.684540
215.509064
216.328537
217.142944
217.952286
218.756592
219.555817
220.349991
221.139099
221.923172
222.702164
223.476105
224.244980
225.008804
225.767563
226.526474
227.290634
228.060120
228.834869
229.614914
230.400253
231.190903
231.986816
232.788055
233.594559
234.406387
235.223480
236.045868
236.873566
237.706528
238.544815
239.388367
240.237228
241.091385
241.950836
242.815552
243.685593
244.560913
245.441544
246.327438
247.218643
248.115128
249.016922
249.923996
250.836365
251.754028
252.676987
253.605225
254.538788
255.000000
255.000000
255.000000
255.000000
255.000000
255.000000
255.000000
255.000000
255.000000
255.000000
0.000000
2.005007
3.907445
5.707312
7.404609
8.999336
10.491493
11.881079
13.215172
14.540847
15.858104
17.166943
18.467365
19.759367
21.042952
22.318119
23.584871
24.843203
26.093115
27.334610
28.567686
29.792347
31.008587
32.216412
33.415817
34.606808
35.789375
36.963528
38.129265
39.286579
40.435478
41.575954
42.708015
43.831665
44.946884
46.053696
47.152088
48.242058
49.323620
50.396748
51.461475
52.517773
53.565659
54.605114
55.636166
56.658791
57.673000
58.678791
59.676170
60.665127
61.647240
62.631977
63.620918
64.614059
65.611397
66.612930
67.618668
68.628609
69.642754
70.661095
71.683632
72.710365
73.741302
74.776443
75.815788
76.859329
77.907066
78.959000
80.015144
81.075485
82.140022
83.208755
84.281700
85.358841
86.440178
87.525719
88.615456
89.709396
90.807533
91.909882
93.016418
94.127151
95.242096
96.361237
97.484573
98.612114
99.743851
100.879784
102.019928
103.164268
104.312805
105.465546
106.622490
107.781624
108.940964
110.100494
111.260231
112.420166
113.580299
114.740631
115.901161
117.061890
118.222816
119.383942
120.545273
121.706795
122.868515
124.030434
125.192551
126.354874
127.517387
128.680099
129.843018
131.006134
132.169434
133.332947
134.496658
135.660568
136.824677
137.988968
139.153473
140.318192
141.483078
142.648178
143.813477
144.978973
146.144669
147.310562
148.476654
149.642944
150.809433
151.976135
153.143021
154.310104
155.477386
156.643707
157.802216
158.951752
160.092300
161.223877
162.346451
163.460083
164.564713
165.660385
166.747055
167.824753
168.893494
169.953232
171.004013
172.045807
173.078613
174.102463
175.117310
176.123199
177.120102
178.108032
179.086975
180.056961
181.017944
181.969955
182.912994
183.847061
184.772141
185.688232
186.595352
187.493500
188.382675
189.262878
190.134079
190.996323
191.849579
192.693863
193.529144
194.355484
195.172821
195.981201
196.780594
197.570999
198.358414
199.148712
199.941940
200.738083
201.537125
202.339096
203.143997
203.951813
204.762527
205.576172
206.392746
207.212234
208.034622
208.859940
209.688171
210.519348
211.353409
212.190399
213.030304
213.873138
214.718872
215.567535
216.419128
217.273636
218.131042
218.991379
219.854630
220.720810
221.589905
222.461899
223.336838
224.214676
225.095444
225.979111
226.865723
227.755234
228.647675
229.543030
230.441299
231.342484
232.246597
233.153625
234.063568
234.976425
235.892212
236.810913
237.732529
238.657059
239.584518
240.514877
241.448166
242.384369
243.323502
244.265549
245.210510
246.158386
247.109192
248.062897
249.019531
249.979065
250.941544
251.906937
252.875244
253.846466
254.820602
255.000000
255.000000
255.000000
255.000000
255.000000
255.000000
255.000000
255.000000
255.000000
255.000000
255.000000
255.000000
255.000000
