0.957446
0.021277
0.021277
0.021277
0.957446
0.021277
0.021277
0.021277
0.957446
0.000000
1.028885
2.056858
3.083920
4.110070
5.135310
6.159637
7.183053
8.205559
9.227152
10.247834
11.267605
12.286464
13.304412
14.321447
15.337574
16.352787
17.367739
18.383087
19.398827
20.414961
21.431488
22.448406
23.465721
24.483427
25.501526
26.520018
27.538904
28.558180
29.577852
30.597918
31.618376
32.639225
33.660473
34.682106
35.704140
36.726562
37.749374
38.772583
39.796188
40.820179
41.844570
42.869354
43.894531
44.920094
45.946056
46.972412
47.999153
49.026291
50.053833
51.081753
52.110069
53.138786
54.167896
55.197395
56.227276
57.257568
58.288250
59.319317
60.350777
61.382637
62.414890
63.447529
64.480560
65.514000
66.547829
67.581116
68.612953
69.643349
70.672295
71.699791
72.725838
73.750435
74.773582
75.795280
76.815521
77.834328
78.851677
79.867569
80.882019
81.895020
82.906570
83.916672
84.925323
85.932526
86.938271
87.942581
88.945427
89.946838
90.946785
91.945282
92.942345
93.937943
94.932098
95.924805
96.916061
97.905869
98.894226
99.881126
100.866592
101.850601
102.833153
103.814262
104.793922
105.772125
106.748886
107.724205
108.698059
109.670471
110.641426
111.610939
112.579010
113.545616
114.510780
115.474487
116.437645
117.401138
118.364960
119.329124
120.293617
121.258446
122.223610
123.189117
124.154945
125.121124
126.087624
127.054466
128.021637
128.989151
129.957001
130.925186
131.893707
132.862549
133.831741
134.801270
135.771103
136.741302
137.711838
138.682693
139.653885
140.625427
141.597290
142.569489
143.542023
144.514893
145.488098
146.461639
147.435516
148.409729
149.384277
150.359146
151.334366
152.309937
153.285812
154.262024
155.238586
156.215485
157.192703
158.170273
159.148163
160.126404
161.104965
162.083862
163.063110
164.042358
165.021362
166.000061
166.978485
167.956619
168.934494
169.912094
170.889404
171.866425
172.843170
173.819641
174.795837
175.771744
176.747360
177.722733
178.697800
179.672577
180.647095
181.621338
182.595276
183.568954
184.542358
185.515472
186.488312
187.460861
188.433136
189.405136
190.376846
191.348297
192.319443
193.290329
194.260925
195.231247
196.201294
197.171036
198.140518
199.109726
200.078659
201.047287
202.015656
202.983734
203.951553
204.919067
205.886307
206.853287
207.819962
208.786362
209.752502
210.718353
211.675217
212.614349
213.535767
214.439468
215.325485
216.193741
217.044327
217.877167
218.692307
219.489731
220.269440
221.031433
221.775711
222.502274
223.211136
223.902267
224.575684
225.231400
225.869400
226.489670
227.092239
227.677094
228.244232
228.793655
229.325348
229.839355
230.335648
230.814209
231.275055
231.718201
232.143616
232.551331
232.941330
233.313599
233.668167
234.005035
234.324158
234.625580
234.909286
235.175293
235.423569
235.654144
235.866989
0.000000
0.625329
1.783665
2.944161
4.106818
5.271636
6.438614
7.607753
8.779053
9.952512
11.128132
12.305913
13.485854
14.667957
15.852221
17.038643
18.227228
19.414812
20.598236
21.777506
22.952616
24.123566
25.290358
26.452991
27.611469
28.765787
29.915945
31.061947
32.203789
33.341469
34.474995
35.604362
36.729568
37.850620
38.967510
40.080242
41.188816
42.293236
43.393490
44.489586
45.581532
46.669312
47.752934
48.832401
49.907707
50.978859
52.045845
53.108677
54.167347
55.221863
56.272221
57.318420
58.360458
59.398338
60.432060
61.461624
62.487030
63.508274
64.525360
65.538292
66.547066
67.551682
68.552139
69.548431
70.541206
71.534256
72.528206
73.523071
74.518837
75.515503
76.513092
77.511574
78.510979
79.511284
80.512489
81.514610
82.517632
83.521561
84.526405
85.532150
86.538803
87.546364
88.554832
89.564209
90.574493
91.585686
92.597786
93.610786
94.624702
95.639526
96.655243
97.671890
98.689430
99.707878
100.727226
101.747490
102.768669
103.790749
104.813736
105.837624
106.862427
107.888130
108.914749
109.942268
110.970703
112.000038
113.030281
114.061432
115.093483
116.126457
117.160332
118.195107
119.230072
120.264511
121.298424
122.331802
123.364655
124.396973
125.428764
126.460030
127.490761
128.520966
129.550629
130.579773
131.608383
132.636475
133.664032
134.691055
135.717545
136.743500
137.768936
138.793839
139.818222
140.842056
141.865372
142.888168
143.910416
144.932144
145.953339
146.974014
147.994156
149.013763
150.032837
151.051376
152.069412
153.086884
154.103851
155.120270
156.136169
157.151535
158.166397
159.180695
160.194473
161.207733
162.220459
163.232651
164.244308
165.255432
166.266037
167.275940
168.284149
169.290497
170.294968
171.297562
172.298309
173.297165
174.294174
175.289307
176.282578
177.273987
178.263519
179.251190
180.236969
181.220917
182.202972
183.183167
184.161514
185.137970
186.112564
187.085297
188.056168
189.025162
189.992279
190.957535
191.920944
192.882446
193.842117
194.799911
195.755829
196.709900
197.662079
198.612396
199.560852
200.507446
201.452164
202.395020
203.336014
204.275116
205.212387
206.147766
207.081284
208.012939
208.942719
209.870621
210.796677
211.720871
212.643173
213.557816
214.458954
215.346603
216.220764
217.081421
217.928589
218.762283
219.582458
220.389160
221.182358
221.962082
222.728287
223.481018
224.220245
224.945984
225.658234
226.356979
227.042236
227.714020
228.372284
229.017075
229.648346
230.266159
230.870453
231.461273
232.038589
232.602417
233.152756
233.689590
234.212936
234.722794
235.219177
235.702042
236.171417
236.627304
237.069702
237.498596
237.914001
238.315918
238.704346
239.079285
239.440720
239.788651
240.123108
240.444077
240.751541
241.045502
241.325989
241.592987
0.000000
1.492100
2.952090
4.379972
5.775743
7.139404
8.470956
9.770397
11.037729
12.272952
13.476067
14.647068
15.801974
16.956804
18.111555
19.266226
20.420818
21.575329
22.729765
23.884121
25.038395
26.192591
27.346706
28.500746
29.654705
30.808586
31.962387
33.116104
34.269745
35.423309
36.576790
37.730198
38.883526
40.036774
41.189941
42.343029
43.496037
44.648964
45.801815
46.954590
48.107281
49.259895
50.412426
51.564880
52.717258
53.869553
55.021770
56.173908
57.325970
58.477951
59.629852
60.781620
61.931850
63.079987
64.226021
65.369965
66.511818
67.651573
68.789230
69.924797
71.058258
72.189636
73.318916
74.446098
75.571190
76.694183
77.815071
78.933876
80.050575
81.165192
82.277718
83.388130
84.496452
85.602692
86.706818
87.808868
88.908806
90.006653
91.102409
92.196060
93.287628
94.377098
95.464478
96.549751
97.632927
98.714012
99.793015
100.869904
101.944710
103.017410
104.088020
105.156891
106.226028
107.295799
108.366203
109.437233
110.508904
111.581184
112.654106
113.727654
114.801826
115.876633
116.952072
118.028130
119.104820
120.182144
121.260094
122.338676
123.417877
124.497719
125.578186
126.659279
127.740997
128.823364
129.906342
130.989944
132.074188
133.159073
134.244568
135.330673
136.417435
137.504837
138.592850
139.681473
140.770752
141.860657
142.951187
144.042358
145.134140
146.226547
147.319595
148.411652
149.498734
150.580688
151.657486
152.729156
153.795685
154.857071
155.913315
156.964417
158.010376
159.051178
160.086868
161.117401
162.142792
163.163040
164.178162
165.188126
166.192947
167.192627
168.187164
169.176575
170.160828
171.139954
172.113937
173.082764
174.046448
175.005020
175.958420
176.906693
177.849823
178.787811
179.720657
180.648361
181.570923
182.488342
183.400620
184.307755
185.209747
186.106598
186.998322
187.886063
188.770996
189.653122
190.532471
191.409012
192.282761
193.153702
194.021851
194.887177
195.749725
196.609467
197.466385
198.320541
199.171875
200.020416
200.866165
201.709091
202.549240
203.386581
204.221100
205.052856
205.881805
206.707932
207.531281
208.351807
209.169556
209.984482
210.796616
211.605957
212.412491
213.216232
214.017181
214.815308
215.610641
216.403198
217.192932
217.979858
218.763992
219.545334
220.323868
221.099609
221.872543
222.642685
223.410019
224.174545
224.936279
225.695221
226.451355
227.204712
227.955246
228.702957
229.447906
230.190033
230.929382
231.665909
232.399643
233.130585
233.858719
234.584061
235.306580
236.026321
236.743256
237.457397
238.168732
238.877258
239.582993
240.285934
240.986069
241.683380
242.377930
243.069656
243.758591
244.444733
245.128067
245.808594
246.486328
247.161270
247.833389
248.502731
249.169266
249.832993
250.493927
251.152054
251.807388
252.459915
