0.995823
0.002089
0.002089
0.002089
0.995823
0.002089
0.002089
0.002089
0.995823
0.000000
1.634512
3.176905
4.627182
5.985342
7.251383
8.425307
9.507113
10.543049
11.579359
12.616045
13.653105
14.690540
15.728351
16.766535
17.805096
18.844032
19.883345
20.923031
21.963091
23.003527
24.044338
25.085524
26.127083
27.169022
28.211332
29.254019
30.297077
31.340513
32.384323
33.428516
34.473076
35.518013
36.563320
37.609009
38.655018
39.700058
40.743610
41.785675
42.826248
43.865337
44.902935
45.939049
46.973671
48.006805
49.038456
50.068615
51.097286
52.124470
53.150166
54.174374
55.197094
56.218327
57.238068
58.256329
59.273094
60.288376
61.302162
62.314472
63.325291
64.334618
65.342453
66.348808
67.353691
68.357208
69.359383
70.360199
71.359688
72.357819
73.354607
74.350044
75.344147
76.336884
77.328293
78.318352
79.307060
80.294418
81.280434
82.265114
83.248436
84.230415
85.211052
86.190331
87.168274
88.144867
89.120117
90.094017
91.066566
92.037781
93.007637
93.976166
94.946518
95.926506
96.916489
97.916466
98.926430
99.946381
100.976318
102.016251
103.066170
104.126076
105.195976
106.275864
107.365746
108.465614
109.575470
110.695320
111.825157
112.964973
114.114792
115.274597
116.444389
117.624176
118.813950
120.013710
121.223457
122.443199
123.672935
124.912651
126.152824
127.383919
128.605927
129.818832
131.022659
132.217407
133.403061
134.579651
135.747116
136.905533
138.054840
139.195068
140.326233
141.448288
142.561249
143.665146
144.759949
145.845673
146.922302
147.989853
149.048309
150.097687
151.137985
152.169189
153.191299
154.204346
155.208282
156.203140
157.188934
158.165619
159.133224
160.091751
161.041183
161.981537
162.912796
163.834976
164.748062
165.652084
166.547012
167.432831
168.309601
169.177261
170.035828
170.885345
171.725739
172.557068
173.379303
174.192459
174.996521
175.791504
176.577408
177.354218
178.121948
178.880585
179.630127
180.370605
181.101990
181.824280
182.537491
183.241623
183.936676
184.622620
185.299484
185.967285
186.625977
187.275574
187.916122
188.547562
189.169922
189.783188
190.387375
190.982468
191.568481
192.145416
192.713272
193.272018
193.821701
194.362274
194.893799
195.416199
195.929520
196.433792
196.928925
197.415024
197.892014
198.359909
198.818741
199.268448
199.709106
200.140671
200.563141
200.976532
201.380829
201.776062
202.162201
202.539246
202.907196
203.266083
203.615875
203.956573
204.288193
204.610733
204.924194
205.228546
205.523834
205.810028
206.087143
206.355164
206.614090
206.863937
207.104706
207.336395
207.558990
207.772491
207.976913
208.172256
208.358505
208.535675
208.703751
208.862747
209.012665
209.153488
209.285233
209.407883
209.521454
209.625931
209.721329
209.807648
209.884872
209.953018
210.012070
210.062027
210.102921
210.134735
210.157440
210.171066
210.175598
0.000000
0.353314
1.544051
2.710657
3.853134
4.971480
6.065697
7.135782
8.181740
9.203566
10.211172
11.214469
12.213457
13.208135
14.198502
15.184560
16.166309
17.143745
18.116875
19.085693
20.050203
21.010403
21.966291
22.917873
23.865145
24.808104
25.746756
26.681095
27.611128
28.536846
29.458260
30.375360
31.290474
32.209255
33.131973
34.058620
34.989201
35.923710
36.862152
37.804523
38.750835
39.701069
40.655239
41.613338
42.575371
43.541332
44.511230
45.485058
46.462814
47.444504
48.430126
49.419678
50.413162
51.410580
52.411407
53.412525
54.413410
55.414062
56.414490
57.414684
58.414646
59.414375
60.413876
61.413143
62.412182
63.410992
64.409569
65.407913
66.406029
67.403908
68.401558
69.398979
70.396172
71.393127
72.389854
73.386360
74.382683
75.379921
76.378548
77.378563
78.379951
79.382721
80.386879
81.392410
82.399323
83.407623
84.417305
85.428360
86.440811
87.454636
88.469833
89.486420
90.504395
91.523743
92.544472
93.566589
94.590080
95.614952
96.641220
97.664886
98.682030
99.692627
100.696678
101.694191
102.685165
103.669601
104.647491
105.618843
106.583649
107.541916
108.493637
109.438828
110.377472
111.309570
112.235138
113.154160
114.066635
114.972572
115.871971
116.764832
117.651138
118.530914
119.404152
120.270844
121.130997
121.984604
122.831680
123.672211
124.506187
125.333641
126.154541
126.968903
127.776733
128.578003
129.372757
130.160950
130.942612
131.717712
132.486298
133.248337
134.003815
134.752777
135.495193
136.231064
136.960403
137.683182
138.399429
139.109131
139.812302
140.508926
141.199005
141.882568
142.559555
143.230011
143.893936
144.551315
145.202148
145.846451
146.484192
147.115417
147.740082
148.358215
148.969803
149.574860
150.173355
150.765335
151.350754
151.929642
152.501984
153.067795
153.627045
154.179764
154.725952
155.265579
155.798691
156.325256
156.845261
157.358734
157.865662
158.366058
158.859894
159.347214
159.828003
160.302216
160.769913
161.231049
161.685638
162.133713
162.575256
163.010223
163.438660
163.860550
164.275909
164.684738
165.087006
165.482742
165.871933
166.254593
166.630707
167.000275
167.363297
167.719788
168.069748
168.413147
168.750015
169.080353
169.404114
169.721359
170.032059
170.336227
170.633850
170.924927
171.209442
171.487442
171.758896
172.023819
172.282196
172.534027
172.779312
173.018066
173.250275
173.475937
173.695068
173.907639
174.113678
174.313202
174.506149
174.692581
174.872452
175.045792
175.212601
175.372849
175.526566
175.673721
175.814377
175.948471
176.076019
176.197037
176.311493
176.419434
176.520798
176.615646
176.703949
176.785721
176.860947
176.929626
176.991760
177.047363
177.096436
177.138931
177.174911
177.204361
177.227249
177.243607
177.253403
177.256683
0.000000
1.212777
2.379772
3.519537
4.650627
5.773041
6.886778
7.991840
9.088227
10.175938
11.254972
12.325330
13.387014
14.440022
15.484353
16.520008
17.546989
18.565292
19.579645
20.594767
21.610657
22.627317
23.644747
24.662945
25.681913
26.701654
27.722162
28.743443
29.765490
30.788307
31.811895
32.836254
33.861382
34.892590
35.935200
36.989208
38.054615
39.131420
40.219624
41.319225
42.430225
43.552624
44.686424
45.831615
46.988209
48.156204
49.335590
50.526382
51.715580
52.890190
54.050220
55.195663
56.326527
57.442806
58.544498
59.631611
60.704136
61.762077
62.805435
63.834209
64.848396
65.848015
66.833031
67.808228
68.778358
69.743423
70.703430
71.658363
72.608231
73.553032
74.492767
75.427444
76.357048
77.281586
78.201057
79.115463
80.024803
80.929077
81.828285
82.722427
83.611504
84.495522
85.374466
86.248344
87.117149
87.980904
88.839584
89.693199
90.541748
91.385231
92.223640
93.056992
93.885284
94.708504
95.526657
96.339745
97.147758
97.950722
98.748611
99.541435
100.329193
101.111877
101.889511
102.662071
103.429550
104.191986
104.949348
105.701653
106.448868
107.191040
107.928131
108.660172
109.387131
110.109032
110.825874
111.537636
112.244339
112.945976
113.642540
114.334045
115.020493
115.701859
116.378166
117.049408
117.715576
118.376686
119.032722
119.683701
120.329620
120.970459
121.606239
122.236946
122.862610
123.483177
124.098694
124.709145
125.314522
125.914848
126.510094
127.100273
127.685402
128.265457
128.840454
129.410355
129.975220
130.535004
131.089722
131.639374
132.183975
132.723511
133.257965
133.787354
134.311676
134.830933
135.345154
135.854263
136.358322
136.857330
137.351257
137.840134
138.323914
138.802658
139.276321
139.744934
140.208466
140.666931
141.120346
141.568665
142.011948
142.450165
142.883286
143.311371
143.734375
144.152313
144.565186
144.973007
145.375748
145.773438
146.166046
146.553589
146.936066
147.313477
147.685822
148.053116
148.415329
148.772476
149.124557
149.471573
149.813522
150.150436
150.482239
150.808990
151.130692
151.447311
151.758865
152.065369
152.366776
152.663132
152.954437
153.240677
153.521820
153.797928
154.068954
154.334915
154.595810
154.851654
155.102417
155.348099
155.588730
155.824326
156.054810
156.280228
156.500626
156.715912
156.926147
157.131332
157.331436
157.526474
157.716431
157.901352
158.081207
158.255981
158.425690
158.590332
158.749908
158.904419
159.053879
159.198242
159.337555
159.471802
159.600983
159.725098
159.844162
159.958130
160.067047
160.170898
160.269699
160.363434
160.452072
160.535675
160.614197
160.687637
160.756027
160.819366
160.877625
160.930801
160.978943
161.022003
161.059998
161.092911
161.120773
161.143570
161.161316
161.173981
161.181580
161.184113
