0.974156
0.012922
0.012922
0.012922
0.974156
0.012922
0.012922
0.012922
0.974156
0.000000
1.200696
2.399302
3.595815
4.790239
5.982572
7.172813
8.360963
9.547024
10.730992
11.912872
13.092659
14.270354
15.445962
16.617592
17.783363
18.943275
20.097326
21.245522
22.387854
23.524328
24.654942
25.779697
26.898594
28.011629
29.118807
30.220121
31.315580
32.405178
33.488914
34.566795
35.638817
36.704979
37.765278
38.819721
39.868301
40.911022
41.947884
42.978889
44.004028
45.023315
46.036743
47.044308
48.046013
49.041859
50.031841
51.015976
51.994240
52.966648
53.933201
54.893890
55.848721
56.797691
57.740803
58.678055
59.609444
60.534977
61.454647
62.368462
63.276421
64.182144
65.089302
65.997871
66.907860
67.819267
68.732094
69.646339
70.562012
71.479088
72.397591
73.317513
74.238853
75.161606
76.085785
77.011383
77.938393
78.866829
79.796684
80.727951
81.660645
82.594757
83.530281
84.467216
85.405586
86.345367
87.286568
88.229195
89.173225
90.118683
91.065567
92.013855
92.963570
93.914703
94.867249
95.821220
96.776611
97.733421
98.691650
99.651291
100.612350
101.574844
102.538742
103.504059
104.470802
105.438957
106.408531
107.379044
108.350021
109.321465
110.293365
111.265739
112.238556
113.211853
114.185608
115.159821
116.134499
117.109634
118.085236
119.061302
120.037827
121.014809
121.992264
122.970177
123.948547
124.927383
125.906685
126.886444
127.866684
128.847366
129.828522
130.810120
131.792191
132.774719
133.757721
134.741180
135.725098
136.709488
137.694336
138.679642
139.665405
140.651642
141.638336
142.625504
143.613129
144.601212
145.589752
146.578766
147.568222
148.558167
149.548538
150.539413
151.530731
152.521255
153.509750
154.496216
155.480637
156.463028
157.443390
158.421707
159.397995
160.372253
161.344467
162.314636
163.282806
164.248901
165.212997
166.175018
167.135040
168.093002
169.048950
170.002853
170.954712
171.904541
172.852341
173.798096
174.741837
175.683533
176.623184
177.560806
178.496399
179.429947
180.361450
181.290955
182.218384
183.143799
184.067184
184.988510
185.907822
186.825104
187.740341
188.653534
189.564713
190.473831
191.380936
192.286011
193.189026
194.090027
194.988983
195.887878
196.788727
197.691528
198.596252
199.502914
200.411530
201.322067
202.234573
203.149002
204.065369
204.983688
205.903946
206.826141
207.750259
208.676346
209.604370
210.534317
211.466202
212.400040
213.335831
214.273544
215.213196
216.154785
217.098328
218.043808
218.991211
219.940582
220.891876
221.845123
222.800293
223.757416
224.716476
225.677475
226.640427
227.605301
228.572113
229.540878
230.511597
231.484222
232.458801
233.435333
234.413803
235.394196
236.376526
237.360825
238.347046
239.335205
240.325302
241.317352
242.311340
243.307266
244.305145
245.304947
246.306686
247.310364
248.316010
249.323563
250.333069
0.000000
0.960513
1.934535
2.922066
3.923106
4.937655
5.965713
7.007279
8.062354
9.130939
10.213033
11.308634
12.417745
13.540366
14.676494
15.826130
16.989281
18.165934
19.356100
20.559771
21.766647
22.966431
24.159119
25.344707
26.523201
27.694599
28.858900
30.016106
31.166214
32.309227
33.445145
34.573963
35.695686
36.810310
37.917847
39.018280
40.111618
41.197861
42.277004
43.349052
44.414005
45.471863
46.522621
47.566284
48.602856
49.632324
50.654701
51.669975
52.678162
53.679249
54.673237
55.660130
56.639919
57.612621
58.578228
59.536736
60.488148
61.432461
62.369682
63.299805
64.222832
65.138763
66.047592
66.949341
67.844269
68.738922
69.635963
70.535393
71.437210
72.341408
73.247993
74.156967
75.068321
75.982071
76.898201
77.816727
78.737625
79.660919
80.586586
81.514648
82.445099
83.377930
84.313148
85.250755
86.190750
87.133133
88.077896
89.025040
89.974579
90.926506
91.880821
92.837517
93.796593
94.758064
95.721916
96.688156
97.656784
98.627800
99.601196
100.576981
101.555145
102.535706
103.518654
104.503975
105.491684
106.481796
107.474281
108.469154
109.466408
110.465759
111.465309
112.464752
113.464111
114.463364
115.462517
116.461586
117.460541
118.459412
119.458183
120.456848
121.455421
122.453903
123.452278
124.450554
125.448738
126.446823
127.444809
128.442703
129.440491
130.438187
131.435776
132.433289
133.430695
134.427979
135.425186
136.422302
137.419327
138.416229
139.413040
140.409760
141.406387
142.402908
143.399338
144.395676
145.391907
146.388031
147.384064
148.380005
149.375854
150.371597
151.367233
152.362778
153.358231
154.353592
155.348190
156.340439
157.330276
158.317673
159.302658
160.285202
161.265335
162.243057
163.218338
164.191208
165.161652
166.129669
167.095276
168.058441
169.019196
169.977524
170.933426
171.886902
172.837967
173.786591
174.732803
175.676590
176.617950
177.556900
178.493423
179.427521
180.359192
181.288437
182.215271
183.139664
184.061646
184.981216
185.898331
186.813049
187.725342
188.635208
189.542648
190.447662
191.350250
192.250443
193.148178
194.043503
194.936417
195.826904
196.714935
197.602722
198.492325
199.383774
200.277054
201.172195
202.069153
202.967972
203.868622
204.771118
205.675461
206.581635
207.489639
208.399506
209.311188
210.224731
211.140106
212.057327
212.976395
213.897308
214.820038
215.744629
216.671066
217.599319
218.529434
219.461380
220.395172
221.330795
222.268265
223.207581
224.148743
225.091736
226.036575
226.983246
227.931778
228.882111
229.834320
230.788361
231.744247
232.701981
233.661530
234.622940
235.586166
236.551254
237.518204
238.486969
239.457565
240.430038
241.404312
242.380447
243.358429
244.338226
245.319885
246.303391
247.288727
248.275909
249.264923
250.255783
0.000000
1.157962
2.318032
3.480208
4.644492
5.810884
6.979382
8.149986
9.322699
10.497519
11.674445
12.853480
14.034621
15.217869
16.403223
17.587349
18.766901
19.941877
21.112282
22.278116
23.439379
24.596069
25.748182
26.895729
28.038700
29.177099
30.310926
31.440182
32.564861
33.684971
34.800510
35.911476
37.017872
38.119690
39.216934
40.309612
41.397713
42.481251
43.560204
44.634594
45.704407
46.769646
47.830318
48.886414
49.937939
50.984890
52.027267
53.065071
54.098312
55.126980
56.151070
57.170586
58.185528
59.195904
60.201702
61.202930
62.201492
63.199306
64.196373
65.192673
66.188240
67.183037
68.177094
69.170403
70.162949
71.154747
72.145790
73.136086
74.125626
75.114418
76.102455
77.089737
78.076271
79.062050
80.047081
81.031357
82.014885
82.997658
83.979675
84.960945
85.941460
86.921234
87.900246
88.878502
89.856010
90.832764
91.808777
92.784019
93.758522
94.732277
95.705269
96.677513
97.649002
98.619743
99.589729
100.558968
101.527451
102.496048
103.465660
104.436272
105.407883
106.380493
107.354103
108.328712
109.304329
110.280945
111.258560
112.237175
113.216797
114.197418
115.179031
116.161652
117.145271
118.129890
119.115524
120.102142
121.089767
122.078392
123.068016
124.058647
125.050270
126.042900
127.036530
128.031158
129.026794
130.023422
131.021057
132.019684
133.019333
134.019958
135.021606
136.024246
137.027878
138.032516
139.038162
140.044800
141.052444
142.061096
143.068039
144.070587
145.068756
146.062515
147.051880
148.036865
149.017456
149.993652
150.965454
151.932861
152.895874
153.854507
154.808731
155.758560
156.704010
157.645065
158.581726
159.513977
160.441864
161.365326
162.284409
163.199112
164.109406
165.015305
165.916824
166.813934
167.706665
168.595001
169.478943
170.358490
171.233643
172.104401
172.970764
173.832733
174.690323
175.543518
176.392303
177.236710
178.076721
178.912338
179.743546
180.573563
181.405579
182.239578
183.075562
183.913528
184.753494
185.595428
186.439362
187.285294
188.133209
188.983124
189.835007
190.688889
191.544754
192.402618
193.262451
194.124283
194.988098
195.853912
196.721710
197.591492
198.463257
199.337036
200.212784
201.090515
201.970245
202.851959
203.735657
204.621353
205.509033
206.398697
207.290359
208.184006
209.079636
209.977249
210.876862
211.778458
212.682053
213.587616
214.495178
215.404724
216.316269
217.229797
218.145325
219.062820
219.982315
220.903793
221.827271
222.752716
223.680161
224.609589
225.541016
226.474426
227.409836
228.347214
229.286575
230.227951
231.171295
232.116638
233.063965
234.013290
234.964584
235.917877
236.873169
237.830429
238.789688
239.750931
240.714172
241.679382
242.646606
243.615799
244.586975
245.560150
246.535324
247.512466
248.491623
249.472748
