0.939055
0.030472
0.030472
0.030472
0.939055
0.030472
0.030472
0.030472
0.939055
0.000000
1.039569
2.078627
3.117173
4.155209
5.192732
6.229745
7.266247
8.302238
9.337718
10.372685
11.407143
12.441088
13.474524
14.507444
15.539857
16.571760
17.603148
18.634027
19.664394
20.694252
21.723598
22.752430
23.780750
24.808521
25.835699
26.862286
27.888281
28.913683
29.938492
30.962709
31.986334
33.009369
34.031811
35.053658
36.074913
37.095577
38.115650
39.135124
40.154015
41.172310
42.190014
43.207123
44.223644
45.239571
46.254902
47.269646
48.283798
49.297356
50.310318
51.322693
52.334473
53.345665
54.356258
55.366264
56.375675
57.384495
58.392719
59.400356
60.407398
61.413849
62.419708
63.424973
64.429649
65.433739
66.437225
67.440117
68.442429
69.444130
70.445259
71.445786
72.445724
73.445068
74.443810
75.441971
76.439537
77.436516
78.432899
79.428703
80.423874
81.418098
82.411240
83.403290
84.394249
85.384109
86.372879
87.360558
88.347145
89.332634
90.317039
91.300346
92.282570
93.263695
94.243729
95.222672
96.200516
97.177277
98.152946
99.127518
100.100990
101.073380
102.044678
103.014893
103.983994
104.952019
105.918945
106.884781
107.849525
108.813179
109.775734
110.737206
111.697586
112.656868
113.615059
114.572159
115.528168
116.483086
117.436913
118.389633
119.341278
120.291817
121.241272
122.189636
123.136909
124.083084
125.028175
125.972160
126.915070
127.856880
128.797607
129.737213
130.675751
131.613205
132.549530
133.484802
134.419144
135.353531
136.288116
137.222946
138.158005
139.093262
140.028763
140.964478
141.900406
142.836548
143.772934
144.709518
145.646332
146.583374
147.520630
148.458115
149.395813
150.333725
151.271866
152.210220
153.148804
154.087616
155.026642
155.965881
156.905350
157.845016
158.784943
159.725067
160.665405
161.605988
162.546768
163.487778
164.429001
165.370453
166.312134
167.254028
168.196152
169.138474
170.081039
171.023804
171.966812
172.910019
173.853470
174.797119
175.741013
176.685104
177.629440
178.573990
179.518753
180.463730
181.408936
182.354355
183.300003
184.245880
185.191971
186.138275
187.085556
188.035614
188.988556
189.944382
190.903046
191.864609
192.829025
193.796326
194.766495
195.739532
196.715439
197.694229
198.675888
199.660400
200.647812
201.638077
202.631226
203.627243
204.626129
205.627884
206.632523
207.640030
208.650391
209.663651
210.679749
211.698746
212.720612
213.745346
214.772949
215.803421
216.836761
217.872986
218.912079
219.954041
220.998871
222.046585
223.097153
224.150604
225.206940
226.266129
227.328201
228.393127
229.460953
230.531616
231.605179
232.681610
233.760910
234.843063
235.928116
237.016022
238.106812
239.200470
240.296982
241.396378
242.498657
243.603806
244.713669
245.830093
246.953079
248.082642
249.218781
250.361465
251.510727
252.666550
253.828934
0.000000
1.269766
2.531199
3.784300
5.029069
6.265506
7.493609
8.713381
9.924822
11.127929
12.322702
13.509146
14.687256
15.857035
17.018478
18.171593
19.316376
20.452822
21.580938
22.700724
23.812176
24.915293
26.013540
27.110376
28.205803
29.299818
30.392420
31.483614
32.573395
33.661762
34.748722
35.834270
36.918404
38.001129
39.082443
40.162346
41.240837
42.317921
43.393589
44.467842
45.540691
46.612129
47.682152
48.750759
49.817963
50.883755
51.948135
53.011105
54.072662
55.132809
56.191544
57.248867
58.304783
59.359280
60.412369
61.464050
62.514317
63.563171
64.610619
65.656647
66.701271
67.744492
68.786293
69.826683
70.865662
71.903221
72.939384
73.974129
75.007462
76.039383
77.069893
78.098991
79.126686
80.152962
81.177826
82.201286
83.223335
84.244530
85.266273
86.288635
87.311607
88.335182
89.359375
90.384178
91.409584
92.435600
93.462234
94.489479
95.517326
96.545784
97.574860
98.604538
99.634834
100.665733
101.697243
102.729362
103.762093
104.795441
105.829399
106.863953
107.899132
108.934914
109.971306
111.008308
112.045929
113.084152
114.122986
115.162430
116.202477
117.243149
118.284431
119.326302
120.368805
121.411903
122.455635
123.499954
124.544891
125.590439
126.636597
127.683365
128.730743
129.778717
130.827332
131.876526
132.926346
133.976776
135.027817
136.079468
137.131729
138.184601
139.238068
140.292160
141.346512
142.399124
143.449646
144.498062
145.544403
146.588638
147.630783
148.670837
149.708801
150.744675
151.778442
152.810135
153.839752
154.867249
155.892654
156.915985
157.937225
158.956360
159.973389
160.988342
162.001205
163.011978
164.020660
165.027237
166.031738
167.034149
168.034439
169.032669
170.028793
171.022827
172.014771
173.004623
173.992386
174.978058
175.961624
176.943100
177.922501
178.899796
179.875000
180.848114
181.819153
182.788086
183.754913
184.719666
185.682327
186.642883
187.601364
188.557739
189.512024
190.464218
191.414337
192.362335
193.308258
194.252075
195.193817
196.133484
197.071732
198.008820
198.944717
199.879471
200.813065
201.745483
202.676727
203.606827
204.535751
205.463501
206.390091
207.315521
208.239777
209.162872
210.084793
211.005569
211.925140
212.843582
213.760849
214.676941
215.591888
216.505646
217.418259
218.329681
219.239960
220.149063
221.056992
221.963776
222.869385
223.773819
224.677109
225.579208
226.480164
227.379929
228.278564
229.175995
230.072281
230.967392
231.861359
232.754135
233.645752
234.536209
235.425491
236.313614
237.200577
238.086365
238.970993
239.854446
240.736755
241.617874
242.497833
243.376633
244.254257
245.130722
246.006012
246.863373
247.685989
248.473846
249.226974
249.945343
250.628983
251.277893
251.892059
252.471466
253.016144
253.526077
254.001282
254.441727
0.000000
0.923052
2.716399
4.454952
6.138709
7.767671
9.341836
10.861206
12.325782
13.735561
15.090546
16.390736
17.636127
18.826725
19.962524
21.043533
22.069744
23.069855
24.072557
25.077856
26.085749
27.096231
28.109310
29.124985
30.143251
31.164112
32.187569
33.213615
34.242256
35.273491
36.307323
37.343742
38.382759
39.424374
40.468578
41.515377
42.564770
43.616749
44.671329
45.728500
46.788273
47.850632
48.915588
49.983135
51.053276
52.126015
53.201340
54.279263
55.359779
56.442894
57.528599
58.616894
59.707783
60.801270
61.897354
62.996025
64.097282
65.201157
66.307602
67.416649
68.528297
69.642532
70.759361
71.878784
73.000816
74.125420
75.252632
76.382423
77.514076
78.645767
79.777428
80.909035
82.040604
83.172142
84.303627
85.435081
86.566490
87.697868
88.829193
89.960487
91.091728
92.222939
93.354103
94.485237
95.616318
96.747368
97.878372
99.009338
100.140266
101.271156
102.402000
103.532799
104.663567
105.794289
106.924973
108.055618
109.186211
110.316772
111.447304
112.577782
113.708229
114.838623
115.968987
117.099304
118.229584
119.359818
120.490021
121.620178
122.750298
123.880379
125.010414
126.140404
127.270363
128.400284
129.530151
130.659988
131.789795
132.919540
134.049255
135.178452
136.304459
137.426819
138.545502
139.660553
140.771912
141.879623
142.983688
144.084091
145.180817
146.273895
147.363312
148.449081
149.531174
150.609619
151.684402
152.755508
153.822983
154.886765
155.946915
157.003403
158.056229
159.105377
160.150894
161.192734
162.230911
163.265442
164.296310
165.323517
166.347061
167.366943
168.383179
169.395752
170.404648
171.409897
172.411499
173.409409
174.403687
175.394302
176.381241
177.364548
178.344177
179.320145
180.292450
181.261108
182.226105
183.187439
184.145111
185.099136
186.049484
186.996170
187.939209
188.878601
189.814377
190.746490
191.675003
192.599869
193.521088
194.438690
195.352676
196.263016
197.169708
198.072784
198.972214
199.868027
200.760193
201.648727
202.533646
203.414932
204.292557
205.166565
206.036957
206.903702
207.766800
208.626282
209.482132
210.334335
211.182922
212.027878
212.869202
213.706863
214.540924
215.371353
216.198135
217.021286
217.840805
218.656693
219.468964
220.277573
221.082565
221.883926
222.681641
223.475739
224.266205
225.053024
225.836227
226.615784
227.391708
228.164017
228.932663
229.697708
230.459106
231.216873
231.970901
232.721085
233.467422
234.209930
234.948593
235.683426
236.414413
237.141556
237.864853
238.584320
239.299942
240.011719
240.719650
241.423752
242.123993
242.820404
243.512985
244.201721
244.886612
245.567657
246.244873
246.918243
247.587769
248.253448
248.915298
249.573303
250.227463
250.877777
251.524261
252.166901
252.805710
253.440659
254.071793
254.699051
