0.974029
0.012985
0.012985
0.012985
0.974029
0.012985
0.012985
0.012985
0.974029
0.000000
1.163487
2.297905
3.403251
4.479528
5.526733
6.544868
7.533932
8.493925
9.440256
10.388332
11.338151
12.289716
13.243025
14.198077
15.154875
16.113417
17.073704
18.035734
18.999508
19.965029
20.932295
21.901302
22.872055
23.844555
24.818798
25.794783
26.772516
27.751993
28.733212
29.716177
30.700886
31.687344
32.675541
33.665485
34.657173
35.650604
36.645782
37.642704
38.641369
39.641777
40.643929
41.646984
42.650105
43.653290
44.656532
45.659840
46.663204
47.666637
48.670128
49.673687
50.677303
51.680981
52.684719
53.688522
54.692387
55.696316
56.700306
57.704357
58.708469
59.712646
60.716881
61.721184
62.725544
63.729969
64.734451
65.739006
66.743614
67.748283
68.753021
69.757812
70.762672
71.767593
72.772575
73.777618
74.782661
75.787628
76.792503
77.797302
78.802017
79.806664
80.811218
81.815704
82.820114
83.824432
84.828674
85.832848
86.836929
87.840942
88.844872
89.848717
90.852493
91.856186
92.859795
93.863335
94.866791
95.870163
96.873459
97.876678
98.879814
99.882874
100.885857
101.888748
102.891579
103.894325
104.896988
105.899574
106.902077
107.903358
108.902298
109.898880
110.893112
111.884987
112.874512
113.861679
114.846497
115.828957
116.809067
117.786827
118.762230
119.735283
120.705978
121.674316
122.640312
123.603951
124.565231
125.524170
126.480743
127.434959
128.386841
129.336349
130.283524
131.228333
132.170792
133.110886
134.048645
134.984055
135.917084
136.847778
137.776108
138.702103
139.627045
140.552261
141.477722
142.403442
143.329422
144.255676
145.182175
146.108932
147.035965
147.963257
148.890793
149.818619
150.746704
151.675018
152.603607
153.532486
154.461594
155.390976
156.320602
157.250504
158.180664
159.111099
160.041779
160.972717
161.903931
162.835403
163.767120
164.699112
165.631348
166.563858
167.496643
168.429672
169.362961
170.296524
171.230331
172.164413
173.098755
174.033356
174.968201
175.903336
176.838730
177.774368
178.710281
179.646423
180.582855
181.519547
182.456497
183.393707
184.331177
185.268906
186.206909
187.145157
188.083679
189.022446
189.961487
190.900787
191.840347
192.780182
193.720261
194.660599
195.601212
196.542068
197.483185
198.424591
199.366241
200.308136
201.250320
202.192749
203.135437
204.078384
205.021622
205.965088
206.908829
207.852829
208.797089
209.741608
210.686386
211.631424
212.576736
213.522293
214.468124
215.414215
216.360550
217.307175
218.254028
219.201172
220.148560
221.096207
222.044128
222.992310
223.940735
224.889450
225.838394
226.787613
227.737106
228.686844
229.636841
230.587112
231.537628
232.488434
233.439468
234.390793
235.342346
236.294174
237.246262
238.198624
239.151230
240.104111
241.057236
242.010651
242.964310
243.918213
244.872406
245.826843
246.781555
0.000000
0.938985
1.899204
2.880658
3.883347
4.907269
5.952426
7.018817
8.106445
9.215303
10.345399
11.496728
12.656258
13.810961
14.960836
16.105885
17.246101
18.381491
19.512054
20.637787
21.758692
22.874769
23.986019
25.092438
26.194031
27.290792
28.382730
29.469835
30.552114
31.629564
32.702187
33.769981
34.832947
35.891079
36.944393
37.992870
39.036526
40.075348
41.109344
42.138508
43.162849
44.183865
45.205254
46.227173
47.249630
48.272617
49.296139
50.320194
51.344788
52.369911
53.395573
54.421768
55.448494
56.475754
57.503551
58.531883
59.560749
60.590149
61.620087
62.650551
63.681553
64.713097
65.745163
66.777771
67.810913
68.844582
69.878792
70.913536
71.948814
72.984619
74.020683
75.055267
76.088097
77.119164
78.148476
79.176025
80.201820
81.225853
82.248131
83.268646
84.287407
85.304405
86.319649
87.333130
88.344849
89.354820
90.363029
91.369469
92.374161
93.377083
94.378258
95.377678
96.375320
97.371223
98.365356
99.357735
100.348358
101.337219
102.324318
103.309753
104.295425
105.282127
106.269852
107.258598
108.248375
109.239182
110.231003
111.223862
112.217743
113.212646
114.208572
115.205528
116.203506
117.202522
118.202553
119.203613
120.205696
121.208809
122.212944
123.218102
124.224289
125.231506
126.239746
127.249008
128.259293
129.270615
130.282959
131.296310
132.310715
133.323532
134.332199
135.336685
136.337021
137.333191
138.325180
139.313004
140.296677
141.276169
142.251526
143.222687
144.189697
145.152527
146.111221
147.065735
148.016068
148.962250
149.904266
150.842117
151.775803
152.705322
153.630676
154.551880
155.468887
156.381744
157.290451
158.194962
159.095337
159.991547
160.883560
161.771439
162.655136
163.534683
164.410049
165.281250
166.148300
167.011169
167.869888
168.724442
169.574829
170.421036
171.263092
172.100967
172.934692
173.764252
174.589645
175.410873
176.227936
177.040833
177.849548
178.654114
179.454514
180.250748
181.042816
181.830734
182.614456
183.394028
184.169449
184.940704
185.707764
186.470673
187.229431
187.984009
188.734451
189.480698
190.222778
190.960693
191.694458
192.424042
193.149475
193.870728
194.587830
195.300766
196.009537
196.714142
197.414566
198.110825
198.802933
199.490875
200.174652
200.854263
201.529709
202.200989
202.868103
203.531067
204.189835
204.844452
205.494919
206.141190
206.783325
207.421280
208.055069
208.684692
209.310150
209.931473
210.548584
211.161575
211.770355
212.375015
212.975464
213.571777
214.163925
214.751892
215.335709
215.915359
216.490829
217.062149
217.629303
218.192291
218.751099
219.305756
219.856247
220.402588
220.944733
221.482727
222.016556
222.546219
223.071716
223.593063
224.110229
224.623230
225.132065
225.636719
226.137238
226.633575
227.125763
227.613770
0.000000
1.043907
2.109208
3.195903
4.303992
5.433475
6.572220
7.708095
8.841097
9.971230
11.098490
12.222879
13.344398
14.463046
15.578822
16.691729
17.801764
18.908928
20.013220
21.114641
22.213192
23.308872
24.401680
25.491617
26.578686
27.662882
28.744205
29.822660
30.898243
31.970957
33.040798
34.107765
35.171909
36.234165
37.294918
38.354168
39.411926
40.468174
41.522926
42.576176
43.627926
44.678173
45.726921
46.774166
47.819912
48.864159
49.906902
50.948147
51.987888
53.026123
54.062870
55.098106
56.131847
57.164078
58.194820
59.224056
60.251789
61.278019
62.302757
63.326519
64.352539
65.381355
66.412971
67.447380
68.484566
69.524559
70.567337
71.612907
72.661285
73.712440
74.766388
75.823135
76.882675
77.945007
79.010132
80.078041
81.148750
82.222252
83.298553
84.377632
85.459518
86.544197
87.631660
88.721916
89.814964
90.910812
92.007294
93.099106
94.186028
95.268044
96.345177
97.417404
98.484734
99.547165
100.604698
101.657333
102.705078
103.747917
104.785866
105.818909
106.847061
107.870316
108.888664
109.902122
110.910683
111.914352
112.913116
113.906982
114.895958
115.880028
116.859200
117.833481
118.802864
119.769501
120.735527
121.700958
122.665787
123.630005
124.593636
125.556656
126.519073
127.480896
128.442123
129.402725
130.362747
131.322174
132.280975
133.239182
134.196793
135.153809
136.110214
137.066010
138.021210
138.975830
139.929810
140.883209
141.836029
142.788223
143.739807
144.690796
145.641205
146.590988
147.540176
148.488770
149.436737
150.384140
151.330902
152.277084
153.222672
154.167648
155.112030
156.055801
156.998978
157.941544
158.883514
159.824890
160.765671
161.705826
162.645386
163.584351
164.522720
165.460480
166.397644
167.334198
168.270157
169.205521
170.140259
171.074417
172.007965
172.940918
173.873260
174.804993
175.736145
176.666702
177.596634
178.525970
179.454697
180.382858
181.310394
182.237320
183.163651
184.089386
185.014511
185.939041
186.862961
187.786285
188.709015
189.631134
190.552658
191.473587
192.393890
193.313629
194.232742
195.151245
196.069168
196.986481
197.903183
198.819290
199.734787
200.649689
201.563995
202.477692
203.390808
204.303299
205.215195
206.126511
207.037201
207.947281
208.856766
209.765671
210.673950
211.581650
212.488739
213.395218
214.301102
215.206375
216.111069
217.015137
217.918610
218.821487
219.723755
220.625427
221.526505
222.426956
223.326843
224.226105
225.124771
226.022827
226.920303
227.817154
228.713425
229.609070
230.504135
231.398590
232.292435
233.185684
234.078339
234.970398
235.861832
236.752686
237.642929
238.532562
239.421600
240.310043
241.197876
242.085129
242.971756
243.857788
244.743225
245.628052
246.512283
247.395905
248.278946
249.161362
250.043182
250.924423
