0.990431
0.004784
0.004784
0.004784
0.990431
0.004784
0.004784
0.004784
0.990431
0.000000
0.948987
1.897436
2.845344
3.792713
4.739543
5.685833
6.631585
7.576796
8.521469
9.465602
10.409195
11.352249
12.294764
13.236738
14.178174
15.119072
16.059427
16.999247
17.938524
18.877262
19.815464
20.753122
21.690243
22.626825
23.562866
24.498367
25.433331
26.367754
27.301640
28.234983
29.167788
30.100056
31.031784
31.962969
32.893620
33.823727
34.753296
35.682949
36.613335
37.544445
38.476273
39.408825
40.342102
41.276104
42.210823
43.146267
44.082439
45.019325
45.956944
46.895279
47.834339
48.774120
49.714630
50.655857
51.597813
52.540489
53.483883
54.428005
55.372849
56.318417
57.264706
58.211716
59.159454
60.107910
61.057095
62.007004
62.957630
63.908985
64.861061
65.813850
66.767372
67.721619
68.676590
69.632263
70.588684
71.545815
72.503685
73.462265
74.421562
75.381592
76.342255
77.302750
78.262863
79.222618
80.182007
81.141022
82.099663
83.057938
84.015846
84.973381
85.930550
86.887352
87.843781
88.799843
89.755531
90.710854
91.665810
92.620392
93.574608
94.528458
95.481934
96.435043
97.387779
98.340149
99.292152
100.243782
101.195045
102.145935
103.096466
104.046616
104.996399
105.945824
106.894867
107.843552
108.791855
109.739799
110.687363
111.634575
112.581406
113.527863
114.473961
115.419685
116.365044
117.310028
118.254402
119.197601
120.139626
121.080475
122.020142
122.958633
123.895950
124.832085
125.767052
126.700836
127.633446
128.564865
129.495117
130.424194
131.352112
132.278824
133.204376
134.128738
135.051926
135.973953
136.894806
137.814453
138.732941
139.650238
140.566376
141.481339
142.395111
143.307709
144.219131
145.129379
146.038467
146.946350
147.853058
148.758606
149.662964
150.566162
151.468170
152.369003
153.268646
154.167130
155.064438
155.960571
156.855530
157.749268
158.641693
159.532700
160.422302
161.310486
162.197235
163.082581
163.966507
164.849014
165.730118
166.609787
167.488037
168.364883
169.240311
170.114319
170.986908
171.858093
172.727844
173.596191
174.463104
175.328629
176.192719
177.055389
177.916656
178.776489
179.634918
180.491928
181.347519
182.201691
183.054443
183.905777
184.755722
185.604233
186.451309
187.296997
188.141251
188.984085
189.825516
190.665527
191.504120
192.341293
193.177048
194.011383
194.844299
195.678360
196.524063
197.382507
198.253738
199.137726
200.034485
200.944016
201.866302
202.801346
203.749176
204.709763
205.683121
206.669235
207.668121
208.679764
209.704193
210.741379
211.791336
212.854050
213.929520
215.017776
216.118805
217.232574
218.359116
219.498444
220.650513
221.815369
222.992981
224.183365
225.386505
226.602417
227.831100
229.072525
230.326736
231.593719
232.873459
234.165955
235.471237
236.789276
238.120087
239.463669
240.819992
242.189102
243.570969
0.000000
1.275372
2.547209
3.815512
5.080280
6.341515
7.599215
8.853380
10.104012
11.351110
12.594672
13.834701
15.071194
16.304153
17.533579
18.759470
19.981827
21.200649
22.415936
23.627691
24.835911
26.040594
27.241745
28.439362
29.633444
30.823992
32.011005
33.194485
34.374432
35.550838
36.724400
37.895794
39.065018
40.232075
41.396965
42.559692
43.720249
44.878639
46.034859
47.188915
48.340809
49.490528
50.638081
51.783470
52.926693
54.067741
55.206631
56.343346
57.477901
58.610283
59.740501
60.868553
61.994438
63.118156
64.239700
65.359085
66.476303
67.591354
68.704224
69.814949
70.923485
72.029861
73.134087
74.236130
75.336006
76.433716
77.529259
78.622643
79.713844
80.802895
81.889771
82.974472
84.057022
85.137398
86.215607
87.291634
88.365517
89.438576
90.512192
91.586357
92.661072
93.736351
94.812172
95.888550
96.965477
98.042953
99.120979
100.199570
101.278702
102.358383
103.438622
104.519409
105.600746
106.682632
107.765076
108.848076
109.931618
111.015717
112.100372
113.185570
114.271324
115.357620
116.444481
117.531891
118.619843
119.708359
120.797417
121.887032
122.977203
124.067917
125.159187
126.251007
127.343384
128.436295
129.529785
130.623795
131.718384
132.813507
133.909195
135.005432
136.102219
137.199554
138.297440
139.395889
140.492432
141.584656
142.672546
143.756088
144.835312
145.910202
146.980743
148.046951
149.108841
150.166412
151.219620
152.268509
153.313080
154.353302
155.389175
156.420731
157.447968
158.470856
159.489426
160.503647
161.513535
162.519104
163.520340
164.517212
165.509781
166.498016
167.481903
168.461487
169.436707
170.407608
171.374176
172.336411
173.294296
174.247879
175.197113
176.142014
177.082581
178.018799
178.950714
179.878296
180.801529
181.720428
182.634995
183.545227
184.451141
185.352722
186.249954
187.145264
188.041031
188.937241
189.833939
190.731064
191.628677
192.526718
193.425232
194.324203
195.223648
196.123520
197.023880
197.924698
198.825958
199.727676
200.629852
201.532501
202.435593
203.339157
204.243179
205.147644
206.052597
206.957977
207.863831
208.770142
209.676910
210.584137
211.491837
212.399963
213.308578
214.217636
215.127151
216.037140
216.947586
217.858490
218.769821
219.681641
220.593903
221.506653
222.419830
223.333481
224.247589
225.162155
226.077179
226.992676
227.908615
228.825012
229.737457
230.641571
231.537354
232.424789
233.303879
234.174637
235.037064
235.891129
236.736862
237.574249
238.403290
239.223999
240.036392
240.840408
241.636108
242.423447
243.202454
243.973114
244.735443
245.489426
246.235077
246.972366
247.701340
248.421951
249.134232
249.838165
250.533768
251.221024
251.899948
252.570511
253.232742
253.886642
254.532181
255.000000
255.000000
255.000000
255.000000
255.000000
0.000000
1.644158
3.259711
4.846658
6.405000
7.934736
9.435866
10.908390
12.352310
13.767623
15.154330
16.512432
17.841927
19.142818
20.415100
21.658781
22.873854
24.060320
25.231657
26.401344
27.569378
28.735762
29.900494
31.063574
32.225002
33.384781
34.542904
35.699375
36.854198
38.007370
39.158886
40.308754
41.456970
42.603531
43.748444
44.891701
46.033306
47.173264
48.311569
49.448219
50.583225
51.716572
52.848270
53.978313
55.106709
56.233452
57.358543
58.481983
59.603771
60.723904
61.842388
62.959221
64.074394
65.187935
66.299805
67.410034
68.518608
69.625526
70.730804
71.834442
72.936790
74.037994
75.138054
76.236984
77.334763
78.431404
79.526901
80.621246
81.714462
82.806534
83.897453
84.987244
86.075882
87.163383
88.249741
89.334953
90.419029
91.501961
92.583748
93.664398
94.743904
95.822266
96.899483
97.975563
99.050491
100.124283
101.196938
102.268448
103.338814
104.408028
105.476120
106.543060
107.608849
108.673508
109.737015
110.799393
111.860619
112.920708
113.979652
115.037453
116.094109
117.149529
118.203049
119.254570
120.304100
121.351624
122.397163
123.440704
124.482239
125.521782
126.559334
127.594872
128.628433
129.659988
130.689545
131.717117
132.742691
133.766266
134.787827
135.807404
136.824982
137.840561
138.854156
139.865753
140.875336
141.882950
142.888535
143.892136
144.893753
145.893356
146.890961
147.886597
148.880203
149.871826
150.861465
151.849091
152.834732
153.818359
154.800018
155.779648
156.757309
157.732941
158.706604
159.678802
160.650940
161.623047
162.595123
163.567200
164.539246
165.511261
166.483261
167.455246
168.427216
169.399155
170.371063
171.342957
172.314835
173.286697
174.258530
175.230331
176.202118
177.173889
178.145630
179.117355
180.089066
181.060745
182.032410
183.004044
183.975677
184.947266
185.918839
186.890396
187.861938
188.833450
189.804932
190.776413
191.747864
192.719269
193.690689
194.662079
195.633438
196.604782
197.576096
198.547409
199.518677
200.485550
201.443665
202.392975
203.333511
204.265274
205.188263
206.102463
207.007874
207.904526
208.792389
209.671463
210.541763
211.403290
212.256027
213.099976
213.935181
214.761566
215.579193
216.388046
217.188110
217.979385
218.761902
219.535629
220.300583
221.056763
221.804123
222.542755
223.272568
223.993622
224.705902
225.409378
226.104095
226.790024
227.467178
228.135544
228.795151
229.445953
230.087982
230.721252
231.345718
231.961411
232.568329
233.166458
233.755829
234.336411
234.908203
235.471207
236.025467
236.570908
237.107590
237.635498
238.154602
238.664948
239.166504
239.659302
240.143295
240.618515
241.084961
241.542633
241.991501
242.431610
242.862930
243.285477
243.699249
244.104233
244.500427
244.887863
245.266525
245.636383
245.997467
246.349777
