0.965346
0.017327
0.017327
0.017327
0.965346
0.017327
0.017327
0.017327
0.965346
0.000000
0.754806
1.520721
2.297745
3.085879
3.885121
4.695472
5.516933
6.349504
7.193182
8.047971
8.913868
9.790874
10.678990
11.578216
12.488549
13.409993
14.342546
15.286207
16.240978
17.206858
18.183846
19.171946
20.171150
21.181469
22.197758
23.214884
24.232849
25.251656
26.271296
27.291777
28.313093
29.335251
30.358242
31.382074
32.406742
33.432251
34.458595
35.485779
36.513802
37.542664
38.572357
39.602894
40.634266
41.666473
42.699524
43.733410
44.768139
45.803699
46.840103
47.877338
48.915417
49.954330
50.994083
52.034676
53.076107
54.118366
55.161472
56.205414
57.250191
58.295811
59.342266
60.389561
61.437695
62.486668
63.536476
64.587120
65.638603
66.690926
67.744087
68.798080
69.852921
70.908592
71.965103
73.022453
74.080643
75.139664
76.199532
77.260239
78.320511
79.379074
80.435928
81.491081
82.544533
83.596283
84.646317
85.694656
86.741287
87.786209
88.829437
89.870956
90.910767
91.948875
92.985283
94.019974
95.052971
96.084259
97.113846
98.141724
99.167900
100.192368
101.215141
102.236206
103.255554
104.273216
105.289162
106.303398
107.315941
108.326775
109.335899
110.343330
111.349060
112.353073
113.355377
114.355988
115.354897
116.352081
117.347580
118.341370
119.333450
120.323837
121.312500
122.299477
123.284744
124.268303
125.250153
126.230309
127.208755
128.185501
129.160538
130.133865
131.105499
132.075424
133.045044
134.015762
134.987610
135.960556
136.934586
137.909744
138.886002
139.863358
140.841827
141.821396
142.802063
143.783859
144.766739
145.750717
146.735825
147.722031
148.709335
149.697754
150.687271
151.677887
152.669617
153.662460
154.656403
155.651443
156.647598
157.644852
158.643204
159.642670
160.643250
161.644928
162.647705
163.651596
164.656586
165.662674
166.669876
167.678192
168.687607
169.698120
170.709747
171.722473
172.736298
173.751236
174.767288
175.784439
176.802689
177.822052
178.842529
179.864090
180.886765
181.910538
182.935440
183.961426
184.988510
186.016724
187.044022
188.068405
189.089844
190.108353
191.123962
192.136627
193.146393
194.153214
195.157104
196.158096
197.156143
198.151260
199.143463
200.132751
201.119110
202.102539
203.083054
204.060638
205.035294
206.007034
206.975845
207.941727
208.904709
209.864746
210.821854
211.776047
212.727310
213.675674
214.621094
215.563568
216.503143
217.439789
218.373520
219.304321
220.232193
221.157150
222.079178
222.998291
223.914459
224.827713
225.738037
226.645447
227.549942
228.451492
229.350128
230.245850
231.138626
232.028503
232.915436
233.799454
234.680542
235.558701
236.433960
237.306259
238.205368
239.160919
240.172928
241.241379
242.366287
243.547653
244.785477
246.079773
247.430496
248.837692
250.301346
251.821457
253.398010
255.000000
255.000000
0.000000
1.052829
2.100162
3.142000
4.178343
5.209190
6.234542
7.254398
8.268759
9.277624
10.280994
11.278869
12.271250
13.258133
14.239521
15.215413
16.185812
17.150715
18.110121
19.064032
20.012449
20.955368
21.892794
22.824722
23.751156
24.672094
25.587538
26.497484
27.401937
28.300894
29.194355
30.082321
30.969664
31.861261
32.757114
33.657219
34.561577
35.470188
36.383057
37.300175
38.221546
39.147171
40.077049
41.011185
41.949570
42.892208
43.839104
44.790249
45.745647
46.705299
47.669209
48.637367
49.609779
50.586449
51.567368
52.552544
53.541969
54.535652
55.533588
56.535774
57.542217
58.552914
59.567860
60.587059
61.610516
62.638226
63.670189
64.706398
65.746872
66.791595
67.840569
68.893799
69.951279
71.013016
72.079010
73.149254
74.223740
75.302490
76.385498
77.472748
78.564262
79.660027
80.760048
81.864311
82.971191
84.076645
85.180481
86.282700
87.383308
88.482307
89.579697
90.675484
91.769653
92.862206
93.953148
95.042473
96.130203
97.216309
98.300812
99.383698
100.464973
101.544640
102.622688
103.699135
104.773964
105.847183
106.918793
107.988792
109.057175
110.123940
111.189110
112.252663
113.314598
114.374924
115.433647
116.490753
117.546249
118.600136
119.652405
120.703064
121.752106
122.799545
123.845383
124.889587
125.932198
126.973183
128.012573
129.050339
130.086502
131.121033
132.153976
133.185303
134.215012
135.243118
136.269608
137.294479
138.317825
139.340057
140.361252
141.381378
142.400513
143.418564
144.435593
145.451584
146.466537
147.480453
148.493317
149.505142
150.515930
151.525681
152.534393
153.542068
154.548691
155.554291
156.558838
157.562347
158.564819
159.566254
160.566650
161.565994
162.564301
163.561584
164.557816
165.553009
166.547165
167.540268
168.532364
169.523392
170.513382
171.502335
172.490250
173.477127
174.462952
175.447754
176.431503
177.414230
178.395905
179.376556
180.356140
181.334686
182.312210
183.288696
184.264114
185.238525
186.211884
187.184204
188.155472
189.125717
190.094955
191.063492
192.031509
192.999008
193.965988
194.932434
195.898346
196.863754
197.828629
198.792969
199.756805
200.720093
201.682877
202.645126
203.606857
204.568054
205.528732
206.488892
207.448517
208.407608
209.366196
210.324249
211.281784
212.238800
213.195267
214.151230
215.106659
216.061569
217.015945
217.969818
218.923141
219.875946
220.828232
221.779999
222.731232
223.681946
224.632141
225.581802
226.530930
227.479553
228.427628
229.375198
230.322235
231.268753
232.214752
233.160202
234.105148
235.049561
235.993454
236.936829
237.879669
238.821991
239.763779
240.711060
241.669891
242.640228
243.622086
244.615463
245.620377
246.636795
247.664749
248.704224
249.755234
250.817749
251.891800
252.977356
254.074448
255.000000
0.000000
0.802608
1.615722
2.439340
3.273463
4.118092
4.973225
5.838862
6.715006
7.601654
8.498807
9.406466
10.324628
11.253296
12.192469
13.142147
14.102330
15.073018
16.054211
17.045908
18.048111
19.060818
20.084032
21.117748
22.161970
23.212244
24.264116
25.317589
26.372663
27.429333
28.487608
29.547476
30.608946
31.672014
32.736683
33.802952
34.870819
35.940289
37.011353
38.084019
39.158283
40.234150
41.311611
42.390671
43.471333
44.553596
45.637455
46.722916
47.809978
48.898632
49.988895
51.080750
52.174210
53.269264
54.365917
55.464172
56.564022
57.665478
58.768528
59.873180
60.979431
62.087284
63.196735
64.307777
65.420433
66.534691
67.650536
68.767982
69.887024
71.007675
72.129913
73.253761
74.379204
75.506248
76.634888
77.765121
78.896393
80.025261
81.151176
82.274109
83.394089
84.511101
85.625137
86.736214
87.844322
88.949471
90.051651
91.150864
92.247101
93.340385
94.430695
95.518044
96.602425
97.683838
98.762276
99.837769
100.910278
101.979828
103.046410
104.110031
105.170677
106.228363
107.283081
108.334831
109.383614
110.429428
111.472282
112.512169
113.549095
114.583038
115.614021
116.642052
117.667099
118.689194
119.708313
120.724472
121.737656
122.747887
123.755135
124.759430
125.760757
126.759109
127.754494
128.746933
129.736374
130.722885
131.706406
132.686966
133.666367
134.646408
135.627106
136.608444
137.590439
138.573074
139.556351
140.540298
141.524872
142.510086
143.495956
144.482468
145.469650
146.457458
147.445923
148.435028
149.424774
150.415192
151.406235
152.397919
153.390259
154.383255
155.376892
156.371170
157.366104
158.361679
159.357910
160.354782
161.352295
162.350464
163.349289
164.348740
165.348846
166.349609
167.350998
168.353058
169.355743
170.359085
171.363083
172.367722
173.372986
174.378937
175.385513
176.392731
177.400604
178.409119
179.418289
180.428101
181.438568
182.449677
183.461426
184.473419
185.483032
186.489868
187.493942
188.495224
189.493729
190.489456
191.482407
192.472580
193.459961
194.444580
195.426407
196.405457
197.381729
198.355225
199.325928
200.293884
201.259033
202.221405
203.181015
204.137833
205.091873
206.043121
206.991608
207.937302
208.880234
209.820374
210.757736
211.692322
212.624146
213.553162
214.479416
215.402878
216.323578
217.241486
218.156616
219.068954
219.978546
220.885345
221.789337
222.690582
223.589035
224.484726
225.377609
226.267731
227.155075
228.039642
228.921417
229.800415
230.676651
231.550095
232.420761
233.288177
234.151901
235.011917
235.868225
236.720825
237.569717
238.414902
239.256393
240.094177
240.928238
241.758621
242.585281
243.408234
244.227493
245.043045
245.854874
246.663025
247.467453
248.268173
249.065186
249.858505
250.648117
251.434021
252.216217
252.994705
