0.813469
0.093265
0.093265
0.093265
0.813469
0.093265
0.093265
0.093265
0.813469
0.000000
0.885706
1.766455
2.642247
3.513082
4.378960
5.239882
6.095846
6.946855
7.792905
8.633999
9.470137
10.301317
11.127541
11.948807
12.765117
13.579962
14.396833
15.215734
16.036661
16.859615
17.684597
18.511608
19.340643
20.171707
21.004797
21.839916
22.677061
23.516235
24.357437
25.200666
26.045919
26.893206
27.742516
28.593851
29.447218
30.302608
31.160028
32.019474
32.880951
33.744453
34.609978
35.477535
36.347122
37.218731
38.092369
38.968033
39.845726
40.725452
41.607197
42.490974
43.376778
44.264606
45.154465
46.046349
46.940266
47.836205
48.734173
49.634159
50.536186
51.440235
52.346310
53.254417
54.164543
55.076698
55.990891
56.907101
57.825344
58.745609
59.667900
60.592224
61.518578
62.446953
63.377361
64.309792
65.243683
66.177643
67.111610
68.045586
68.979568
69.913559
70.847549
71.781555
72.715561
73.649582
74.583595
75.517624
76.451660
77.385704
78.319756
79.253815
80.187881
81.121948
82.056023
82.990105
83.924194
84.858292
85.792397
86.726509
87.660629
88.594757
89.528877
90.463020
91.397163
92.331322
93.265480
94.199638
95.133812
96.067993
97.002182
97.936371
98.870575
99.804779
100.738983
101.673210
102.607430
103.541672
104.475914
105.410156
106.344406
107.278671
108.212936
109.147209
110.081490
111.015778
111.950073
112.884377
113.818680
114.752991
115.687317
116.621643
117.555977
118.490326
119.424675
120.358994
121.293037
122.226776
123.160210
124.093330
125.026146
125.958649
126.890846
127.822739
128.754333
129.685593
130.616562
131.547226
132.477570
133.407608
134.337341
135.266769
136.195877
137.124680
138.053192
138.981384
139.909271
140.836838
141.764114
142.691071
143.617722
144.544067
145.470108
146.395828
147.321243
148.246353
149.171143
150.095657
151.019821
151.943710
152.867294
153.790543
154.713501
155.636139
156.558472
157.480515
158.402222
159.323624
160.244736
161.165543
162.086014
163.006210
163.926071
164.845642
165.764893
166.683838
167.602478
168.520798
169.438843
170.356537
171.273956
172.191040
173.107834
174.024307
174.940735
175.862442
176.791611
177.728256
178.672394
179.624008
180.583069
181.549637
182.523682
183.505173
184.494171
185.490631
186.494568
187.505981
188.524872
189.551239
190.585083
191.626389
192.675186
193.731445
194.795197
195.866425
196.945114
198.031281
199.124924
200.226059
201.334656
202.450729
203.574295
204.705307
205.843811
206.989792
208.143234
209.304169
210.472595
211.648468
212.831818
214.022644
215.220963
216.426743
217.640015
218.860748
220.088959
221.324661
222.567810
223.818451
225.076569
226.342163
227.615234
228.895782
230.183807
231.479294
232.782257
234.092712
235.410645
236.736038
238.068909
239.409256
240.757080
242.112396
244.078247
247.257767
251.650955
0.000000
0.000000
0.000000
0.000000
0.613770
3.682834
6.510076
9.095493
11.439086
13.540855
15.400801
17.018919
18.395216
19.649683
20.902317
22.153120
23.402092
24.649229
25.894535
27.138006
28.379650
29.619455
30.857433
32.093578
33.327888
34.560368
35.791016
37.019833
38.246815
39.471962
40.695282
41.916767
43.136417
44.354240
45.570229
46.784386
47.996708
49.207199
50.415859
51.622684
52.827679
54.030842
55.232170
56.431667
57.629330
58.825165
60.019165
61.211330
62.401672
63.590172
64.776840
65.961685
67.144691
68.325867
69.505203
70.682716
71.858391
73.032234
74.204239
75.374428
76.542770
77.709297
78.873970
80.036819
81.198959
82.363121
83.529419
84.697876
85.868469
87.041214
88.216103
89.393135
90.572319
91.753647
92.937126
94.122742
95.310509
96.500420
97.692482
98.886681
100.083038
101.281525
102.482170
103.684959
104.889900
106.096977
107.306206
108.517578
109.731094
110.946762
112.164574
113.384529
114.606636
115.830887
117.057281
118.285820
119.516510
120.749344
121.984322
123.221443
124.460724
125.702133
126.945702
128.191406
129.439270
130.689270
131.941422
133.195709
134.452148
135.710754
136.971481
138.234344
139.499374
140.766541
142.035858
143.306305
144.571869
145.831573
147.085373
148.333313
149.575363
150.811508
152.041779
153.266159
154.484665
155.697281
156.904022
158.104858
159.299820
160.488907
161.672104
162.849411
164.020844
165.186371
166.346039
167.499817
168.647705
169.789703
170.925812
172.056061
173.180420
174.298889
175.411469
176.518158
177.618973
178.713898
179.802948
180.886108
181.963379
183.034760
184.100281
185.159882
186.213623
187.261475
188.303436
189.339523
190.369720
191.394043
192.412460
193.425003
194.431671
195.432449
196.427338
197.416336
198.399475
199.376709
200.347977
201.311569
202.266785
203.213593
204.152039
205.082092
206.003754
206.917053
207.821945
208.718460
209.606583
210.486328
211.357681
212.220657
213.075256
213.921448
214.759277
215.588715
216.409760
217.222427
218.026703
218.822601
219.610107
220.389236
221.159973
221.922318
222.676285
223.421890
224.159073
224.887894
225.608337
226.320374
227.024033
227.719299
228.406204
229.084702
229.754822
230.416565
231.069916
231.714874
232.351456
232.979645
233.599457
234.210892
234.813934
235.408585
235.994858
236.572754
237.142258
237.703354
238.256088
238.800430
239.342834
239.889771
240.441238
240.997223
241.557724
242.122757
242.692307
243.266388
243.844986
244.428101
245.015747
245.607910
246.204590
246.805817
247.411545
248.021805
248.636597
249.255905
249.879730
250.508072
251.140961
251.778351
252.420273
253.066727
253.717697
254.373184
255.000000
255.000000
255.000000
255.000000
255.000000
255.000000
255.000000
255.000000
255.000000
255.000000
255.000000
255.000000
0.000000
4.937019
9.748077
14.433174
18.992308
23.425482
27.732695
31.913944
35.969234
39.898567
43.701931
47.379337
50.930775
54.356258
57.655781
60.829338
63.876945
66.798576
69.594254
72.263969
74.807716
77.225502
79.517334
81.683205
83.733749
85.767509
87.808441
89.856537
91.911812
93.974243
96.043846
98.120613
100.204559
102.295662
104.393944
106.499390
108.612007
110.731789
112.858742
114.992859
117.134140
119.282600
121.438232
123.601013
125.770981
127.948120
130.132401
132.323868
134.516708
136.698959
138.870270
141.030624
143.180023
145.318481
147.445984
149.562546
151.668167
153.762817
155.846542
157.919296
159.981110
162.031982
164.071899
166.100876
168.118896
170.125961
172.122101
174.107269
176.081497
178.044785
179.997101
181.937653
183.839157
185.688324
187.485229
189.229797
190.922089
192.562088
194.149765
195.685150
197.168228
198.599014
199.977509
201.303680
202.577576
203.799149
204.968430
206.085419
207.150101
208.162476
209.122574
210.030334
210.885834
211.688995
212.439880
213.146683
213.843323
214.533447
215.217026
215.894104
216.564667
217.228683
217.886200
218.537201
219.181656
219.819611
220.451035
221.075958
221.694336
222.306198
222.911545
223.510376
224.102676
224.688461
225.267715
225.840454
226.406693
226.966385
227.519562
228.067459
228.611343
229.151230
229.687103
230.218948
230.746780
231.270630
231.790436
232.306213
232.818008
233.325775
233.829544
234.329269
234.825012
235.316727
235.804413
236.288101
236.767776
237.243439
237.715073
238.182709
238.646332
239.105927
239.561523
240.013092
240.460663
240.904205
241.343735
241.779251
242.210754
242.638245
243.061722
243.481171
243.896637
244.308060
244.715485
245.118881
245.518280
245.913651
246.305023
246.692368
247.075714
247.455032
247.830353
248.201630
248.568924
248.932175
249.291428
249.646683
249.997910
250.345108
250.688309
251.027481
251.362656
251.693817
252.020950
252.344086
252.663193
252.978302
253.289383
253.596451
253.899506
254.198547
254.493561
254.784576
255.071594
255.354568
255.633530
255.908493
256.179443
256.446381
256.709290
256.968201
257.223083
257.473969
257.720795
257.963654
258.202484
258.437317
258.668121
255.000000
255.000000
255.000000
255.000000
255.000000
255.000000
255.000000
255.000000
255.000000
255.000000
255.000000
255.000000
255.000000
255.000000
255.000000
255.000000
255.000000
255.000000
255.000000
255.000000
255.000000
255.000000
255.000000
255.000000
255.000000
255.000000
255.000000
255.000000
255.000000
255.000000
255.000000
255.000000
255.000000
255.000000
255.000000
255.000000
255.000000
255.000000
255.000000
255.000000
255.000000
255.000000
255.000000
255.000000
255.000000
255.000000
255.000000
255.000000
255.000000
255.000000
255.000000
255.000000
255.000000
255.000000
255.000000
255.000000
255.000000
