0.987490
0.006255
0.006255
0.006255
0.987490
0.006255
0.006255
0.006255
0.987490
0.000000
0.640929
1.300146
1.977652
2.673447
3.387531
4.119904
4.870565
5.639516
6.426755
7.232283
8.056100
8.898206
9.758600
10.637284
11.534256
12.449518
13.383068
14.334906
15.305034
16.293449
17.300156
18.325150
19.368433
20.430004
21.509865
22.597433
23.682127
24.763948
25.842894
26.918968
27.992167
29.062492
30.129944
31.194521
32.256226
33.315056
34.371010
35.424091
36.474304
37.521637
38.566097
39.607685
40.646397
41.682236
42.715202
43.745293
44.772511
45.796860
46.818329
47.836926
48.852650
49.865494
50.875473
51.882576
52.886806
53.888153
54.886635
55.882240
56.874977
57.864830
58.851818
59.835930
60.817165
61.795528
62.771019
63.743633
64.713379
65.680244
66.644234
67.605362
68.563606
69.518982
70.471481
71.421104
72.367851
73.311729
74.252739
75.191460
76.131454
77.073326
78.017067
78.962669
79.910149
80.859489
81.810707
82.763786
83.718735
84.675552
85.634239
86.594803
87.557228
88.521523
89.487694
90.455727
91.425636
92.397408
93.371048
94.346558
95.323936
96.303185
97.284302
98.267288
99.252151
100.238869
101.227463
102.217926
103.210258
104.204460
105.200531
106.198471
107.198280
108.199951
109.203506
110.208923
111.216202
112.225357
113.236389
114.249275
115.264030
116.280663
117.299156
118.319527
119.341759
120.365868
121.391846
122.419685
123.449402
124.480988
125.514442
126.549751
127.585114
128.618713
129.650528
130.680588
131.708862
132.735367
133.760101
134.783051
135.804245
136.823654
137.841293
138.857162
139.871262
140.883560
141.894119
142.902893
143.909897
144.915115
145.918579
146.920258
147.920166
148.918304
149.914658
150.909271
151.902084
152.893127
153.882401
154.869904
155.855621
156.839584
157.821762
158.802170
159.780807
160.757675
161.732758
162.706070
163.677612
164.647385
165.615372
166.581604
167.546051
168.508743
169.469650
170.428772
171.386124
172.341721
173.295532
174.247574
175.197830
176.146332
177.093048
178.038010
178.981628
179.926682
180.873611
181.822418
182.773117
183.725677
184.680115
185.636444
186.594635
187.554733
188.516678
189.480515
190.446243
191.413818
192.383301
193.354630
194.327866
195.302963
196.279953
197.258820
198.239548
199.222153
200.206650
201.193039
202.181290
203.171402
204.163406
205.157303
206.153061
207.150696
208.150223
209.151611
210.154892
211.160049
212.167068
213.175980
214.186768
215.199432
216.213974
217.230392
218.248688
219.268875
220.290924
221.314865
222.340683
223.368362
224.397934
225.429382
226.462708
227.497894
228.534988
229.573944
230.614777
231.662506
232.722092
233.793533
234.876862
235.972046
237.079132
238.198059
239.328873
240.471558
241.626099
242.792526
243.970825
245.160995
246.363022
247.576935
248.802704
250.040359
251.289886
252.551254
253.824524
0.000000
0.000000
0.000000
0.869602
2.180580
3.476908
4.758587
6.025616
7.277996
8.515725
9.738805
10.947235
12.141017
13.320149
14.484631
15.634464
16.769648
17.890181
18.996063
20.087299
21.163881
22.225819
23.273104
24.305740
25.323725
26.327061
27.315750
28.289785
29.249174
30.193909
31.132500
32.073429
33.016705
33.962326
34.910294
35.860607
36.813259
37.768261
38.725605
39.685299
40.647331
41.611713
42.578442
43.547508
44.518925
45.492683
46.468784
47.447239
48.428036
49.411175
50.396656
51.384491
52.374664
53.367188
54.362049
55.359261
56.358810
57.360710
58.364960
59.371548
60.380482
61.391754
62.405380
63.421352
64.439674
65.460327
66.483330
67.508682
68.536377
69.566406
70.598801
71.633530
72.670601
73.710014
74.751778
75.795883
76.842339
77.891136
78.942284
79.995773
81.050919
82.106110
83.161247
84.216339
85.271385
86.326385
87.381325
88.436234
89.491089
90.545898
91.600655
92.655365
93.710030
94.764648
95.819214
96.873741
97.928215
98.982643
100.037018
101.091354
102.145638
103.199875
104.254066
105.308212
106.362297
107.416344
108.470345
109.524307
110.578209
111.632057
112.685875
113.739632
114.793350
115.847015
116.900635
117.954216
119.007736
120.061218
121.114639
122.168022
123.221352
124.274643
125.327881
126.381073
127.434219
128.487320
129.540375
130.593369
131.646317
132.699234
133.751892
134.802994
135.852341
136.899948
137.945786
138.989883
140.032211
141.072800
142.111633
143.148697
144.184006
145.217590
146.249374
147.279449
148.307739
149.334290
150.359070
151.382111
152.403397
153.422928
154.440704
155.456711
156.470978
157.483490
158.494247
159.503250
160.510498
161.516006
162.519745
163.521729
164.521957
165.520447
166.517151
167.512131
168.505341
169.496811
170.486511
171.474457
172.460663
173.445099
174.427780
175.408722
176.387909
177.365326
178.341003
179.314911
180.287094
181.257492
182.226151
183.193054
184.158264
185.123184
186.088409
187.053894
188.019699
188.985794
189.952194
190.918854
191.885834
192.853088
193.820633
194.788483
195.756607
196.725037
197.693741
198.662750
199.632050
200.601654
201.571518
202.541702
203.512161
204.482910
205.453979
206.425308
207.396942
208.368851
209.341080
210.313583
211.286392
212.259460
213.232849
214.206512
215.180481
216.154724
217.129288
218.104111
219.079254
220.054672
221.030380
222.006378
222.982681
223.959274
224.936157
225.913315
226.890778
227.868530
228.846588
229.824921
230.803543
231.782455
232.761673
233.736343
234.701645
235.657593
236.604187
237.541397
238.469254
239.387741
240.296890
241.196655
242.087051
242.968079
243.839767
244.702087
245.555023
246.398621
247.232834
248.057693
248.873199
249.679321
250.476105
251.263504
252.041550
252.810226
253.569550
254.319504
0.000000
0.824461
1.659485
2.505072
3.361222
4.227936
5.105213
5.993052
6.891456
7.800423
8.719953
9.650044
10.590701
11.541921
12.503703
13.476048
14.458959
15.448238
16.439703
17.433350
18.429182
19.427195
20.427391
21.429770
22.434330
23.441074
24.450003
25.461115
26.474407
27.489882
28.507542
29.527382
30.549404
31.573614
32.600002
33.628574
34.659332
35.692268
36.727394
37.764690
38.804180
39.845848
40.889702
41.935734
42.983955
44.034355
45.086941
46.141708
47.198650
48.257786
49.319099
50.382595
51.448277
52.516140
53.586189
54.658413
55.732826
56.809422
57.888199
58.969158
60.052299
61.137627
62.225140
63.314423
64.403046
65.490601
66.577095
67.662514
68.746872
69.830162
70.912376
71.993538
73.073631
74.152649
75.230598
76.307487
77.383301
78.458061
79.531746
80.604362
81.675919
82.746399
83.815811
84.884163
85.951447
87.017662
88.082817
89.146896
90.209908
91.271866
92.332733
93.392548
94.451302
95.508987
96.565590
97.621140
98.675613
99.729027
100.781372
101.832649
102.882858
103.932007
104.980080
106.027092
107.073036
108.117912
109.161713
110.204460
111.246132
112.286743
113.325974
114.363525
115.399391
116.433578
117.466087
118.496910
119.526047
120.553505
121.579277
122.603371
123.625786
124.646523
125.665565
126.682930
127.698624
128.712616
129.724930
130.735565
131.744522
132.751801
133.757401
134.761307
135.763519
136.764069
137.762924
138.760117
139.755615
140.749435
141.741577
142.732010
143.720779
144.707886
145.693283
146.677002
147.659042
148.639420
149.618103
150.595078
151.570404
152.544037
153.515991
154.486237
155.454834
156.421738
157.386963
158.350494
159.312805
160.276627
161.242432
162.210190
163.179932
164.151627
165.125305
166.100952
167.078568
168.058151
169.039719
170.023239
171.008728
171.996201
172.985626
173.977036
174.970413
175.965759
176.963074
177.962357
178.963608
179.966827
180.972015
181.979187
182.988312
183.999405
185.012482
186.027527
187.044540
188.063522
189.084473
190.107391
191.132278
192.159134
193.187973
194.218765
195.251556
196.286285
197.322983
198.361664
199.402328
200.444931
201.489517
202.536072
203.584610
204.635101
205.687561
206.735916
207.774017
208.801910
209.819565
210.826981
211.824173
212.811142
213.787872
214.754379
215.710663
216.656708
217.592529
218.518112
219.433487
220.338608
221.233521
222.118195
222.992645
223.856857
224.710846
225.554611
226.388138
227.211441
228.024521
228.827347
229.619980
230.402359
231.174515
231.936432
232.688141
233.429611
234.160858
234.881866
235.592651
236.293213
236.983521
237.663635
238.333481
238.993134
239.642548
240.281723
240.910675
241.529404
242.137894
242.736160
243.324203
243.902008
244.469574
245.026932
245.574051
246.110947
246.637604
247.154037
