0.970089
0.014956
0.014956
0.014956
0.970089
0.014956
0.014956
0.014956
0.970089
0.000000
1.185543
2.352034
3.499472
4.627859
5.737192
6.827471
7.898700
8.950874
9.983997
10.998067
11.993084
12.969049
13.925961
14.863821
15.782627
16.682381
17.574057
18.468634
19.366110
20.266481
21.169754
22.075924
22.984995
23.896963
24.811831
25.729597
26.650261
27.573824
28.500288
29.429649
30.361910
31.297066
32.235126
33.176079
34.119934
35.066692
36.016346
36.968891
37.924343
38.882690
39.843941
40.808086
41.775135
42.745075
43.717918
44.693657
45.672001
46.651146
47.630795
48.610947
49.591606
50.572769
51.554436
52.536610
53.519283
54.502468
55.486149
56.470341
57.455032
58.440235
59.425934
60.412140
61.398853
62.386070
63.373791
64.362015
65.350746
66.339981
67.329720
68.319962
69.310715
70.301956
71.293716
72.285973
73.278748
74.272018
75.265785
76.259216
77.251465
78.242531
79.232399
80.221085
81.208580
82.194893
83.180016
84.163948
85.146698
86.128258
87.108635
88.087822
89.065819
90.042633
91.018265
91.992706
92.965958
93.938019
94.908897
95.878593
96.847092
97.814415
98.780540
99.745483
100.709244
101.671806
102.633194
103.593384
104.552391
105.510033
106.465347
107.418137
108.368431
109.316208
110.261467
111.204216
112.144463
113.082191
114.017410
114.950127
115.880318
116.808006
117.733177
118.655846
119.575996
120.493637
121.408775
122.321396
123.231499
124.139099
125.044182
125.946754
126.846825
127.744370
128.639420
129.531952
130.421967
131.309479
132.194489
133.076965
133.958145
134.839218
135.720169
136.601013
137.481750
138.362366
139.242889
140.123291
141.003586
141.883759
142.763840
143.643799
144.523651
145.403397
146.283035
147.162552
148.041962
148.921265
149.800446
150.679520
151.558487
152.437347
153.316101
154.194733
155.073273
155.951691
156.829987
157.708176
158.586273
159.464249
160.342102
161.219864
162.097504
162.975052
163.852463
164.729782
165.606979
166.484070
167.361053
168.237915
169.114685
169.991348
170.867874
171.744308
172.620636
173.496841
174.372925
175.248917
176.124802
177.000565
177.876221
178.751770
179.627213
180.502533
181.377747
182.252853
183.127853
184.002747
184.877518
185.752182
186.626724
187.501160
188.375504
189.249725
190.123825
190.997849
191.871735
192.745514
193.619186
194.492752
195.366196
196.239532
197.112747
197.985886
198.858887
199.731781
200.604584
201.477264
202.349808
203.222275
204.094620
204.966858
205.838974
206.710983
207.582886
208.454681
209.326370
210.197937
211.069397
211.940765
212.811996
213.683151
214.554153
215.425064
216.295853
217.166550
218.037140
218.907608
219.777954
220.648224
221.518356
222.388382
223.258301
224.128113
224.997803
225.867386
226.736877
227.606232
228.475479
229.344635
230.213654
231.082596
231.951401
232.820099
233.688690
234.557175
235.425552
0.000000
0.992992
2.022116
3.087373
4.188762
5.326283
6.499938
7.709723
8.955644
10.237695
11.555879
12.910194
14.300643
15.727225
17.189939
18.660099
20.109024
21.536715
22.943165
24.328381
25.692362
27.035105
28.356609
29.656881
30.935915
32.193710
33.430271
34.645596
35.839684
37.012531
38.164146
39.294525
40.403664
41.491570
42.558235
43.603672
44.627869
45.630825
46.612545
47.573029
48.527004
49.489197
50.459610
51.438236
52.425076
53.420135
54.423416
55.434906
56.454620
57.482548
58.518692
59.563049
60.615631
61.676426
62.745438
63.822666
64.908112
66.001778
67.103653
68.213753
69.332069
70.458595
71.593338
72.736305
73.887482
75.040230
76.187859
77.330391
78.467812
79.600136
80.727356
81.849472
82.966484
84.078392
85.185196
86.286896
87.383492
88.474983
89.561378
90.642662
91.718849
92.789925
93.855896
94.916771
95.972534
97.023201
98.068764
99.109215
100.144569
101.174820
102.201904
103.227783
104.252449
105.275909
106.298157
107.319191
108.339012
109.357620
110.375015
111.391205
112.406174
113.419937
114.432495
115.443832
116.453964
117.462868
118.470573
119.477074
120.482353
121.486420
122.489281
123.490929
124.491348
125.490578
126.488586
127.482452
128.469254
129.448959
130.421600
131.387177
132.345688
133.297104
134.241455
135.178741
136.108932
137.032059
137.948120
138.857101
139.759003
140.653839
141.541595
142.422287
143.295898
144.162445
145.021912
145.874298
146.719604
147.557861
148.389023
149.213135
150.030151
150.840103
151.642960
152.438766
153.227493
154.009155
154.783737
155.551239
156.311661
157.065033
157.811310
158.550522
159.282654
160.007706
160.725708
161.436615
162.140457
162.837234
163.526932
164.209564
164.885101
165.553574
166.214966
166.869293
167.516556
168.156723
168.789825
169.415848
170.034805
170.646698
171.251511
171.849243
172.439896
173.023483
173.600006
174.169449
174.731812
175.287109
175.835327
176.376480
176.910538
177.437531
177.957458
178.470306
178.976074
179.474777
179.966415
180.450958
180.928452
181.398865
181.862198
182.318436
182.767639
183.209747
183.644791
184.072754
184.493637
184.907455
185.314209
185.713867
186.106461
186.491989
186.870438
187.241806
187.606094
187.963333
188.313492
188.656570
188.992554
189.321503
189.643356
189.958130
190.265854
190.566498
190.860046
191.146545
191.425949
191.698288
191.963562
192.221741
192.472870
192.716904
192.953888
193.183792
193.406616
193.622360
193.831039
194.032639
194.227173
194.414627
194.595001
194.768311
194.934555
195.093704
195.245804
195.390808
195.528748
195.659622
195.783401
195.900131
196.009781
196.112335
196.207840
196.296249
196.377609
196.451874
196.519073
196.579193
196.632263
196.678238
196.717148
196.748978
196.773743
196.791412
196.802048
196.805573
0.000000
1.331531
2.704957
4.120277
5.577494
7.076605
8.617613
10.200514
11.825312
13.492004
15.200591
16.913464
18.593006
20.239223
21.852108
23.431667
24.977896
26.490799
27.970371
29.416618
30.829536
32.209126
33.555386
34.868320
36.147923
37.394199
38.607147
39.786770
40.933060
42.046021
43.125656
44.173340
45.219181
46.275513
47.342327
48.419632
49.507423
50.605701
51.714466
52.833717
53.963459
55.103687
56.254402
57.415604
58.587296
59.769470
60.962139
62.165287
63.378925
64.603058
65.837669
67.082771
68.336502
69.587700
70.834518
72.076942
73.314972
74.548615
75.777878
77.002739
78.223221
79.439308
80.651009
81.858315
83.061241
84.259773
85.453918
86.643669
87.829033
89.010017
90.186600
91.358803
92.526619
93.688759
94.842117
95.986565
97.122086
98.248680
99.366364
100.475121
101.574951
102.665863
103.747849
104.820915
105.885056
106.940285
107.986580
109.023964
110.052414
111.071945
112.082565
113.084251
114.077019
115.060867
116.037224
117.007538
117.971817
118.930031
119.882217
120.828346
121.768433
122.702477
123.630470
124.552422
125.468330
126.378197
127.282005
128.179764
129.071487
129.957169
130.836792
131.710388
132.577927
133.439438
134.294876
135.144272
135.987640
136.824951
137.656219
138.481445
139.300613
140.113739
140.920837
141.721878
142.516876
143.305817
144.088730
144.865570
145.636383
146.401154
147.159866
147.912552
148.659180
149.399765
150.134293
150.862793
151.585236
152.301636
153.011978
153.716293
154.414566
155.106781
155.792969
156.473083
157.147171
157.815201
158.477203
159.133133
159.783035
160.426895
161.064713
161.696457
162.322189
162.941849
163.555481
164.163055
164.764603
165.360092
165.949524
166.532928
167.110291
167.681595
168.246857
168.806061
169.359238
169.906357
170.447433
170.982483
171.511459
172.034393
172.551315
173.062149
173.566971
174.065720
174.558441
175.045105
175.525726
176.000305
176.468842
176.931335
177.387772
177.838165
178.282516
178.720825
179.153076
179.579285
179.999451
180.413589
180.821655
181.223694
181.619675
182.009613
182.393509
182.771362
183.143158
183.508926
183.868637
184.222290
184.569931
184.911499
185.247025
185.576508
185.899948
186.217331
186.528687
186.834000
187.133240
187.426468
187.713623
187.994751
188.269821
188.538849
188.801834
189.058762
189.309662
189.554504
189.793304
190.026062
190.252762
190.473434
190.688049
190.896622
191.099136
191.295624
191.486053
191.670441
191.848785
192.021088
192.187347
192.347565
192.501709
192.649841
192.791901
192.927933
193.057907
193.181854
193.299728
193.411560
193.517380
193.617126
193.710846
193.798492
193.880112
193.955673
194.025208
194.088684
194.146118
194.197495
194.242844
194.282150
194.315399
194.342590
194.363770
194.378876
194.387939
194.390961
