0.930787
0.034606
0.034606
0.034606
0.930787
0.034606
0.034606
0.034606
0.930787
0.000000
0.659783
1.328734
2.006852
2.694139
3.390592
4.096213
4.811001
5.534958
6.268082
7.010373
7.761832
8.522458
9.292253
10.071214
10.859343
11.656640
12.463105
13.278737
14.103536
14.937503
15.780637
16.632938
17.494408
18.365047
19.244852
20.129631
21.015198
21.901550
22.788689
23.676613
24.565321
25.454817
26.345097
27.236164
28.128014
29.020651
29.914074
30.808281
31.703276
32.599056
33.495621
34.392967
35.291103
36.190025
37.089733
37.990223
38.891506
39.793571
40.696415
41.600052
42.504475
43.409679
44.315670
45.222446
46.130013
47.038357
47.947491
48.857407
49.768112
50.679604
51.591881
52.504940
53.418789
54.333420
55.248837
56.165043
57.082035
57.999809
58.918365
59.837715
60.757847
61.677879
62.596935
63.515018
64.432114
65.348236
66.263390
67.177551
68.090744
69.002960
69.914200
70.824455
71.733727
72.642029
73.549355
74.455696
75.361069
76.265465
77.168877
78.071312
78.972763
79.873245
80.772743
81.671265
82.568817
83.465378
84.360977
85.255585
86.149223
87.041878
87.933556
88.824265
89.713982
90.602722
91.490494
92.377281
93.263100
94.147926
95.031792
95.914665
96.796570
97.677498
98.557442
99.436409
100.314400
101.191414
102.067451
102.944740
103.825562
104.709908
105.597778
106.489166
107.384071
108.282494
109.184441
110.089905
110.998894
111.911400
112.827431
113.746971
114.670044
115.596626
116.526733
117.460365
118.397514
119.338181
120.282372
121.230080
122.181305
123.136055
124.094330
125.056114
126.021423
126.990257
127.962601
128.938477
129.917877
130.900772
131.887192
132.877151
133.870636
134.867615
135.868118
136.872147
137.879700
138.890793
139.905380
140.923477
141.945129
142.970276
143.998947
145.031128
146.066849
147.101089
148.128876
149.150208
150.165085
151.173508
152.175461
153.170975
154.160019
155.142624
156.118759
157.088440
158.051666
159.008438
159.958740
160.902603
161.839996
162.770950
163.695435
164.613464
165.525040
166.430161
167.328827
168.221039
169.106781
169.986069
170.858917
171.725296
172.585220
173.438690
174.285706
175.126251
175.960358
176.787994
177.609192
178.423904
179.232193
180.034012
180.829361
181.618271
182.400726
183.176712
183.946243
184.709335
185.465958
186.216125
186.959854
187.711639
188.486069
189.283127
190.102844
190.945160
191.810120
192.697708
193.607941
194.540787
195.496277
196.474380
197.475143
198.498520
199.544525
200.613190
201.704453
202.818359
203.954910
205.114075
206.295868
207.500305
208.727371
209.977066
211.249405
212.544357
213.861954
215.202179
216.565033
217.950531
219.358643
220.789398
222.242783
223.718796
225.217438
226.738708
228.282623
229.849182
231.438339
233.050156
234.684586
236.341660
238.021362
239.723679
241.448654
243.196259
244.966476
0.000000
0.000000
0.000000
0.106271
2.447034
4.703556
6.875837
8.963879
10.967682
12.887242
14.722563
16.473644
18.140482
19.723083
21.221443
22.635561
23.965439
25.211079
26.414263
27.616791
28.818657
30.019861
31.220407
32.420288
33.619514
34.818077
36.015980
37.213219
38.409798
39.605721
40.800976
41.995575
43.189514
44.382790
45.575401
46.767357
47.958652
49.149284
50.339256
51.528572
52.717220
53.905212
55.092537
56.279205
57.465218
58.650562
59.835247
61.019272
62.202644
63.385342
64.567383
65.748772
66.929489
68.109550
69.288948
70.467690
71.645767
72.823181
73.999947
75.176041
76.351479
77.526253
78.700363
79.873825
81.046616
82.218758
83.390221
84.561028
85.731186
86.900665
88.069504
89.237709
90.406166
91.575233
92.744896
93.915169
95.086052
96.257538
97.429626
98.602325
99.775635
100.949539
102.124054
103.299171
104.474907
105.651237
106.828171
108.005722
109.183876
110.362633
111.542000
112.721962
113.902534
115.083717
116.265503
117.447899
118.630898
119.814491
120.998703
122.183525
123.368942
124.554977
125.741608
126.928848
128.116699
129.305145
130.494202
131.683868
132.874130
134.065018
135.256485
136.448563
137.641266
138.834564
140.028473
141.222977
142.418091
143.613815
144.810135
146.007080
147.204620
148.402756
149.601517
150.800873
152.000824
153.200409
154.393738
155.579819
156.758667
157.930283
159.094650
160.251785
161.401672
162.544312
163.679733
164.807907
165.928848
167.042526
168.148972
169.248199
170.340164
171.424881
172.502380
173.572632
174.635651
175.691422
176.739944
177.781250
178.815308
179.842117
180.861679
181.874023
182.879105
183.876968
184.867569
185.850952
186.827087
187.795975
188.757645
189.712036
190.659225
191.599152
192.531860
193.457321
194.375534
195.286514
196.190216
197.086731
197.975967
198.858002
199.732773
200.600311
201.460617
202.313675
203.159485
203.998062
204.829391
205.653488
206.470337
207.281464
208.090408
208.897369
209.702347
210.505325
211.306335
212.105362
212.902390
213.697449
214.490509
215.281601
216.070694
216.857803
217.642929
218.426071
219.207214
219.986389
220.763565
221.538773
222.311981
223.083206
223.852448
224.619720
225.384979
226.148270
226.909561
227.668884
228.426239
229.181564
229.934937
230.686325
231.435699
232.183105
232.928528
233.671967
234.413422
235.152893
235.890366
236.625854
237.359375
238.090912
238.820435
239.547989
240.273575
240.997162
241.718750
242.438370
243.156006
243.871643
244.585312
245.296997
246.006668
246.714371
247.420105
248.109482
248.768250
249.396378
249.993866
250.560699
251.096909
251.602478
252.077393
252.521683
252.935333
253.318329
253.670700
253.992416
254.283508
254.543945
254.773758
254.972916
255.000000
255.000000
255.000000
255.000000
255.000000
255.000000
0.000000
4.705326
8.821303
12.347935
15.285217
17.633152
19.391739
20.856323
22.322260
23.789547
25.258183
26.728168
28.199503
29.672188
31.146221
32.621605
34.098335
35.576420
37.055851
38.536633
40.018761
41.502243
42.987072
44.473248
45.960777
47.449657
48.939884
50.431461
51.924381
53.418659
54.914280
56.411255
57.909580
59.409252
60.910271
62.412643
63.916370
65.421440
66.927856
68.435623
69.944748
71.455208
72.967026
74.480202
75.994713
77.510582
79.027794
80.546364
82.066269
83.587532
85.110153
86.634109
88.159416
89.686081
91.211815
92.734360
94.253693
95.769829
97.282768
98.792503
100.299042
101.802376
103.302513
104.799454
106.293182
107.783722
109.271065
110.755203
112.236145
113.713882
115.188416
116.659760
118.127899
119.592834
121.054581
122.513123
123.968460
125.420601
126.869545
128.315277
129.757843
131.197174
132.633316
134.066254
135.496002
136.922531
138.345901
139.766037
141.182968
142.596710
144.007263
145.414612
146.818741
148.219696
149.617447
151.011978
152.403336
153.791489
155.176437
156.558167
157.936737
159.306366
160.661377
162.001816
163.327621
164.638824
165.935425
167.217392
168.484787
169.737549
170.975708
172.199249
173.408173
174.602509
175.782227
176.947327
178.097824
179.233704
180.354996
181.461670
182.553711
183.631165
184.694000
185.742249
186.775848
187.794861
188.799255
189.789047
190.764236
191.724808
192.670761
193.602112
194.518860
195.420990
196.308502
197.181427
198.039719
198.883423
199.712509
200.526978
201.326843
202.112091
202.882736
203.638763
204.380188
205.107010
205.819229
206.516815
207.205643
207.891556
208.574539
209.254608
209.931747
210.605957
211.277267
211.945633
212.611084
213.273621
213.933228
214.589920
215.243683
215.894516
216.542450
217.187439
217.829514
218.468674
219.104904
219.738205
220.368591
220.996063
221.620621
222.242233
222.860931
223.476715
224.089569
224.699493
225.306503
225.910599
226.511780
227.110016
227.705338
228.297745
228.887222
229.473770
230.057404
230.638123
231.215927
231.790787
232.362732
232.931763
233.497864
234.061035
234.621292
235.178635
235.733063
236.282166
236.823547
237.357224
237.883209
238.401474
238.912033
239.414871
239.910034
240.397461
240.877197
241.349213
241.813522
242.270126
242.719025
243.160217
243.593689
244.019455
244.437531
244.847870
245.250534
245.645462
246.032700
246.412216
246.784042
247.148148
247.504532
247.853241
248.194214
248.527481
248.853058
249.170914
249.481064
249.783524
250.078247
250.365265
250.644592
250.916214
251.180115
251.436310
251.684784
251.925568
252.158630
252.384003
252.601654
252.811600
253.013840
253.208359
253.395187
253.574310
253.745712
253.909409
254.065399
254.213684
254.354263
254.487137
254.612289
254.729721
254.839478
254.941513
255.000000
255.000000
