0.974316
0.012842
0.012842
0.012842
0.974316
0.012842
0.012842
0.012842
0.974316
0.000000
1.018978
2.037912
3.056800
4.075644
5.094442
6.113195
7.131904
8.150568
9.169187
10.187760
11.206289
12.224773
13.243212
14.261606
15.279955
16.298258
17.316519
18.334732
19.352903
20.371027
21.389105
22.406992
23.424534
24.441738
25.458599
26.475121
27.491299
28.507135
29.522633
30.537786
31.552599
32.567070
33.581200
34.594990
35.608433
36.621536
37.634304
38.646729
39.658806
40.670547
41.681946
42.693001
43.703712
44.714088
45.724121
46.733810
47.743160
48.752167
49.760838
50.769161
51.777142
52.784782
53.792084
54.799042
55.805660
56.811932
57.817871
58.823463
59.828712
60.833622
61.838192
62.842415
63.846302
64.849854
65.853050
66.855911
67.858429
68.860611
69.862442
70.863937
71.865097
72.865906
73.866379
74.866508
75.866295
76.865738
77.864845
78.863609
79.862122
80.860847
81.859863
82.859184
83.858810
84.858727
85.858948
86.859467
87.860283
88.861412
89.862823
90.864540
91.866562
92.868881
93.871498
94.874413
95.877632
96.881149
97.884964
98.889076
99.893494
100.898209
101.903221
102.908539
103.914146
104.920067
105.926277
106.932800
107.939606
108.946724
109.954140
110.961845
111.969856
112.978165
113.986778
114.995689
116.004906
117.014412
118.024223
119.034325
120.044739
121.055450
122.066460
123.077766
124.089371
125.101280
126.113487
127.125992
128.138794
129.151901
130.165314
131.179016
132.193024
133.207321
134.221924
135.236847
136.252045
137.267548
138.282883
139.297653
140.311829
141.325439
142.338425
143.350861
144.362686
145.373932
146.384598
147.394669
148.404144
149.413040
150.421341
151.429062
152.436188
153.442734
154.448685
155.454071
156.458832
157.463028
158.466629
159.469650
160.472076
161.473923
162.475174
163.475845
164.475922
165.475403
166.474304
167.472626
168.470337
169.467499
170.464050
171.460007
172.455383
173.450180
174.444366
175.437988
176.431015
177.423447
178.415298
179.406555
180.397232
181.387314
182.376801
183.365723
184.354034
185.341766
186.328934
187.315491
188.301468
189.286850
190.271637
191.255844
192.239471
193.222504
194.204956
195.186874
196.168610
197.150223
198.131683
199.113052
200.094284
201.075378
202.056366
203.037216
204.017944
204.998535
205.979004
206.959351
207.939575
208.919662
209.899628
210.879471
211.859192
212.838791
213.818253
214.797577
215.776810
216.755890
217.734848
218.713684
219.692383
220.670975
221.649429
222.627762
223.605957
224.584045
225.561996
226.539825
227.517532
228.495102
229.472549
230.449875
231.427063
232.404144
233.381088
234.357910
235.334595
236.311172
237.287598
238.263916
239.240112
240.216187
241.192123
242.167923
243.143616
244.119171
245.094604
246.069916
247.045090
248.020157
248.995071
249.969894
250.944550
251.898575
252.811478
253.683228
254.513855
0.000000
0.395518
1.400652
2.407862
3.417148
4.428510
5.441948
6.457462
7.475053
8.494719
9.516462
10.540281
11.566175
12.594146
13.624192
14.656314
15.690516
16.726788
17.765139
18.805567
19.846689
20.887121
21.926868
22.965925
24.004297
25.041981
26.078978
27.115288
28.150908
29.185843
30.220087
31.253647
32.286518
33.318703
34.350197
35.381004
36.411129
37.440563
38.469307
39.497368
40.524734
41.551422
42.577415
43.602722
44.627346
45.651279
46.674530
47.697086
48.718956
49.740143
50.760635
51.780441
52.799564
53.817997
54.835747
55.852802
56.869175
57.884857
58.899853
59.914162
60.927780
61.940716
62.952961
63.964520
64.975395
65.985580
66.995071
68.003883
69.012001
70.019432
71.026184
72.032242
73.037613
74.042297
75.046295
76.049606
77.052223
78.054161
79.055435
80.056755
81.058411
82.060394
83.062714
84.065361
85.068336
86.071640
87.075287
88.079254
89.083549
90.088188
91.093147
92.098442
93.104065
94.110023
95.116310
96.122925
97.129868
98.137154
99.144768
100.152710
101.160973
102.169586
103.178513
104.187782
105.197380
106.207306
107.217560
108.228157
109.239075
110.250320
111.261909
112.273819
113.286064
114.298645
115.311546
116.324783
117.338348
118.352249
119.366478
120.381035
121.395935
122.411163
123.426712
124.442596
125.458809
126.475357
127.492233
128.509445
129.526978
130.544846
131.563049
132.581573
133.600449
134.619644
135.639160
136.659027
137.679214
138.699524
139.718704
140.736557
141.753098
142.768295
143.782150
144.794693
145.805908
146.815796
147.824356
148.831573
149.837448
150.842010
151.845245
152.847153
153.847733
154.846985
155.844879
156.841476
157.836716
158.830658
159.823257
160.814514
161.804459
162.793060
163.780334
164.766281
165.750900
166.734192
167.716141
168.696777
169.676086
170.654037
171.630676
172.606003
173.579971
174.552628
175.523956
176.493942
177.462601
178.429947
179.395950
180.360626
181.323959
182.285980
183.246658
184.206009
185.164032
186.120728
187.076111
188.030151
188.982849
189.934219
190.884277
191.832993
192.780380
193.726440
194.671173
195.614563
196.557373
197.501343
198.446594
199.393112
200.340897
201.289932
202.240219
203.191803
204.144623
205.098724
206.054077
207.010696
207.968582
208.927750
209.888153
210.849838
211.812775
212.776978
213.742447
214.709198
215.677185
216.646454
217.616989
218.588776
219.561829
220.536148
221.511734
222.488586
223.466690
224.446060
225.426697
226.408600
227.391769
228.376205
229.361893
230.348862
231.337082
232.326569
233.317337
234.309357
235.302612
236.297165
237.292984
238.290054
239.288391
240.287979
241.288849
242.290970
243.294357
244.299011
245.304947
246.312134
247.320587
248.330292
249.341263
250.353500
251.367020
252.381790
253.397812
254.951218
0.000000
1.067274
2.130895
3.190863
4.247179
5.299840
6.348849
7.394207
8.435911
9.473961
10.508360
11.539105
12.566198
13.589639
14.609423
15.625558
16.638041
17.648909
18.660200
19.671915
20.684053
21.696615
22.709599
23.723009
24.736841
25.751099
26.765779
27.780884
28.796410
29.812361
30.828733
31.845533
32.862759
33.880402
34.898468
35.916965
36.935879
37.955219
38.974983
39.995171
41.015781
42.036816
43.058277
44.080158
45.102463
46.125195
47.148346
48.171925
49.195923
50.220348
51.245197
52.270466
53.296162
54.322281
55.348827
56.375790
57.403179
58.430992
59.459232
60.487892
61.516975
62.546482
63.576416
64.606773
65.637558
66.668762
67.700378
68.732437
69.764908
70.797806
71.831123
72.864876
73.899040
74.933617
75.968071
77.002213
78.036041
79.069550
80.102737
81.135612
82.168167
83.200401
84.232323
85.263924
86.295212
87.326180
88.356827
89.387154
90.417175
91.446877
92.476250
93.505318
94.534065
95.562485
96.590607
97.618385
98.645866
99.673027
100.699860
101.726387
102.752594
103.778481
104.804047
105.829300
106.854233
107.878853
108.903160
109.927147
110.950806
111.974152
112.997185
114.019897
115.042290
116.064369
117.086128
118.107574
119.128700
120.149506
121.169998
122.190163
123.210022
124.229561
125.248772
126.267677
127.286270
128.304520
129.322495
130.340118
131.357437
132.374435
133.390991
134.406570
135.421021
136.434372
137.446625
138.457748
139.467773
140.476700
141.484497
142.491196
143.496780
144.501266
145.504639
146.506882
147.508041
148.508087
149.507019
150.504837
151.501556
152.497162
153.491653
154.485031
155.477310
156.468475
157.458542
158.447479
159.435318
160.422058
161.407684
162.392197
163.375595
164.357880
165.339066
166.319138
167.298111
168.275955
169.252701
170.228348
171.202881
172.176300
173.148605
174.119812
175.089890
176.058884
177.026749
177.993515
178.959183
179.923721
180.887161
181.849487
182.810699
183.770813
184.729813
185.687714
186.644485
187.600159
188.554718
189.508469
190.462021
191.415405
192.368668
193.321793
194.274765
195.227585
196.180252
197.132782
198.085159
199.037415
199.989502
200.941452
201.893265
202.844910
203.796432
204.747803
205.699020
206.650101
207.601028
208.551804
209.502457
210.452957
211.403305
212.353500
213.303558
214.253479
215.203247
216.152878
217.102356
218.051682
219.000870
219.949905
220.898804
221.847549
222.796158
223.744614
224.692932
225.641098
226.589127
227.537003
228.484741
229.432327
230.379761
231.327057
232.274216
233.221207
234.168076
235.114792
236.061356
237.007782
237.954056
238.900208
239.846191
240.792023
241.737717
242.683258
243.636826
244.606598
245.592575
246.594742
247.613098
248.647690
249.698441
250.765396
251.848557
252.947906
254.063477
255.000000
