0.987837
0.006082
0.006082
0.006082
0.987837
0.006082
0.006082
0.006082
0.987837
0.000000
1.247484
2.458291
3.632421
4.769874
5.870648
6.934746
7.962166
8.952909
9.906976
10.824364
11.705074
12.569678
13.438744
14.312271
15.190262
16.072714
16.959627
17.851006
18.746845
19.647146
20.551912
21.461136
22.374826
23.292976
24.215588
25.142664
26.074202
27.010199
27.950661
28.895586
29.844973
30.798822
31.757132
32.719906
33.687141
34.658836
35.634998
36.615620
37.600704
38.590252
39.584259
40.582729
41.585659
42.593060
43.604916
44.621239
45.642017
46.667263
47.696972
48.731144
49.769772
50.812866
51.860424
52.912441
53.968922
55.029861
56.095268
57.165134
58.239464
59.318256
60.401508
61.489223
62.578644
63.667004
64.754303
65.840538
66.925728
68.009842
69.092911
70.174919
71.255859
72.335747
73.414566
74.492332
75.569046
76.644691
77.719284
78.792816
79.865288
80.936699
82.007057
83.076347
84.144585
85.211754
86.277870
87.342934
88.406929
89.469872
90.531754
91.592575
92.652336
93.711044
94.768677
95.825264
96.880791
97.935265
98.988670
100.041016
101.092308
102.142532
103.191704
104.239822
105.286865
106.332855
107.377800
108.421669
109.464478
110.506248
111.546944
112.586578
113.625160
114.662674
115.699142
116.735222
117.771645
118.808395
119.845459
120.882851
121.920578
122.958618
123.997002
125.035698
126.074715
127.114059
128.153732
129.193741
130.234055
131.274704
132.315674
133.356979
134.398590
135.440536
136.482819
137.525406
138.568344
139.611588
140.655167
141.699081
142.743286
143.787842
144.832718
145.877930
146.923447
147.969299
149.015472
150.061981
151.108810
152.155960
153.203445
154.251251
155.299377
156.347839
157.396606
158.445724
159.495148
160.544907
161.594986
162.645386
163.696121
164.747177
165.798569
166.850281
167.902298
168.954666
170.005219
171.051819
172.094498
173.133240
174.168030
175.198898
176.225815
177.248810
178.267853
179.282990
180.294159
181.301392
182.304688
183.304047
184.299469
185.290955
186.278503
187.262115
188.241776
189.217514
190.189316
191.157181
192.121094
193.081070
194.037125
194.989243
195.937408
196.881638
197.821930
198.758286
199.690720
200.619186
201.543732
202.464355
203.381012
204.293747
205.202545
206.107407
207.008316
207.905304
208.798340
209.687454
210.572601
211.453842
212.331131
213.204498
214.073898
214.939392
215.800919
216.658524
217.512192
218.368027
219.232147
220.104584
220.985306
221.874313
222.771622
223.677200
224.591095
225.513260
226.443741
227.382507
228.329544
229.284897
230.248520
231.220444
232.200684
233.189178
234.185989
235.191086
236.204483
237.226151
238.256119
239.294373
240.340927
241.395782
242.458923
243.530350
244.610062
245.698090
246.794388
247.898987
249.011871
250.133057
251.262527
252.400284
253.546356
254.700699
255.000000
255.000000
255.000000
0.000000
0.992909
1.995056
3.006443
4.027070
5.056935
6.096039
7.144383
8.201968
9.268790
10.344851
11.430152
12.519682
13.608438
14.696416
15.783619
16.870045
17.955694
19.040565
20.124659
21.207977
22.290520
23.372284
24.453272
25.533485
26.612921
27.691580
28.769461
29.846567
30.922894
31.998444
33.073215
34.147221
35.220440
36.292885
37.364552
38.435448
39.505558
40.574894
41.643459
42.711243
43.778248
44.844479
45.909935
46.974609
48.038513
49.101635
50.163986
51.225559
52.286354
53.346371
54.405613
55.464073
56.521763
57.578674
58.634804
59.690166
60.744740
61.798550
62.851578
63.903824
64.955292
66.005989
67.055809
68.104660
69.152534
70.199440
71.245369
72.290329
73.334320
74.377327
75.419365
76.460442
77.500534
78.539658
79.577805
80.614983
81.651192
82.686424
83.720680
84.753967
85.786278
86.817619
87.847984
88.877380
89.905807
90.933266
91.959740
92.985245
94.009773
95.033340
96.055923
97.077538
98.098183
99.117851
100.136543
101.154274
102.171028
103.186806
104.201614
105.215439
106.228302
107.240196
108.251106
109.261047
110.270020
111.278015
112.285049
113.291092
114.296173
115.300285
116.303413
117.305573
118.306770
119.306984
120.306213
121.304451
122.301697
123.297966
124.293243
125.287544
126.280861
127.273186
128.264526
129.254868
130.244247
131.232635
132.220016
133.206421
134.191864
135.176300
136.159744
137.142227
138.123718
139.104218
140.083710
141.062241
142.039780
143.016342
143.991913
144.966492
145.940094
146.912704
147.884323
148.854980
149.824615
150.793304
151.760986
152.727676
153.693390
154.658112
155.621872
156.584625
157.546387
158.507187
159.466980
160.425797
161.383621
162.340469
163.296326
164.251205
165.205093
166.157990
167.109894
168.060837
169.011612
169.963150
170.915421
171.868408
172.822144
173.776611
174.731812
175.687744
176.644409
177.601807
178.559921
179.518784
180.478363
181.438705
182.399765
183.361542
184.324066
185.287308
186.251312
187.216019
188.181473
189.147644
190.114578
191.082214
192.050598
193.019714
193.989563
194.960129
195.931458
196.903488
197.876266
198.849777
199.824005
200.798996
201.774704
202.751129
203.728302
204.706207
205.684845
206.664215
207.644318
208.625153
209.606705
210.589020
211.572037
212.555801
213.540298
214.525528
215.511490
216.498184
217.485596
218.471649
219.454147
220.433151
221.408615
222.380569
223.348999
224.313919
225.275314
226.233185
227.187546
228.138382
229.085693
230.029480
230.969757
231.906509
232.839737
233.769455
234.695648
235.618332
236.537491
237.453125
238.365234
239.273834
240.178909
241.080460
241.978516
242.873032
243.764023
244.651505
245.535446
246.415894
247.292816
248.166199
249.036087
249.902435
250.765274
251.624588
252.480408
253.332687
254.181427
0.000000
1.070989
2.140809
3.209462
4.276947
5.343263
6.408411
7.472392
8.535205
9.598121
10.662416
11.728092
12.795147
13.863579
14.933390
16.004580
17.077148
18.151096
19.226421
20.303127
21.381210
22.460672
23.541515
24.623735
25.707335
26.792309
27.878668
28.966400
30.055513
31.146006
32.237877
33.331127
34.425758
35.521763
36.619152
37.717915
38.818058
39.919582
41.022480
42.126762
43.232418
44.339455
45.447872
46.557667
47.668842
48.781391
49.895321
51.010632
52.127323
53.245392
54.364838
55.485661
56.607864
57.731445
58.856411
59.982750
61.110466
62.239468
63.367706
64.494347
65.619385
66.742821
67.864655
68.984886
70.103516
71.220551
72.335976
73.449799
74.562035
75.672653
76.781677
77.889091
78.994911
80.099129
81.201752
82.302765
83.402176
84.499985
85.596199
86.690796
87.783806
88.875214
89.965019
91.053223
92.139816
93.224823
94.308220
95.390007
96.470215
97.548790
98.625793
99.701180
100.774963
101.847153
102.917732
103.986717
105.054100
106.119888
107.184067
108.246643
109.307610
110.366989
111.424767
112.480934
113.535507
114.588470
115.639648
116.687935
117.733154
118.775307
119.814362
120.850365
121.883278
122.913132
123.939896
124.963593
125.984215
127.001755
128.016220
129.027618
130.035950
131.041199
132.043365
133.042480
134.038498
135.031448
136.021317
137.008118
137.991852
138.972504
139.950073
140.924591
141.896011
142.864365
143.829636
144.791855
145.750977
146.707047
147.660019
148.609940
149.556747
150.500519
151.441193
152.378815
153.313339
154.244797
155.173187
156.098495
157.020737
157.939896
158.855972
159.768997
160.678940
161.585800
162.489594
163.392105
164.297791
165.206802
166.119202
167.034927
167.954041
168.876480
169.802292
170.731445
171.663971
172.599838
173.539062
174.481644
175.427567
176.376862
177.329514
178.285507
179.244858
180.207565
181.173645
182.143051
183.115829
184.091965
185.071442
186.054276
187.040466
188.030014
189.022903
190.019165
191.018784
192.021759
193.028061
194.037750
195.050766
196.067169
197.086899
198.110001
199.136444
200.166245
201.199417
202.235931
203.275787
204.319016
205.365601
206.415527
207.468826
208.525452
209.585464
210.648804
211.708359
212.756866
213.794357
214.820831
215.836304
216.840744
217.834183
218.816605
219.788010
220.748398
221.697769
222.636139
223.563461
224.479797
225.385117
226.279404
227.162689
228.034958
228.896225
229.746445
230.585678
231.413895
232.231079
233.037262
233.832428
234.616577
235.389709
236.151825
236.902924
237.643021
238.372086
239.090149
239.797195
240.493225
241.178238
241.852234
242.515228
243.167191
243.808136
244.438080
245.056992
245.664917
246.261810
246.847687
247.422546
247.986404
248.539230
249.081055
249.611862
250.131638
250.640411
251.138184
