0.998310
0.000845
0.000845
0.000845
0.998310
0.000845
0.000845
0.000845
0.998310
0.000000
1.014261
2.041991
3.083190
4.137860
5.205997
6.287605
7.382682
8.491229
9.613245
10.748731
11.897684
13.060108
14.236002
15.425364
16.618736
17.806658
18.989128
20.166145
21.337711
22.503828
23.664492
24.819706
25.969467
27.113779
28.252640
29.386045
30.514004
31.636509
32.753567
33.865166
34.971317
36.072021
37.167271
38.257069
39.341415
40.420315
41.493759
42.561752
43.624294
44.681385
45.733025
46.779213
47.819954
48.855240
49.885075
50.909454
51.928387
52.941875
53.949909
54.952484
55.949612
56.941280
57.927513
58.908283
59.883610
60.853485
61.817902
62.776871
63.734177
64.693588
65.655106
66.618729
67.584465
68.552315
69.522270
70.494331
71.468506
72.444786
73.423180
74.403679
75.386292
76.371017
77.357841
78.346779
79.337830
80.330986
81.326256
82.323631
83.323112
84.324707
85.328423
86.334236
87.342148
88.352180
89.364326
90.378578
91.394936
92.413414
93.433990
94.456680
95.481476
96.508377
97.537392
98.568520
99.601761
100.637108
101.674561
102.714127
103.755806
104.799576
105.845474
106.893471
107.941261
108.986534
110.029274
111.069496
112.107201
113.142372
114.175018
115.205147
116.232742
117.257828
118.280380
119.300407
120.317917
121.332893
122.345360
123.355286
124.362701
125.367584
126.369942
127.369781
128.367096
129.361877
130.354141
131.343887
132.331100
133.315796
134.297974
135.277618
136.254745
137.229340
138.201416
139.170975
140.137985
141.102478
142.064468
143.023911
143.980835
144.935257
145.887131
146.836487
147.783325
148.727631
149.669403
150.608688
151.547195
152.486740
153.427338
154.368958
155.311600
156.255295
157.200012
158.145767
159.092560
160.040375
160.989227
161.939133
162.890060
163.842010
164.794998
165.749039
166.704086
167.660202
168.617325
169.575485
170.534683
171.494919
172.456192
173.418488
174.381821
175.346191
176.311600
177.278030
178.245499
179.214005
180.183548
181.154129
182.125732
183.098373
184.072067
185.046753
186.022507
186.999283
187.977097
188.955963
189.935837
190.916748
191.898697
192.881683
193.862183
194.836594
195.804962
196.767273
197.723526
198.673737
199.617889
200.555984
201.488022
202.414017
203.333939
204.247833
205.155640
206.057419
206.953125
207.842804
208.726395
209.603958
210.475464
211.340912
212.200302
213.053619
213.900925
214.742126
215.577316
216.406433
217.229492
218.046509
218.857468
219.662369
220.461227
221.254013
222.040756
222.821442
223.596069
224.364639
225.127167
225.883636
226.634048
227.378418
228.116714
228.848984
229.575165
230.295319
231.009415
231.717438
232.419418
233.115341
233.805222
234.489029
235.166794
235.838516
236.504181
237.163773
237.817322
238.464813
239.106247
239.741623
240.370972
240.994247
241.611465
242.222641
242.827744
243.426804
244.019806
0.000000
0.685390
1.418485
2.199285
3.027790
3.904000
4.827916
5.799536
6.818861
7.885891
9.000628
10.163068
11.373214
12.631063
13.936620
15.258677
16.566036
17.858692
19.136646
20.399904
21.648460
22.882315
24.101469
25.305922
26.495678
27.670731
28.831081
29.976736
31.107685
32.223934
33.325489
34.412338
35.484486
36.541935
37.584682
38.612736
39.626083
40.624725
41.608677
42.577919
43.532467
44.472313
45.397457
46.307899
47.203644
48.084686
48.951031
49.812756
50.679920
51.552540
52.430614
53.314133
54.203102
55.097527
55.997398
56.902721
57.813499
58.729725
59.651394
60.578522
61.511101
62.449127
63.392605
64.341537
65.295914
66.255745
67.221024
68.191757
69.167938
70.149574
71.136650
72.129189
73.127174
74.130608
75.139496
76.153831
77.173622
78.198860
79.229546
80.262367
81.293999
82.324455
83.353722
84.381798
85.408691
86.434402
87.458923
88.482262
89.504417
90.525383
91.545166
92.563766
93.581184
94.597404
95.612442
96.626297
97.638969
98.650459
99.660759
100.669868
101.677803
102.684540
103.690094
104.694473
105.697662
106.699661
107.700478
108.700104
109.698547
110.695808
111.691887
112.685883
113.676857
114.664833
115.649803
116.631775
117.610748
118.586716
119.559677
120.529640
121.496605
122.460556
123.421509
124.379463
125.334419
126.286362
127.235306
128.181259
129.124191
130.064133
131.001068
131.934998
132.865936
133.793854
134.718796
135.640717
136.559631
137.475555
138.388474
139.298386
140.205307
141.109192
142.010117
142.905533
143.793015
144.672516
145.544067
146.407654
147.263275
148.110947
148.950653
149.782410
150.606216
151.422043
152.229904
153.029831
153.821777
154.605774
155.381805
156.149887
156.910019
157.662170
158.406372
159.142609
159.870895
160.591202
161.303558
162.007965
162.704407
163.392899
164.073410
164.746002
165.410599
166.067245
166.715927
167.356659
167.989426
168.614227
169.231079
169.839966
170.440903
171.033875
171.618881
172.195938
172.765045
173.326157
173.879333
174.424561
174.961807
175.491104
176.012451
176.525818
177.031235
177.528702
178.018204
178.499741
178.973328
179.438950
179.896606
180.346313
180.788055
181.221848
181.647675
182.065521
182.475433
182.877396
183.271393
183.657394
184.035477
184.405594
184.767731
185.121933
185.468155
185.806427
186.136734
186.459091
186.773483
187.079926
187.378403
187.668915
187.951477
188.226074
188.492722
188.751389
189.002106
189.244858
189.479675
189.706528
189.925385
190.136322
190.339294
190.534286
190.721344
190.900421
191.071548
191.234711
191.389923
191.537170
191.676453
191.807785
191.931168
192.046570
192.154022
192.253510
192.345047
192.428619
192.504242
192.571884
192.631577
192.683319
192.727081
192.762909
192.790771
192.810669
192.822617
192.826584
0.000000
1.099047
2.207114
3.324202
4.450310
5.585438
6.729588
7.874638
9.012470
10.143085
11.266481
12.382660
13.491621
14.593364
15.687888
16.775196
17.855286
18.928156
19.993811
21.052246
22.103464
23.147461
24.184242
25.213808
26.236155
27.251284
28.259193
29.259886
30.253361
31.239616
32.218655
33.190475
34.156422
35.124550
36.096214
37.071404
38.050121
39.032368
40.018143
41.007446
42.000278
42.996643
43.996532
44.999950
46.006901
47.017376
48.031384
49.048916
50.069981
51.094574
52.122696
53.154343
54.189522
55.228233
56.270466
57.316231
58.365528
59.418350
60.469490
61.513760
62.551144
63.581650
64.605270
65.622017
66.631882
67.634857
68.630959
69.620186
70.602524
71.577972
72.546555
73.508247
74.463066
75.410995
76.352051
77.286224
78.213524
79.133934
80.047462
80.954109
81.853882
82.746773
83.632782
84.513184
85.395638
86.281425
87.170547
88.062988
88.958763
89.857880
90.760315
91.666092
92.575195
93.487633
94.403397
95.322487
96.244911
97.170670
98.099754
99.032173
99.967926
100.907005
101.849419
102.795151
103.744225
104.696625
105.652359
106.611420
107.573814
108.534584
109.488808
110.436478
111.377579
112.312126
113.240112
114.161545
115.076416
115.984734
116.886482
117.781685
118.670326
119.552406
120.427925
121.296890
122.159302
123.015144
123.864441
124.707176
125.543350
126.372955
127.196014
128.012512
128.822449
129.625839
130.422668
131.212936
131.996628
132.773788
133.544388
134.308411
135.065887
135.816818
136.561157
137.298965
138.030212
138.754883
139.473022
140.184586
140.889603
141.588028
142.279938
142.965256
143.644043
144.316254
144.981918
145.641022
146.293564
146.939545
147.578979
148.211853
148.838165
149.457916
150.071106
150.677750
151.277817
151.871338
152.458313
153.038696
153.612549
154.179825
154.740555
155.294739
155.842346
156.383408
156.917892
157.445831
157.967209
158.482025
158.990295
159.492004
159.987137
160.475723
160.957748
161.433228
161.902145
162.364502
162.820297
163.269531
163.712204
164.148331
164.577896
165.000900
165.417358
165.827240
166.230576
166.627350
167.017563
167.401215
167.778320
168.148849
168.512848
168.870270
169.221130
169.565430
169.903168
170.234360
170.559006
170.877075
171.188599
171.493546
171.791946
172.083801
172.369064
172.647812
172.919968
173.185577
173.444611
173.697113
173.943054
174.182419
174.415237
174.641479
174.861206
175.074341
175.280930
175.480957
175.674423
175.861328
176.041687
176.215485
176.382706
176.543381
176.697495
176.845062
176.986069
177.120499
177.248383
177.369705
177.484482
177.592697
177.694351
177.789444
177.877975
177.959961
178.035370
178.104248
178.166534
178.222290
178.271484
178.314102
178.350174
178.379684
178.402649
178.419037
178.428879
178.432144
