0.924654
0.037673
0.037673
0.037673
0.924654
0.037673
0.037673
0.037673
0.924654
0.000000
0.858824
1.717593
2.576307
3.434967
4.293570
5.152120
6.010613
6.869054
7.727438
8.585768
9.444042
10.302261
11.160426
12.018535
12.876590
13.734590
14.592534
15.450424
16.308258
17.166039
18.023764
18.881432
19.739046
20.596607
21.454111
22.311562
23.168957
24.026297
24.883581
25.740810
26.597984
27.455105
28.312939
29.172247
30.033031
30.895294
31.759035
32.624256
33.490948
34.359119
35.228771
36.099899
36.972504
37.846584
38.722145
39.599178
40.477692
41.357689
42.239155
43.122101
44.006527
44.892426
45.779800
46.668655
47.558987
48.450798
49.344086
50.238850
51.135090
52.032806
52.932003
53.832676
54.734829
55.638458
56.543564
57.450142
58.358204
59.267742
60.178757
61.091248
62.005219
62.920666
63.837593
64.755989
65.675873
66.597229
67.520058
68.444374
69.370155
70.297424
71.226158
72.156380
73.088081
74.021255
74.955582
75.889038
76.821312
77.752403
78.682297
79.611000
80.538521
81.464844
82.389984
83.313927
84.236694
85.158257
86.078636
86.997826
87.915833
88.832642
89.748268
90.662704
91.575943
92.487991
93.398865
94.308540
95.217026
96.124321
97.030441
97.935349
98.839081
99.741623
100.642982
101.543137
102.442108
103.339890
104.236496
105.131889
106.026108
106.919136
107.810974
108.701622
109.591072
110.479347
111.366432
112.252312
113.137016
114.020531
114.902855
115.783981
116.663925
117.542679
118.420250
119.296623
120.171806
121.045807
121.918617
122.790649
123.662346
124.533691
125.404686
126.275337
127.145645
128.015594
128.885208
129.754486
130.623383
131.491959
132.360184
133.228058
134.095581
134.962769
135.829605
136.696091
137.562225
138.428024
139.293472
140.158569
141.023315
141.887726
142.751785
143.615494
144.478851
145.341873
146.204544
147.066864
147.928848
148.790466
149.651749
150.512695
151.373260
152.233505
153.093399
153.952942
154.812164
155.671005
156.529510
157.387680
158.245483
159.102936
159.960068
160.816818
161.673248
162.529327
163.385056
164.240448
165.095474
165.950165
166.804504
167.659409
168.520248
169.387909
170.262421
171.143768
172.031952
172.926987
173.828842
174.737564
175.653091
176.575485
177.504715
178.440765
179.383667
180.333420
181.289993
182.253403
183.223663
184.200760
185.184692
186.175461
187.173080
188.177521
189.188812
190.206940
191.231918
192.263702
193.302368
194.347855
195.400162
196.459335
197.525330
198.598160
199.677856
200.764374
201.857727
202.957932
204.064972
205.178833
206.299545
207.427094
208.561493
209.702728
210.850800
212.005707
213.167435
214.336044
215.511459
216.693726
217.882828
219.078766
220.281540
221.491165
222.753067
224.112747
225.570221
227.125443
228.778458
230.529221
232.377777
234.324097
236.368164
238.510025
240.749649
243.087051
245.522217
0.000000
0.000000
0.000000
0.000000
0.000000
2.006221
4.522148
6.933238
9.239496
11.440917
13.537502
15.529251
17.416164
19.198242
20.875483
22.447891
23.915464
25.278204
26.536108
27.741150
28.945299
30.148556
31.350922
32.552399
33.752979
34.952675
36.151482
37.349392
38.546417
39.742546
40.937786
42.132137
43.325596
44.518162
45.709839
46.900623
48.090523
49.279526
50.467636
51.654861
52.841194
54.026642
55.211189
56.394848
57.577618
58.759495
59.940483
61.120579
62.299789
63.478107
64.655533
65.832062
67.007706
68.182457
69.356316
70.529289
71.701370
72.872566
74.042854
75.212265
76.380783
77.548416
78.715149
79.880989
81.045944
82.210045
83.374168
84.538673
85.703560
86.868820
88.034462
89.200470
90.366875
91.533653
92.700806
93.868340
95.036255
96.204544
97.373215
98.542267
99.711693
100.881500
102.051689
103.222252
104.393196
105.564522
106.736229
107.908302
109.080765
110.253609
111.426819
112.600418
113.774391
114.948738
116.123474
117.298599
118.474083
119.649956
120.826202
122.002831
123.179832
124.357216
125.534988
126.713120
127.891655
129.070541
130.249832
131.429489
132.609528
133.789932
134.970734
136.151901
137.333023
138.511398
139.686600
140.858627
142.027466
143.193146
144.355637
145.514954
146.671097
147.824081
148.973862
150.120468
151.263931
152.404190
153.541260
154.675186
155.805908
156.933472
158.057861
159.179062
160.297089
161.411942
162.523636
163.632126
164.737457
165.839615
166.938568
168.034378
169.126999
170.216446
171.302719
172.385803
173.465729
174.542465
175.616028
176.686417
177.753632
178.817657
179.878525
180.936203
181.990723
183.042038
184.090195
185.135193
186.176987
187.215607
188.251068
189.282135
190.305969
191.322372
192.331406
193.333038
194.327255
195.314087
196.293503
197.265533
198.230164
199.187393
200.137222
201.079666
202.014694
202.942337
203.862579
204.775406
205.680847
206.578888
207.469543
208.352783
209.228607
210.097061
210.958115
211.811768
212.658005
213.496857
214.328308
215.152359
215.969009
216.778275
217.580124
218.374588
219.161652
219.941299
220.713562
221.478424
222.235901
222.985962
223.728622
224.463898
225.191757
225.912231
226.625290
227.330963
228.029251
228.720123
229.400421
230.066986
230.719803
231.358871
231.984207
232.595795
233.193634
233.777725
234.348099
234.904709
235.447571
235.976700
236.492081
236.993713
237.481598
237.955750
238.416168
238.862823
239.295746
239.714920
240.120361
240.512039
240.889999
241.254211
241.604675
241.941376
242.264343
242.573593
242.869080
243.150803
243.418808
243.673065
243.913574
244.140350
244.353363
244.552643
244.738174
244.909973
245.068039
245.212326
245.342896
245.459717
245.562790
245.652130
245.727722
245.789566
245.837677
245.872040
245.892654
245.899521
0.000000
5.000000
9.999999
14.927064
19.708250
24.343559
28.832994
33.176552
37.374241
41.426044
45.331970
49.092026
52.706207
56.174511
59.496941
62.673496
65.704178
68.588966
71.327888
73.920944
76.368118
78.669411
80.824837
82.834381
84.698051
86.415848
87.987762
89.462135
90.957092
92.478012
94.024879
95.597717
97.196503
98.821251
100.471962
102.148621
103.851242
105.579819
107.334351
109.114845
110.921303
112.753708
114.612076
116.496399
118.406677
120.342918
122.305115
124.293274
126.307396
128.347458
130.413483
132.502136
134.593460
136.684143
138.774155
140.863525
142.952225
145.040268
147.127670
149.214401
151.300491
153.385910
155.470688
157.554810
159.638260
161.721069
163.803223
165.884705
167.965546
170.045731
172.125244
174.204117
176.282333
178.359879
180.436783
182.511215
184.542999
186.515732
188.429398
190.283997
192.079544
193.816040
195.493469
197.111832
198.671158
200.171402
201.612610
202.994751
204.317825
205.581848
206.786804
207.932693
209.019531
210.047318
211.016037
211.925705
212.776306
213.567841
214.300339
214.973770
215.615570
216.253281
216.886856
217.516296
218.141632
218.762817
219.379898
219.992828
220.601639
221.206329
221.806885
222.403305
222.995605
223.583786
224.167831
224.747757
225.323547
225.895203
226.462738
227.026154
227.585449
228.140594
228.691620
229.238525
229.781281
230.319931
230.854462
231.384842
231.911102
232.433243
232.951248
233.465134
233.974884
234.480499
234.981995
235.479355
235.972595
236.461700
236.946701
237.427551
237.904297
238.376892
238.845367
239.309708
239.769928
240.226028
240.677994
241.125839
241.569550
242.009140
242.444595
242.875916
243.303116
243.726181
244.145126
244.559952
244.970642
245.377197
245.779633
246.177933
246.572128
246.962189
247.348114
247.729889
248.107559
248.481110
248.850525
249.215820
249.576981
249.934006
250.286911
250.635696
250.980331
251.320862
251.657257
251.989532
252.317657
252.641663
252.961563
253.277313
253.588943
253.896454
254.199829
254.499069
254.794189
255.085175
255.372040
255.654785
255.933380
256.207886
256.478210
256.744446
257.006531
257.264526
257.518341
257.768066
258.013672
258.255127
258.492462
255.000000
255.000000
255.000000
255.000000
255.000000
255.000000
255.000000
255.000000
255.000000
255.000000
255.000000
255.000000
255.000000
255.000000
255.000000
255.000000
255.000000
255.000000
255.000000
255.000000
255.000000
255.000000
255.000000
255.000000
255.000000
255.000000
255.000000
255.000000
255.000000
255.000000
255.000000
255.000000
255.000000
255.000000
255.000000
255.000000
255.000000
255.000000
255.000000
255.000000
255.000000
255.000000
255.000000
255.000000
255.000000
255.000000
255.000000
255.000000
255.000000
255.000000
255.000000
255.000000
255.000000
255.000000
255.000000
255.000000
255.000000
