0.974657
0.012671
0.012671
0.012671
0.974657
0.012671
0.012671
0.012671
0.974657
0.000000
1.282331
2.539270
3.770818
4.976974
6.157739
7.313114
8.443096
9.547688
10.626889
11.680697
12.721961
13.763525
14.805387
15.847548
16.890011
17.932770
18.975828
20.019188
21.062847
22.106806
23.151064
24.195620
25.240477
26.285633
27.331089
28.376842
29.422899
30.469252
31.515905
32.562859
33.610107
34.657658
35.705513
36.753666
37.802113
38.850864
39.899910
40.949261
41.998905
43.048855
44.099098
45.149643
46.200489
47.251633
48.303078
49.354816
50.406864
51.459209
52.511852
53.564720
54.616333
55.666069
56.713936
57.759930
58.804050
59.846294
60.886673
61.925171
62.961800
63.996555
65.029434
66.060448
67.089584
68.116844
69.142242
70.165756
71.187401
72.207176
73.225082
74.241096
75.255257
76.267540
77.277954
78.286484
79.293144
80.297935
81.300850
82.301895
83.301071
84.298370
85.293793
86.287346
87.279022
88.268822
89.256760
90.242821
91.227013
92.209335
93.189774
94.168571
95.147110
96.125618
97.104088
98.082527
99.060936
100.039314
101.017662
101.995972
102.974251
103.952507
104.930725
105.908905
106.887062
107.865181
108.843277
109.821327
110.799355
111.777351
112.755318
113.733246
114.711143
115.689011
116.666840
117.644646
118.622414
119.600159
120.577858
121.555542
122.533180
123.510788
124.488365
125.465912
126.443428
127.420906
128.398361
129.375778
130.353165
131.330536
132.307831
133.284775
134.260452
135.234818
136.207886
137.179642
138.150101
139.119247
140.087097
141.053650
142.018890
142.982819
143.945450
144.906769
145.866806
146.825531
147.782944
148.739059
149.693878
150.647385
151.599579
152.550491
153.500092
154.448380
155.395370
156.341064
157.285446
158.228531
159.170303
160.110779
161.049957
161.987793
162.924377
163.859619
164.793579
165.726242
166.657578
167.587631
168.516373
169.443802
170.369934
171.290009
172.199341
173.097916
173.985733
174.862793
175.729080
176.584610
177.429382
178.263397
179.086639
179.899124
180.700851
181.491821
182.272003
183.041458
183.800140
184.548050
185.285202
186.011597
186.727234
187.432098
188.126221
188.809555
189.482147
190.143982
190.795044
191.435333
192.064896
192.683670
193.291687
193.888947
194.475433
195.051178
195.616150
196.170349
196.713806
197.246506
197.768433
198.279587
198.779999
199.269638
199.748535
200.216644
200.674011
201.120605
201.556442
201.981522
202.395828
202.799377
203.192184
203.574203
203.945465
204.305984
204.655731
204.994720
205.322922
205.640396
205.947098
206.243027
206.528198
206.802628
207.066269
207.319168
207.561295
207.792664
208.013275
208.223114
208.422211
208.610535
208.788101
208.954895
209.110931
209.256210
209.390732
209.514481
209.627487
209.729721
209.821182
209.901886
209.971832
210.031021
210.079453
210.117111
210.144012
210.160156
210.165543
0.000000
1.066806
2.137297
3.211472
4.289331
5.370874
6.456102
7.545015
8.637611
9.733892
10.833858
11.937508
13.044841
14.153054
15.259336
16.363689
17.466112
18.566608
19.665174
20.761810
21.856518
22.949297
24.040146
25.129065
26.216057
27.301119
28.384251
29.465454
30.544727
31.622072
32.697487
33.770977
34.842533
35.912163
36.979862
38.045631
39.109474
40.171387
41.231369
42.289425
43.345547
44.399742
45.452015
46.502346
47.550755
48.597225
49.641781
50.684402
51.725098
52.763863
53.800709
54.835979
55.869804
56.902191
57.933136
58.962635
59.990696
61.017315
62.042488
63.066227
64.088516
65.109367
66.128777
67.146744
68.163269
69.178352
70.191994
71.204185
72.214951
73.224258
74.232132
75.238571
76.243553
77.247101
78.249207
79.249878
80.249092
81.246872
82.243210
83.238106
84.231567
85.223572
86.214149
87.203278
88.190964
89.177208
90.162010
91.145378
92.127563
93.110268
94.093742
95.078003
96.063049
97.048874
98.035484
99.022865
100.011047
100.999992
101.989723
102.980232
103.971535
104.963608
105.956474
106.950111
107.944534
108.939728
109.935715
110.932480
111.930023
112.928352
113.927460
114.927345
115.928024
116.929474
117.931709
118.934731
119.938530
120.943100
121.948463
122.954605
123.961525
124.969231
125.977707
126.986984
127.997032
129.007858
130.019180
131.030182
132.040863
133.051208
134.061234
135.070923
136.080307
137.089355
138.098053
139.106445
140.114517
141.122238
142.129654
143.136734
144.143494
145.149918
146.156006
147.161789
148.167221
149.172333
150.177124
151.181595
152.185730
153.189545
154.193024
155.196167
156.198990
157.201492
158.203659
159.205521
160.207016
161.208221
162.209076
163.209595
164.209808
165.209686
166.209259
167.208481
168.202103
169.184875
170.156784
171.117844
172.068039
173.007370
173.935852
174.853470
175.760223
176.656128
177.541168
178.415359
179.278671
180.131134
180.972717
181.803467
182.623352
183.432373
184.230545
185.017853
185.794281
186.559875
187.314590
188.058472
188.791473
189.513626
190.224899
190.925339
191.614914
192.293625
192.961472
193.618469
194.264603
194.899872
195.524277
196.137848
196.740540
197.332382
197.913345
198.483475
199.042725
199.591125
200.128662
200.655350
201.171158
201.676117
202.170212
202.653458
203.125854
203.587372
204.038040
204.477844
204.906784
205.324875
205.732101
206.128464
206.513977
206.888626
207.252411
207.605347
207.947418
208.278625
208.598969
208.908478
209.207108
209.494873
209.771790
210.037842
210.293045
210.537369
210.770859
210.993469
211.205215
211.406128
211.596161
211.775345
211.943665
212.101120
212.247742
212.383484
212.508362
212.622375
212.725540
212.817856
212.899292
212.969879
213.029617
213.078476
213.116470
213.143631
213.159912
213.165344
0.000000
1.450594
2.856761
4.218503
5.535820
6.808711
8.037176
9.221215
10.360829
11.456017
12.530359
13.607444
14.687270
15.769835
16.855139
17.943184
19.033970
20.127493
21.223759
22.322765
23.424507
24.528992
25.636217
26.746181
27.858887
28.974331
30.092514
31.213438
32.337105
33.463505
34.592651
35.724537
36.859161
37.996525
39.136631
40.279472
41.425056
42.573380
43.724445
44.878250
46.034790
47.190510
48.341839
49.488781
50.631332
51.769493
52.903267
54.032650
55.157642
56.278248
57.394466
58.506294
59.613728
60.716774
61.815434
62.909706
63.999584
65.085083
66.166183
67.242897
68.315208
69.383156
70.446693
71.505844
72.560616
73.610992
74.656982
75.698578
76.735786
77.768600
78.797043
79.821083
80.842026
81.861153
82.878464
83.893959
84.907639
85.919510
86.929565
87.937798
88.944229
89.948845
90.951637
91.952629
92.951790
93.949150
94.944687
95.938416
96.930328
97.920425
98.908707
99.895180
100.879837
101.862679
102.843712
103.822922
104.800323
105.775902
106.749680
107.721626
108.691772
109.660103
110.626610
111.593857
112.564354
113.538116
114.515129
115.495407
116.478958
117.465759
118.455826
119.449150
120.445740
121.445587
122.448692
123.455063
124.464691
125.477592
126.493736
127.513161
128.535828
129.561768
130.590973
131.623413
132.659149
133.698120
134.740356
135.785858
136.834641
137.886658
138.941940
140.000488
141.062286
142.127365
143.189682
144.243271
145.288101
146.324203
147.351562
148.370163
149.380035
150.381149
151.373535
152.357178
153.332062
154.298218
155.255630
156.204285
157.144196
158.075378
158.997818
159.911499
160.816452
161.712646
162.600113
163.478821
164.348801
165.210022
166.062515
166.906250
167.741257
168.567505
169.385010
170.193787
170.993805
171.785095
172.567627
173.341431
174.106476
174.862793
175.610336
176.349167
177.079239
177.800583
178.513168
179.217026
179.912125
180.598465
181.276093
181.944962
182.605103
183.256470
183.899124
184.533020
185.158173
185.774582
186.382263
186.981186
187.571365
188.152802
188.725510
189.289459
189.844650
190.391129
190.928848
191.457840
191.978058
192.489548
192.992294
193.486298
193.971573
194.448090
194.915863
195.374878
195.825165
196.266708
196.699509
197.123566
197.538879
197.945450
198.343277
198.732361
199.112701
199.484299
199.847137
200.201248
200.546631
200.883240
201.211121
201.530258
201.840652
202.142303
202.435196
202.719360
202.994797
203.261459
203.519394
203.768585
204.009018
204.240723
204.463684
204.677902
204.883362
205.080093
205.268082
205.447311
205.617813
205.779572
205.932587
206.076828
206.212372
206.339142
206.457184
206.566483
206.667023
206.758835
206.841904
206.916229
206.981796
207.038605
207.086700
207.126068
207.156647
207.178513
207.191635
207.196014
