0.954531
0.022734
0.022734
0.022734
0.954531
0.022734
0.022734
0.022734
0.954531
0.000000
1.181217
2.355108
3.521672
4.680911
5.832821
6.977407
8.114665
9.244597
10.367203
11.482482
12.590434
13.691061
14.784361
15.870333
16.948980
18.020304
19.084295
20.140965
21.190306
22.232319
23.267008
24.294371
25.314404
26.327114
27.332499
28.330551
29.321283
30.304688
31.280760
32.249512
33.210938
34.165035
35.111809
36.051250
36.983368
37.908161
38.825626
39.735764
40.638577
41.534061
42.427631
43.324699
44.225262
45.129314
46.036869
46.947918
47.862461
48.780499
49.702034
50.627064
51.555588
52.487610
53.423126
54.362137
55.304646
56.250648
57.200146
58.153145
59.109631
60.069614
61.033096
62.000072
62.970543
63.944511
64.921974
65.902931
66.887383
67.875336
68.866776
69.861725
70.860153
71.862083
72.867516
73.876434
74.888855
75.904762
76.924171
77.947083
78.973480
80.003372
81.036758
82.073654
83.114037
84.157913
85.205276
86.256149
87.310516
88.368378
89.429718
90.494576
91.562927
92.634766
93.710098
94.786987
95.863487
96.939590
98.015312
99.090645
100.165581
101.240128
102.314285
103.388054
104.461426
105.534409
106.607010
107.679214
108.751030
109.822456
110.893494
111.964142
113.034386
114.104263
115.173737
116.242813
117.311508
118.379814
119.447723
120.515244
121.582382
122.649117
123.715469
124.781425
125.847008
126.912186
127.976982
129.041382
130.105377
131.169006
132.232239
133.295074
134.357529
135.419586
136.481247
137.542526
138.603409
139.663910
140.724014
141.783737
142.843063
143.902008
144.960556
146.018707
147.076462
148.133835
149.190811
150.247421
151.302277
152.354080
153.402832
154.448502
155.491119
156.530670
157.567169
158.600601
159.630951
160.658264
161.682495
162.703690
163.721786
164.736847
165.748840
166.757767
167.763611
168.766418
169.766144
170.762833
171.756439
172.746979
173.734482
174.718903
175.700256
176.678558
177.653793
178.625961
179.595062
180.561111
181.524109
182.484024
183.440887
184.394684
185.345413
186.293076
187.237686
188.179230
189.117706
190.053131
190.985489
191.914780
192.841003
193.764175
194.684280
195.601318
196.515305
197.426224
198.334061
199.238861
200.140579
201.039246
201.934845
202.829788
203.726425
204.624756
205.524765
206.426514
207.329926
208.235077
209.141907
210.050430
210.960678
211.872620
212.786270
213.701614
214.618652
215.537415
216.457855
217.380005
218.303864
219.229416
220.156693
221.085648
222.016312
222.948669
223.882736
224.818512
225.755981
226.695145
227.636032
228.578598
229.522888
230.468872
231.416550
232.365936
233.317032
234.269821
235.224304
236.180511
237.138397
238.097992
239.059296
240.022293
240.986984
241.953400
242.921509
243.891312
244.862823
245.836044
246.810959
247.787582
248.765900
249.745911
250.727631
251.711060
252.604263
253.315338
253.844284
0.000000
1.180696
2.355461
3.524295
4.687197
5.844168
6.995207
8.140316
9.279492
10.412738
11.540052
12.661435
13.776888
14.886407
15.989996
17.087654
18.179382
19.265175
20.345039
21.418974
22.486973
23.549042
24.605181
25.655390
26.699665
27.738008
28.770420
29.796906
30.817453
31.832073
32.840759
33.843517
34.840347
35.831238
36.816200
37.795231
38.768333
39.735500
40.700806
41.668320
42.638046
43.609985
44.584137
45.560493
46.539059
47.519840
48.502823
49.488026
50.475430
51.465050
52.456879
53.450916
54.447159
55.445621
56.446289
57.449162
58.454254
59.461552
60.471058
61.482777
62.496700
63.512840
64.531181
65.551743
66.574509
67.599487
68.626671
69.656067
70.687683
71.721504
72.757523
73.795761
74.836212
75.878868
76.923737
77.970810
79.020103
80.071602
81.125298
82.181213
83.239342
84.299675
85.362221
86.426987
87.493950
88.563126
89.634514
90.708107
91.783913
92.861938
93.942162
95.024605
96.108292
97.190826
98.272118
99.352165
100.430969
101.508530
102.584839
103.659904
104.733727
105.806305
106.877632
107.947723
109.016563
110.084160
111.150513
112.215614
113.279472
114.342087
115.403458
116.463585
117.522469
118.580101
119.636490
120.691635
121.745537
122.798195
123.849594
124.899765
125.948677
126.996353
128.042786
129.087967
130.131912
131.174606
132.216049
133.256256
134.295212
135.332916
136.369400
137.404602
138.438583
139.471313
140.502792
141.533035
142.562042
143.589798
144.616287
145.641571
146.665558
147.688354
148.709869
149.730148
150.749191
151.766968
152.783417
153.797882
154.810287
155.820602
156.828857
157.835037
158.839142
159.841171
160.841125
161.839020
162.834824
163.828552
164.820236
165.809814
166.797333
167.782776
168.766144
169.747437
170.726669
171.703812
172.678894
173.651901
174.622833
175.591690
176.558472
177.523178
178.485809
179.446381
180.404861
181.361282
182.315628
183.267899
184.218094
185.166229
186.112259
187.056244
187.998154
188.937973
189.875732
190.811417
191.745026
192.676559
193.606018
194.533401
195.458725
196.381973
197.303131
198.222229
199.139252
200.054199
200.967087
201.877884
202.786606
203.693253
204.597946
205.502319
206.407135
207.312378
208.218033
209.124130
210.030655
210.937607
211.844986
212.752792
213.661011
214.569687
215.478775
216.388290
217.298248
218.208618
219.119400
220.030624
220.942291
221.854385
222.766876
223.679825
224.593201
225.506989
226.421204
227.335861
228.250946
229.166428
230.082367
230.998734
231.915527
232.832733
233.750381
234.668457
235.586960
236.505875
237.425247
238.345016
239.265228
240.185867
241.106949
242.028442
242.950363
243.872711
244.795486
245.718674
246.642319
247.566376
248.490860
249.415787
250.341110
251.266891
252.193085
253.119720
254.046768
254.980942
0.000000
0.000000
0.660124
2.231532
3.774156
5.287996
6.773050
8.229321
9.656806
11.055507
12.425424
13.766555
15.078902
16.362465
17.617243
18.843239
20.040449
21.208874
22.348515
23.459368
24.541441
25.594725
26.619228
27.614946
28.581879
29.520027
30.429390
31.309971
32.161766
32.984776
33.797211
34.617283
35.444992
36.280334
37.123314
37.973927
38.832180
39.698067
40.571587
41.452744
42.341537
43.237968
44.142029
45.053730
45.973068
46.900040
47.834644
48.776890
49.726768
50.684284
51.649437
52.622223
53.602646
54.590698
55.586391
56.589722
57.600685
58.619286
59.645519
60.679394
61.720901
62.770042
63.826824
64.891228
65.963287
67.042976
68.130295
69.225266
70.327850
71.438080
72.555946
73.681442
74.814583
75.955353
77.103760
78.259804
79.423485
80.594803
81.773750
82.960335
84.154556
85.356415
86.565903
87.783035
89.007805
90.238861
91.468117
92.694221
93.917191
95.137009
96.353676
97.567215
98.777596
99.984833
101.188919
102.389870
103.587669
104.782326
105.973839
107.162201
108.347427
109.529495
110.708427
111.884216
113.056854
114.226341
115.392693
116.555885
117.715950
118.872856
120.026627
121.177246
122.324722
123.469055
124.610237
125.748276
126.883171
128.014923
129.143524
130.268982
131.391296
132.510468
133.626480
134.739365
135.849091
136.955673
138.059113
139.159409
140.256561
141.350555
142.441422
143.529129
144.613708
145.695129
146.773407
147.848541
148.920532
149.989365
151.055054
152.117599
153.177017
154.232971
155.285141
156.333572
157.378220
158.419113
159.456223
160.489594
161.519180
162.544998
163.567078
164.585373
165.599899
166.610657
167.617676
168.620911
169.620377
170.616089
171.608032
172.596207
173.580612
174.561264
175.538147
176.511261
177.480606
178.446198
179.408005
180.366058
181.320343
182.270874
183.217636
184.160629
185.099869
186.035309
186.967026
187.894943
188.819122
189.739517
190.656174
191.569031
192.478134
193.383484
194.285065
195.182861
196.076904
196.967209
197.853714
198.736465
199.615448
200.490662
201.362122
202.229813
203.093735
203.953903
204.810287
205.662933
206.512115
207.359756
208.206161
209.051376
209.895355
210.738098
211.579636
212.419952
213.259064
214.096924
214.933563
215.769012
216.603210
217.436188
218.267960
219.098511
219.927826
220.755936
221.582809
222.408463
223.232895
224.056122
224.878098
225.698883
226.518433
227.336777
228.153885
228.969757
229.784424
230.597870
231.410095
232.221100
233.030884
233.839432
234.646774
235.452896
236.257797
237.061462
237.863907
238.665146
239.465164
240.263931
241.061508
241.857864
242.652969
243.446884
244.239548
245.031021
245.821259
246.610275
247.398071
248.184662
248.970001
249.754135
250.537048
251.318726
252.002182
252.490356
252.783264
252.880905
