0.951830
0.024085
0.024085
0.024085
0.951830
0.024085
0.024085
0.024085
0.951830
0.000000
1.267655
2.519238
3.754748
4.974186
6.177551
7.364843
8.536063
9.691211
10.830285
11.953287
13.060218
14.151073
15.225858
16.284569
17.327209
18.353777
19.364269
20.366268
21.367352
22.367521
23.366772
24.365108
25.362528
26.359032
27.354618
28.349291
29.343048
30.335886
31.327810
32.318817
33.308910
34.298084
35.286346
36.273689
37.260117
38.245632
39.230228
40.213905
41.196667
42.178520
43.159451
44.139465
45.118565
46.096748
47.074017
48.050369
49.025806
50.000332
50.973930
51.946621
52.918392
53.889248
54.859188
55.828213
56.796322
57.763515
58.729790
59.695148
60.659595
61.623123
62.585739
63.547432
64.508209
65.468086
66.427032
67.385071
68.342178
69.298386
70.253670
71.208038
72.161484
73.114021
74.065643
75.016937
75.971375
76.929558
77.891464
78.857117
79.826508
80.799622
81.776482
82.757072
83.741402
84.729469
85.721275
86.716820
87.716087
88.719101
89.725845
90.736336
91.750549
92.768509
93.790199
94.815628
95.844795
96.877693
97.914330
98.954704
99.998810
101.046654
102.098244
103.153549
104.212608
105.275406
106.341919
107.412186
108.486183
109.563919
110.645393
111.730598
112.819542
113.912216
115.008636
116.108780
117.212677
118.320297
119.431648
120.546753
121.665581
122.788155
123.914452
125.044495
126.178276
127.315788
128.457031
129.602020
130.750748
131.903198
133.059387
134.219315
135.378311
136.531738
137.679565
138.821808
139.958466
141.089539
142.215027
143.334915
144.449234
145.557968
146.661118
147.758652
148.850632
149.937012
151.017807
152.093018
153.162643
154.226669
155.285126
156.337997
157.385254
158.426956
159.463058
160.493591
161.518509
162.537857
163.551620
164.559784
165.562378
166.559387
167.550797
168.536606
169.516861
170.491516
171.460587
172.424057
173.381958
174.334259
175.280991
176.222122
177.157684
178.087646
179.012009
179.930801
180.844009
181.751633
182.653656
183.550110
184.440964
185.326233
186.205917
187.080032
187.948532
188.811462
189.668808
190.520554
191.367706
192.216064
193.066589
193.919312
194.774216
195.631317
196.490585
197.352051
198.215698
199.081512
199.949524
200.819733
201.692108
202.566681
203.443420
204.322357
205.203491
206.086792
206.972275
207.859955
208.749802
209.641846
210.536072
211.432495
212.331085
213.231873
214.134842
215.039978
215.947311
216.856827
217.768539
218.682419
219.598480
220.516739
221.437195
222.359818
223.284622
224.211624
225.140793
226.072159
227.005722
227.941437
228.879349
229.819458
230.761734
231.706223
232.652863
233.601700
234.552719
235.505936
236.461334
237.418900
238.378662
239.340622
240.304749
241.271042
242.239548
243.200424
244.143814
245.069763
245.978271
246.869293
247.742859
248.598984
249.437653
250.258835
251.062592
251.848877
252.617706
0.000000
0.000000
0.000000
0.000000
1.313961
2.898333
4.444354
5.952024
7.421342
8.852307
10.244923
11.599186
12.915099
14.192659
15.431870
16.632730
17.795235
18.919390
20.005198
21.052649
22.061749
23.051577
24.041218
25.030666
26.019924
27.008993
27.997871
28.986559
29.975056
30.963362
31.951479
32.939404
33.927139
34.914684
35.902039
36.889202
37.876175
38.862957
39.849548
40.835953
41.822163
42.808186
43.794014
44.779655
45.765102
46.750362
47.735432
48.720310
49.704994
50.689491
51.673801
52.657917
53.641842
54.625580
55.609119
56.592476
57.575642
58.558613
59.541401
60.523987
61.506386
62.488605
63.470623
64.452454
65.434097
66.415550
67.396812
68.377876
69.358749
70.339439
71.319939
72.300247
73.280357
74.260284
75.240021
76.219574
77.198921
78.178207
79.160034
80.145470
81.134499
82.127151
83.123413
84.123276
85.126747
86.133835
87.144524
88.158829
89.176727
90.198242
91.223373
92.252106
93.284447
94.320404
95.359955
96.403122
97.449905
98.500290
99.554276
100.611885
101.673088
102.737915
103.806343
104.878372
105.954018
107.033272
108.116127
109.202599
110.292679
111.386375
112.483665
113.584572
114.689079
115.797195
116.908936
118.024269
119.143211
120.265762
121.391937
122.521706
123.655083
124.792076
125.932678
127.076874
128.224701
129.376114
130.531143
131.689774
132.852036
134.017899
135.187347
136.360428
137.537109
138.717407
139.900024
141.077194
142.247604
143.411270
144.568192
145.718399
146.861847
147.998566
149.128525
150.251755
151.368240
152.477982
153.580978
154.677231
155.766754
156.849533
157.925583
158.994873
160.057419
161.113220
162.162308
163.204620
164.240219
165.269058
166.291168
167.306519
168.315140
169.317017
170.312149
171.300552
172.282211
173.257111
174.225281
175.186707
176.141403
177.089355
178.030548
178.965012
179.892746
180.813721
181.727966
182.635468
183.536209
184.430237
185.317505
186.198029
187.071823
187.938873
188.799179
189.652740
190.499573
191.339645
192.173004
192.999588
193.819458
194.632568
195.438934
196.241547
197.047577
197.857376
198.670959
199.488312
200.309433
201.134323
201.962982
202.795410
203.631607
204.471588
205.315323
206.162842
207.014145
207.869186
208.728012
209.590622
210.457001
211.327133
212.201050
213.078735
213.960190
214.845428
215.734421
216.627197
217.523743
218.424057
219.328140
220.235992
221.147614
222.063019
222.982193
223.905136
224.831833
225.762329
226.696579
227.634613
228.576401
229.521973
230.471313
231.424423
232.381302
233.341949
234.306381
235.274597
236.246552
237.222290
238.201797
239.185074
240.172134
241.162949
242.157547
243.155914
244.158051
245.163956
246.173630
247.187088
248.189240
249.165024
250.114441
251.037476
251.934158
252.804459
253.648392
254.465958
0.000000
1.285932
2.554034
3.804304
5.036744
6.251354
7.448133
8.627080
9.788198
10.931485
12.056940
13.164565
14.254359
15.326324
16.380457
17.416759
18.443977
19.470865
20.497421
21.523643
22.549532
23.575090
24.600313
25.625206
26.649763
27.673988
28.697884
29.721443
30.744671
31.767567
32.790127
33.812355
34.834255
35.855820
36.877052
37.897949
38.918514
39.938744
40.958649
41.978214
42.997452
44.016350
45.034916
46.053158
47.071060
48.088631
49.105865
50.122772
51.139347
52.155586
53.171494
54.187069
55.202312
56.217220
57.231796
58.246040
59.259949
60.273525
61.286774
62.299683
63.312267
64.324516
65.336426
66.348015
67.359261
68.370171
69.380760
70.391006
71.400917
72.410507
73.421799
74.436844
75.455627
76.478165
77.504448
78.534485
79.568260
80.605789
81.647072
82.692093
83.740868
84.793388
85.849655
86.909668
87.973434
89.040939
90.112213
91.187218
92.265976
93.348480
94.434731
95.524734
96.618477
97.715973
98.817215
99.922211
101.030952
102.143440
103.259682
104.379662
105.503387
106.630882
107.762108
108.897079
110.035812
111.178276
112.324493
113.474464
114.628189
115.785652
116.946861
118.111832
119.280540
120.452988
121.629196
122.809151
123.992851
125.180298
126.371498
127.566437
128.765137
129.967575
131.173767
132.383713
133.591888
134.792847
135.986526
137.172958
138.352158
139.524109
140.688782
141.846237
142.996429
144.139374
145.275070
146.403519
147.524719
148.638657
149.745361
150.844818
151.937027
153.021973
154.099670
155.170135
156.233322
157.289291
158.338013
159.379456
160.413666
161.440628
162.460342
163.472809
164.478012
165.475983
166.466690
167.450165
168.426376
169.395340
170.357056
171.311523
172.258759
173.198715
174.131454
175.056915
175.975143
176.886124
177.789841
178.686325
179.575546
180.457535
181.332260
182.199738
183.059967
183.912964
184.758682
185.597168
186.428391
187.252380
188.073486
188.896027
189.720016
190.545456
191.372360
192.200714
193.030502
193.861771
194.694473
195.528625
196.364258
197.201294
198.039825
198.879791
199.721222
200.564087
201.408417
202.254196
203.101425
203.950104
204.800262
205.651840
206.504868
207.359375
208.215317
209.072708
209.931564
210.791870
211.653625
212.516830
213.381485
214.247604
215.115173
215.984177
216.854660
217.726578
218.599960
219.474777
220.351059
221.228790
222.107971
222.988617
223.870697
224.754242
225.639252
226.525696
227.413589
228.302933
229.193741
230.085999
230.979706
231.874863
232.771484
233.669556
234.561752
235.440811
236.306702
237.159439
237.999008
238.825439
239.638702
240.438797
241.225739
241.999512
242.760147
243.507614
244.241913
244.963074
245.671051
246.365875
247.047546
247.716064
248.371414
249.013611
249.642639
250.258514
250.861237
251.450775
