0.993941
0.003030
0.003030
0.003030
0.993941
0.003030
0.003030
0.003030
0.993941
0.000000
1.069298
2.136338
3.201121
4.263646
5.323913
6.381923
7.437676
8.491171
9.542407
10.591387
11.638108
12.682571
13.724778
14.764686
15.802253
16.837482
17.870369
18.900917
19.929125
20.954994
21.978519
22.999710
24.018557
25.035067
26.049236
27.061066
28.070553
29.077700
30.082508
31.084976
32.085106
33.082897
34.078346
35.071457
36.062225
37.050655
38.036743
39.020493
40.001904
40.980976
41.957706
42.932091
43.904144
44.873852
45.841221
46.806252
47.768940
48.729294
49.687305
50.642975
51.596306
52.547298
53.495945
54.442261
55.386230
56.327858
57.267151
58.204262
59.142704
60.083920
61.027905
61.974659
62.924183
63.876480
64.831543
65.789383
66.749985
67.713364
68.679504
69.648422
70.620110
71.594574
72.571800
73.551796
74.534561
75.520096
76.508408
77.499489
78.493332
79.489960
80.489342
81.491508
82.496429
83.504135
84.514603
85.527847
86.543854
87.562637
88.584183
89.608505
90.635597
91.665459
92.698090
93.733490
94.771667
95.812614
96.856323
97.902809
98.952057
100.004082
101.058876
102.116440
103.176140
104.234161
105.289856
106.343246
107.394318
108.443069
109.489517
110.533638
111.575439
112.614937
113.652115
114.686974
115.719513
116.749748
117.777657
118.803253
119.826538
120.847496
121.866150
122.882484
123.896500
124.908203
125.917587
126.924667
127.929420
128.931854
129.931976
130.929794
131.925278
132.918442
133.909317
134.897858
135.884079
136.867981
137.849579
138.828857
139.805832
140.780487
141.752823
142.722839
143.690536
144.655930
145.618988
146.579742
147.538177
148.495483
149.454514
150.415375
151.378082
152.342651
153.309082
154.277344
155.247482
156.219452
157.193268
158.168945
159.146469
160.125854
161.107086
162.090149
163.075089
164.061874
165.050507
166.041000
167.033325
168.027512
169.023544
170.021439
171.021179
172.022766
173.026215
174.031509
175.038651
176.047653
177.058487
178.071198
179.085739
180.102142
181.120392
182.140488
183.162460
184.186249
185.211914
186.239426
187.268768
188.299988
189.333054
190.367966
191.404724
192.443329
193.481796
194.518188
195.552460
196.584641
197.614700
198.642670
199.668533
200.692291
201.713959
202.733505
203.750961
204.766296
205.779541
206.790680
207.799713
208.806641
209.811478
210.814194
211.814804
212.813324
213.809723
214.804047
215.796249
216.786331
217.774323
218.760223
219.744003
220.725693
221.705276
222.682755
223.658112
224.631378
225.602539
226.571594
227.538574
228.503418
229.466156
230.426804
231.385345
232.341782
233.296112
234.248337
235.198471
236.146484
237.092407
238.036224
238.977936
239.917542
240.855026
241.790436
242.723740
243.654922
244.584015
245.511002
246.435867
247.358643
248.279312
249.197891
250.114349
251.028717
251.940964
252.851105
253.759171
0.000000
1.009067
2.026266
3.051596
4.085058
5.126652
6.176377
7.234234
8.300224
9.374345
10.456597
11.546980
12.639544
13.728342
14.813374
15.894637
16.972136
18.045862
19.115824
20.182016
21.244444
22.303102
23.357994
24.409119
25.456476
26.500067
27.539886
28.575941
29.608227
30.636745
31.661497
32.682480
33.699699
34.713150
35.722832
36.728745
37.730896
38.729275
39.723885
40.714729
41.701805
42.685116
43.664658
44.640430
45.612442
46.580849
47.549297
48.519279
49.490799
50.463848
51.438435
52.414555
53.392212
54.371399
55.352123
56.334381
57.318176
58.303501
59.290363
60.278759
61.268688
62.260155
63.253155
64.247681
65.243752
66.241348
67.240494
68.241165
69.243362
70.247101
71.252380
72.259186
73.267532
74.277412
75.288818
76.301758
77.316246
78.332260
79.349808
80.368767
81.388382
82.408524
83.429207
84.450417
85.472168
86.494438
87.517242
88.540581
89.564461
90.588867
91.613800
92.639275
93.665268
94.691803
95.718872
96.746468
97.774590
98.803253
99.832443
100.862175
101.892426
102.923225
103.954552
104.986397
106.018784
107.051704
108.085152
109.119133
110.153648
111.188698
112.224274
113.260384
114.297028
115.333549
116.368393
117.401482
118.432808
119.462372
120.490189
121.516243
122.540535
123.563080
124.583855
125.602875
126.620132
127.635635
128.649399
129.661377
130.671600
131.680084
132.686783
133.691742
134.694946
135.696381
136.696060
137.693985
138.690140
139.684555
140.677185
141.668091
142.657227
143.644592
144.630203
145.614075
146.596161
147.576492
148.555084
149.531586
150.505615
151.477249
152.446442
153.413177
154.377487
155.339386
156.298843
157.255859
158.210434
159.162582
160.112305
161.059586
162.004425
162.946838
163.886810
164.824356
165.759476
166.692154
167.622406
168.550217
169.475601
170.398544
171.319046
172.237122
173.152771
174.065979
174.976761
175.885101
176.791016
177.694489
178.595520
179.494141
180.390320
181.284042
182.175354
183.064240
183.950684
184.834686
185.716248
186.595383
187.472092
188.346359
189.218201
190.087616
190.954575
191.819122
192.681213
193.540878
194.398117
195.252914
196.105286
196.955231
197.802719
198.647797
199.490417
200.330612
201.168381
202.003723
202.836609
203.667084
204.495117
205.320709
206.143875
206.964600
207.782913
208.598755
209.412186
210.223190
211.031754
211.837875
212.641571
213.442825
214.241653
215.038055
215.832001
216.623535
217.412628
218.199280
218.983505
219.765289
220.544662
221.321579
222.096069
222.868134
223.637741
224.404938
225.169693
225.932022
226.691895
227.449356
228.204376
228.956955
229.707108
230.454834
231.200119
231.942963
232.683380
233.421387
234.156921
234.890045
235.620743
236.348953
237.074783
237.798172
238.519119
239.237625
239.953720
240.667374
0.000000
1.701185
3.254781
4.660788
5.919205
7.100820
8.276420
9.446004
10.609574
11.767129
12.918669
14.064193
15.203702
16.337196
17.464676
18.586140
19.701591
20.811026
21.914446
23.011850
24.103235
25.188612
26.267971
27.341314
28.408648
29.469961
30.525259
31.574543
32.617813
33.655067
34.686306
35.711529
36.730740
37.748768
38.770435
39.795753
40.824722
41.857330
42.893585
43.933491
44.977039
46.024231
47.075073
48.129562
49.187695
50.249477
51.314899
52.383976
53.456699
54.533062
55.613075
56.696735
57.784039
58.874992
59.969589
61.067829
62.169720
63.275257
64.384445
65.497269
66.613739
67.729912
68.841850
69.949532
71.052986
72.152184
73.247147
74.337860
75.424332
76.506561
77.584549
78.658287
79.727783
80.793045
81.854050
82.910820
83.963341
85.011620
86.055664
87.095451
88.131012
89.162315
90.189377
91.212189
92.230774
93.245102
94.255188
95.261040
96.262634
97.264427
98.270836
99.281853
100.297493
101.317749
102.342621
103.372108
104.406204
105.444931
106.488266
107.536224
108.588799
109.645973
110.707779
111.774200
112.845238
113.920891
115.001160
116.086037
117.175545
118.269653
119.368393
120.471748
121.579712
122.692299
123.809502
124.931313
126.057747
127.182426
128.298996
129.407440
130.507751
131.599945
132.684036
133.759995
134.827835
135.887543
136.939148
137.982620
139.017975
140.045212
141.064331
142.075317
143.078186
144.072952
145.059586
146.038101
147.008484
147.970764
148.924927
149.870956
150.808868
151.738663
152.660324
153.573868
154.479294
155.376617
156.265793
157.146866
158.019806
158.884644
159.741348
160.589935
161.430405
162.262756
163.086975
163.903076
164.711060
165.510925
166.302673
167.086288
167.861801
168.629181
169.388443
170.139572
170.882599
171.617508
172.344284
173.062943
173.773483
174.475891
175.170197
175.856369
176.534424
177.204376
177.866180
178.519882
179.165451
179.802917
180.432236
181.053452
181.666550
182.271530
182.868378
183.457108
184.037720
184.610199
185.174576
185.730820
186.278961
186.818970
187.350861
187.874619
188.390274
188.897812
189.397217
189.888504
190.371674
190.846710
191.313644
191.772446
192.223129
192.665695
193.100143
193.526474
193.944656
194.354736
194.756714
195.150543
195.536270
195.913864
196.283356
196.644714
196.997955
197.343079
197.680069
198.008957
198.329697
198.642334
198.946869
199.243256
199.531540
199.811691
200.083725
200.347641
200.603424
200.851105
201.090652
201.322067
201.545410
201.760605
201.967682
202.166611
202.357437
202.540161
202.714752
202.881210
203.039566
203.189789
203.331909
203.465881
203.591751
203.709503
203.819138
203.920654
204.014038
204.099289
204.176437
204.245453
204.306351
204.359146
204.403793
204.440338
204.468765
204.489075
204.501251
204.505310
