0.974217
0.012892
0.012892
0.012892
0.974217
0.012892
0.012892
0.012892
0.974217
0.000000
1.431605
2.786045
4.063320
5.263429
6.386374
7.432152
8.400767
9.331200
10.262442
11.194492
12.127350
13.061015
13.995488
14.930769
15.866856
16.803753
17.741455
18.679966
19.619284
20.559408
21.500345
22.442083
23.384632
24.327990
25.272154
26.217125
27.162903
28.109489
29.056883
30.005087
30.954094
31.903910
32.854534
33.805965
34.758205
35.711384
36.665623
37.620930
38.577297
39.534733
40.493233
41.452797
42.413425
43.375122
44.337879
45.301701
46.266590
47.232540
48.199558
49.167641
50.136791
51.106998
52.078278
53.050617
54.024025
54.998497
55.974030
56.950630
57.928295
58.907024
59.886818
60.867680
61.849606
62.833027
63.818382
64.805672
65.794907
66.786064
67.779167
68.774200
69.771164
70.770065
71.770897
72.773674
73.778374
74.785019
75.793594
76.804100
77.816544
78.830917
79.847237
80.865486
81.885666
82.907784
83.931831
84.957825
85.985741
87.015602
88.047386
89.081116
90.116768
91.151207
92.181213
93.206818
94.228004
95.244781
96.257149
97.265106
98.268646
99.267784
100.262497
101.252815
102.238708
103.220207
104.197281
105.169952
106.138199
107.102051
108.061485
109.016510
109.967117
110.913322
111.855110
112.792488
113.725456
114.654015
115.578156
116.497887
117.413216
118.325493
119.236130
120.145111
121.052444
121.958122
122.862144
123.764519
124.665237
125.564301
126.461716
127.357475
128.251587
129.144028
130.034836
130.923981
131.811478
132.697311
133.581497
134.464035
135.344925
136.224152
137.101715
137.977646
138.851929
139.724533
140.595490
141.464798
142.332458
143.198456
144.062805
144.925522
145.786545
146.645935
147.503677
148.359756
149.214188
150.066971
150.918091
151.767563
152.615387
153.461563
154.306076
155.148926
155.990143
156.829681
157.667587
158.503830
159.338425
160.171371
161.002655
161.832275
162.660278
163.486588
164.311264
165.134293
165.955673
166.775375
167.593445
168.409851
169.224609
170.037720
170.849167
171.658951
172.467087
173.273590
174.078415
174.881607
175.683151
176.483017
177.281250
178.077805
178.872726
179.666000
180.457611
181.247574
182.035889
182.822540
183.607513
184.390884
185.172577
185.952591
186.730988
187.507736
188.282822
189.056244
189.828003
190.598145
191.366608
192.133408
192.898575
193.662079
194.423935
195.184158
195.942688
196.699585
197.454819
198.208435
198.960358
199.710648
200.459274
201.206253
201.951569
202.695251
203.437256
204.177643
204.916351
205.653397
206.388809
207.122574
207.854660
208.585098
209.313904
210.041046
210.766510
211.490356
212.212540
212.933060
213.651932
214.369156
215.084717
215.798645
216.510895
217.221512
217.930466
218.637772
219.343414
220.047409
220.749741
221.450439
222.149475
222.846848
223.542587
224.236664
224.929077
225.619858
226.308990
0.000000
0.803292
1.651583
2.544874
3.483165
4.466455
5.494745
6.568035
7.686325
8.849614
10.057902
11.311193
12.581007
13.838884
15.084822
16.318817
17.540873
18.750986
19.949162
21.135395
22.309689
23.472040
24.622450
25.760923
26.887457
28.002045
29.104692
30.195398
31.274168
32.340992
33.395882
34.438824
35.469833
36.488895
37.496025
38.491608
39.484646
40.478806
41.474091
42.470493
43.468014
44.466660
45.466427
46.467312
47.469322
48.472450
49.476700
50.482075
51.488567
52.496181
53.504913
54.514774
55.525753
56.537849
57.551075
58.565414
59.580875
60.597462
61.615162
62.634365
63.657322
64.684418
65.715645
66.750999
67.790497
68.834129
69.881882
70.933777
71.989807
73.049973
74.114265
75.182693
76.255249
77.331947
78.412773
79.497734
80.586830
81.680054
82.777420
83.878914
84.984543
86.094307
87.208199
88.323174
89.431747
90.533569
91.628654
92.717003
93.798599
94.873451
95.941566
97.002945
98.057571
99.105461
100.146606
101.181000
102.208664
103.229584
104.243759
105.251190
106.251892
107.245834
108.233040
109.213501
110.187225
111.154205
112.114441
113.070793
114.026108
114.980377
115.933617
116.885826
117.836998
118.787125
119.736229
120.684288
121.631325
122.577309
123.522270
124.466179
125.409073
126.350922
127.291725
128.231506
129.170242
130.107956
131.044617
131.980270
132.914841
133.848404
134.780945
135.712418
136.642883
137.572296
138.500687
139.428040
140.354340
141.279633
142.203873
143.127075
144.049240
144.970367
145.890472
146.809525
147.727554
148.644562
149.560501
150.475418
151.389297
152.302155
153.213959
154.124741
155.034485
155.943192
156.850861
157.757492
158.663086
159.567642
160.471176
161.373657
162.275131
163.175537
164.074921
164.973267
165.870590
166.766861
167.662094
168.556305
169.449478
170.341614
171.232712
172.122772
173.011780
173.899780
174.786728
175.672653
176.557526
177.441391
178.324188
179.205963
180.086716
180.966415
181.845078
182.722717
183.599304
184.474869
185.349396
186.222885
187.095337
187.966766
188.837128
189.706497
190.574814
191.442093
192.308319
193.173523
194.037689
194.900833
195.762924
196.623978
197.484009
198.343002
199.200958
200.057861
200.913742
201.768600
202.622406
203.475189
204.326920
205.177628
206.027283
206.875916
207.723526
208.570084
209.415604
210.260101
211.103561
211.945969
212.787354
213.627701
214.467010
215.305283
216.142532
216.978729
217.813889
218.648026
219.481110
220.313187
221.144211
221.974213
222.803146
223.631073
224.457947
225.283798
226.108597
226.932358
227.755112
228.576828
229.397491
230.217117
231.035721
231.853271
232.669785
233.485275
234.299744
235.113144
235.925537
236.736877
237.547195
238.356461
239.164703
239.971909
240.778076
241.583206
242.387314
243.190369
0.000000
1.042077
2.127865
3.257363
4.430572
5.647491
6.908121
8.184083
9.446998
10.696869
11.933693
13.157473
14.368207
15.565895
16.750538
17.922134
19.080688
20.226192
21.358654
22.478069
23.584438
24.677763
25.758039
26.825272
27.879459
28.920601
29.948698
30.963749
31.965754
32.954712
33.932564
34.910927
35.891743
36.875008
37.860725
38.848892
39.839508
40.832577
41.828094
42.826065
43.826485
44.829357
45.834675
46.842445
47.852669
48.865341
49.880463
50.898037
51.918064
52.940536
53.965466
54.992836
56.022667
57.054943
58.090889
59.131737
60.177475
61.228115
62.283642
63.344074
64.409401
65.479622
66.554733
67.634743
68.719658
69.809456
70.904152
72.003754
73.108238
74.217621
75.331902
76.451080
77.575157
78.704117
79.837990
80.976738
82.120392
83.267700
84.411110
85.549393
86.682541
87.810562
88.933449
90.051186
91.163803
92.271286
93.373627
94.470840
95.562927
96.649864
97.731682
98.808357
99.879906
100.946312
102.007584
103.063728
104.114738
105.160622
106.201355
107.236961
108.267441
109.292328
110.311234
111.324142
112.331039
113.331940
114.326851
115.315750
116.298660
117.275551
118.246452
119.211357
120.170258
121.123161
122.070061
123.010956
123.945854
124.874748
125.797646
126.714546
127.625443
128.530334
129.429230
130.322128
131.209030
132.089905
132.964813
133.833694
134.696579
135.553482
136.404373
137.249252
138.088150
138.921051
139.747925
140.568817
141.383713
142.192596
142.995483
143.792374
144.583252
145.368134
146.147018
146.919907
147.686783
148.447662
149.202545
149.951431
150.694321
151.431198
152.162079
152.886948
153.605835
154.318710
155.025589
155.726471
156.421341
157.110229
157.793106
158.469986
159.140854
159.805725
160.464600
161.117477
161.764343
162.405212
163.040085
163.668961
164.291824
164.908707
165.519577
166.124435
166.723312
167.316177
167.903046
168.483902
169.058777
169.627640
170.190506
170.747375
171.298248
171.843109
172.381973
172.914825
173.441696
173.962555
174.477432
174.986282
175.489151
175.986008
176.476852
176.961700
177.440567
177.913437
178.380295
178.841141
179.295990
179.744858
180.187714
180.624573
181.055420
181.480270
181.899124
182.311981
182.718842
183.119690
183.514542
183.903381
184.286255
184.663101
185.033936
185.398788
185.757645
186.110489
186.457336
186.798172
187.133026
187.461884
187.784714
188.101547
188.412399
188.717239
189.016083
189.308914
189.595764
189.876602
190.151443
190.420273
190.683136
190.939972
191.190811
191.435638
191.674484
191.907303
192.134155
192.354980
192.569824
192.778656
192.981491
193.178314
193.369156
193.553986
193.732819
193.905655
194.072495
194.233307
194.388138
194.536972
194.679794
194.816620
194.947449
195.072296
195.191116
195.303925
195.410767
195.511612
