0.969021
0.015489
0.015489
0.015489
0.969021
0.015489
0.015489
0.015489
0.969021
0.000000
1.074905
2.145493
3.211761
4.273712
5.331344
6.384658
7.433654
8.478333
9.518692
10.554731
11.586454
12.613858
13.636945
14.655713
15.670162
16.680294
17.686106
18.687601
19.684776
20.677637
21.667948
22.657495
23.646280
24.634295
25.621542
26.608025
27.593739
28.578688
29.562870
30.546284
31.528934
32.510811
33.491928
34.472275
35.451855
36.430672
37.408718
38.386002
39.362514
40.338264
41.313240
42.287457
43.260902
44.233582
45.205498
46.176643
47.147022
48.116634
49.085484
50.053566
51.020878
51.987419
52.953197
53.918209
54.882462
55.845940
56.808655
57.770596
58.731777
59.692188
60.651836
61.610714
62.568825
63.526169
64.482750
65.438560
66.393608
67.347954
68.303131
69.259758
70.217842
71.177383
72.138382
73.100838
74.064735
75.030098
75.996910
76.965172
77.934898
78.906082
79.878708
80.852791
81.828339
82.805328
83.783775
84.763687
85.745041
86.727852
87.712120
88.697853
89.685020
90.673653
91.663742
92.655273
93.648270
94.642723
95.638626
96.635986
97.634796
98.635071
99.636787
100.639961
101.644592
102.650681
103.658226
104.667213
105.677666
106.689568
107.702927
108.717735
109.734009
110.751732
111.770897
112.791527
113.813622
114.836426
115.855560
116.870300
117.880615
118.886543
119.888062
120.885178
121.877884
122.866188
123.850090
124.829590
125.804672
126.775360
127.741653
128.703537
129.661011
130.614075
131.562744
132.506989
133.446854
134.382309
135.313354
136.240005
137.162247
138.080078
138.993500
139.902527
140.807144
141.707367
142.603180
143.494583
144.381592
145.264191
146.142395
147.016174
147.885574
148.750549
149.611115
150.467300
151.319061
152.166443
153.009399
153.847946
154.682098
155.511856
156.337204
157.158142
157.974670
158.790039
159.612259
160.441681
161.278275
162.122070
162.973053
163.831238
164.696609
165.569168
166.448929
167.335876
168.230011
169.131348
170.039871
170.955582
171.878494
172.808594
173.745880
174.690353
175.642014
176.600891
177.566956
178.540192
179.520630
180.508270
181.503098
182.505096
183.514313
184.530716
185.554306
186.585083
187.623062
188.668228
189.720581
190.780136
191.846878
192.920822
194.001938
195.090256
196.185745
197.288452
198.398361
199.515442
200.639709
201.771179
202.909836
204.055695
205.208740
206.361176
207.505188
208.640778
209.767929
210.886658
211.996979
213.098862
214.192322
215.277359
216.353973
217.422165
218.481934
219.533279
220.576187
221.610687
222.636765
223.654419
224.663651
225.664429
226.656815
227.640762
228.616302
229.583405
230.542099
231.492355
232.434204
233.367615
234.292587
235.209152
236.117294
237.017029
237.908310
238.791183
239.665634
240.531647
241.389252
242.238434
243.079178
243.911514
244.735413
245.550888
246.357956
247.156586
247.946793
0.000000
0.957799
2.020091
3.078887
4.134189
5.185995
6.234306
7.279121
8.320442
9.358267
10.392597
11.423431
12.450770
13.474614
14.494963
15.511816
16.525175
17.535036
18.541405
19.544277
20.543657
21.539536
22.531923
23.522921
24.514645
25.507095
26.500267
27.494162
28.488781
29.484127
30.480194
31.476982
32.474499
33.472740
34.471699
35.471386
36.471794
37.472927
38.474785
39.477367
40.480671
41.484699
42.489452
43.494930
44.501129
45.508053
46.515697
47.524075
48.533169
49.542988
50.553528
51.564800
52.576782
53.589500
54.602936
55.617100
56.631981
57.647591
58.663929
59.680981
60.698761
61.717266
62.736496
63.756443
64.777122
65.798531
66.820648
67.843491
68.867065
69.891006
70.914520
71.937546
72.960083
73.982140
75.003708
76.024796
77.045395
78.065514
79.085144
80.104294
81.122955
82.141136
83.158829
84.176041
85.192764
86.209007
87.224770
88.240036
89.254822
90.269127
91.282951
92.296288
93.309135
94.321503
95.333389
96.344788
97.355698
98.366127
99.376068
100.385529
101.394501
102.403000
103.411003
104.418526
105.425560
106.432121
107.438187
108.443771
109.448868
110.453491
111.457619
112.461273
113.464432
114.467110
115.469299
116.470642
117.468948
118.463852
119.455345
120.443436
121.428123
122.409409
123.387283
124.361755
125.332825
126.300491
127.264748
128.225616
129.183044
130.137100
131.087738
132.034973
132.978806
133.919220
134.856247
135.789856
136.720078
137.646881
138.570297
139.490280
140.406891
141.320068
142.229858
143.136230
144.039215
144.938782
145.834961
146.727707
147.617081
148.503021
149.385574
150.264709
151.140442
152.012787
152.881729
153.747238
154.609360
155.468079
156.323395
157.175293
158.023788
158.869186
159.717789
160.572220
161.432465
162.298523
163.170410
164.048096
164.931610
165.820938
166.716080
167.617065
168.523849
169.436432
170.354858
171.279099
172.209152
173.145004
174.086700
175.034210
175.987534
176.946671
177.911621
178.882401
179.858994
180.841400
181.829620
182.823669
183.823532
184.829208
185.840698
186.858017
187.881149
188.910095
189.944855
190.985443
192.031845
193.084061
194.142105
195.205948
196.275604
197.351105
198.432404
199.519531
200.612473
201.711227
202.815811
203.926193
205.036865
206.142212
207.242249
208.337006
209.426437
210.510574
211.589417
212.662949
213.731171
214.794113
215.851746
216.904068
217.951096
218.992813
220.029251
221.060364
222.086182
223.106689
224.121902
225.131805
226.136414
227.135727
228.129730
229.118439
230.101837
231.079941
232.052734
233.020218
233.982422
234.939316
235.890900
236.837189
237.778168
238.713852
239.644226
240.569305
241.489075
242.403549
243.312729
244.216599
245.115158
246.008438
246.896393
247.779053
248.656403
249.528473
250.395218
251.256683
0.000000
1.082922
2.371137
3.645405
4.905726
6.152098
7.384523
8.603000
9.807529
10.998111
12.174746
13.337431
14.486171
15.620962
16.741802
17.848700
18.941648
20.020647
21.091587
22.160357
23.226952
24.291374
25.353624
26.413702
27.471609
28.527342
29.580902
30.632290
31.681507
32.728550
33.773418
34.816116
35.856644
36.895000
37.931179
38.965187
39.997025
41.026691
42.054184
43.079502
44.102646
45.123623
46.142426
47.159054
48.173512
49.185791
50.195908
51.203850
52.209618
53.213211
54.214634
55.213886
56.210960
57.205860
58.198605
59.189159
60.177780
61.169567
62.166607
63.168892
64.176437
65.189224
66.207275
67.230576
68.259125
69.292931
70.331985
71.376297
72.425858
73.480667
74.540733
75.606056
76.676628
77.752449
78.833519
79.919853
81.011429
82.108269
83.210350
84.317688
85.430283
86.548126
87.671219
88.799561
89.933167
91.072021
92.216125
93.365479
94.520088
95.679955
96.845070
98.015434
99.191048
100.371925
101.558044
102.747528
103.928955
105.100426
106.261948
107.413513
108.555130
109.686783
110.808502
111.920250
113.022057
114.113914
115.195801
116.267746
117.329750
118.381790
119.423874
120.456017
121.478195
122.490425
123.492706
124.485031
125.467400
126.439819
127.402283
128.354797
129.297363
130.229965
131.152634
132.065338
132.968094
133.860886
134.743729
135.616638
136.479568
137.332565
138.175598
139.008682
139.831818
140.644989
141.453247
142.268951
143.092651
143.924332
144.764008
145.611664
146.467316
147.330948
148.202591
149.082214
149.969818
150.865433
151.769028
152.680603
153.600174
154.527740
155.463287
156.406845
157.358368
158.317902
159.285416
160.260910
161.244415
162.235901
163.235367
164.242844
165.258286
166.281738
167.313171
168.352600
169.400024
170.455414
171.518814
172.590210
173.669571
174.756943
175.852295
176.955643
178.066971
179.178299
180.281601
181.376877
182.464127
183.543365
184.614563
185.677750
186.732925
187.780060
188.819183
189.850281
190.873367
191.888412
192.895447
193.894455
194.885452
195.868408
196.843338
197.810272
198.769180
199.720047
200.662903
201.597733
202.524536
203.443329
204.354095
205.256836
206.151550
207.038254
207.916946
208.787598
209.650223
210.504837
211.351425
212.189987
213.020538
213.843048
214.657547
215.464035
216.262482
217.052933
217.835312
218.609711
219.376083
220.134430
220.884750
221.627045
222.361328
223.087585
223.805817
224.516022
225.218216
225.912384
226.598526
227.276657
227.946762
228.608841
229.262894
229.908920
230.546936
231.176926
231.798889
232.412827
233.018753
233.616669
234.206528
234.788391
235.362228
235.928040
236.485825
237.035599
237.577332
238.111069
238.636749
239.154434
239.664093
240.165726
240.659348
241.144928
241.622498
242.092026
242.553574
243.007065
