0.931644
0.034178
0.034178
0.034178
0.931644
0.034178
0.034178
0.034178
0.931644
0.000000
1.080168
2.148908
3.206221
4.252105
5.286563
6.309592
7.321194
8.321369
9.310114
10.287433
11.253325
12.207788
13.150821
14.082430
15.002607
15.911363
16.808687
17.694582
18.569052
19.432093
20.283707
21.123894
21.959429
22.797106
23.636927
24.478884
25.322977
26.169212
27.017584
27.868095
28.720745
29.575535
30.432461
31.291527
32.152729
33.016075
33.881557
34.749176
35.618935
36.490833
37.364868
38.241043
39.119358
39.999809
40.882401
41.767132
42.653996
43.543003
44.434151
45.327435
46.222855
47.120415
48.020119
48.921951
49.825928
50.732044
51.640301
52.550694
53.463223
54.377892
55.294701
56.213646
57.134735
58.057964
58.983322
59.910828
60.840466
61.772243
62.706161
63.642216
64.580406
65.520744
66.463127
67.405769
68.347916
69.289566
70.230728
71.171394
72.111580
73.051270
73.990463
74.929169
75.867386
76.805107
77.742332
78.679070
79.615318
80.551071
81.486336
82.421112
83.355392
84.289185
85.222481
86.155289
87.087593
88.019417
88.950752
89.881592
90.811935
91.741791
92.671158
93.600029
94.528412
95.456306
96.383698
97.310608
98.237022
99.162941
100.088379
101.013313
101.937767
102.861717
103.785187
104.708160
105.630638
106.552635
107.474129
108.395142
109.315651
110.235672
111.155205
112.074249
112.992805
113.910957
114.829330
115.748032
116.667038
117.586365
118.506012
119.425980
120.346260
121.266869
122.187790
123.109024
124.030579
124.952454
125.874641
126.797157
127.719994
128.643127
129.566605
130.490372
131.414490
132.338898
133.263641
134.188690
135.114059
136.039749
136.965759
137.892090
138.818741
139.745712
140.672989
141.600586
142.528519
143.456741
144.385284
145.314178
146.243362
147.172867
148.102707
149.032837
149.963303
150.894089
151.825180
152.756607
153.688339
154.620392
155.552765
156.485458
157.418457
158.351791
159.285431
160.219391
161.154129
162.090790
163.029434
163.970032
164.912598
165.857147
166.803665
167.752136
168.702591
169.655014
170.609406
171.565765
172.524094
173.484406
174.446671
175.410904
176.377106
177.345306
178.315445
179.287567
180.261658
181.237717
182.215744
183.195740
184.177719
185.161667
186.147552
187.135437
188.125290
189.117111
190.110901
191.106659
192.104385
193.104080
194.105743
195.109390
196.115005
197.122574
198.132111
199.143631
200.157120
201.172577
202.190002
203.209396
204.230774
205.254105
206.279404
207.306686
208.335938
209.367157
210.400330
211.443069
212.502823
213.579605
214.673447
215.784348
216.912292
218.057266
219.219315
220.398407
221.594528
222.807724
224.037949
225.285248
226.549576
227.830948
229.129379
230.444855
231.777374
233.126953
234.493576
235.877258
237.277985
238.695740
240.130585
241.582428
243.051361
244.537323
246.040344
247.560394
249.097519
0.000000
0.000000
0.000000
1.382620
3.243931
5.050016
6.800880
8.496520
10.136935
11.722129
13.252098
14.726842
16.146364
17.510662
18.819736
20.073589
21.272217
22.441978
23.609232
24.773979
25.936218
27.095949
28.253174
29.407888
30.560099
31.709801
32.856991
34.001682
35.143860
36.283527
37.420692
38.555344
39.687496
40.817135
41.944271
43.068893
44.191013
45.310623
46.427723
47.542320
48.654408
49.763985
50.871056
51.975616
53.077675
54.177227
55.274265
56.368801
57.460827
58.550343
59.637356
60.721863
61.803856
62.883347
63.960327
65.034805
66.106758
67.176224
68.243164
69.307610
70.369553
71.428978
72.485901
73.540314
74.592514
75.644279
76.695908
77.747391
78.798737
79.849945
80.901009
81.951935
83.002724
84.053368
85.103874
86.154243
87.204468
88.254555
89.304512
90.354317
91.403992
92.453522
93.502907
94.552155
95.601265
96.650246
97.699074
98.747765
99.796318
100.844727
101.892998
102.941132
103.989128
105.036980
106.084694
107.132263
108.179703
109.226990
110.274147
111.321167
112.368042
113.414780
114.461372
115.507828
116.554138
117.600319
118.646355
119.692253
120.738014
121.783630
122.829109
123.874451
124.919289
125.963318
127.006523
128.048904
129.090439
130.131180
131.171082
132.210144
133.248398
134.285828
135.322418
136.358185
137.393127
138.427246
139.460541
140.493011
141.524658
142.555466
143.585449
144.614609
145.642944
146.670456
147.697144
148.723007
149.748032
150.772232
151.795624
152.818176
153.839905
154.860809
155.880875
156.900131
157.918549
158.936157
159.952927
160.968872
161.983994
162.998291
164.011749
165.024399
166.036209
167.047211
168.057373
169.066696
170.075226
171.082901
172.089767
173.095581
174.099045
175.099945
176.098267
177.094025
178.087234
179.077850
180.065903
181.051392
182.034317
183.014679
183.992447
184.967667
185.940323
186.910385
187.877914
188.842850
189.805206
190.765030
191.722260
192.676926
193.629028
194.578568
195.525513
196.469910
197.411743
198.350998
199.287689
200.221802
201.153366
202.082352
203.008759
203.932617
204.853897
205.772614
206.688736
207.602310
208.513321
209.421768
210.327621
211.230942
212.131653
213.029816
213.925415
214.818451
215.708908
216.596802
217.482117
218.367294
219.254654
220.144211
221.035995
221.929977
222.826172
223.724579
224.625198
225.528030
226.433075
227.340332
228.249802
229.161469
230.075348
230.991440
231.909744
232.830276
233.753006
234.677948
235.605087
236.534454
237.466019
238.399796
239.335800
240.274002
241.214417
242.157059
243.101883
244.048920
244.998199
245.949661
246.903336
247.859238
248.817337
249.777649
250.740173
251.704910
252.671844
253.641006
254.612381
255.000000
255.000000
255.000000
255.000000
255.000000
255.000000
255.000000
255.000000
255.000000
0.000000
3.246954
6.269951
9.068990
11.644073
13.995196
16.122364
18.025572
19.704823
21.160118
22.501795
23.840219
25.175385
26.507288
27.835930
29.161314
30.483438
31.802301
33.117905
34.430248
35.739330
37.045155
38.347717
39.647018
40.943062
42.235844
43.525364
44.811626
46.094631
47.374371
48.650856
49.924072
51.194038
52.460739
53.724182
54.984360
56.241280
57.494942
58.745342
59.992481
61.236362
62.476982
63.714340
64.948441
66.179276
67.406860
68.631172
69.852226
71.070168
72.287918
73.506714
74.726540
75.947388
77.169273
78.392197
79.616142
80.841125
82.067139
83.294182
84.522255
85.751366
86.981506
88.212677
89.444885
90.678123
91.912384
93.147682
94.384018
95.621384
96.859779
98.099213
99.339668
100.581161
101.823685
103.067245
104.311829
105.557449
106.804100
108.051788
109.300499
110.550247
111.801018
113.052841
114.305679
115.559547
116.814453
118.070396
119.326889
120.581024
121.832329
123.080811
124.326439
125.569252
126.809227
128.046371
129.280670
130.512161
131.740799
132.966614
134.189590
135.409729
136.627045
137.841522
139.053177
140.261993
141.467972
142.671127
143.871429
145.068924
146.263580
147.455399
148.644394
149.830551
151.013870
152.194351
153.372009
154.546829
155.718826
156.887985
158.054306
159.217789
160.378448
161.536301
162.691284
163.843445
164.992767
166.137711
167.274429
168.402771
169.522720
170.634277
171.737457
172.832245
173.918655
174.996658
176.066299
177.127548
178.180405
179.224884
180.260956
181.288651
182.307968
183.318878
184.321442
185.315582
186.301346
187.278732
188.247726
189.208328
190.160553
191.104370
192.039825
192.966888
193.885574
194.795853
195.697754
196.591263
197.476395
198.353119
199.221481
200.081451
200.933029
201.776245
202.611053
203.437469
204.258423
205.076843
205.892731
206.706070
207.516876
208.325150
209.130890
209.934067
210.734711
211.532837
212.328415
213.121445
213.911957
214.699905
215.485321
216.268219
217.048569
217.826370
218.601639
219.374374
220.144562
220.912216
221.677322
222.439911
223.199951
223.957443
224.712402
225.464828
226.214706
226.962051
227.706848
228.449127
229.188873
229.926056
230.660706
231.392822
232.122406
232.849442
233.573944
234.295898
235.015320
235.732208
236.446548
237.158356
237.867630
238.574356
239.278549
239.980209
240.679321
241.375900
242.069931
242.761429
243.450394
244.136826
244.820709
245.502060
246.180862
246.857132
247.530869
248.202057
248.870712
249.536835
250.200409
250.861450
251.519943
252.175919
252.829330
253.480225
254.128571
254.774368
255.000000
255.000000
255.000000
255.000000
255.000000
255.000000
255.000000
255.000000
255.000000
255.000000
255.000000
255.000000
255.000000
255.000000
255.000000
255.000000
255.000000
255.000000
255.000000
255.000000
255.000000
