0.999262
0.000369
0.000369
0.000369
0.999262
0.000369
0.000369
0.000369
0.999262
0.000000
0.781818
2.410447
3.990136
5.520885
7.002694
8.435561
9.819489
11.154475
12.440522
13.677628
14.865793
16.005018
17.095304
18.159184
19.219204
20.275362
21.327662
22.376095
23.420670
24.461382
25.498232
26.531218
27.560343
28.585608
29.607008
30.624548
31.638227
32.648041
33.653996
34.656086
35.654316
36.648685
37.639191
38.625832
39.608616
40.587536
41.562592
42.533787
43.501122
44.464596
45.424202
46.379955
47.331841
48.279861
49.224018
50.164322
51.100761
52.033337
52.962051
53.886906
54.807896
55.725021
56.638287
57.547691
58.453236
59.355988
60.262444
61.173676
62.089684
63.010464
63.936024
64.866356
65.801468
66.741348
67.686012
68.635445
69.589653
70.548637
71.512398
72.480934
73.454254
74.432335
75.415207
76.402840
77.395256
78.392448
79.394417
80.401154
81.412666
82.428963
83.450035
84.475876
85.506493
86.541893
87.582062
88.627007
89.676720
90.731216
91.790489
92.854538
93.923363
94.996964
96.075340
97.158485
98.246414
99.339119
100.436592
101.538834
102.643333
103.747536
104.851456
105.955078
107.058418
108.161469
109.264229
110.366707
111.468887
112.570778
113.672386
114.773697
115.874725
116.975464
118.075912
119.176079
120.275948
121.375526
122.474823
123.573822
124.672539
125.770973
126.869102
127.966949
129.064514
130.161789
131.258774
132.355453
133.451859
134.547989
135.643799
136.739334
137.834595
138.929550
140.024216
141.118591
142.212692
143.306503
144.400009
145.493240
146.586166
147.678818
148.770462
149.856903
150.937408
152.012009
153.080688
154.143433
155.200256
156.251160
157.296143
158.335205
159.368347
160.395569
161.416855
162.432220
163.441681
164.445206
165.442825
166.434509
167.420258
168.400116
169.374023
170.342010
171.304092
172.260254
173.210480
174.154800
175.093170
176.025650
176.952194
177.872818
178.787521
179.696289
180.599136
181.496078
182.387100
183.272186
184.151352
185.024597
185.891922
186.753326
187.608810
188.458359
189.302017
190.142365
190.982086
191.821167
192.659622
193.497437
194.334610
195.171158
196.007050
196.842331
197.676956
198.510956
199.344330
200.177048
201.009140
201.840576
202.671402
203.501572
204.331116
205.160034
205.988297
206.815933
207.642929
208.469299
209.295013
210.120117
210.944565
211.768387
212.591568
213.414124
214.236023
215.057297
215.877945
216.697937
217.517288
218.336029
219.154129
219.971558
220.788406
221.604584
222.420120
223.235046
224.049301
224.862946
225.675949
226.488327
227.300049
228.111160
228.921600
229.731430
230.540619
231.349152
232.157089
232.964355
233.770996
234.577011
235.382370
236.187103
236.991196
237.794662
238.597488
239.399673
240.201218
241.002151
241.802429
242.602051
243.401077
244.199448
244.997177
245.794281
246.590729
247.386566
248.181747
0.000000
0.000000
0.000000
0.000000
1.036515
3.258128
5.333824
7.263608
9.047476
10.685431
12.177470
13.523598
14.723811
15.778106
16.758240
17.735954
18.711252
19.684134
20.654596
21.622641
22.588272
23.551481
24.512278
25.470657
26.426617
27.380161
28.331287
29.279997
30.226290
31.170164
32.111622
33.050663
33.987289
34.921494
35.853283
36.782658
37.709614
38.634151
39.556274
40.475975
41.393265
42.308136
43.220589
44.130623
45.038239
45.943439
46.848217
47.757412
48.671253
49.589737
50.512867
51.440643
52.373062
53.310127
54.251835
55.198189
56.149193
57.104836
58.065125
59.030060
59.999638
60.973866
61.952736
62.936253
63.924412
64.917213
65.914658
66.916756
67.923500
68.934883
69.950912
70.971581
71.996902
73.026871
74.061478
75.100731
76.144630
77.193169
78.245911
79.300201
80.355591
81.412086
82.469673
83.528366
84.588158
85.649055
86.711052
87.774147
88.838341
89.903648
90.970047
92.037544
93.106148
94.175850
95.246643
96.318558
97.391556
98.465660
99.540871
100.617172
101.694580
102.773094
103.852699
104.933411
106.015221
107.098137
108.182152
109.267265
110.353477
111.440804
112.529076
113.615227
114.697990
115.777374
116.853363
117.925972
118.995193
120.061028
121.123482
122.182533
123.238213
124.290504
125.339409
126.384918
127.427048
128.465790
129.501160
130.533112
131.561707
132.586899
133.608704
134.627136
135.642166
136.653824
137.662079
138.666977
139.668472
140.666565
141.661285
142.652618
143.640579
144.625137
145.606308
146.584869
147.561615
148.536545
149.509628
150.480896
151.450363
152.417969
153.383774
154.347748
155.309921
156.270233
157.228760
158.185425
159.140289
160.093307
161.044540
161.993912
162.941483
163.887222
164.831146
165.773224
166.713501
167.651947
168.588562
169.523361
170.456329
171.387482
172.316803
173.244308
174.169983
175.093826
176.015854
176.936066
177.854446
178.770996
179.685730
180.598633
181.509720
182.419006
183.326416
184.232056
185.135818
186.037811
186.937943
187.836258
188.732758
189.627426
190.520279
191.411301
192.300491
193.187866
194.073410
194.957138
195.839066
196.719116
197.597397
198.473801
199.348434
200.221207
201.092178
201.961304
202.828613
203.694107
204.557770
205.419617
206.279633
207.137833
207.994202
208.848740
209.701477
210.552353
211.401443
212.248672
213.094116
213.937714
214.779495
215.619446
216.457581
217.293900
218.128357
218.961029
219.791870
220.620880
221.448059
222.273422
223.096970
223.918671
224.738571
225.556625
226.372879
227.187302
227.999893
228.810669
229.619614
230.426743
231.232040
232.035522
232.837189
233.636993
234.435013
235.231201
236.025558
236.818085
237.608795
238.397690
239.184753
239.969986
240.753387
241.534988
242.314758
243.092682
243.868820
244.643112
0.000000
1.190719
2.461872
3.691429
4.879390
6.025757
7.130528
8.210805
9.283685
10.349169
11.407257
12.457949
13.501246
14.537146
15.565651
16.586760
17.600475
18.606792
19.605713
20.597239
21.581371
22.558105
23.527441
24.489386
25.443935
26.391085
27.330839
28.263199
29.188164
30.105732
31.015903
31.918678
32.818798
33.727818
34.646275
35.574165
36.511490
37.458248
38.414440
39.380070
40.355129
41.339622
42.333553
43.336918
44.349716
45.371948
46.403610
47.444714
48.495247
49.555214
50.624619
51.703453
52.791725
53.889431
54.996571
56.113140
57.239147
58.372627
59.501865
60.624901
61.741734
62.852360
63.956783
65.055008
66.147026
67.232849
68.312462
69.385864
70.453079
71.514076
72.568878
73.617477
74.659874
75.696068
76.726059
77.749847
78.767426
79.778809
80.783981
81.782959
82.775734
83.762306
84.742805
85.720474
86.696609
87.671219
88.644295
89.615845
90.585861
91.554344
92.521301
93.486732
94.450638
95.413002
96.373833
97.333145
98.290924
99.247169
100.201881
101.155075
102.106735
103.056862
104.005463
104.952530
105.898071
106.842072
107.784561
108.725502
109.666000
110.607109
111.548828
112.491165
113.434113
114.377678
115.321861
116.266655
117.212059
118.158089
119.104721
120.051979
120.999847
121.948334
122.897430
123.847145
124.797470
125.748413
126.699974
127.652145
128.604935
129.558334
130.512360
131.466980
132.422226
133.378082
134.334564
135.291656
136.249359
137.207687
138.166626
139.126160
140.086319
141.047104
142.008499
142.970520
143.933151
144.896378
145.860229
146.824692
147.789780
148.755478
149.721786
150.688721
151.656265
152.624420
153.593201
154.562576
155.532593
156.503204
157.474426
158.446274
159.418747
160.391815
161.365494
162.339813
163.314713
164.290268
165.266418
166.243179
167.220566
168.198547
169.177170
170.156387
171.136215
172.116669
173.097733
174.079422
175.061707
176.044647
177.028152
178.012299
178.997055
179.982422
180.968414
181.955032
182.942230
183.930069
184.918503
185.907578
186.897263
187.887543
188.878448
189.869980
190.862106
191.854874
192.848221
193.842194
194.836792
195.832001
196.827820
197.824249
198.821320
199.819000
200.817261
201.816162
202.815674
203.815811
204.816544
205.817902
206.819855
207.822464
208.825668
209.829483
210.833908
211.838959
212.844604
213.850876
214.857773
215.865280
216.873398
217.882126
218.891479
219.901443
220.912033
221.923218
222.935043
223.947464
224.960480
225.974152
226.988419
228.003296
229.018784
230.034897
231.051636
232.068954
233.086929
234.105499
235.124680
236.144470
237.164902
238.185913
239.207565
240.229828
241.252701
242.276184
243.300308
244.325027
245.350357
246.376297
247.402847
248.430054
249.457825
250.486237
251.515274
252.544907
253.575150
254.606018
