0.978671
0.010665
0.010665
0.010665
0.978671
0.010665
0.010665
0.010665
0.978671
0.000000
0.012887
1.246037
2.468401
3.679979
4.880771
6.070775
7.249994
8.418427
9.576073
10.722932
11.859005
12.984293
14.098793
15.202508
16.295437
17.377581
18.448935
19.509504
20.559288
21.598284
22.626495
23.643919
24.650558
25.646408
26.631474
27.605753
28.569246
29.521952
30.463871
31.395008
32.321758
33.250526
34.181316
35.114124
36.048954
36.985806
37.924675
38.865562
39.808468
40.753399
41.700344
42.649311
43.600296
44.553303
45.508327
46.465370
47.424435
48.385525
49.348629
50.313751
51.280891
52.250053
53.221237
54.194439
55.169662
56.146904
57.126163
58.107449
59.090744
60.076069
61.063408
62.052761
63.044144
64.037537
65.032967
66.030396
67.029854
68.031334
69.034836
70.040352
71.047882
72.057434
73.069016
74.082603
75.098221
76.115860
77.135513
78.157188
79.180878
80.206589
81.234322
82.264069
83.295845
84.329636
85.365440
86.402802
87.440567
88.478668
89.517120
90.555923
91.595062
92.634552
93.674393
94.714577
95.755104
96.795982
97.837204
98.878777
99.920692
100.962952
102.005554
103.048515
104.091820
105.135468
106.179466
107.223801
108.268486
109.313522
110.358910
111.404625
112.450699
113.497131
114.543892
115.591003
116.638466
117.686264
118.734421
119.782921
120.831772
121.880951
122.930496
123.980377
125.030602
126.081184
127.132111
128.183380
129.235001
130.286957
131.339264
132.391922
133.444916
134.498276
135.551971
136.606018
137.660400
138.715149
139.770218
140.825638
141.881409
142.937531
143.993561
145.046967
146.097305
147.144577
148.188797
149.229950
150.268051
151.303085
152.335037
153.363937
154.389786
155.412552
156.432266
157.448929
158.462524
159.473053
160.480515
161.484909
162.486237
163.484528
164.479736
165.471893
166.460983
167.447006
168.429977
169.409882
170.386719
171.360489
172.331207
173.298859
174.263458
175.224960
176.183441
177.138840
178.091171
179.040451
179.986664
180.929810
181.869904
182.806931
183.740891
184.671799
185.599625
186.524384
187.446121
188.364761
189.280334
190.192871
191.102325
192.008728
192.912064
193.812332
194.709549
195.603699
196.494781
197.383026
198.272476
199.164886
200.060211
200.958466
201.859650
202.763794
203.670853
204.580841
205.493774
206.409637
207.328445
208.250168
209.174835
210.102432
211.032974
211.966431
212.902832
213.842163
214.784439
215.729645
216.677780
217.628845
218.582840
219.539780
220.499664
221.462448
222.428192
223.396866
224.368469
225.343018
226.320496
227.300903
228.284241
229.270523
230.259735
231.251877
232.246964
233.244965
234.245911
235.249786
236.256607
237.266357
238.279022
239.294647
240.313202
241.334671
242.359085
243.386444
244.416718
245.449936
246.486084
247.525177
248.567200
249.612167
250.660034
251.578217
252.234070
252.627579
252.758743
0.000000
0.072449
1.301882
2.523024
3.735876
4.940437
6.136707
7.324685
8.504374
9.675771
10.838878
11.993693
13.140217
14.278451
15.408394
16.530046
17.643410
18.748478
19.845259
20.933746
22.013945
23.085852
24.149466
25.204792
26.251823
27.290569
28.321022
29.343182
30.357056
31.367107
32.377823
33.389194
34.401230
35.413921
36.427273
37.441284
38.455956
39.471283
40.487270
41.503918
42.521229
43.539196
44.557823
45.577106
46.597054
47.617653
48.638916
49.660843
50.683422
51.706669
52.730564
53.755127
54.780346
55.806221
56.832760
57.859959
58.887810
59.916332
60.945507
61.975342
63.005833
64.036980
65.068802
66.101265
67.134399
68.168190
69.202644
70.237755
71.273521
72.309952
73.347038
74.384781
75.423187
76.462250
77.501976
78.542366
79.583405
80.625107
81.667465
82.710487
83.754166
84.798508
85.843506
86.889160
87.935478
88.982376
90.029305
91.076195
92.123039
93.169846
94.216599
95.263313
96.309982
97.356613
98.403191
99.449722
100.496216
101.542664
102.589073
103.635437
104.681755
105.728027
106.774254
107.820442
108.866585
109.912682
110.958725
112.004745
113.050705
114.096626
115.142502
116.188339
117.234131
118.279877
119.325577
120.371231
121.416847
122.462410
123.507950
124.553429
125.598862
126.644257
127.689613
128.734909
129.780182
130.825394
131.870560
132.915695
133.960785
135.005829
136.050812
137.095779
138.140671
139.185562
140.230362
141.275146
142.319885
143.364578
144.409210
145.453827
146.498383
147.542892
148.585617
149.624863
150.660583
151.692780
152.721497
153.746689
154.768387
155.786560
156.801239
157.812424
158.820084
159.824234
160.824860
161.822006
162.815643
163.805756
164.792374
165.775467
166.755066
167.731155
168.703735
169.672806
170.638382
171.600433
172.558990
173.514023
174.465576
175.413589
176.358109
177.299118
178.236618
179.170609
180.101105
181.028091
181.951569
182.871506
183.787979
184.700912
185.610352
186.516296
187.418716
188.317642
189.213043
190.104950
190.993347
191.878235
192.759598
193.637466
194.511841
195.382690
196.250031
197.113876
197.974197
198.831024
199.684326
200.534149
201.381317
202.231232
203.084717
203.941818
204.802521
205.666840
206.534744
207.406250
208.281357
209.160049
210.042358
210.928284
211.817780
212.710892
213.607605
214.507935
215.411835
216.319351
217.230469
218.145187
219.063507
219.985428
220.910950
221.840057
222.772797
223.709122
224.649033
225.592560
226.539688
227.490417
228.444748
229.402679
230.364197
231.329330
232.298065
233.270416
234.246338
235.225876
236.209015
237.195755
238.186081
239.180038
240.177567
241.178711
242.183456
243.191803
244.203751
245.219299
246.238434
247.261185
248.287521
249.317474
250.351028
251.388184
252.428940
253.473282
254.521240
255.000000
0.000000
1.185854
2.365904
3.540149
4.708589
5.871224
7.028056
8.179082
9.324306
10.463723
11.597336
12.725142
13.847147
14.963346
16.073742
17.178331
18.277119
19.370096
20.457273
21.538645
22.614212
23.683975
24.747932
25.806087
26.858435
27.904978
28.945719
29.980656
31.013409
32.047611
33.083256
34.120346
35.158882
36.198860
37.240284
38.283154
39.327469
40.373230
41.420433
42.469082
43.519176
44.570717
45.623699
46.678123
47.733997
48.791317
49.850079
50.910290
51.971943
53.035038
54.099583
55.165569
56.233006
57.301880
58.372200
59.443974
60.517178
61.591839
62.667938
63.745487
64.824478
65.904907
66.986786
68.070114
69.154892
70.241112
71.328766
72.417877
73.508423
74.600418
75.693863
76.788750
77.885071
78.982849
80.082069
81.182732
82.284843
83.388397
84.493393
85.599838
86.707733
87.817062
88.927834
90.040062
91.152069
92.262207
93.370476
94.476875
95.581398
96.684067
97.784851
98.883766
99.980812
101.075989
102.169289
103.260727
104.350288
105.437981
106.523804
107.607758
108.689842
109.770042
110.848389
111.924858
112.999451
114.072182
115.143051
116.212029
117.279152
118.344391
119.407768
120.469276
121.528908
122.586670
123.642570
124.696587
125.748741
126.799019
127.847435
128.893982
129.938644
130.981430
132.022369
133.061432
134.098618
135.133942
136.167374
137.198959
138.228668
139.256500
140.282455
141.306564
142.328781
143.349136
144.367599
145.384232
146.398972
147.411835
148.422836
149.431961
150.438721
151.442703
152.443863
153.442230
154.437775
155.430527
156.420456
157.407578
158.391891
159.373398
160.352097
161.327972
162.301056
163.271332
164.238785
165.203430
166.165283
167.124298
168.080536
169.033951
169.984543
170.932343
171.877335
172.819504
173.758865
174.695435
175.629181
176.560104
177.488235
178.413559
179.336075
180.255783
181.172668
182.086746
182.998032
183.906479
184.812149
185.715012
186.615036
187.512268
188.406677
189.298294
190.187088
191.073074
191.956253
192.836639
193.714203
194.588959
195.460907
196.330017
197.196365
198.059875
198.920578
199.778473
200.633560
201.485855
202.337723
203.191559
204.047348
204.905106
205.764832
206.626511
207.490158
208.355789
209.223373
210.092911
210.964417
211.837906
212.713348
213.590759
214.470139
215.351486
216.234787
217.120056
218.007309
218.896515
219.787689
220.680817
221.575912
222.472992
223.372025
224.273010
225.175980
226.080902
226.987793
227.896667
228.807495
229.720276
230.635040
231.551758
232.470444
233.391113
234.313721
235.238312
236.164871
237.093369
238.023849
238.956299
239.890717
240.827087
241.765427
242.705750
243.648026
244.592270
245.538483
246.486633
247.436783
248.388885
249.342957
250.298981
251.256989
252.216949
253.057770
253.658356
254.018707
254.138824
