0.991457
0.004271
0.004271
0.004271
0.991457
0.004271
0.004271
0.004271
0.991457
0.000000
0.491537
1.844301
3.141349
4.382683
5.568302
6.698205
7.772394
8.790867
9.753625
10.660668
11.511996
12.307609
13.077658
13.852299
14.631530
15.415353
16.203766
16.996769
17.794363
18.596548
19.403322
20.214687
21.030643
21.851191
22.676329
23.506056
24.340374
25.179285
26.022781
26.870874
27.723555
28.580828
29.442690
30.309141
31.180185
32.055817
32.936043
33.820858
34.710262
35.604256
36.502846
37.406021
38.313789
39.226147
40.143089
41.064632
41.990761
42.921482
43.856796
44.796696
45.741188
46.690273
47.643944
48.602207
49.565060
50.532509
51.504543
52.481171
53.462387
54.448193
55.438587
56.433575
57.433159
58.437328
59.446083
60.459438
61.477375
62.497124
63.515888
64.533676
65.550484
66.566299
67.581154
68.595016
69.607903
70.619804
71.630730
72.640671
73.649635
74.657616
75.664619
76.670647
77.675690
78.679749
79.682831
80.684929
81.686058
82.686195
83.685356
84.683533
85.680733
86.676956
87.672195
88.666458
89.659737
90.652031
91.643356
92.633698
93.623055
94.611435
95.598824
96.585251
97.570686
98.555145
99.538620
100.521111
101.502632
102.483170
103.462723
104.441299
105.418900
106.395515
107.371147
108.345802
109.319481
110.292168
111.263878
112.234627
113.204376
114.173149
115.140938
116.107758
117.073685
118.038841
119.003212
119.966812
120.929619
121.891663
122.852913
123.813393
124.773087
125.732002
126.690132
127.647491
128.604065
129.559875
130.514877
131.469116
132.422577
133.375259
134.327148
135.278275
136.228622
137.178177
138.126953
139.074951
140.022186
140.968628
141.914261
142.859161
143.803253
144.746582
145.689117
146.630875
147.571854
148.512070
149.451477
150.390137
151.328003
152.265076
153.201401
154.136917
155.071655
156.005630
156.938812
157.871216
158.802841
159.733688
160.663757
161.593048
162.521545
163.449280
164.376236
165.302399
166.227783
167.152390
168.076218
169.000290
169.925598
170.852188
171.780014
172.709106
173.639435
174.571045
175.503891
176.437988
177.373337
178.309967
179.247833
180.186935
181.127335
182.068954
183.011841
183.955978
184.901382
185.848022
186.795929
187.745087
188.695511
189.647171
190.600082
191.554276
192.509689
193.466385
194.424316
195.383530
196.343979
197.305679
198.268631
199.232849
200.198318
201.165039
202.133011
203.102249
204.072739
205.044479
206.017487
206.991730
207.967239
208.944000
209.922012
210.901291
211.881805
212.863586
213.846619
214.830917
215.816437
216.803253
217.791306
218.780609
219.771164
220.762985
221.763107
222.778687
223.809692
224.856125
225.917969
226.995239
228.087952
229.196075
230.319626
231.458603
232.613007
233.782822
234.968063
236.168747
237.384842
238.616364
239.863312
241.125671
242.403458
243.696686
245.005341
246.329391
247.668884
0.000000
1.498759
2.945018
4.338778
5.680037
6.968797
8.205055
9.388816
10.545925
11.702239
12.857753
14.012468
15.166388
16.319508
17.471827
18.623352
19.774078
20.924004
22.073133
23.221462
24.368996
25.515728
26.661667
27.806801
28.951145
30.094685
31.237429
32.379372
33.520515
34.660866
35.800419
36.939171
38.077126
39.214279
40.350636
41.486198
42.620960
43.754917
44.888084
46.020447
47.152020
48.282795
49.412762
50.541939
51.670311
52.797886
53.924751
55.052807
56.182838
57.314842
58.448822
59.584766
60.722687
61.862579
63.004448
64.148285
65.294098
66.441879
67.591637
68.743362
69.897064
71.052734
72.210381
73.370003
74.531586
75.695152
76.860687
78.028198
79.197678
80.369133
81.542549
82.717949
83.895317
85.074661
86.255981
87.439270
88.624519
89.811752
91.000961
92.192139
93.385284
94.580406
95.777504
96.976570
98.177612
99.379997
100.579918
101.776756
102.970505
104.161171
105.348755
106.533249
107.714661
108.892982
110.068214
111.240372
112.409431
113.575401
114.738297
115.898094
117.054817
118.208450
119.359001
120.506454
121.650826
122.792114
123.930313
125.065422
126.197464
127.326393
128.452255
129.575027
130.694717
131.811310
132.924820
134.035233
135.142578
136.246826
137.347992
138.446075
139.541061
140.632980
141.721802
142.807526
143.890396
144.970856
146.048965
147.124710
148.198105
149.269119
150.337799
151.404099
152.468033
153.529617
154.588852
155.645706
156.700211
157.752350
158.802124
159.849548
160.894592
161.937286
162.977631
164.015610
165.051224
166.084488
167.115372
168.143890
169.170090
170.193893
171.215332
172.234421
173.251160
174.265518
175.277527
176.287170
177.294464
178.299377
179.301941
180.302155
181.299988
182.295456
183.288589
184.278458
185.264175
186.245773
187.223236
188.196548
189.165726
190.130768
191.091660
192.048416
193.001022
193.949493
194.893845
195.834045
196.770096
197.702026
198.629791
199.553436
200.472946
201.388306
202.299530
203.206619
204.109558
205.008362
205.903030
206.793564
207.679947
208.562210
209.440308
210.314270
211.184113
212.049805
212.911362
213.768784
214.622040
215.471176
216.316177
217.157043
217.993759
218.826324
219.654770
220.479065
221.299225
222.115250
222.927124
223.734863
224.538467
225.337936
226.133255
226.924454
227.711487
228.494385
229.273163
230.047791
230.818283
231.584625
232.346832
233.104904
233.858841
234.608627
235.354279
236.095795
236.833176
237.566406
238.295502
239.020462
239.741287
240.457947
241.170486
241.878891
242.583145
243.283264
243.979248
244.671097
245.358795
246.042358
246.721786
247.397064
248.068207
248.735229
249.398087
250.056808
250.711395
251.361847
252.008163
252.650330
253.288361
253.922256
254.552002
255.000000
255.000000
255.000000
255.000000
255.000000
0.000000
4.033478
6.133912
7.267939
8.402200
9.536694
10.671421
11.806381
12.941577
14.077004
15.212667
16.348560
17.484690
18.621052
19.757647
20.894472
22.031534
23.168829
24.306356
25.444118
26.582115
27.720345
28.858807
29.997501
31.136429
32.275589
33.414989
34.554615
35.694481
36.834572
37.974903
39.115467
40.256260
41.397289
42.538612
43.681522
44.826553
45.973705
47.122978
48.274368
49.427883
50.583515
51.741272
52.901146
54.063137
55.227257
56.393490
57.561844
58.732323
59.904919
61.079632
62.256470
63.435429
64.616508
65.799698
66.985023
68.172462
69.362015
70.553703
71.747498
72.943428
74.141457
75.341621
76.543900
77.748299
78.954826
80.162758
81.367859
82.569435
83.767464
84.961952
86.152908
87.340324
88.524208
89.704544
90.881348
92.054619
93.224350
94.390549
95.553200
96.712318
97.867897
99.019943
100.168449
101.313416
102.454842
103.592743
104.727089
105.857910
106.985191
108.108932
109.229141
110.345810
111.458939
112.568535
113.674591
114.777115
115.876091
116.973267
118.072891
119.175148
120.280037
121.387573
122.497734
123.610535
124.725975
125.844048
126.964760
128.088104
129.214081
130.342697
131.473969
132.607849
133.744370
134.883530
136.025330
137.169769
138.316833
139.466537
140.618866
141.773865
142.931473
144.091721
145.254593
146.420120
147.588272
148.759064
149.932495
151.108566
152.287262
153.462616
154.628586
155.785187
156.932434
158.070297
159.198807
160.317963
161.427734
162.528152
163.619186
164.700882
165.773209
166.836151
167.889740
168.933960
169.968811
170.994308
172.010452
173.017197
174.014603
175.002625
175.981293
176.950592
177.910522
178.861099
179.802307
180.734146
181.656631
182.569733
183.473480
184.367859
185.252853
186.128510
186.994797
187.851715
188.699280
189.537460
190.366272
191.185745
191.995819
192.796555
193.587906
194.369904
195.142548
195.905807
196.659714
197.404236
198.139404
198.865219
199.581665
200.288742
200.986450
201.674789
202.353760
203.023376
203.683640
204.334503
204.976013
205.608185
206.230972
206.844391
207.448441
208.043137
208.628479
209.204437
209.771027
210.328262
210.876129
211.414627
211.943756
212.463531
212.973938
213.474976
213.966644
214.448959
214.921906
215.385483
215.839691
216.284546
216.720032
217.146149
217.562881
217.970291
218.368286
218.756973
219.136246
219.506165
219.866745
220.217926
220.559769
220.892242
221.215332
221.529068
221.833435
222.128448
222.414078
222.690369
222.957260
223.214813
223.462997
223.701797
223.931259
224.151337
224.362045
224.563400
224.755386
224.938004
225.111267
225.275162
225.429688
225.574844
225.710648
225.837067
225.954147
226.061844
226.160172
226.249146
226.328751
226.398987
226.459854
226.511383
226.553513
226.586288
226.609711
226.623764
226.628448
