0.998652
0.000674
0.000674
0.000674
0.998652
0.000674
0.000674
0.000674
0.998652
0.000000
1.231474
2.451477
3.660007
4.857066
6.042653
7.216768
8.379412
9.530584
10.670284
11.798512
12.915268
14.020553
15.114365
16.196707
17.267574
18.326973
19.374901
20.411354
21.441370
22.469995
23.497225
24.523060
25.547501
26.570545
27.592197
28.612450
29.631311
30.648775
31.664845
32.679520
33.692799
34.704681
35.715172
36.724262
37.731964
38.738266
39.743176
40.746689
41.748810
42.749531
43.748859
44.746796
45.743328
46.738476
47.732224
48.724575
49.715530
50.705097
51.693264
52.680035
53.665409
54.649395
55.631977
56.613174
57.592972
58.571373
59.548374
60.523991
61.498203
62.471027
63.442451
64.412483
65.381119
66.348358
67.314209
68.278656
69.241714
70.203377
71.163643
72.123314
73.083206
74.043304
75.003624
75.964149
76.924889
77.885841
78.847015
79.808395
80.769989
81.731796
82.693825
83.656052
84.618500
85.581169
86.544044
87.507133
88.470436
89.433945
90.397675
91.361610
92.325775
93.290138
94.254723
95.219513
96.184525
97.149750
98.115181
99.080833
100.046692
101.012772
101.979065
102.945564
103.912277
104.879204
105.846344
106.813705
107.781281
108.749054
109.717064
110.685265
111.653687
112.622322
113.591171
114.560234
115.529510
116.499001
117.468704
118.438629
119.408752
120.379089
121.349472
122.319786
123.289986
124.260094
125.230110
126.200020
127.169846
128.139572
129.109177
130.078705
131.048141
132.017471
132.986710
133.955841
134.924881
135.893829
136.862671
137.831421
138.800079
139.768631
140.737076
141.705429
142.673691
143.641861
144.609940
145.577911
146.545776
147.513550
148.481232
149.448807
150.416290
151.383682
152.350967
153.318161
154.285263
155.252258
156.219162
157.185959
158.152664
159.119293
160.085785
161.052200
162.018539
162.984741
163.950867
164.916901
165.882812
166.848648
167.814377
168.780029
169.745560
170.711533
171.678482
172.646378
173.615250
174.585083
175.555862
176.527634
177.500366
178.474045
179.448700
180.424316
181.400909
182.378464
183.356979
184.336456
185.316895
186.298309
187.280670
188.264008
189.248306
190.233582
191.219818
192.207001
193.195160
194.184296
195.174377
196.165451
197.157455
198.150452
199.144394
200.139297
201.135178
202.132019
203.129837
204.128601
205.128342
206.129044
207.130722
208.133347
209.136932
210.141495
211.147018
212.153519
213.160965
214.169388
215.178772
216.189117
217.200424
218.212708
219.225952
220.240143
221.239471
222.208038
223.145859
224.052933
224.929230
225.774811
226.589645
227.373718
228.127045
228.849640
229.541458
230.202545
230.832886
231.432480
232.001328
232.539398
233.046753
233.523361
233.969193
234.384293
234.768661
235.122269
235.445114
235.737228
235.998581
236.229187
236.429062
236.598160
236.736542
236.844162
236.921021
236.967163
236.982529
0.000000
0.931461
1.887956
2.869483
3.876045
4.907640
5.964269
7.045931
8.152628
9.284355
10.441119
11.622915
12.829745
14.061609
15.300720
16.529301
17.747347
18.954859
20.151836
21.338282
22.514193
23.679569
24.834414
25.978722
27.112499
28.235741
29.348452
30.450624
31.542265
32.623371
33.693943
34.753983
35.803490
36.842461
37.870899
38.888805
39.896172
40.893009
41.879314
42.855083
43.820320
44.775021
45.719189
46.652824
47.575924
48.488491
49.390518
50.282017
51.162987
52.033916
52.905788
53.783081
54.665806
55.553955
56.447525
57.346527
58.250957
59.160812
60.076092
60.996799
61.922935
62.854500
63.791485
64.733902
65.681740
66.635010
67.593704
68.557831
69.527374
70.502350
71.482750
72.468582
73.459831
74.456520
75.458626
76.466156
77.479118
78.497513
79.521324
80.550560
81.585243
82.625328
83.670853
84.721794
85.778175
86.839012
87.898514
88.955711
90.010620
91.063217
92.113518
93.161514
94.207214
95.250603
96.291702
97.330498
98.367004
99.401192
100.433098
101.462685
102.489975
103.514969
104.537666
105.558052
106.576149
107.591942
108.605431
109.616623
110.625511
111.632095
112.636391
113.638374
114.638069
115.635452
116.630539
117.623329
118.613815
119.601997
120.587883
121.571465
122.552742
123.532806
124.514297
125.497330
126.481911
127.468033
128.455704
129.444916
130.435684
131.427979
132.421844
133.417236
134.414185
135.412659
136.412689
137.414276
138.417404
139.422073
140.428268
141.436035
142.445343
143.456192
144.468582
145.482529
146.498016
147.515045
148.533615
149.553741
150.575424
151.598633
152.623383
153.649673
154.677536
155.706924
156.737869
157.770340
158.804382
159.833954
160.853088
161.861755
162.859970
163.847733
164.825043
165.791916
166.748322
167.694275
168.629776
169.554840
170.469437
171.373566
172.267273
173.150513
174.023285
174.885635
175.737518
176.578949
177.409912
178.230438
179.040512
179.840134
180.629303
181.408005
182.176285
182.934082
183.681442
184.418350
185.144806
185.860794
186.566345
187.261444
187.946075
188.620270
189.284012
189.937286
190.580124
191.212509
191.834442
192.445908
193.046921
193.637482
194.217606
194.787277
195.346481
195.895233
196.433548
196.961395
197.478806
197.985764
198.482239
198.968292
199.443878
199.909027
200.363708
200.807953
201.241730
201.665039
202.077927
202.480347
202.872314
203.253830
203.624908
203.985519
204.335678
204.675385
205.004639
205.323441
205.631790
205.929688
206.217133
206.494125
206.760681
207.016754
207.262390
207.497559
207.722305
207.936569
208.140396
208.333771
208.516693
208.689163
208.851166
209.002731
209.143845
209.274506
209.394714
209.504471
209.603760
209.692596
209.770996
209.838943
209.896439
209.943481
209.980042
210.006195
210.021866
210.027084
0.000000
1.517713
2.997212
4.438496
5.841565
7.206420
8.533059
9.821483
11.071693
12.283688
13.457467
14.593032
15.690381
16.753706
17.800262
18.831913
19.848656
20.850489
21.837414
22.809431
23.766541
24.708744
25.636038
26.548424
27.445902
28.329203
29.222383
30.137106
31.073374
32.031185
33.010544
34.011444
35.033894
36.077877
37.143414
38.230492
39.339115
40.469284
41.613293
42.755272
43.894741
45.031693
46.166126
47.298054
48.427464
49.554356
50.678734
51.800602
52.919956
54.036793
55.150177
56.251320
57.338097
58.410500
59.468540
60.512215
61.541519
62.556458
63.557030
64.543228
65.515068
66.472542
67.415634
68.349121
69.277771
70.201561
71.120506
72.034599
72.943840
73.848236
74.747787
75.642479
76.532333
77.417336
78.297478
79.172783
80.043228
80.908829
81.769585
82.625488
83.476540
84.322746
85.164101
86.000603
86.832268
87.659073
88.481026
89.298134
90.110397
90.917809
91.720367
92.518074
93.310936
94.098953
94.882111
95.660431
96.433891
97.202507
97.966278
98.725189
99.479256
100.228485
100.972847
101.712364
102.447029
103.176849
103.901825
104.621948
105.337219
106.047646
106.753220
107.453949
108.149826
108.840851
109.527023
110.208359
110.884827
111.556465
112.223236
112.885170
113.542252
114.194481
114.841858
115.484398
116.122086
116.754921
117.382896
118.006042
118.624329
119.237770
119.846352
120.450096
121.048981
121.643028
122.232208
122.816551
123.396049
123.970688
124.540489
125.105431
125.665520
126.220772
126.771172
127.316711
127.857407
128.393250
128.924255
129.450409
129.971710
130.488159
130.999771
131.506500
132.008408
132.505478
132.997681
133.485046
133.967545
134.445206
134.917999
135.385956
135.849060
136.307312
136.760742
137.209305
137.653015
138.091873
138.525879
138.955048
139.379364
139.798828
140.213455
140.623215
141.028122
141.428192
141.823410
142.213776
142.599289
142.979980
143.355789
143.726776
144.092896
144.454178
144.810593
145.162155
145.508896
145.850769
146.187790
146.519974
146.847305
147.169785
147.487411
147.800186
148.108124
148.411194
148.709427
149.002808
149.291351
149.575027
149.853867
150.127853
150.396988
150.661270
150.920731
151.175308
151.425034
151.669922
151.909988
152.145172
152.375504
152.600998
152.821640
153.037460
153.248398
153.454498
153.655731
153.852127
154.043671
154.230377
154.412201
154.589218
154.761383
154.928665
155.091125
155.248718
155.401474
155.549377
155.692429
155.830643
155.964005
156.092499
156.216171
156.334961
156.448929
156.558029
156.662308
156.761703
156.856277
156.945969
157.030838
157.110870
157.186020
157.256332
157.321808
157.382416
157.438187
157.489105
157.535172
157.576385
157.612762
157.644287
157.670959
157.692764
157.709747
157.721878
157.729141
157.731567
