0.940243
0.029878
0.029878
0.029878
0.940243
0.029878
0.029878
0.029878
0.940243
0.000000
0.000000
0.694333
1.863759
3.032495
4.200540
5.367896
6.534562
7.700539
8.865824
10.030419
11.194325
12.357541
13.520066
14.681901
15.843046
17.003504
18.163271
19.322346
20.480732
21.638428
22.795433
23.951746
25.107370
26.262308
27.416553
28.570108
29.722975
30.875153
32.026638
33.177429
34.327538
35.476952
36.625679
37.773716
38.921062
40.067719
41.213684
42.358955
43.503540
44.642544
45.771080
46.889145
47.996742
49.093868
50.180523
51.256706
52.322426
53.377670
54.422447
55.456757
56.480591
57.493958
58.496857
59.489281
60.471241
61.442726
62.403748
63.354298
64.294373
65.223976
66.143120
67.051788
67.949982
68.837715
69.714973
70.581757
71.438080
72.283928
73.119308
73.944214
74.758652
75.572105
76.394035
77.224442
78.063332
78.910698
79.766556
80.630890
81.503708
82.385002
83.274788
84.173042
85.079788
85.995018
86.918724
87.850906
88.791580
89.740730
90.698364
91.664474
92.639076
93.622147
94.613708
95.613754
96.622269
97.639275
98.664764
99.698730
100.741180
101.792107
102.851524
103.919418
104.995796
106.073288
107.144539
108.209549
109.268326
110.320862
111.367157
112.407211
113.441017
114.468597
115.489929
116.505020
117.513870
118.516487
119.512848
120.502983
121.486870
122.464516
123.435928
124.401100
125.360023
126.312706
127.259155
128.199356
129.133331
130.061050
130.982544
131.897797
132.806793
133.709549
134.606079
135.496353
136.380402
137.262161
138.145584
139.030670
139.917435
140.805832
141.695938
142.587677
143.481094
144.376175
145.272919
146.171341
147.071426
147.973160
148.876572
149.781662
150.688400
151.596817
152.506882
153.418640
154.332031
155.247116
156.163849
157.082260
158.002335
158.924072
159.847473
160.772537
161.699280
162.627686
163.557755
164.489487
165.422882
166.353516
167.277008
168.193344
169.102493
170.004486
170.899323
171.787003
172.667511
173.540848
174.407043
175.266068
176.117920
176.962616
177.800140
178.630508
179.453720
180.269760
181.078644
181.880356
182.674911
183.462296
184.242523
185.015579
185.781479
186.540222
187.291794
188.036224
188.773453
189.503555
190.226471
190.942230
191.650833
192.352264
193.046539
193.733643
194.413589
195.086365
195.751999
196.410446
197.061737
197.705872
198.342834
198.972641
199.595276
200.210754
200.819077
201.420227
202.014221
202.601044
203.180710
203.753220
204.318527
204.876724
205.427719
205.971558
206.508270
207.037781
207.560135
208.075348
208.583374
209.084244
209.577957
210.064499
210.543869
211.016098
211.481155
211.939041
212.389771
212.833328
213.269745
213.698990
214.121048
214.535965
214.943726
215.344315
215.737747
216.123993
216.503098
216.875031
217.239807
217.597427
217.947861
218.291138
218.627258
218.956223
219.278030
219.592651
219.900116
0.000000
0.000000
0.000000
0.000000
0.000000
1.006998
2.580112
4.135034
5.671765
7.190304
8.690651
10.172807
11.636771
13.082544
14.510123
15.919514
17.310715
18.683720
20.038534
21.375156
22.693586
23.993830
25.275873
26.539734
27.785395
29.012875
30.222151
31.413246
32.586140
33.740852
34.877365
35.995689
37.095821
38.177769
39.241512
40.287071
41.314438
42.323612
43.314598
44.287384
45.241985
46.178398
47.096611
47.996639
48.888485
49.782185
50.677727
51.575119
52.474354
53.375435
54.278362
55.183136
56.089756
56.998219
57.908527
58.820683
59.734688
60.650536
61.568233
62.487774
63.409157
64.332390
65.257462
66.184395
67.113152
68.043770
68.976234
69.910538
70.846687
71.784691
72.724533
73.666222
74.609756
75.555336
76.504135
77.456352
78.411980
79.371017
80.333473
81.299347
82.268631
83.241333
84.217453
85.196983
86.179932
87.166290
88.156067
89.149261
90.145866
91.145889
92.149330
93.156181
94.166443
95.180130
96.197220
97.217735
98.241661
99.269005
100.299759
101.333931
102.371513
103.412514
104.456932
105.501411
106.542625
107.580559
108.615211
109.646584
110.674683
111.699509
112.721046
113.739311
114.754303
115.766014
116.774452
117.779602
118.781487
119.780090
120.775414
121.767464
122.756233
123.741730
124.723946
125.702881
126.678543
127.650925
128.620026
129.585861
130.548416
131.507690
132.463684
133.416397
134.366776
135.320419
136.278290
137.240356
138.206619
139.177109
140.151779
141.130692
142.113785
143.101089
144.092621
145.088348
146.088272
147.092422
148.100769
149.113312
150.130081
151.151062
152.176239
153.205627
154.239227
155.277023
156.319031
157.365265
158.415680
159.470322
160.529144
161.592209
162.659470
163.730927
164.798782
165.855225
166.900238
167.933823
168.956009
169.966766
170.966095
171.954010
172.930496
173.895569
174.849213
175.791443
176.722260
177.641632
178.549591
179.446152
180.331268
181.204971
182.067245
182.918106
183.757553
184.585571
185.402161
186.207336
187.001099
187.783432
188.554352
189.313843
190.061905
190.798553
191.523788
192.237595
192.939987
193.630951
194.310486
194.978622
195.635330
196.280609
196.914459
197.536911
198.147934
198.747528
199.335709
199.912476
200.477798
201.031723
201.574219
202.105286
202.624939
203.133179
203.629974
204.115387
204.589340
205.051895
205.503021
205.942719
206.371002
206.787872
207.193314
207.587326
207.969940
208.341125
208.700882
209.049225
209.386139
209.711624
210.025711
210.328369
210.619598
210.899414
211.167801
211.424774
211.670319
211.904449
212.127151
212.338440
212.538315
212.726746
212.903793
213.069382
213.223572
213.366333
213.497665
213.617584
213.726105
213.823181
213.908829
213.983063
214.045868
214.097260
214.137238
214.165802
214.182922
214.188644
0.000000
1.244009
2.484771
3.722285
4.956551
6.187569
7.415339
8.639861
9.861136
11.079164
12.293942
13.505474
14.713757
15.918793
17.120581
18.319118
19.514414
20.706457
21.895254
23.080799
24.263102
25.442156
26.617960
27.790518
28.959826
30.125887
31.288700
32.448265
33.604584
34.757652
35.907478
37.054054
38.197376
39.337456
40.474289
41.607872
42.738209
43.865295
44.985828
46.096500
47.197315
48.288273
49.369373
50.440609
51.501987
52.553509
53.595169
54.626972
55.648914
56.660999
57.663219
58.655586
59.638092
60.610737
61.573524
62.526459
63.469524
64.402733
65.326088
66.239571
67.143211
68.036980
68.920898
69.794952
70.659149
71.513489
72.366844
73.228119
74.097305
74.974419
75.859428
76.752357
77.653198
78.561958
79.478615
80.403198
81.335693
82.276093
83.224411
84.180641
85.144783
86.116844
87.096817
88.084702
89.080490
90.084198
91.095818
92.115356
93.142799
94.178162
95.221428
96.272614
97.331718
98.398720
99.467392
100.531441
101.590874
102.645699
103.695900
104.741501
105.782486
106.818848
107.850609
108.877754
109.900276
110.918198
111.931496
112.940193
113.944267
114.943726
115.938583
116.928818
117.914444
118.895454
119.871857
120.843636
121.810806
122.773376
123.731316
124.684647
125.633362
126.577469
127.521584
128.470337
129.423721
130.381744
131.344406
132.311691
133.283630
134.260193
135.241394
136.227234
137.217712
138.212814
139.212555
140.216934
141.225937
142.239594
143.257874
144.280792
145.308350
146.340546
147.377365
148.418839
149.464935
150.515671
151.571045
152.631042
153.695694
154.764969
155.835419
156.903580
157.969452
159.033051
160.094360
161.153397
162.210129
163.264587
164.316772
165.366653
166.414261
167.459579
168.502609
169.543365
170.581818
171.618011
172.651901
173.683517
174.712830
175.739868
176.764633
177.787094
178.807281
179.825165
180.840790
181.854126
182.865173
183.873932
184.880402
185.884598
186.886490
187.886139
188.883453
189.878510
190.871277
191.861771
192.849960
193.835861
194.819504
195.800842
196.779907
197.756683
198.731155
199.703354
200.673279
201.640915
202.606262
203.569336
204.530106
205.488617
206.444809
207.398743
208.350388
209.299728
210.246811
211.191589
212.134094
213.074295
214.012238
214.947891
215.881256
216.812317
217.741119
218.667633
219.591843
220.513779
221.433441
222.350800
223.265900
224.178680
225.089188
225.997437
226.903366
227.807022
228.708389
229.607483
230.504288
231.398819
232.291046
233.181000
234.068649
234.954041
235.837143
236.717941
237.596481
238.472717
239.346664
240.218338
241.087738
241.954834
242.819641
243.682175
244.542419
245.400375
246.256058
247.109451
247.960556
248.809372
249.655899
250.500153
251.342133
252.181824
253.019211
253.854340
254.687164
255.000000
