0.972273
0.013863
0.013863
0.013863
0.972273
0.013863
0.013863
0.013863
0.972273
0.000000
0.692514
1.395339
2.108474
2.831919
3.565675
4.309740
5.064116
5.828804
6.603801
7.389108
8.184726
8.990654
9.806891
10.633441
11.470300
12.317470
13.174950
14.042739
14.920839
15.809250
16.707972
17.617002
18.536345
19.465996
20.405958
21.356232
22.316814
23.287708
24.268909
25.260426
26.262249
27.274385
28.296831
29.329586
30.372652
31.421093
32.469982
33.519325
34.569103
35.619335
36.670013
37.721134
38.772705
39.824722
40.877182
41.930088
42.983444
44.037247
45.091496
46.146187
47.201332
48.256916
49.312954
50.369431
51.426357
52.483734
53.541550
54.599819
55.658531
56.717686
57.777298
58.837345
59.897842
60.958786
62.020180
63.082020
64.144295
65.207039
66.270210
67.333832
68.397903
69.462418
70.527382
71.592796
72.658653
73.724953
74.791695
75.858894
76.926537
77.994621
79.063164
80.132133
81.201569
82.271439
83.341766
84.412529
85.483742
86.555405
87.625580
88.692337
89.755692
90.815620
91.872139
92.925255
93.974945
95.021217
96.064087
97.103539
98.139572
99.172203
100.201416
101.227203
102.249588
103.268562
104.284111
105.296257
106.304977
107.310303
108.312202
109.310677
110.305756
111.297409
112.285660
113.270493
114.251907
115.229912
116.204498
117.175674
118.143440
119.107788
120.068726
121.026245
121.980347
122.931030
123.878326
124.822182
125.762642
126.699669
127.633293
128.563507
129.490295
130.413681
131.333664
132.250198
133.163345
134.073074
134.979401
135.882294
136.781784
137.677841
138.570511
139.463379
140.360138
141.260742
142.165222
143.073563
143.985764
144.901840
145.821762
146.745575
147.673218
148.604752
149.540146
150.479401
151.422516
152.369492
153.320343
154.275055
155.233627
156.196060
157.162369
158.132538
159.106567
160.084473
161.066223
162.051849
163.041351
164.034683
165.031906
166.032990
167.037949
168.046738
169.059418
170.075958
171.096375
172.120621
173.148758
174.180756
175.216614
176.256332
177.299911
178.347382
179.398697
180.453873
181.512909
182.575821
183.642593
184.713226
185.787735
186.866104
187.948334
189.034409
190.124374
191.218201
192.312759
193.404922
194.494690
195.582077
196.667068
197.749664
198.829849
199.907669
200.983078
202.056107
203.126740
204.194962
205.260803
206.324265
207.385315
208.443985
209.500259
210.554138
211.605637
212.654724
213.701416
214.745728
215.787643
216.827164
217.864288
218.899033
219.931381
220.961334
221.988876
223.014053
224.036835
225.057190
226.075195
227.090790
228.103973
229.114792
230.123199
231.129227
232.132858
233.134109
234.132950
235.129395
236.123444
237.115112
238.104385
239.091278
240.075760
241.057846
242.037552
243.014862
243.989777
244.962311
245.932434
246.912140
247.913406
248.936264
249.980698
251.046707
252.134277
253.243408
254.374130
0.000000
0.867486
1.737810
2.610972
3.486973
4.365812
5.247489
6.132005
7.019360
7.909552
8.802583
9.698451
10.597159
11.498706
12.403090
13.310312
14.220374
15.133273
16.049011
16.967587
17.889002
18.813253
19.740345
20.670275
21.603041
22.538649
23.477091
24.418375
25.362497
26.309456
27.259254
28.211889
29.167366
30.125679
31.086830
32.050819
33.017647
33.987316
34.959820
35.935162
36.913345
37.894363
38.878223
39.864918
40.854454
41.846825
42.842037
43.840088
44.840977
45.844704
46.851269
47.860668
48.872913
49.887993
50.905910
51.926670
52.948826
53.970963
54.993069
56.015156
57.037209
58.059238
59.081242
60.103214
61.125160
62.147087
63.168980
64.190842
65.212685
66.234505
67.256294
68.278053
69.299782
70.321487
71.343170
72.364830
73.386452
74.408051
75.429634
76.451172
77.472687
78.494186
79.515656
80.537086
81.558502
82.579887
83.601250
84.622581
85.643890
86.665169
87.686417
88.707649
89.728844
90.750015
91.771156
92.792282
93.813370
94.834435
95.855484
96.876488
97.897469
98.918427
99.939362
100.960266
101.981094
103.001564
104.021637
105.041306
106.060562
107.079422
108.097885
109.115936
110.133583
111.150833
112.167671
113.184105
114.200142
115.215775
116.231003
117.245834
118.260254
119.274269
120.287880
121.301094
122.313904
123.326302
124.338303
125.349907
126.361092
127.371887
128.382263
129.392258
130.401825
131.411011
132.419785
133.428146
134.436111
135.443665
136.450836
137.457596
138.463943
139.469894
140.475433
141.480576
142.485321
143.489655
144.493576
145.497116
146.500229
147.502945
148.505280
149.507172
150.508682
151.510025
152.511505
153.513092
154.514786
155.516586
156.518494
157.520523
158.522644
159.524887
160.527252
161.529709
162.532288
163.534958
164.537750
165.540649
166.543671
167.546799
168.550018
169.553375
170.556824
171.560379
172.564056
173.567841
174.571732
175.575729
176.579849
177.584076
178.588409
179.592850
180.597412
181.602081
182.606842
183.611725
184.616730
185.621826
186.627045
187.632370
188.637787
189.643341
190.648987
191.654755
192.660629
193.666611
194.672714
195.678925
196.685226
197.691650
198.698196
199.704926
200.712311
201.720444
202.729309
203.738907
204.749252
205.760330
206.772156
207.784729
208.798019
209.812042
210.826843
211.842361
212.858612
213.875610
214.893356
215.911835
216.931046
217.951004
218.971695
219.993134
221.015305
222.038223
223.061874
224.086273
225.111404
226.137268
227.163879
228.191238
229.219330
230.248154
231.277740
232.308044
233.339096
234.370880
235.403412
236.436691
237.470688
238.505432
239.540924
240.577164
241.614105
242.651825
243.690262
244.729462
245.769363
246.810043
247.851440
248.893585
249.934692
250.973068
252.008698
253.041550
254.071671
255.000000
0.000000
0.632418
1.279986
1.942705
2.620574
3.313594
4.021764
4.745085
5.483557
6.237178
7.005951
7.789873
8.588946
9.403170
10.232544
11.077067
11.936744
12.811570
13.701546
14.606673
15.526950
16.462378
17.412954
18.378685
19.359564
20.355593
21.366772
22.393103
23.434586
24.491215
25.563000
26.649931
27.752016
28.861607
29.971060
31.080376
32.189556
33.298599
34.407505
35.516273
36.624905
37.733398
38.841759
39.949982
41.058067
42.166016
43.273827
44.381496
45.489040
46.596436
47.703705
48.810829
49.917816
51.024670
52.131386
53.237965
54.344406
55.450714
56.556881
57.662914
58.768810
59.874565
60.980183
62.085674
63.191021
64.296227
65.401299
66.506241
67.611038
68.715706
69.820229
70.924622
72.028877
73.132988
74.236969
75.340805
76.444519
77.548088
78.651520
79.754807
80.857964
81.960983
83.063873
84.166626
85.269234
86.371346
87.470818
88.567291
89.660759
90.751221
91.838684
92.923141
94.004601
95.083061
96.158508
97.230957
98.300400
99.366852
100.430290
101.490730
102.548164
103.602592
104.654030
105.702454
106.747887
107.790314
108.829735
109.866158
110.899574
111.929985
112.957397
113.981804
115.003212
116.021622
117.037025
118.049423
119.058823
120.065216
121.068611
122.069000
123.066391
124.060776
125.052155
126.040535
127.025917
128.008286
128.987671
129.964035
130.937408
131.907761
132.875137
133.839493
134.800858
135.759201
136.714554
137.666916
138.616257
139.562607
140.508102
141.454941
142.403122
143.352631
144.303467
145.255661
146.209183
147.164017
148.120209
149.077713
150.036575
150.996750
151.958282
152.921127
153.885315
154.850845
155.817688
156.785873
157.755402
158.726257
159.698456
160.671982
161.646835
162.623016
163.600555
164.579407
165.559616
166.541122
167.524002
168.508194
169.493713
170.480591
171.468781
172.458313
173.449173
174.441376
175.434921
176.429779
177.425980
178.423508
179.422394
180.422592
181.424118
182.427002
183.431198
184.436737
185.443604
186.451813
187.461365
188.472229
189.484451
190.497986
191.512604
192.526672
193.539917
194.552383
195.564026
196.574844
197.584885
198.594116
199.602509
200.610107
201.616913
202.622879
203.628067
204.632431
205.635986
206.638733
207.640686
208.641815
209.642136
210.641647
211.640366
212.638260
213.635361
214.631638
215.627121
216.621780
217.615631
218.608688
219.600937
220.592361
221.582977
222.572800
223.561798
224.550003
225.537384
226.523972
227.509750
228.494720
229.478867
230.462219
231.444763
232.426483
233.407410
234.387527
235.366837
236.345322
237.323013
238.299896
239.275970
240.251221
241.225693
242.199341
243.172180
244.128616
245.053085
245.945587
246.806091
247.634628
248.431183
249.195786
249.928375
250.628998
251.297668
251.934341
252.539032
253.111755
