0.998986
0.000507
0.000507
0.000507
0.998986
0.000507
0.000507
0.000507
0.998986
0.000000
1.772377
3.474003
5.104877
6.665001
8.154372
9.572992
10.920862
12.197980
13.404346
14.539962
15.604824
16.598938
17.522299
18.374907
19.156765
19.906145
20.661333
21.422321
22.189112
22.961708
23.740108
24.524307
25.314312
26.110119
26.911730
27.719141
28.532356
29.351374
30.176195
31.006819
31.843245
32.685474
33.533508
34.387344
35.246986
36.112427
36.983665
37.860718
38.743565
39.632214
40.526672
41.426929
42.332993
43.244858
44.162521
45.085995
46.015266
46.950340
47.891224
48.837906
49.790386
50.748676
51.712761
52.682659
53.658348
54.639851
55.627151
56.620258
57.619167
58.623878
59.634388
60.650703
61.672817
62.700748
63.734467
64.773994
65.815628
66.855667
67.894104
68.930946
69.966194
70.999847
72.031898
73.062363
74.091232
75.118500
76.144165
77.168251
78.190727
79.211617
80.230911
81.248604
82.264702
83.279205
84.292107
85.303421
86.313141
87.321259
88.327782
89.332710
90.336052
91.337784
92.337929
93.336472
94.333420
95.328773
96.322533
97.314697
98.305267
99.294235
100.281616
101.267395
102.251579
103.234169
104.215164
105.194557
106.172363
107.148567
108.123177
109.096191
110.067604
111.037430
112.005661
112.972282
113.937325
114.900764
115.862610
116.823555
117.784294
118.744835
119.705185
120.665314
121.625259
122.584984
123.544518
124.503853
125.462982
126.421906
127.380630
128.339157
129.297485
130.255600
131.213516
132.171219
133.128738
134.086060
135.043167
136.000076
136.956787
137.913300
138.869598
139.825684
140.781601
141.737289
142.692780
143.648087
144.603165
145.558060
146.512756
147.467224
148.421524
149.375610
150.329483
151.283173
152.236649
153.189926
154.142990
155.095871
156.048538
157.001007
157.953262
158.905334
159.857193
160.808853
161.760315
162.711563
163.662628
164.613480
165.564209
166.514954
167.465683
168.416382
169.367081
170.317764
171.268433
172.219086
173.169739
174.120377
175.070999
176.021606
176.972198
177.922791
178.873367
179.823944
180.774475
181.725021
182.675552
183.626053
184.576553
185.527054
186.477539
187.427979
188.378448
189.328888
190.279297
191.229721
192.180130
193.130524
194.080887
195.031265
195.981628
196.931961
197.882278
198.832611
199.782913
200.733215
201.683487
202.633759
203.584015
204.534256
205.484497
206.434708
207.384918
208.335114
209.285294
210.235474
211.185608
212.135773
213.085907
214.037277
214.991058
215.947296
216.905960
217.867081
218.830658
219.796646
220.765106
221.735977
222.709305
223.685074
224.663300
225.643951
226.627045
227.612579
228.600555
229.590973
230.583847
231.579147
232.576904
233.577087
234.579727
235.584808
236.592316
237.602264
238.614670
239.629517
240.646805
241.666534
242.688690
243.713318
244.740372
245.769852
246.801788
247.836166
248.873001
0.000000
1.549847
3.026573
4.430179
5.760664
7.018028
8.202271
9.313395
10.351397
11.316279
12.208040
13.065769
13.928561
14.796413
15.669326
16.547298
17.430334
18.318426
19.211580
20.109797
21.013071
21.921408
22.834803
23.753262
24.676781
25.605356
26.538996
27.477694
28.421453
29.370272
30.324154
31.283092
32.247093
33.216156
34.190277
35.169460
36.153702
37.143005
38.137371
39.136799
40.141281
41.150826
42.165428
43.185093
44.209824
45.239609
46.274456
47.312416
48.348740
49.383198
50.415806
51.446548
52.475433
53.502464
54.527634
55.550945
56.572399
57.591991
58.609726
59.625603
60.639626
61.651787
62.662086
63.670532
64.677116
65.681847
66.684715
67.685722
68.684868
69.682167
70.677605
71.671181
72.662903
73.652763
74.640762
75.626900
76.611191
77.593613
78.574181
79.552895
80.529747
81.504738
82.477875
83.449364
84.420540
85.391624
86.362602
87.333481
88.304260
89.274940
90.245514
91.215996
92.186378
93.156670
94.126846
95.096931
96.066917
97.036804
98.006592
98.976273
99.945862
100.915352
101.884735
102.854034
103.823227
104.792313
105.761307
106.730202
107.698990
108.667686
109.636276
110.604774
111.573174
112.541473
113.509666
114.477768
115.445770
116.413666
117.381462
118.349144
119.316208
120.282448
121.247871
122.212471
123.176254
124.139221
125.101364
126.062691
127.023193
127.982880
128.941742
129.899796
130.857010
131.813416
132.769012
133.723785
134.677734
135.630859
136.583176
137.534653
138.485336
139.435196
140.384216
141.332428
142.279831
143.226379
144.172134
145.117065
146.061203
147.004486
147.946960
148.888611
149.829453
150.769470
151.708664
152.647034
153.585831
154.526260
155.468338
156.412064
157.357437
158.304428
159.253082
160.203384
161.155319
162.108902
163.064133
164.021011
164.979523
165.939682
166.901489
167.864929
168.830017
169.796768
170.765137
171.735153
172.706833
173.680145
174.655090
175.631683
176.609940
177.589813
178.571335
179.554520
180.539337
181.525787
182.513885
183.503647
184.495026
185.488068
186.482742
187.479080
188.477051
189.476654
190.477905
191.480820
192.485352
193.491531
194.499374
195.508835
196.519958
197.532715
198.547134
199.563156
200.580872
201.600204
202.621185
203.643814
204.668091
205.694000
206.721558
207.750748
208.781586
209.814072
210.848206
211.883987
212.921402
213.960464
215.001175
216.043533
217.087524
218.133163
219.180450
220.229370
221.279938
222.332153
223.386017
224.441528
225.498657
226.557449
227.617874
228.679962
229.743668
230.809036
231.876053
232.944702
234.014999
235.086945
236.160522
237.235748
238.312622
239.391144
240.471298
241.553101
242.636536
243.721634
244.808365
245.896759
246.986771
248.078445
249.171753
250.266693
251.363297
252.461533
253.561432
254.662949
0.000000
1.890067
2.786582
3.683975
4.582255
5.481420
6.381470
7.282405
8.184226
9.086930
9.990522
10.894999
11.800360
12.706607
13.613738
14.521756
15.430657
16.340445
17.251118
18.162676
19.075119
19.988447
20.902660
21.817760
22.734945
23.657158
24.584530
25.517063
26.454754
27.397606
28.345615
29.298784
30.257113
31.220602
32.189251
33.163059
34.142025
35.126156
36.115444
37.109886
38.109493
39.114258
40.124184
41.139267
42.159512
43.184917
44.213814
45.236187
46.250378
47.256382
48.254196
49.243828
50.225269
51.198524
52.163593
53.120476
54.069172
55.009682
55.942005
56.866138
57.782085
58.689850
59.589424
60.480816
61.364017
62.239029
63.105858
63.964497
64.815247
65.664589
66.515182
67.367012
68.220085
69.074409
69.929970
70.786789
71.644844
72.504143
73.364693
74.226486
75.089523
75.953804
76.819328
77.686104
78.554131
79.423386
80.293892
81.165642
82.038635
82.912880
83.788368
84.661827
85.529976
86.392807
87.250336
88.102554
88.949455
89.791054
90.627342
91.458321
92.283981
93.104340
93.919388
94.729126
95.533554
96.332672
97.126480
97.914978
98.698166
99.476051
100.248611
101.015877
101.777824
102.534462
103.285797
104.031822
104.772530
105.507935
106.238022
106.962799
107.682274
108.396431
109.105293
109.808830
110.507065
111.199982
111.887604
112.569901
113.246902
113.918587
114.584953
115.246025
115.901779
116.552223
117.197357
117.837181
118.471703
119.100899
119.724800
120.343391
120.956657
121.564629
122.167290
122.764633
123.356674
123.943405
124.524818
125.100929
125.671730
126.237213
126.797394
127.352264
127.901817
128.446075
128.985016
129.518631
130.046951
130.569977
131.087677
131.600067
132.107147
132.608932
133.105377
133.596542
134.082382
134.562912
135.038147
135.508057
135.972641
136.431946
136.885941
137.334595
137.777969
138.216019
138.648773
139.076218
139.498322
139.915146
140.326660
140.732849
141.133728
141.529312
141.919586
142.304535
142.684189
143.058517
143.427567
143.791275
144.149673
144.502777
144.850571
145.193039
145.530212
145.862076
146.188629
146.509857
146.825790
147.136414
147.441727
147.741730
148.036423
148.325806
148.609879
148.888626
149.162094
149.430237
149.693054
149.950592
150.202805
150.449707
150.691299
150.927582
151.158569
151.384216
151.604568
151.819626
152.029358
152.233780
152.432892
152.626709
152.815201
152.998398
153.176270
153.348831
153.516083
153.678040
153.834686
153.986008
154.132004
154.272720
154.408127
154.538223
154.662994
154.782471
154.896622
155.005478
155.109009
155.207245
155.300156
155.387772
155.470093
155.547073
155.618759
155.685120
155.746201
155.801941
155.852371
155.897522
155.937332
155.971848
156.001053
156.024948
156.043518
156.056808
156.064774
156.067429
