0.987731
0.006134
0.006134
0.006134
0.987731
0.006134
0.006134
0.006134
0.987731
0.000000
1.207378
2.406888
3.598528
4.782300
5.958202
7.126235
8.286399
9.438694
10.583121
11.719678
12.848367
13.969185
15.082135
16.187218
17.284430
18.373774
19.455246
20.528852
21.594585
22.652452
23.702450
24.747925
25.792225
26.835352
27.877300
28.918077
29.957678
30.996103
32.033352
33.069427
34.104328
35.138058
36.170605
37.201981
38.232182
39.261208
40.289055
41.315735
42.341236
43.365562
44.388710
45.410686
46.431488
47.451111
48.469563
49.486835
50.502934
51.517864
52.531612
53.544189
54.555588
55.565807
56.574860
57.582733
58.589436
59.594959
60.599308
61.602486
62.604492
63.605312
64.604965
65.603432
66.600739
67.596870
68.591812
69.585587
70.578186
71.569618
72.559868
73.548935
74.536835
75.523560
76.509117
77.493492
78.476685
79.458717
80.439583
81.419792
82.399513
83.378761
84.357544
85.335838
86.313667
87.291023
88.267899
89.244301
90.220222
91.195679
92.170662
93.145164
94.119186
95.092751
96.065819
97.038429
98.010559
98.982216
99.953392
100.924103
101.894341
102.864098
103.833382
104.802185
105.770515
106.738373
107.705757
108.672661
109.639107
110.605057
111.570549
112.535561
113.500092
114.464157
115.427742
116.390854
117.353493
118.315651
119.277344
120.238548
121.199295
122.159554
123.119347
124.078667
125.037498
125.995857
126.953758
127.911171
128.868103
129.824585
130.780563
131.736084
132.691132
133.645706
134.599930
135.554703
136.510162
137.466309
138.423111
139.380615
140.338776
141.297653
142.257187
143.217422
144.178314
145.139877
146.102158
147.065109
148.028717
148.993027
149.958008
150.923691
151.890045
152.857056
153.824768
154.793167
155.762238
156.731979
157.702423
158.673538
159.645340
160.617813
161.590958
162.564804
163.539337
164.514526
165.490402
166.466965
167.444214
168.422134
169.400742
170.380035
171.360001
172.340637
173.321976
174.303970
175.286667
176.270050
177.254089
178.238831
179.224243
180.210327
181.197113
182.184570
183.172699
184.161530
185.151016
186.141190
187.132050
188.123596
189.115265
190.105667
191.094742
192.082489
193.068939
194.054047
195.037842
196.020309
197.001465
197.981277
198.959793
199.936966
200.912842
201.887375
202.860596
203.832489
204.803070
205.772324
206.740250
207.706863
208.672134
209.636124
210.598755
211.560074
212.520096
213.478760
214.436111
215.392151
216.346878
217.300262
218.252335
219.203094
220.152512
221.100616
222.047409
222.992874
223.937012
224.879837
225.821335
226.761490
227.700363
228.637894
229.574112
230.508987
231.442566
232.374817
233.305740
234.235336
235.163620
236.090576
237.016220
237.940521
238.863525
239.785187
240.705551
241.624588
242.569336
243.566833
244.617111
245.720139
246.875931
248.084488
249.345795
250.659866
252.026703
253.446304
254.918671
0.000000
0.000000
0.669033
1.913398
3.150637
4.380750
5.603734
6.819594
8.028326
9.229932
10.424411
11.611764
12.791990
13.965090
15.131062
16.289907
17.441628
18.586220
19.723686
20.854027
21.977240
23.093327
24.202286
25.304121
26.401155
27.495714
28.587801
29.677410
30.764549
31.849213
32.931400
34.011116
35.088360
36.163124
37.235416
38.305237
39.372581
40.437454
41.499851
42.559776
43.617222
44.672195
45.724693
46.774723
47.822273
48.867355
49.909962
50.950092
51.987747
53.022934
54.055641
55.085876
56.113632
57.138924
58.161736
59.182072
60.199936
61.215328
62.228241
63.238686
64.246651
65.252151
66.255157
67.255714
68.253792
69.249382
70.242516
71.233162
72.221336
73.207039
74.190269
75.171021
76.149300
77.125099
78.098442
79.069290
80.037682
81.003593
81.967026
82.927979
83.888252
84.849609
85.812057
86.775597
87.740219
88.705933
89.672745
90.640633
91.609619
92.579689
93.550850
94.523102
95.496445
96.470871
97.446396
98.423004
99.400696
100.379486
101.359360
102.340324
103.322380
104.305527
105.289757
106.275085
107.261497
108.248993
109.237587
110.227264
111.218033
112.209892
113.202843
114.196884
115.192001
116.188217
117.185532
118.183922
119.183403
120.183975
121.185638
122.188385
123.192230
124.197159
125.203178
126.210289
127.218483
128.227768
129.238144
130.249603
131.262161
132.275818
133.290543
134.306366
135.323273
136.341278
137.360382
138.380554
139.400833
140.420288
141.438904
142.456650
143.473557
144.489624
145.504822
146.519180
147.532700
148.545364
149.557175
150.568130
151.578262
152.587524
153.595947
154.603516
155.610260
156.616135
157.621155
158.625351
159.628677
160.631149
161.632782
162.633575
163.633514
164.632599
165.630829
166.628235
167.624771
168.620468
169.615311
170.609329
171.602463
172.594757
173.586227
174.576828
175.566589
176.555496
177.543564
178.530762
179.517120
180.502640
181.487305
182.471115
183.454102
184.436203
185.417480
186.397903
187.377472
188.356216
189.334076
190.311111
191.287292
192.262634
193.237106
194.210754
195.182892
196.152863
197.120667
198.086304
199.049774
200.011093
200.970245
201.927216
202.882050
203.834702
204.785187
205.733521
206.679688
207.623688
208.565521
209.505188
210.442688
211.378036
212.311218
213.242249
214.171097
215.097794
216.022308
216.944672
217.864868
218.782913
219.698776
220.612488
221.524017
222.433411
223.340622
224.245667
225.148560
226.049271
226.947845
227.844238
228.738464
229.630539
230.520432
231.408188
232.293762
233.177170
234.058411
234.937500
235.814438
236.689178
237.561783
238.432205
239.300476
240.166565
241.030518
241.892288
242.751892
243.609329
244.464630
245.317734
246.215195
247.203491
248.282623
249.452606
250.713425
252.065063
253.507568
255.000000
0.000000
1.217217
2.430498
3.639843
4.845253
6.046725
7.244262
8.437862
9.627528
10.813256
11.995049
13.172905
14.346826
15.516810
16.682859
17.844971
19.003149
20.157389
21.308649
22.457895
23.605125
24.750340
25.893534
27.034714
28.173876
29.311020
30.446148
31.579258
32.710350
33.839428
34.966488
36.091530
37.214558
38.335564
39.454559
40.571533
41.686493
42.799431
43.910351
45.019260
46.126152
47.231022
48.333878
49.434715
50.533543
51.630344
52.725132
53.817902
54.908657
55.997395
57.084114
58.168816
59.251507
60.332172
61.410824
62.487457
63.562073
64.634674
65.705254
66.773827
67.840378
68.904907
69.967422
71.027924
72.086411
73.142876
74.197327
75.249748
76.300163
77.348557
78.395111
79.440758
80.485657
81.529823
82.573257
83.615944
84.657890
85.699112
86.739586
87.779320
88.818321
89.856583
90.894112
91.930893
92.966934
94.002251
95.036819
96.070656
97.103752
98.136101
99.167732
100.198608
101.228760
102.258156
103.286827
104.314751
105.341942
106.368401
107.394119
108.419090
109.443329
110.466827
111.489594
112.511620
113.532906
114.553459
115.573265
116.592339
117.610680
118.628273
119.645134
120.661247
121.676636
122.691284
123.705193
124.718353
125.730782
126.742477
127.753433
128.763641
129.773132
130.781876
131.789871
132.796875
133.802551
134.806946
135.810028
136.811844
137.812347
138.811554
139.809448
140.806061
141.801376
142.795395
143.788116
144.779541
145.769684
146.758499
147.746048
148.732285
149.717224
150.700867
151.683228
152.664276
153.644028
154.622482
155.599640
156.575516
157.550079
158.523361
159.495331
160.466019
161.435379
162.403488
163.370255
164.335754
165.299942
166.262848
167.224457
168.184753
169.143768
170.101486
171.057892
172.013016
172.966843
173.919373
174.870605
175.820511
176.769165
177.716492
178.662552
179.607285
180.550751
181.492889
182.433746
183.373199
184.310638
185.245987
186.179199
187.110321
188.039307
188.966202
189.890961
190.813629
191.734192
192.652618
193.568939
194.483139
195.395248
196.305222
197.213089
198.118866
199.022491
199.924042
200.823471
201.720764
202.615967
203.509048
204.400009
205.288879
206.175629
207.060272
207.942780
208.823196
209.701492
210.577682
211.451752
212.323700
213.193542
214.061279
214.926910
215.790421
216.651825
217.511093
218.368256
219.223343
220.076279
220.927109
221.775833
222.622437
223.466934
224.309326
225.149597
225.987747
226.823792
227.657730
228.489548
229.319275
230.153610
230.999252
231.856262
232.724609
233.604294
234.495316
235.397675
236.311386
237.236420
238.172806
239.120529
240.079605
241.050003
242.031754
243.024841
244.029266
245.045013
246.072113
247.110565
248.160355
249.221481
250.293930
251.377747
252.472885
253.579376
254.697205
255.000000
255.000000
