0.960010
0.019995
0.019995
0.019995
0.960010
0.019995
0.019995
0.019995
0.960010
0.000000
1.129438
2.250508
3.363212
4.467548
5.563517
6.651119
7.730354
8.801222
9.867072
10.931253
11.993767
13.054612
14.113788
15.171296
16.227135
17.281305
18.333807
19.384642
20.433807
21.481306
22.527134
23.571295
24.613787
25.654610
26.693766
27.731251
28.767071
29.801220
30.833702
31.864515
32.893658
33.921139
34.946945
35.971085
36.993553
38.014359
39.033489
40.050957
41.066753
42.080879
43.093342
44.104134
45.113262
46.120708
47.126499
48.130619
49.133064
50.133858
51.132969
52.130413
53.126186
54.120289
55.112728
56.103504
57.093479
58.083527
59.073650
60.063847
61.054115
62.044460
63.034882
64.025368
65.015938
66.006584
66.997299
67.988091
68.978951
69.969887
70.960907
71.951981
72.943146
73.934380
74.925690
75.917068
76.908524
77.900063
78.891663
79.883339
80.875099
81.866928
82.858826
83.850800
84.842850
85.834976
86.827171
87.819443
88.811783
89.804207
90.796707
91.789276
92.781914
93.774628
94.767418
95.760284
96.753227
97.746246
98.739326
99.732491
100.725723
101.719040
102.712234
103.705154
104.697784
105.690117
106.682175
107.673943
108.665413
109.656609
110.647499
111.638115
112.628441
113.618477
114.608231
115.597694
116.586868
117.575752
118.564354
119.552666
120.540688
121.528419
122.515869
123.503029
124.489906
125.476486
126.462784
127.448792
128.434525
129.419952
130.405090
131.389954
132.374527
133.358795
134.342789
135.326523
136.309937
137.293060
138.275909
139.258453
140.240738
141.222702
142.204407
143.185806
144.166931
145.147751
146.128296
147.108566
148.088364
149.067566
150.046188
151.024170
152.001587
152.978378
153.954575
154.930176
155.905182
156.879562
157.853363
158.826553
159.799149
160.771133
161.742523
162.713303
163.683487
164.653076
165.622040
166.590439
167.558212
168.525375
169.491959
170.457932
171.423309
172.388077
173.352249
174.315811
175.278778
176.241135
177.202896
178.164062
179.124619
180.084579
181.043930
182.002686
182.960831
183.918381
184.875336
185.831696
186.787430
187.742569
188.697113
189.651062
190.604401
191.557144
192.509598
193.462158
194.414810
195.367523
196.320328
197.273209
198.226166
199.179199
200.132324
201.085541
202.038818
202.992188
203.945633
204.899170
205.852768
206.806458
207.760239
208.714096
209.668015
210.622025
211.576126
212.530304
213.484558
214.438889
215.393311
216.347809
217.302383
218.257034
219.211792
220.166595
221.121506
222.076492
223.031555
223.986710
224.941925
225.897247
226.852615
227.808075
228.763641
229.719254
230.674988
231.630768
232.586639
233.542587
234.498627
235.454727
236.410934
237.367218
238.323563
239.279999
240.236511
241.193115
242.149811
243.106567
244.063400
245.020325
245.977341
246.934418
247.891586
248.848831
249.806152
250.763565
251.721054
0.000000
0.769113
1.584686
2.446719
3.355214
4.310169
5.311584
6.359460
7.453798
8.594595
9.781853
10.989593
12.191837
13.388586
14.579841
15.765599
16.945862
18.120626
19.289900
20.453676
21.611956
22.764740
23.912029
25.053822
26.190121
27.320921
28.446228
29.566038
30.680351
31.789173
32.892494
33.990322
35.082657
36.169495
37.250839
38.326687
39.397034
40.461887
41.521248
42.575111
43.623478
44.666351
45.703728
46.735607
47.761990
48.782879
49.798279
50.808170
51.812580
52.811489
53.804901
54.792812
55.775234
56.752163
57.723587
58.689522
59.651413
60.612808
61.573872
62.534599
63.494995
64.455063
65.414787
66.374184
67.333244
68.291977
69.250374
70.208435
71.166168
72.123566
73.080627
74.037354
74.993759
75.949821
76.905548
77.860954
78.816017
79.770744
80.725151
81.679207
82.632950
83.586349
84.539413
85.492142
86.444542
87.396606
88.348343
89.299736
90.250801
91.201538
92.151939
93.102013
94.051743
95.001144
95.950211
96.898941
97.847351
98.795410
99.743156
100.690552
101.637619
102.584785
103.534691
104.487762
105.444008
106.403419
107.366005
108.331757
109.300682
110.272766
111.248024
112.226456
113.208054
114.192818
115.180756
116.171860
117.166138
118.163582
119.164200
120.167984
121.174934
122.185059
123.198341
124.214806
125.234444
126.257240
127.283203
128.312332
129.344650
130.380127
131.418777
132.460587
133.505585
134.553726
135.605057
136.659546
137.717209
138.778046
139.842041
140.909210
141.979553
143.053070
144.129730
145.209595
146.292603
147.378799
148.467941
149.555389
150.639221
151.719452
152.796066
153.869064
154.938461
156.004242
157.066422
158.125000
159.179962
160.231323
161.279068
162.323196
163.363724
164.400635
165.433960
166.463654
167.489746
168.512238
169.531113
170.546387
171.558044
172.566086
173.570526
174.571350
175.568573
176.562195
177.552200
178.538589
179.521378
180.500565
181.476135
182.448090
183.416443
184.381195
185.342331
186.299850
187.253769
188.204086
189.150787
190.093872
191.033356
191.969223
192.901505
193.830154
194.758011
195.687851
196.619659
197.553467
198.489227
199.426987
200.366745
201.308472
202.252182
203.197876
204.145554
205.095215
206.046860
207.000488
207.956085
208.913681
209.873276
210.834839
211.798386
212.763901
213.731415
214.700912
215.672379
216.645844
217.621277
218.598709
219.578125
220.559509
221.542908
222.528244
223.515610
224.504913
225.496246
226.489517
227.484818
228.482071
229.481308
230.482529
231.485733
232.490936
233.498108
234.507278
235.518417
236.531540
237.546661
238.563736
239.582809
240.603882
241.626923
242.651947
243.678955
244.707947
245.738922
246.771881
247.806824
248.843750
249.882660
250.923553
251.966431
253.011276
254.058121
255.000000
255.000000
255.000000
0.000000
0.799441
1.641375
2.525802
3.452721
4.422132
5.434035
6.488431
7.585320
8.703242
9.820739
10.937810
12.054456
13.170678
14.286474
15.401845
16.516790
17.631311
18.745407
19.859076
20.972321
22.085142
23.197538
24.309505
25.421051
26.532171
27.642864
28.753134
29.862978
30.972397
32.081390
33.189957
34.298103
35.405823
36.513115
37.619980
38.726425
39.832443
40.938030
42.043201
43.147938
44.252258
45.356152
46.459614
47.562656
48.665272
49.767464
50.869228
51.970573
53.071491
54.171982
55.270370
56.364975
57.455799
58.542843
59.626099
60.705582
61.781277
62.853195
63.921326
64.985680
66.046249
67.103043
68.156044
69.205276
70.250717
71.292381
72.330261
73.364357
74.394676
75.421211
76.443962
77.462936
78.478134
79.489540
80.497169
81.501015
82.501083
83.497360
84.489868
85.478584
86.463524
87.444679
88.422043
89.395645
90.365456
91.331490
92.293732
93.252197
94.206886
95.157791
96.104904
97.048248
97.991219
98.937225
99.886276
100.838356
101.793480
102.751648
103.712852
104.677094
105.644379
106.614700
107.588058
108.564461
109.543900
110.526382
111.511894
112.500450
113.492043
114.486679
115.484352
116.485069
117.488823
118.495605
119.505440
120.518311
121.534210
122.553169
123.575150
124.600182
125.628242
126.659348
127.693489
128.730682
129.770889
130.814148
131.860458
132.909805
133.962173
135.017593
136.076050
137.137543
138.202087
139.269653
140.337189
141.401596
142.462906
143.521118
144.576172
145.628143
146.676987
147.722733
148.765350
149.804855
150.841232
151.874527
152.904678
153.931732
154.955658
155.976471
156.994186
158.008759
159.020233
160.028595
161.033844
162.035965
163.034988
164.030884
165.023666
166.013351
166.999893
167.983353
168.963684
169.940903
170.914993
171.885986
172.853851
173.818604
174.780243
175.738754
176.694183
177.646484
178.595657
179.541733
180.484680
181.424515
182.362900
183.301437
184.240143
185.179001
186.118042
187.057251
187.996628
188.936172
189.875885
190.815765
191.755814
192.696030
193.636429
194.576981
195.517700
196.458588
197.399658
198.340881
199.282288
200.223846
201.165573
202.107483
203.049545
203.991776
204.934189
205.876770
206.819519
207.762421
208.705505
209.648743
210.592163
211.535751
212.479507
213.423416
214.367523
215.311768
216.256195
217.200806
218.145569
219.090500
220.035599
220.980865
221.926300
222.871902
223.817688
224.763626
225.709747
226.656021
227.602463
228.549072
229.495865
230.442810
231.389938
232.337219
233.284683
234.232300
235.180115
236.128067
237.076187
238.024506
238.972961
239.921600
240.870407
241.819366
242.768524
243.717834
244.667313
245.616943
246.566757
247.516739
248.466904
249.417221
250.367722
251.318359
252.269196
253.220169
254.171341
255.000000
255.000000
