0.942069
0.028965
0.028965
0.028965
0.942069
0.028965
0.028965
0.028965
0.942069
0.000000
0.189709
1.495382
2.787393
4.065745
5.330435
6.581463
7.818833
9.042541
10.252588
11.448973
12.631699
13.800762
14.956166
16.097910
17.225992
18.340414
19.441174
20.528273
21.601711
22.661489
23.707605
24.740065
25.758858
26.763992
27.755466
28.733278
29.697432
30.647923
31.592266
32.537994
33.485107
34.433598
35.383465
36.334713
37.287342
38.241348
39.196735
40.153503
41.111649
42.071175
43.032078
43.994366
44.958027
45.923069
46.889496
47.857300
48.826481
49.797043
50.768986
51.742306
52.717007
53.693089
54.670547
55.649387
56.629608
57.611202
58.594181
59.578537
60.564274
61.551392
62.539886
63.529758
64.521019
65.513649
66.507675
67.503059
68.499840
69.497986
70.497528
71.498436
72.500725
73.504395
74.509453
75.515877
76.523682
77.532875
78.542755
79.552635
80.562515
81.572395
82.582283
83.592163
84.602051
85.611938
86.621826
87.631714
88.641602
89.651489
90.661377
91.671265
92.681160
93.691055
94.700951
95.710846
96.720741
97.730637
98.740532
99.750427
100.760323
101.770226
102.780128
103.790031
104.799934
105.809837
106.819740
107.829643
108.839554
109.849464
110.859367
111.869278
112.879189
113.889099
114.899010
115.908920
116.918839
117.928749
118.938667
119.948578
120.958496
121.968407
122.978333
123.988251
124.998169
126.008095
127.017448
128.025665
129.032745
130.038696
131.043488
132.047165
133.049698
134.051086
135.051346
136.050476
137.048462
138.045319
139.041031
140.035614
141.029053
142.021362
143.012527
144.002548
144.991455
145.979218
146.965820
147.951309
148.935654
149.918869
150.900940
151.881897
152.861694
153.840347
154.817871
155.794266
156.769531
157.743637
158.716629
159.688461
160.659180
161.628754
162.597198
163.564484
164.530655
165.495682
166.459564
167.422318
168.383926
169.344421
170.303757
171.261963
172.219025
173.174957
174.130402
175.085938
176.041595
176.997375
177.953262
178.909286
179.865417
180.821655
181.778015
182.734512
183.691116
184.647842
185.604675
186.561630
187.518707
188.475891
189.433212
190.390640
191.348190
192.305847
193.263611
194.221527
195.179535
196.137680
197.095932
198.054291
199.012787
199.971405
200.930115
201.888962
202.847916
203.807007
204.766190
205.725525
206.684952
207.644501
208.604156
209.563950
210.523865
211.483871
212.444016
213.404266
214.364639
215.325150
216.285751
217.246475
218.207336
219.168289
220.130020
221.093170
222.057724
223.023712
223.991104
224.959915
225.930145
226.901794
227.874863
228.849350
229.825241
230.802551
231.781265
232.761414
233.742981
234.725952
235.710358
236.696152
237.683365
238.672012
239.662079
240.653549
241.646439
242.640747
243.636459
244.633606
245.632172
246.632141
247.633514
248.636307
249.640533
250.646179
251.653229
252.661697
253.671585
0.000000
0.000000
0.000000
0.000000
1.212622
2.841163
4.438951
6.005985
7.542267
9.047799
10.522575
11.966600
13.379873
14.762393
16.114161
17.435179
18.725441
19.984951
21.213711
22.411718
23.578970
24.715473
25.821222
26.896219
27.940464
28.953953
29.936693
30.888676
31.826164
32.765423
33.706448
34.649235
35.593792
36.540112
37.488197
38.438049
39.389668
40.343048
41.298195
42.255108
43.213791
44.174232
45.136440
46.100414
47.066154
48.033665
49.002930
49.973969
50.946774
51.921341
52.897675
53.875774
54.855637
55.837265
56.820660
57.805820
58.792747
59.781441
60.771896
61.764122
62.758110
63.753860
64.751373
65.750664
66.751717
67.754532
68.759109
69.765457
70.773575
71.783447
72.795090
73.808502
74.823669
75.840607
76.859314
77.879486
78.899414
79.918785
80.937607
81.955887
82.973618
83.990791
85.007431
86.023506
87.039040
88.054031
89.068466
90.082359
91.095695
92.108490
93.120735
94.132423
95.143570
96.154175
97.164223
98.173729
99.182678
100.191086
101.198944
102.206245
103.213013
104.219223
105.224892
106.230003
107.234573
108.238594
109.242058
110.244972
111.247353
112.249176
113.250450
114.251183
115.251358
116.250992
117.250084
118.248604
119.246590
120.244034
121.240913
122.237267
123.233055
124.228302
125.222992
126.216827
127.209450
128.200897
129.191147
130.180206
131.168076
132.154770
133.140244
134.124542
135.107666
136.089569
137.070297
138.049835
139.028183
140.005325
140.981293
141.956070
142.929642
143.902039
144.873230
145.843231
146.812057
147.779678
148.746109
149.711365
150.675415
151.638260
152.599930
153.560410
154.519699
155.477798
156.434708
157.390411
158.344940
159.298279
160.250412
161.201370
162.151138
163.099701
164.047073
164.993256
165.938248
166.882065
167.824677
168.766098
169.706345
170.645370
171.583435
172.521912
173.460999
174.400696
175.341034
176.281982
177.223541
178.165726
179.108505
180.051941
180.995972
181.940628
182.885910
183.831802
184.778305
185.725433
186.673187
187.621567
188.570541
189.520157
190.470367
191.421204
192.372665
193.324753
194.277451
195.230759
196.184708
197.139252
198.094437
199.050217
200.006638
200.963669
201.921310
202.879578
203.838455
204.797958
205.758072
206.718826
207.680191
208.642166
209.604767
210.567978
211.531815
212.496277
213.461349
214.427017
215.393341
216.360275
217.328232
218.297668
219.268555
220.240906
221.214722
222.189987
223.166718
224.144913
225.124573
226.105698
227.088257
228.072311
229.057800
230.044785
231.033203
232.023071
233.014420
234.007217
235.001495
235.997223
236.994415
237.993073
238.993179
239.994751
240.997787
242.002274
243.008240
244.015656
245.024536
246.034866
247.046661
248.059937
249.074661
250.090851
251.108490
252.127594
253.148163
254.170181
0.000000
0.000000
0.801158
2.325743
3.826066
5.302129
6.753931
8.181471
9.584751
10.963768
12.318525
13.649021
14.955258
16.237232
17.494946
18.728397
19.937592
21.122520
22.283190
23.419600
24.531746
25.619631
26.683256
27.722622
28.737724
29.728563
30.707731
31.687809
32.668800
33.650703
34.633514
35.617241
36.601875
37.587425
38.573879
39.561249
40.549530
41.538727
42.528831
43.519848
44.511776
45.504616
46.498363
47.493027
48.488602
49.485088
50.482479
51.480789
52.480011
53.480141
54.481178
55.483135
56.486004
57.489780
58.494465
59.500065
60.506577
61.513996
62.522327
63.531574
64.541725
65.552795
66.564781
67.577675
68.591469
69.606186
70.621811
71.638344
72.655792
73.674118
74.693054
75.712578
76.732681
77.753365
78.774628
79.796471
80.818893
81.841904
82.865486
83.889656
84.914406
85.939735
86.965645
87.992134
89.019203
90.046860
91.075096
92.103912
93.133308
94.163277
95.193840
96.224976
97.256691
98.288994
99.321877
100.355339
101.389374
102.423996
103.459198
104.494987
105.531349
106.568298
107.605827
108.643936
109.682617
110.721893
111.761742
112.802170
113.843185
114.884773
115.926949
116.969704
118.013031
119.055946
120.097389
121.137367
122.175903
123.212975
124.248589
125.282753
126.315453
127.346703
128.376495
129.404816
130.431717
131.457123
132.481094
133.503601
134.524673
135.544266
136.562393
137.579086
138.594315
139.608078
140.620407
141.631256
142.640671
143.648621
144.655106
145.660141
146.663727
147.665833
148.666504
149.665710
150.663467
151.659775
152.654617
153.647995
154.639923
155.630402
156.619415
157.606964
158.593079
159.577728
160.560913
161.542648
162.522934
163.501785
164.479218
165.455231
166.429825
167.403000
168.374741
169.345062
170.313965
171.281433
172.247482
173.212112
174.175323
175.137100
176.097473
177.056412
178.013931
178.970016
179.924698
180.877945
181.829758
182.780167
183.729156
184.676697
185.622833
186.567551
187.510849
188.452713
189.393158
190.332184
191.269775
192.205948
193.140701
194.074036
195.005951
195.936432
196.865494
197.793121
198.719345
199.644150
200.567520
201.489471
202.410004
203.329102
204.246841
205.163284
206.078430
206.992279
207.904846
208.816086
209.726059
210.634705
211.542068
212.448135
213.352890
214.256363
215.158539
216.059418
216.959000
217.857269
218.754242
219.649933
220.544312
221.437408
222.329208
223.219696
224.108887
224.996780
225.883377
226.768692
227.652679
228.535400
229.416794
230.296921
231.175735
232.053238
232.929459
233.804382
234.678009
235.550339
236.421371
237.291092
238.159515
239.026657
239.892502
240.757019
241.620285
242.482224
243.342865
244.202209
245.060272
245.917023
246.772476
247.626633
248.479492
249.331055
250.181305
251.030289
251.877960
252.724335
