0.992416
0.003792
0.003792
0.003792
0.992416
0.003792
0.003792
0.003792
0.992416
0.000000
0.762408
1.718445
2.673441
3.627397
4.580313
5.532189
6.483025
7.432821
8.381576
9.329290
10.275967
11.221601
12.166196
13.109750
14.052265
14.993741
15.934175
16.873568
17.811920
18.749235
19.685509
20.620741
21.554935
22.488091
23.421186
24.355227
25.290201
26.226110
27.162960
28.100746
29.039467
29.979126
30.919720
31.861252
32.803722
33.747128
34.691471
35.636749
36.582962
37.530113
38.478207
39.427231
40.377197
41.328094
42.279930
43.232704
44.186417
45.141060
46.096649
47.053165
48.010620
48.969013
49.928349
50.888615
51.849819
52.811954
53.775032
54.739044
55.703995
56.669884
57.636711
58.604473
59.573170
60.542809
61.513378
62.484890
63.457333
64.430710
65.405029
66.380287
67.355690
68.329651
69.302109
70.273064
71.242523
72.210472
73.176918
74.141869
75.105324
76.067276
77.027718
77.986664
78.944107
79.900055
80.854492
81.807434
82.758873
83.708809
84.657249
85.604179
86.549614
87.493546
88.435974
89.376907
90.316338
91.254265
92.190681
93.125610
94.059029
94.990952
95.921371
96.850281
97.777702
98.703629
99.628036
100.550949
101.472351
102.392273
103.310684
104.227585
105.142990
106.056892
106.969292
107.880203
108.789597
109.697502
110.604401
111.512344
112.421539
113.332001
114.243736
115.156731
116.070984
116.986496
117.903282
118.821327
119.740631
120.661201
121.583031
122.506134
123.430496
124.356125
125.283012
126.211159
127.140579
128.071243
129.003204
129.936401
130.870880
131.806595
132.743591
133.681854
134.621384
135.562164
136.504211
137.447525
138.392105
139.337952
140.285034
141.233398
142.183029
143.133926
144.086075
145.039490
145.994186
146.950119
147.907333
148.865814
149.825531
150.786545
151.748810
152.712326
153.676758
154.638840
155.597763
156.553543
157.506165
158.455627
159.401947
160.345123
161.285141
162.222000
163.155701
164.086273
165.013672
165.937927
166.859039
167.776993
168.691788
169.603424
170.511932
171.417267
172.319458
173.218491
174.114380
175.007111
175.896698
176.783127
177.666412
178.546539
179.423508
180.297333
181.167999
182.035522
182.899887
183.761108
184.619156
185.474060
186.325836
187.174423
188.019882
188.862198
189.701340
190.537338
191.370178
192.199890
193.026413
193.849808
194.670425
195.500336
196.345413
197.205688
198.081116
198.971725
199.877533
200.798477
201.734604
202.685928
203.652420
204.634064
205.630890
206.642899
207.670074
208.712433
209.769958
210.842667
211.930542
213.033600
214.151810
215.285217
216.433792
217.597534
218.776459
219.970551
221.179825
222.404266
223.643890
224.898682
226.168640
227.453781
228.754105
230.069595
231.400253
232.746094
234.107117
235.483307
236.874664
238.281204
239.702896
241.139786
242.591843
244.059082
245.541489
247.039062
248.551819
0.000000
0.000000
0.479262
2.160704
3.807969
5.421056
6.999965
8.544697
10.055252
11.531631
12.973830
14.381854
15.755699
17.095367
18.400858
19.672171
20.909311
22.127947
23.343761
24.556757
25.766926
26.974276
28.178802
29.380510
30.579393
31.775455
32.968697
34.159111
35.346706
36.531483
37.713432
38.892563
40.068874
41.242363
42.413029
43.580868
44.745892
45.908089
47.067467
48.224018
49.377750
50.528664
51.676750
52.822021
53.964462
55.104088
56.240887
57.374870
58.506023
59.634365
60.759880
61.882568
63.002438
64.119484
65.233711
66.345116
67.453697
68.559456
69.662399
70.762520
71.859802
72.954277
74.045929
75.134758
76.220772
77.303955
78.384323
79.461868
80.536591
81.608612
82.680656
83.753845
84.828178
85.903648
86.980247
88.057999
89.136894
90.216927
91.298096
92.380417
93.463867
94.548454
95.634193
96.721069
97.809082
98.898239
99.988533
101.079971
102.172554
103.266266
104.361130
105.457123
106.554260
107.652550
108.751968
109.852531
110.954231
112.057076
113.161057
114.266174
115.372452
116.479843
117.588402
118.698082
119.808907
120.920883
122.033989
123.148232
124.263626
125.380157
126.497818
127.616638
128.736572
129.857666
130.979919
132.103287
133.227783
134.353455
135.480240
136.608170
137.737259
138.867477
139.998138
141.125183
142.247940
143.366379
144.480515
145.590347
146.695877
147.797089
148.893997
149.986603
151.074905
152.158905
153.238586
154.313980
155.385056
156.451828
157.514297
158.572449
159.626312
160.675873
161.721115
162.762054
163.798691
164.831024
165.859039
166.882751
167.902161
168.917282
169.928085
170.934570
171.936768
172.934647
173.928223
174.917511
175.902466
176.883118
177.859482
178.831543
179.799286
180.762726
181.721863
182.676682
183.627213
184.573425
185.515350
186.452957
187.386246
188.315247
189.239944
190.160309
191.076401
191.988159
192.895645
193.799332
194.700470
195.599152
196.495377
197.389114
198.280380
199.169189
200.055527
200.939392
201.820786
202.699707
203.576157
204.450165
205.321671
206.190720
207.057281
207.921402
208.783051
209.642212
210.498917
211.353134
212.204910
213.054199
213.901016
214.745377
215.587250
216.426666
217.263611
218.098083
218.930084
219.759628
220.586685
221.411285
222.233414
223.053070
223.870255
224.684982
225.497223
226.307007
227.114319
227.919159
228.721527
229.521423
230.318863
231.113815
231.906311
232.696335
233.483887
234.268982
235.051590
235.831726
236.609406
237.384613
238.156128
238.922668
239.684250
240.440887
241.192566
241.939301
242.681061
243.417892
244.149750
244.876663
245.598618
246.315613
247.027664
247.734756
248.436905
249.134094
249.826340
250.513611
251.195938
251.873322
252.545731
253.213196
253.875702
254.533264
255.000000
255.000000
255.000000
255.000000
0.000000
1.876058
3.685695
5.428909
7.105701
8.716070
10.260017
11.737543
13.148647
14.493328
15.771586
17.014635
18.253683
19.488731
20.719778
21.946825
23.169872
24.388920
25.603966
26.815012
28.022060
29.225105
30.424150
31.619198
32.810246
33.997292
35.180336
36.359383
37.534424
38.705471
39.872513
41.035564
42.194607
43.349655
44.500698
45.647739
46.790787
47.929829
49.064877
50.195923
51.322964
52.446011
53.565048
54.680092
55.791138
56.898178
58.001221
59.100258
60.195305
61.286350
62.373394
63.456436
64.535477
65.610519
66.681557
67.748604
68.811646
69.870842
70.929436
71.988762
73.048820
74.109619
75.171150
76.233421
77.296425
78.360161
79.424637
80.489853
81.555794
82.622467
83.689888
84.758041
85.826920
86.896538
87.966888
89.037987
90.109810
91.182373
92.255661
93.329697
94.404457
95.479965
96.556190
97.633171
98.710876
99.789322
100.868492
101.948410
103.029045
104.110428
105.192543
106.275398
107.358986
108.443306
109.528366
110.614151
111.700684
112.787949
113.875946
114.964676
116.054146
117.144348
118.235283
119.326958
120.419136
121.510445
122.600639
123.689743
124.777725
125.864616
126.950394
128.035065
129.118652
130.201126
131.282501
132.362747
133.441910
134.519974
135.596924
136.672775
137.747498
138.821136
139.893692
140.965103
142.035431
143.104675
144.172775
145.239792
146.305710
147.370499
148.434204
149.496811
150.558304
151.618683
152.677963
153.736145
154.793243
155.849197
156.904068
157.957825
159.010498
160.062042
161.112503
162.161850
163.210083
164.257233
165.303268
166.348206
167.392029
168.434753
169.476379
170.515533
171.548965
172.576508
173.598175
174.613953
175.623840
176.627838
177.625946
178.618164
179.604507
180.584961
181.559525
182.528214
183.490997
184.447906
185.398941
186.344070
187.283310
188.216675
189.144150
190.065735
190.981430
191.891251
192.795181
193.693222
194.585373
195.471634
196.352020
197.226517
198.095123
198.957840
199.814682
200.665619
201.510696
202.349854
203.183151
204.010544
204.832062
205.647705
206.457443
207.261292
208.059265
208.851334
209.637527
210.417847
211.192276
211.960800
212.729782
213.505524
214.288040
215.077316
215.873367
216.676178
217.485764
218.302124
219.125259
219.955154
220.791824
221.635239
222.485443
223.342407
224.206146
225.076645
225.953934
226.837982
227.728790
228.626358
229.530716
230.441833
231.359726
232.284363
233.215805
234.153992
235.098953
236.050674
237.009171
237.974442
238.946472
239.925278
240.910858
241.903198
242.902298
243.908188
244.920822
245.940231
246.966431
247.999374
249.039093
250.085587
251.138840
252.198883
253.265671
254.339233
255.000000
255.000000
255.000000
255.000000
255.000000
255.000000
255.000000
255.000000
255.000000
255.000000
255.000000
255.000000
