0.928882
0.035559
0.035559
0.035559
0.928882
0.035559
0.035559
0.035559
0.928882
0.000000
0.728555
1.468677
2.220365
2.983620
3.758441
4.544829
5.342784
6.152307
6.973395
7.800987
8.630023
9.460503
10.292424
11.125790
11.960597
12.796849
13.634542
14.473680
15.314260
16.156282
16.999748
17.844658
18.691010
19.538805
20.388042
21.238724
22.090847
22.944414
23.799425
24.655876
25.513773
26.373114
27.233892
28.096119
28.959787
29.824898
30.691450
31.559450
32.428890
33.299770
34.172100
35.045864
35.921078
36.797729
37.675831
38.555367
39.436352
40.318783
41.202652
42.087967
42.974716
43.862919
44.752563
45.643646
46.536171
47.430145
48.325558
49.222416
50.120712
51.020458
51.921642
52.824272
53.728340
54.633858
55.540802
56.448959
57.358219
58.268597
59.180080
60.092682
61.006390
61.921211
62.837143
63.754196
64.672348
65.591614
66.511993
67.433495
68.356087
69.279808
70.204628
71.130569
72.057625
72.985786
73.915054
74.845436
75.776932
76.709541
77.643265
78.578094
79.514038
80.451096
81.389259
82.328537
83.268929
84.210426
85.153046
86.096771
87.041603
87.987549
88.934608
89.882782
90.832062
91.782448
92.733963
93.686569
94.640305
95.595146
96.551102
97.508163
98.466339
99.425621
100.386024
101.347542
102.310158
103.273888
104.238731
105.204697
106.171761
107.139938
108.108772
109.075439
110.039505
111.000954
111.959778
112.915977
113.869576
114.820549
115.768913
116.714661
117.657784
118.598297
119.536186
120.471474
121.404129
122.334175
123.261604
124.186417
125.108612
126.028198
126.945152
127.859505
128.771225
129.680359
130.586853
131.490723
132.391998
133.290649
134.186676
135.080093
135.970886
136.859070
137.744629
138.627579
139.507919
140.385620
141.260727
142.133224
143.003098
143.870346
144.734985
145.597000
146.456390
147.313187
148.167343
149.018906
149.867844
150.714157
151.557861
152.398956
153.237411
154.073288
154.906509
155.737137
156.565140
157.390533
158.214752
159.041336
159.870407
160.701996
161.536118
162.372726
163.211853
164.053497
164.897659
165.744324
166.593506
167.445206
168.299408
169.156128
170.015366
170.877106
171.741379
172.608139
173.477432
174.349228
175.223541
176.100372
176.979706
177.861542
178.745911
179.632782
180.522156
181.414062
182.308472
183.205399
184.104828
185.006790
185.911255
186.818222
187.727707
188.639725
189.554230
190.471252
191.390808
192.312851
193.237411
194.164505
195.094086
196.026184
196.960800
197.897934
198.837585
199.779739
200.724411
201.671585
202.621277
203.573486
204.528198
205.485428
206.445175
207.407425
208.385071
209.391006
210.425201
211.487701
212.578461
213.697510
214.844818
216.020432
217.224304
218.456467
219.716888
221.005615
222.322601
223.667862
225.041412
226.443237
227.873352
229.331741
230.818405
232.333328
233.876556
235.448044
237.047821
0.000000
1.444597
2.890476
4.337636
5.786077
7.235800
8.686804
10.139089
11.592655
13.043702
14.488437
15.926855
17.358957
18.784746
20.204216
21.617374
23.024214
24.424740
25.818949
27.206844
28.588421
29.963684
31.332632
32.695263
34.051582
35.401585
36.745266
38.082634
39.413689
40.738426
42.056854
43.368961
44.674755
45.974232
47.267391
48.554234
49.834766
51.108982
52.376884
53.638466
54.893730
56.142681
57.385323
58.621639
59.851646
61.075340
62.292709
63.503769
64.708519
65.906944
67.099281
68.290558
69.482803
70.676033
71.870239
73.065437
74.261604
75.458755
76.656883
77.855988
79.056084
80.257149
81.459198
82.662231
83.866241
85.071236
86.277206
87.484154
88.692093
89.900993
91.110886
92.321762
93.533607
94.746445
95.960258
97.175041
98.390816
99.607567
100.825302
102.044022
103.263718
104.484383
105.706032
106.928665
108.152283
109.376869
110.602440
111.829002
113.056534
114.285057
115.514549
116.745018
117.976112
119.205704
120.433434
121.659302
122.883316
124.105461
125.325745
126.544159
127.760712
128.975418
130.188248
131.399216
132.608322
133.815582
135.020966
136.224487
137.426147
138.625946
139.823883
141.019943
142.214157
143.406525
144.597015
145.785645
146.972412
148.157303
149.340347
150.521515
151.700836
152.878296
154.053894
155.227615
156.399490
157.569489
158.737640
159.903915
161.068329
162.230896
163.391586
164.550415
165.707397
166.862503
168.014236
169.158875
170.296249
171.426392
172.549255
173.664856
174.773224
175.874313
176.968140
178.054718
179.134048
180.206116
181.270920
182.328476
183.378769
184.421799
185.457581
186.486084
187.507355
188.521347
189.528107
190.527588
191.519821
192.504791
193.482498
194.452957
195.416153
196.372116
197.320786
198.262207
199.196381
200.123291
201.042938
201.955353
202.860474
203.758362
204.648987
205.532349
206.408447
207.277313
208.138901
208.993240
209.838623
210.673370
211.497498
212.310989
213.113846
213.906052
214.687637
215.458588
216.218918
216.968597
217.707642
218.436066
219.153854
219.861008
220.557526
221.243408
221.918640
222.583252
223.237244
223.880585
224.513290
225.135376
225.746826
226.347641
226.937805
227.517349
228.086258
228.644531
229.192184
229.729202
230.255554
230.771301
231.276413
231.770889
232.254730
232.727921
233.190491
233.642441
234.083740
234.514404
234.934448
235.343857
235.742615
236.130737
236.508240
236.875122
237.231354
237.576950
237.911926
238.236237
238.549942
238.853012
239.145447
239.427231
239.698395
239.958923
240.208817
240.448090
240.676697
240.894699
241.102051
241.298782
241.484863
241.660339
241.825165
241.979340
242.122894
242.255814
242.378113
242.489761
242.590790
242.681183
242.760925
242.830048
242.888535
242.936386
242.973618
243.000183
243.016144
243.021469
0.000000
3.663275
5.975159
8.257710
10.510925
12.734810
14.929362
17.094580
19.230463
21.337011
23.414234
25.462118
27.480671
29.469889
31.429773
33.360325
35.261547
37.133430
38.975990
40.789200
42.573090
44.327644
46.052868
47.748756
49.415306
51.052525
52.660416
54.238972
55.788197
57.308075
58.798630
60.259857
61.691742
63.095291
64.492188
65.891296
67.292641
68.696213
70.101997
71.510017
72.920258
74.332726
75.747421
77.164345
78.583481
80.004852
81.428444
82.854263
84.282303
85.712578
87.145081
88.579796
90.016747
91.455910
92.897308
94.340927
95.786774
97.234848
98.685143
100.137657
101.592415
103.049377
104.508575
105.970009
107.433647
108.899071
110.363617
111.826851
113.288765
114.749352
116.208618
117.666557
119.123184
120.578491
122.032471
123.485138
124.936478
126.386490
127.835190
129.282562
130.728607
132.173355
133.616776
135.058853
136.499634
137.939072
139.377213
140.814011
142.249496
143.683670
145.116501
146.548035
147.978226
149.407120
150.834671
152.260910
153.685822
155.105957
156.512787
157.905930
159.285400
160.651184
162.003311
163.341736
164.666473
165.977554
167.274948
168.558670
169.828690
171.085052
172.327728
173.556717
174.772049
175.973694
177.161652
178.335922
179.496536
180.643448
181.776703
182.896255
184.002151
185.094345
186.172867
187.237717
188.288879
189.326370
190.350174
191.360321
192.356766
193.342484
194.320404
195.290543
196.252869
197.207428
198.154175
199.093140
200.024307
200.947693
201.863266
202.771057
203.671066
204.563263
205.447693
206.324310
207.193161
208.054184
208.907440
209.752899
210.590546
211.420425
212.242508
213.056793
213.863281
214.661987
215.452896
216.236008
217.011337
217.778870
218.538620
219.290558
220.034714
220.771088
221.499664
222.220428
222.933411
223.638611
224.336029
225.025635
225.707443
226.381470
227.047714
227.706161
228.356796
228.999664
229.634720
230.261993
230.881485
231.493164
232.097061
232.693161
233.281479
233.862015
234.434723
234.999664
235.556808
236.106155
236.647720
237.181473
237.707458
238.225632
238.736023
239.238632
239.733444
240.220444
240.699661
241.171097
241.634735
242.090576
242.538635
242.978882
243.411346
243.836029
244.252914
244.662003
245.063309
245.456818
245.842529
246.220444
246.590576
246.952911
247.307465
247.654221
247.993179
248.324341
248.647720
248.963303
249.271088
249.571091
249.863312
250.147720
250.424347
250.693176
250.954224
251.207474
251.452927
251.690582
251.920441
252.142517
252.356796
252.563293
252.761993
252.952911
253.136032
253.311356
253.478897
253.638626
253.790573
253.934723
254.071106
254.199677
254.320450
254.433441
254.538635
254.636032
254.725647
254.807449
254.881470
254.947708
255.000000
255.000000
255.000000
255.000000
255.000000
255.000000
255.000000
255.000000
