0.985412
0.007294
0.007294
0.007294
0.985412
0.007294
0.007294
0.007294
0.985412
0.000000
1.046388
2.278733
3.499750
4.709441
5.907805
7.094843
8.270554
9.434939
10.587996
11.729728
12.860132
13.979210
15.086961
16.183384
17.268484
18.342255
19.404699
20.461155
21.516962
22.572121
23.626629
24.680489
25.733698
26.786259
27.838169
28.889427
29.940041
30.990004
32.039314
33.087978
34.135994
35.183353
36.230068
37.276138
38.321552
39.366318
40.410431
41.453899
42.496716
43.538883
44.580406
45.621273
46.661495
47.701069
48.739986
49.778255
50.815872
51.852848
52.889172
53.924843
54.959869
55.994240
57.027966
58.061043
59.093468
60.125244
61.156372
62.186852
63.216679
64.245857
65.274384
66.302261
67.329498
68.356079
69.382011
70.407288
71.431923
72.455902
73.479240
74.501915
75.524002
76.545692
77.567047
78.588051
79.608719
80.629051
81.649040
82.668694
83.687996
84.706955
85.725578
86.743858
87.761803
88.779404
89.796661
90.813576
91.830154
92.846390
93.862282
94.877838
95.893044
96.907921
97.922447
98.936638
99.950485
100.963989
101.977150
102.989975
104.002457
105.014603
106.026405
107.037857
108.048981
109.059753
110.070198
111.080292
112.090042
113.099457
114.108528
115.117256
116.125648
117.133682
118.141388
119.148766
120.155785
121.162476
122.168808
123.174812
124.180473
125.185799
126.190773
127.195412
128.199707
129.203659
130.206497
131.207428
132.206467
133.203613
134.198868
135.192215
136.183670
137.173233
138.160889
139.146652
140.130524
141.112503
142.092575
143.070740
144.047012
145.021408
145.993896
146.964478
147.933182
148.899963
149.864868
150.827866
151.788971
152.748184
153.705490
154.660919
155.614410
156.566040
157.515778
158.463593
159.409515
160.353561
161.295685
162.235931
163.174286
164.110718
165.045273
165.977921
166.908676
167.837540
168.764496
169.689560
170.612732
171.533997
172.453384
173.370850
174.286438
175.200119
176.111908
177.021790
177.929779
178.835876
179.740082
180.642746
181.546097
182.450500
183.355927
184.262390
185.169907
186.078461
186.988068
187.898712
188.810410
189.723129
190.636917
191.551712
192.467575
193.384476
194.302444
195.221420
196.141449
197.062515
197.984634
198.907806
199.832001
200.757248
201.683548
202.610870
203.539246
204.468658
205.399124
206.330612
207.263168
208.196762
209.131378
210.067047
211.003769
211.941528
212.880325
213.820175
214.761063
215.702988
216.645966
217.589981
218.535049
219.481140
220.428284
221.376465
222.325699
223.275986
224.227310
225.179657
226.133057
227.087509
228.042984
228.999512
229.957092
230.918579
231.886871
232.861984
233.843857
234.832550
235.828049
236.830338
237.839417
238.855301
239.877991
240.907486
241.943771
242.986847
244.036743
245.093414
246.156906
247.227188
248.304260
249.388138
250.478821
251.576294
252.680573
253.791656
254.909515
0.000000
0.000000
0.000000
0.000000
0.827789
2.890735
4.884126
6.807960
8.662234
10.446955
12.162119
13.807723
15.383772
16.890265
18.327200
19.694578
20.992399
22.220665
23.379374
24.468525
25.522707
26.576521
27.629963
28.683033
29.735731
30.788057
31.840012
32.891594
33.942802
34.993641
36.044109
37.094204
38.143925
39.193275
40.242252
41.290859
42.339092
43.386955
44.434448
45.481560
46.528309
47.574684
48.620686
49.666313
50.711575
51.756462
52.800972
53.845116
54.888889
55.932289
56.975311
58.017967
59.060249
60.102161
61.143692
62.184864
63.225658
64.266075
65.306122
66.345810
67.385117
68.424049
69.462616
70.500801
71.538628
72.576065
73.613144
74.649841
75.686172
76.722130
77.757774
78.793274
79.828621
80.863823
81.898888
82.933800
83.968567
85.003189
86.037666
87.071991
88.106178
89.140213
90.174110
91.207855
92.241455
93.274910
94.308220
95.341385
96.374405
97.407272
98.439995
99.472580
100.505013
101.537300
102.569443
103.601440
104.633293
105.664993
106.696556
107.727966
108.759239
109.790352
110.821335
111.852165
112.882843
113.913391
114.943779
115.974014
117.004128
118.034088
119.063889
120.093559
121.123070
122.152443
123.181671
124.210747
125.239685
126.268471
127.297104
128.325607
129.353897
130.381531
131.408493
132.434738
133.460266
134.485107
135.509232
136.532669
137.555389
138.577408
139.598724
140.619324
141.639252
142.658447
143.676956
144.694763
145.711853
146.728241
147.743942
148.758926
149.773224
150.786789
151.799667
152.811844
153.823334
154.834091
155.844147
156.853516
157.862183
158.870132
159.877380
160.883926
161.889771
162.894913
163.899353
164.903091
165.906113
166.908447
167.910065
168.910995
169.911209
170.910721
171.909546
172.907654
173.905060
174.901764
175.897766
176.893051
177.887634
178.881531
179.874680
180.865646
181.853912
182.839447
183.822266
184.802368
185.779770
186.754440
187.726410
188.695633
189.662170
190.625961
191.587067
192.545441
193.501099
194.454056
195.404266
196.351791
197.296585
198.238663
199.178024
200.114670
201.048599
201.979813
202.908310
203.834091
204.757156
205.677505
206.595139
207.510056
208.422256
209.331741
210.238495
211.142563
212.043884
212.942505
213.838409
214.731583
215.622055
216.509811
217.394852
218.277161
219.156769
220.033646
220.907837
221.779282
222.648026
223.514038
224.377350
225.237930
226.095795
226.947189
227.788284
228.619095
229.439606
230.249863
231.049805
231.839493
232.618881
233.387985
234.146820
234.895370
235.633636
236.361618
237.079315
237.786728
238.483856
239.170700
239.847260
240.513550
241.169540
241.815277
242.450699
243.075851
243.690720
244.295303
244.889603
245.473618
246.047363
246.610809
247.163986
247.706879
248.239471
248.761795
249.273849
249.775604
0.000000
1.538861
3.048732
4.529611
5.981499
7.404397
8.798304
10.163219
11.499145
12.806078
14.084021
15.332973
16.552935
17.743904
18.920673
20.098036
21.275988
22.454531
23.633663
24.813391
25.993706
27.174614
28.356112
29.538202
30.720884
31.904156
33.088017
34.272472
35.457516
36.643150
37.829380
39.016197
40.203606
41.391605
42.580196
43.769379
44.959152
46.149521
47.340473
48.532017
49.724155
50.916885
52.110203
53.304119
54.498619
55.693707
56.889393
58.085667
59.282539
60.479996
61.678040
62.876678
64.075905
65.275726
66.476143
67.677147
68.878738
70.079369
71.277473
72.473053
73.666115
74.856651
76.044662
77.230164
78.413132
79.593582
80.771507
81.946915
83.119797
84.290146
85.457985
86.623299
87.786087
88.946358
90.104103
91.259323
92.412025
93.562195
94.709854
95.854996
96.997604
98.137688
99.275253
100.410294
101.542816
102.672813
103.800293
104.925247
106.047676
107.167580
108.284966
109.399826
110.512161
111.621979
112.729279
113.834045
114.936302
116.036034
117.133240
118.227921
119.320534
120.411560
121.500984
122.588799
123.675018
124.759644
125.842659
126.924072
128.003891
129.082108
130.158737
131.233734
132.307175
133.378983
134.449188
135.517807
136.584824
137.650238
138.714050
139.776260
140.836868
141.895889
142.953293
144.009109
145.063324
146.115952
147.166962
148.216370
149.264175
150.310394
151.354996
152.397995
153.439407
154.479218
155.517410
156.554031
157.589035
158.622437
159.654251
160.684448
161.713058
162.740067
163.765472
164.787933
165.806152
166.820129
167.829834
168.835297
169.836487
170.833435
171.826126
172.814575
173.798752
174.778671
175.754349
176.725769
177.692917
178.655838
179.614471
180.568878
181.519028
182.464905
183.406540
184.343918
185.277023
186.205887
187.130508
188.050858
188.966965
189.878799
190.786392
191.689728
192.588806
193.483643
194.374207
195.260513
196.142578
197.020386
197.893921
198.763229
199.628265
200.489059
201.345566
202.197845
203.045868
203.889633
204.726151
205.552322
206.368210
207.173782
207.969055
208.754013
209.528687
210.293060
211.047119
211.790878
212.524338
213.247498
213.960342
214.662903
215.355148
216.037094
216.708725
217.370056
218.021103
218.661835
219.292267
219.912399
220.522217
221.121735
221.710953
222.289871
222.858475
223.416794
223.964798
224.502502
225.029907
225.547012
226.053787
226.550293
227.036484
227.512360
227.977966
228.433243
228.878220
229.312897
229.737274
230.151337
230.555099
230.948578
231.331741
231.704605
232.067169
232.419418
232.761368
233.093018
233.414368
233.725418
234.026138
234.316589
234.596725
234.866547
235.126083
235.375320
235.614227
235.842850
236.061172
236.269196
236.466904
236.654312
236.831406
236.998230
237.154724
237.300919
237.436829
237.562424
