0.943424
0.028288
0.028288
0.028288
0.943424
0.028288
0.028288
0.028288
0.943424
0.000000
1.034662
2.070240
3.106736
4.144149
5.182479
6.221725
7.261889
8.302971
9.344968
10.387883
11.431715
12.476463
13.522130
14.568713
15.616214
16.664633
17.713966
18.764217
19.815386
20.867470
21.920475
22.973349
24.025059
25.075598
26.124969
27.173172
28.220207
29.266075
30.310772
31.354303
32.396667
33.437855
34.477882
35.516739
36.554424
37.590946
38.626297
39.660477
40.693493
41.725342
42.756020
43.785530
44.813869
45.841045
46.867046
47.891884
48.915550
49.938053
50.959385
51.979546
52.998543
54.016365
55.033024
56.048508
57.062836
58.075985
59.087971
60.098785
61.108433
62.116913
63.124222
64.130363
65.135338
66.139145
67.141792
68.143257
69.143555
70.142685
71.140648
72.137444
73.133080
74.127533
75.120827
76.112938
77.103935
78.094505
79.084953
80.075287
81.065491
82.055573
83.045540
84.035378
85.025101
86.014702
87.004181
87.993538
88.982773
89.971893
90.960884
91.949753
92.938507
93.927139
94.915649
95.904030
96.892296
97.880440
98.868462
99.856361
100.844139
101.831802
102.819336
103.806763
104.794052
105.781227
106.768280
107.755211
108.742020
109.728706
110.715271
111.701721
112.688042
113.674248
114.660332
115.646294
116.632126
117.617851
118.603447
119.588913
120.574272
121.559502
122.544609
123.529610
124.514473
125.499214
126.483841
127.468346
128.452728
129.436981
130.421143
131.405334
132.389572
133.373856
134.358185
135.342560
136.326996
137.311462
138.295990
139.280563
140.265182
141.249847
142.234558
143.219330
144.204132
145.188995
146.173904
147.158859
148.143845
149.128891
150.113998
151.099136
152.084335
153.069580
154.054855
155.040192
156.025574
157.011017
157.996475
158.982010
159.967590
160.953201
161.938873
162.924591
163.910355
164.896164
165.882034
166.867935
167.853897
168.839890
169.825958
170.812057
171.798203
172.784393
173.770630
174.756943
175.743271
176.729660
177.716080
178.702576
179.689102
180.675690
181.662292
182.648972
183.635925
184.623688
185.612320
186.601791
187.592117
188.583282
189.575317
190.568192
191.561935
192.556503
193.551941
194.548218
195.545364
196.543350
197.542191
198.541870
199.542419
200.543793
201.546051
202.549133
203.553085
204.557877
205.563522
206.570023
207.577377
208.585587
209.594620
210.604523
211.615280
212.626892
213.639343
214.652634
215.666809
216.681824
217.697678
218.714386
219.731949
220.750351
221.769623
222.789734
223.810715
224.832535
225.855194
226.878708
227.903091
228.928329
229.954391
230.981308
232.009094
233.037720
234.067200
235.097519
236.128708
237.160751
238.170654
239.135513
240.055313
240.930023
241.759689
242.544281
243.283798
243.978271
244.627655
245.231979
245.791245
246.305450
246.774567
247.198639
247.577637
247.911560
248.200424
248.444214
248.642944
0.000000
1.008158
2.021085
3.038781
4.061246
5.088480
6.120482
7.157254
8.198795
9.245106
10.296184
11.352032
12.412648
13.478033
14.548187
15.623112
16.702805
17.787266
18.876495
19.970495
21.069263
22.172802
23.281105
24.394182
25.512024
26.634640
27.762020
28.890282
30.015532
31.137775
32.257008
33.373234
34.486446
35.596653
36.703850
37.808037
38.909214
40.007378
41.102539
42.194683
43.283829
44.369957
45.453079
46.533184
47.610291
48.684380
49.755463
50.823536
51.888603
52.950657
54.009701
55.065735
56.118763
57.168777
58.215786
59.259789
60.300774
61.338757
62.373722
63.405678
64.434631
65.460571
66.483505
67.503426
68.520348
69.534248
70.545143
71.553024
72.557907
73.559776
74.558624
75.554474
76.547310
77.537140
78.523956
79.507767
80.488564
81.466362
82.441139
83.413460
84.386673
85.361336
86.337433
87.314964
88.293953
89.274376
90.256248
91.239555
92.224312
93.210503
94.198143
95.187225
96.177750
97.169708
98.163116
99.157967
100.154259
101.151993
102.151169
103.151787
104.153854
105.157349
106.162300
107.168686
108.176514
109.185799
110.196503
111.208664
112.222267
113.237305
114.253799
115.271721
116.291092
117.311905
118.334160
119.357857
120.382996
121.409584
122.437607
123.467064
124.497978
125.530319
126.564117
127.599358
128.636032
129.674149
130.713715
131.754730
132.797180
133.841049
134.886398
135.933167
136.979797
138.024689
139.067825
140.109238
141.148911
142.186844
143.223053
144.257507
145.290222
146.321213
147.350449
148.377945
149.403732
150.427734
151.450043
152.470581
153.489410
154.506470
155.521805
156.535416
157.547272
158.557388
159.565765
160.572403
161.577316
162.580490
163.581924
164.581604
165.579544
166.575760
167.570251
168.562988
169.553986
170.543243
171.530762
172.516556
173.500595
174.482895
175.463470
176.442307
177.419403
178.394745
179.368362
180.340240
181.310379
182.278778
183.245438
184.210358
185.173553
186.134995
187.094696
188.052673
189.009140
189.965530
190.922058
191.878754
192.835602
193.792618
194.749771
195.707077
196.664536
197.622147
198.579926
199.537857
200.495941
201.454163
202.412552
203.371094
204.329773
205.288635
206.247650
207.206802
208.166107
209.125580
210.085190
211.044968
212.004898
212.964966
213.925201
214.885605
215.846146
216.806839
217.767685
218.728683
219.689850
220.651154
221.612625
222.574249
223.536011
224.497940
225.460022
226.422272
227.384659
228.347198
229.309891
230.272751
231.235764
232.198914
233.162216
234.125687
235.089310
236.053085
237.017029
237.981110
238.945343
239.898071
240.827682
241.734161
242.617508
243.477707
244.314789
245.128723
245.919540
246.687195
247.431732
248.153152
248.851410
249.526550
250.178543
250.807404
251.413132
251.995728
252.555176
253.091507
0.000000
1.095152
2.192499
3.292040
4.393775
5.497703
6.603824
7.712140
8.822652
9.935353
11.050252
12.167342
13.286628
14.408105
15.531778
16.657646
17.785707
18.915960
20.046623
21.175913
22.303831
23.430374
24.555544
25.679340
26.801767
27.922817
29.042494
30.160795
31.277727
32.393284
33.507469
34.620277
35.731712
36.841774
37.950462
39.057781
40.163723
41.268295
42.371487
43.473312
44.573757
45.672836
46.770535
47.866863
48.961819
50.055401
51.147610
52.238445
53.327911
54.415997
55.502708
56.588051
57.672016
58.754612
59.835835
60.915684
61.994156
63.071259
64.146988
65.221344
66.294312
67.365921
68.436157
69.505020
70.572510
71.638618
72.703369
73.766731
74.828720
75.889343
76.948593
78.006493
79.063034
80.118225
81.172050
82.224533
83.275658
84.325424
85.373840
86.420898
87.466606
88.510956
89.553955
90.595596
91.635880
92.674812
93.712395
94.748619
95.783493
96.817009
97.849167
98.879974
99.909424
100.937523
101.964264
102.989655
104.013687
105.036362
106.057693
107.077660
108.096283
109.113541
110.129448
111.143990
112.157196
113.169037
114.179527
115.188660
116.196442
117.202866
118.207932
119.211647
120.214012
121.215019
122.214676
123.212967
124.209908
125.205498
126.199738
127.192612
128.184143
129.174316
130.163284
131.152023
132.140701
133.129303
134.117844
135.106323
136.094727
137.083054
138.071320
139.059509
140.047638
141.035690
142.023666
143.011581
143.999451
144.987228
145.974930
146.962570
147.950134
148.937637
149.925079
150.912445
151.899734
152.886963
153.874115
154.861206
155.848221
156.835175
157.822052
158.808868
159.795609
160.782272
161.768875
162.755402
163.741882
164.728271
165.714600
166.700851
167.687042
168.673157
169.659210
170.645203
171.631104
172.616943
173.602707
174.588425
175.574051
176.559616
177.545105
178.530548
179.515900
180.501190
181.486343
182.470047
183.451752
184.431458
185.409164
186.384872
187.358597
188.330307
189.300018
190.267731
191.233459
192.197189
193.158890
194.118622
195.076355
196.032074
196.985794
197.937515
198.887253
199.834991
200.780731
201.724457
202.666199
203.605927
204.543671
205.479416
206.413162
207.344910
208.274658
209.202393
210.128143
211.051895
211.973648
212.893402
213.811157
214.726913
215.640686
216.552429
217.462189
218.369965
219.275726
220.179489
221.081253
221.981033
222.878799
223.774582
224.668350
225.560120
226.449905
227.337677
228.223480
229.107254
229.989044
230.856598
231.697723
232.512390
233.300629
234.062393
234.797729
235.506638
236.189072
236.845078
237.474625
238.077744
238.654404
239.204605
239.728394
240.225723
240.696594
241.141037
241.559021
241.950577
242.315674
242.654343
242.966553
243.252304
243.511642
243.744507
243.950928
244.130905
244.284454
244.411545
