0.980276
0.009862
0.009862
0.009862
0.980276
0.009862
0.009862
0.009862
0.980276
0.000000
1.124930
2.241539
3.349828
4.449796
5.541442
6.624769
7.699774
8.766459
9.824823
10.874866
11.916587
12.949988
13.975071
14.991831
16.000269
17.000389
17.992186
18.975660
19.950817
20.917656
21.876169
22.826363
23.772604
24.719271
25.666363
26.613876
27.561813
28.510174
29.458956
30.408165
31.357792
32.307846
33.258320
34.209217
35.160538
36.112286
37.064453
38.017044
38.970058
39.923496
40.877354
41.831638
42.786346
43.741474
44.697029
45.653004
46.609402
47.566227
48.523472
49.481144
50.439232
51.397743
52.356686
53.316040
54.275826
55.236027
56.196659
57.157711
58.119190
59.081089
60.043407
61.006157
61.969326
62.932919
63.896931
64.861366
65.826225
66.791512
67.757217
68.723358
69.689903
70.656876
71.624283
72.592094
73.560341
74.529015
75.498100
76.467613
77.437546
78.407959
79.378860
80.350235
81.322113
82.294464
83.267311
84.240646
85.214462
86.188774
87.163567
88.138855
89.114616
90.090881
91.067627
92.044853
93.022575
94.000778
94.979477
95.958649
96.938324
97.918480
98.899124
99.880257
100.861870
101.843971
102.826569
103.809647
104.793213
105.777267
106.761818
107.746841
108.732361
109.718369
110.704857
111.691833
112.679298
113.667252
114.655693
115.644623
116.634041
117.623932
118.614326
119.605209
120.596573
121.588432
122.580772
123.573593
124.566910
125.560707
126.555000
127.549774
128.545029
129.540802
130.537018
131.533752
132.530960
133.528671
134.526810
135.525391
136.524429
137.523911
138.523834
139.524216
140.525024
141.526276
142.528000
143.530136
144.532745
145.535782
146.539276
147.543198
148.547577
149.552383
150.557663
151.563385
152.569534
153.576126
154.583191
155.590683
156.598618
157.606979
158.615814
159.625092
160.634811
161.644974
162.655579
163.666626
164.678131
165.690079
166.702469
167.715302
168.728577
169.742310
170.756470
171.771088
172.786133
173.801636
174.817581
175.833984
176.850830
177.868103
178.885834
179.904007
180.922623
181.941681
182.961197
183.981155
185.001556
186.022415
187.043686
188.065414
189.087616
190.110229
191.133133
192.155945
193.178635
194.201233
195.223679
196.246017
197.268234
198.290344
199.312317
200.334183
201.355942
202.377563
203.399078
204.420471
205.441757
206.462906
207.483948
208.504852
209.525665
210.546356
211.566910
212.587357
213.607697
214.627914
215.648010
216.667969
217.687820
218.707565
219.727188
220.746689
221.766083
222.785355
223.804489
224.823532
225.842453
226.861237
227.879913
228.898468
229.916901
230.935242
231.953445
232.971512
233.989502
235.007339
236.025070
237.042679
238.060181
239.077560
240.094818
241.111954
242.128983
243.145889
244.162659
245.179337
246.195892
247.212311
248.228622
249.238861
250.237000
251.223068
252.197052
253.158966
254.108810
0.000000
0.000000
0.000000
1.318059
2.781074
4.212897
5.613530
6.982969
8.321219
9.628279
10.904145
12.148822
13.362306
14.544600
15.695702
16.815615
17.904333
18.961864
19.988203
20.983349
21.962978
22.942772
23.922726
24.902840
25.883118
26.863552
27.844151
28.824909
29.805828
30.786911
31.768154
32.749557
33.731121
34.712849
35.694733
36.676781
37.658989
38.641357
39.623890
40.606583
41.589432
42.572449
43.555626
44.538960
45.522453
46.506115
47.489937
48.473915
49.458057
50.442360
51.426823
52.411446
53.396233
54.381176
55.366291
56.351559
57.336987
58.322575
59.308331
60.294243
61.280319
62.266552
63.252949
64.239502
65.226227
66.213104
67.200157
68.187355
69.174713
70.162239
71.149918
72.137772
73.125778
74.113945
75.102272
76.090767
77.079414
78.068222
79.057251
80.046791
81.036888
82.027550
83.018784
84.010567
85.002922
85.995827
86.989311
87.983353
88.977959
89.973122
90.968849
91.965141
92.961998
93.959419
94.957397
95.955948
96.955048
97.954727
98.954956
99.955750
100.957108
101.959030
102.961517
103.964561
104.968185
105.972351
106.977089
107.982391
108.988251
109.994682
111.001671
112.009216
113.017334
114.026016
115.035255
116.045059
117.055428
118.066360
119.077850
120.089912
121.102524
122.115723
123.129456
124.143761
125.158638
126.174072
127.190063
128.206619
129.223755
130.241440
131.259689
132.278503
133.297882
134.317810
135.338318
136.359375
137.381012
138.402344
139.422546
140.441620
141.459549
142.476349
143.492004
144.506531
145.519928
146.532196
147.543304
148.553284
149.562149
150.569855
151.576431
152.581879
153.586182
154.589355
155.591385
156.592285
157.592056
158.590698
159.588181
160.584534
161.579758
162.573853
163.566803
164.558624
165.549301
166.538849
167.527252
168.514526
169.500671
170.485672
171.469543
172.452271
173.433868
174.414322
175.393646
176.371841
177.348892
178.324814
179.299576
180.273239
181.245743
182.217117
183.187363
184.156464
185.124420
186.091278
187.056976
188.021530
188.984955
189.947250
190.908401
191.868423
192.827301
193.785034
194.741669
195.697372
196.653580
197.610504
198.568176
199.526581
200.485687
201.445557
202.406128
203.367447
204.329483
205.292252
206.255737
207.219971
208.184937
209.150604
210.117035
211.084183
212.052048
213.020645
213.989990
214.960037
215.930832
216.902344
217.874588
218.847580
219.821289
220.795731
221.770889
222.746780
223.723404
224.700760
225.678848
226.657654
227.637192
228.617462
229.598450
230.580185
231.562637
232.545837
233.529755
234.514389
235.499771
236.485870
237.472702
238.460266
239.448563
240.437576
241.427322
242.417816
243.409012
244.400955
245.393616
246.387024
247.381134
248.375977
249.371582
250.367874
251.364929
252.362701
253.558807
255.000000
0.000000
1.354620
2.688076
4.000368
5.291498
6.561464
7.810266
9.037905
10.244380
11.429692
12.593841
13.736825
14.858648
15.959307
17.038801
18.097134
19.134300
20.160671
21.186617
22.212132
23.237221
24.261879
25.286110
26.309914
27.333290
28.356237
29.378754
30.400846
31.422508
32.443741
33.464550
34.484928
35.504875
36.524399
37.543495
38.562157
39.580399
40.598206
41.615589
42.632538
43.649063
44.665161
45.680828
46.696075
47.710884
48.725269
49.739223
50.752750
51.765854
52.778530
53.790771
54.802582
55.813972
56.824932
57.835464
58.845573
59.855240
60.864487
61.873310
62.881702
63.889656
64.897194
65.904305
66.910980
67.917236
68.923058
69.928452
70.933426
71.937950
72.942062
73.945747
74.949005
75.951904
76.956032
77.962044
78.969933
79.979706
80.991356
82.004883
83.020294
84.037582
85.056755
86.077805
87.100746
88.125557
89.152245
90.180817
91.211281
92.243614
93.277824
94.313927
95.351898
96.391754
97.433487
98.477112
99.522614
100.569984
101.619247
102.670387
103.723396
104.778297
105.835083
106.893745
107.954292
109.016716
110.081009
111.147186
112.215256
113.285202
114.357025
115.430725
116.506310
117.583778
118.663116
119.744339
120.827454
121.912430
122.999298
124.088051
125.178673
126.271187
127.365578
128.461838
129.559998
130.660019
131.761932
132.865723
133.971390
135.078201
136.181824
137.281494
138.377243
139.469040
140.556900
141.640839
142.720825
143.796890
144.869003
145.937195
147.001434
148.061752
149.118103
150.170547
151.219040
152.263611
153.304214
154.340912
155.373642
156.402466
157.427353
158.448273
159.465286
160.478333
161.487457
162.492661
163.493896
164.491226
165.484604
166.474045
167.459534
168.441116
169.418747
170.392426
171.362198
172.328018
173.289902
174.247849
175.201843
176.151917
177.098053
178.040253
178.978516
179.912842
180.843216
181.769653
182.692169
183.610748
184.525391
185.436096
186.342850
187.245682
188.144562
189.039520
189.930542
190.819092
191.708771
192.599762
193.492050
194.385620
195.280487
196.176666
197.074142
197.972900
198.872971
199.774338
200.677002
201.580963
202.486221
203.392776
204.300629
205.209778
206.120224
207.031982
207.945023
208.859360
209.775009
210.691940
211.610168
212.529709
213.450531
214.372665
215.296097
216.220810
217.146835
218.074158
219.002762
219.932678
220.863907
221.796402
222.730209
223.665329
224.601715
225.539413
226.478424
227.418716
228.360321
229.303207
230.247406
231.192902
232.139664
233.087769
234.037140
234.987808
235.939804
236.893066
237.847641
238.803513
239.760681
240.719147
241.678909
242.625305
243.543655
244.433975
245.296234
246.130478
246.936646
247.714798
248.464905
249.186966
249.880997
250.546967
251.184906
251.794815
252.376678
252.930496
253.456268
