0.992645
0.003678
0.003678
0.003678
0.992645
0.003678
0.003678
0.003678
0.992645
0.000000
1.202039
2.392867
3.572485
4.740891
5.898088
7.044074
8.178848
9.302413
10.414766
11.515909
12.605841
13.684562
14.752073
15.808372
16.853462
17.892006
18.928686
19.963495
20.996437
22.027506
23.056707
24.084036
25.109497
26.133091
27.154810
28.174662
29.192644
30.208755
31.222998
32.235371
33.245872
34.254509
35.261269
36.266163
37.269188
38.270336
39.269623
40.267040
41.262581
42.256256
43.248062
44.237999
45.226063
46.212257
47.196663
48.180996
49.165962
50.151558
51.137794
52.124657
53.112156
54.100285
55.089050
56.078442
57.068470
58.059132
59.050426
60.042358
61.034912
62.028107
63.021931
64.016388
65.011482
66.007202
67.003563
68.000549
68.998169
69.996422
70.995316
71.994835
72.994987
73.995781
74.997200
75.999252
77.002449
78.009933
79.022209
80.039284
81.061157
82.087822
83.119286
84.155540
85.196602
86.242455
87.293106
88.348549
89.408791
90.473831
91.543671
92.618294
93.697731
94.781952
95.870979
96.964790
98.063408
99.166817
100.275024
101.388031
102.505829
103.628426
104.755821
105.888016
107.024994
108.166779
109.311928
110.456909
111.601562
112.745903
113.889915
115.033600
116.176964
117.320015
118.462738
119.605141
120.747215
121.888977
123.030403
124.171524
125.312309
126.452774
127.592926
128.732742
129.872253
131.011444
132.150284
133.288818
134.427048
135.564926
136.702499
137.839752
138.976669
140.113266
141.249542
142.385498
143.517120
144.640350
145.755188
146.861679
147.959778
149.049484
150.130829
151.203781
152.268356
153.324570
154.372406
155.411850
156.442917
157.465607
158.479919
159.485855
160.483414
161.472595
162.453384
163.425812
164.389847
165.345520
166.292801
167.231720
168.162247
169.084396
169.998184
170.903564
171.800598
172.689224
173.569489
174.441376
175.304886
176.160004
177.006760
177.845123
178.675125
179.496735
180.309967
181.114822
181.911301
182.699417
183.479126
184.250473
185.013443
185.768036
186.514236
187.252060
187.981522
188.702606
189.415314
190.119629
190.815567
191.503128
192.182297
192.853119
193.515549
194.169601
194.815277
195.452560
196.081467
196.702011
197.314163
197.917938
198.513351
199.100372
199.679031
200.249283
200.811188
201.364685
201.909821
202.446564
202.974960
203.494949
204.006592
204.509811
205.004684
205.491180
205.969269
206.438995
206.900360
207.353317
207.797928
208.234146
208.661972
209.081436
209.492523
209.895218
210.289551
210.675507
211.053085
211.422272
211.783066
212.135498
212.479553
212.815247
213.142548
213.461472
213.772003
214.074158
214.367966
214.653366
214.930389
215.199051
215.459320
215.711212
215.954742
216.189865
216.416626
216.635010
216.845032
217.046646
217.239883
217.424759
217.601273
217.769379
217.929092
218.080460
218.223450
218.358047
218.484268
0.000000
1.004046
2.011451
3.022215
4.036337
5.053819
6.074658
7.098856
8.126415
9.157330
10.191605
11.229239
12.270231
13.314583
14.362291
15.413361
16.463083
17.506752
18.544365
19.575926
20.601435
21.620890
22.634289
23.641636
24.642931
25.638170
26.627359
27.610493
28.587572
29.558599
30.523573
31.482491
32.435360
33.382175
34.322933
35.257641
36.186295
37.108891
38.025436
38.935932
39.840679
40.746471
41.656086
42.569515
43.486767
44.407841
45.332729
46.261448
47.193977
48.130329
49.070503
50.014496
50.962311
51.913944
52.869396
53.828671
54.791767
55.758682
56.729416
57.703968
58.682350
59.664543
60.650558
61.640396
62.634052
63.631802
64.635307
65.644852
66.660423
67.682030
68.709663
69.743332
70.783035
71.828766
72.880531
73.938324
75.002151
76.072014
77.147911
78.229836
79.317795
80.411789
81.511803
82.617859
83.729942
84.848061
85.972214
87.102394
88.238609
89.380859
90.522430
91.646927
92.753609
93.842476
94.913528
95.966759
97.002174
98.019775
99.019554
100.001518
100.965675
101.912003
102.840523
103.751221
104.644104
105.519173
106.376427
107.215858
108.037476
108.841278
109.627266
110.395432
111.145782
111.878319
112.593033
113.296333
113.994637
114.687935
115.376221
116.059509
116.737785
117.411057
118.079315
118.742577
119.400833
120.054085
120.702332
121.345566
121.983795
122.617027
123.245247
123.868462
124.486671
125.099876
125.708069
126.311264
126.909454
127.502632
128.090805
128.673965
129.252136
129.825287
130.393433
130.956604
131.514725
132.067871
132.615982
133.159119
133.697235
134.230347
134.758453
135.281555
135.799637
136.312729
136.820816
137.323883
137.821960
138.315018
138.803085
139.286148
139.764191
140.237228
140.705276
141.168304
141.626328
142.079346
142.527359
142.970367
143.408371
143.841370
144.269363
144.692352
145.110321
145.523300
145.931259
146.334229
146.732178
147.125137
147.513077
147.896011
148.273956
148.646881
149.014816
149.377716
149.735626
150.088547
150.436432
150.779327
151.117203
151.450089
151.777954
152.100830
152.418701
152.731552
153.039413
153.342255
153.640106
153.932953
154.220779
154.503601
154.781418
155.054230
155.322037
155.584839
155.842636
156.095413
156.343201
156.585983
156.823761
157.056519
157.284286
157.507034
157.724792
157.937531
158.145264
158.348007
158.545731
158.738464
158.926163
159.108871
159.286575
159.459274
159.626968
159.789658
159.947342
160.100021
160.247681
160.390335
160.528015
160.660660
160.788315
160.910934
161.028580
161.141205
161.248825
161.351440
161.449051
161.541672
161.629272
161.711853
161.789444
161.862030
161.929596
161.992172
162.049759
162.102310
162.149857
162.192413
162.229950
162.262482
162.290024
162.312546
162.330078
162.342575
162.350082
162.352600
0.000000
1.466965
2.854746
4.163345
5.392761
6.542994
7.614044
8.648104
9.687367
10.731832
11.781500
12.836369
13.896441
14.961716
16.032190
17.107872
18.188753
19.274837
20.366127
21.462614
22.564306
23.671202
24.783297
25.900597
27.021614
28.137436
29.246576
30.349035
31.444815
32.533916
33.616333
34.692070
35.761127
36.823502
37.879196
38.928211
39.970547
41.006199
42.035172
43.057465
44.073074
45.082005
46.097351
47.132206
48.186573
49.260448
50.353832
51.466728
52.599133
53.751049
54.922478
56.113415
57.323856
58.553810
59.803276
61.072254
62.360741
63.668732
64.996239
66.335564
67.640625
68.903740
70.124893
71.304100
72.441360
73.536667
74.590012
75.601410
76.570862
77.498352
78.383896
79.227478
80.029121
80.788811
81.506546
82.182335
82.816162
83.427315
84.035027
84.639328
85.240196
85.837646
86.431664
87.022270
87.609451
88.193199
88.773537
89.350433
89.923920
90.493973
91.060608
91.623825
92.183609
92.739975
93.292915
93.842422
94.388519
94.931190
95.470428
96.006248
96.538643
97.067619
97.593170
98.115295
98.633995
99.149269
99.661125
100.169556
100.674561
101.176155
101.674309
102.169037
102.660355
103.148239
103.632706
104.113747
104.591362
105.065552
105.536324
106.003662
106.467590
106.928085
107.385155
107.838806
108.289040
108.735840
109.179222
109.619171
110.055702
110.488815
110.918495
111.344757
111.767593
112.187004
112.602989
113.015549
113.424698
113.830414
114.232704
114.631577
115.027016
115.419044
115.807640
116.192810
116.574570
116.952888
117.327797
117.699280
118.067322
118.431961
118.793167
119.150948
119.505318
119.856255
120.203758
120.547844
120.888519
121.225761
121.559578
121.889977
122.216949
122.540489
122.860619
123.177307
123.490585
123.800446
124.106865
124.409866
124.709442
125.005600
125.298340
125.587646
125.873535
126.155991
126.435028
126.710648
126.982834
127.251602
127.516945
127.778862
128.037354
128.292419
128.544083
128.792297
129.037094
129.278473
129.516418
129.750946
129.982056
130.209747
130.433990
130.654831
130.872238
131.086212
131.296783
131.503922
131.707642
131.907928
132.104813
132.298248
132.488266
132.674866
132.858032
133.037781
133.214096
133.386993
133.556473
133.722534
133.885162
134.044357
134.200150
134.352509
134.501434
134.646942
134.789047
134.927689
135.062927
135.194748
135.323135
135.448105
135.569656
135.687775
135.802460
135.913757
136.021591
136.126022
136.227005
136.324585
136.418762
136.509476
136.596786
136.680679
136.761124
136.838165
136.911774
136.981949
137.048721
137.112061
137.171967
137.228485
137.281540
137.331177
137.377396
137.420197
137.459564
137.495529
137.528061
137.557144
137.582840
137.605087
137.623917
137.639313
137.651306
137.659866
137.665009
137.666718
