0.872098
0.063951
0.063951
0.063951
0.872098
0.063951
0.063951
0.063951
0.872098
0.000000
0.000000
0.000000
0.988352
2.333743
3.671302
5.001031
6.322930
7.636999
8.943238
10.241649
11.532228
12.814976
14.089894
15.356982
16.616240
17.867672
19.111269
20.347036
21.574974
22.795082
24.007359
25.211807
26.408426
27.597214
28.778170
29.951296
31.116594
32.274059
33.423698
34.565506
35.699482
36.825630
37.943947
39.054432
40.157089
41.251915
42.338913
43.418079
44.489414
45.552917
46.608593
47.656441
48.696457
49.728642
50.752995
51.769520
52.778214
53.779079
54.772118
55.757324
56.734695
57.704239
58.665951
59.619843
60.565895
61.504116
62.434509
63.357071
64.271805
65.178711
66.077789
66.969025
67.852440
68.728027
69.595779
70.455704
71.307800
72.152061
72.988495
73.817093
74.637871
75.450813
76.255920
77.053200
77.842659
78.632698
79.431770
80.239868
81.056992
81.883133
82.718307
83.562500
84.415726
85.277954
86.149231
87.029518
87.918831
88.817169
89.724533
90.640923
91.566330
92.500771
93.444229
94.396706
95.357674
96.315376
97.264992
98.206520
99.139961
100.065323
100.982590
101.891777
102.792870
103.685883
104.570808
105.447647
106.316406
107.177063
108.029648
108.874146
109.710556
110.538879
111.359116
112.171265
112.978119
113.796341
114.628716
115.475250
116.335938
117.210793
118.099792
119.002953
119.920258
120.851730
121.797356
122.757141
123.731079
124.719170
125.721420
126.737831
127.768387
128.813126
129.871979
130.945023
132.023956
133.088699
134.138306
135.172791
136.192139
137.196365
138.185455
139.159409
140.118256
141.061966
141.990540
142.903992
143.802307
144.685501
145.553558
146.406494
147.244308
148.066986
148.874542
149.666946
150.455505
151.251480
152.054840
152.865631
153.683807
154.509384
155.342377
156.182785
157.030594
157.885803
158.748428
159.618439
160.495880
161.380722
162.272964
163.172607
164.079666
164.994125
165.916000
166.845261
167.781937
168.726044
169.677521
170.636429
171.602722
172.576431
173.557556
174.546082
175.542007
176.545349
177.556076
178.574234
179.599792
180.632751
181.673111
182.720886
183.776062
184.838654
185.908646
186.986038
188.070847
189.163040
190.262665
191.369675
192.484116
193.605957
194.735184
195.871826
197.015884
198.167343
199.326202
200.492477
201.666153
202.847229
204.035721
205.231613
206.434921
207.645630
208.863739
210.089264
211.322174
212.562531
213.810257
215.065399
216.327957
217.597900
218.875275
220.160034
221.452209
222.751801
224.058777
225.373169
226.694977
228.024185
229.360794
230.704819
232.056244
233.415054
234.781311
236.154953
237.535995
238.924438
240.320312
241.723572
243.134247
244.552322
245.977814
247.410706
248.851013
250.298706
251.753815
253.216324
254.686264
255.000000
255.000000
255.000000
255.000000
255.000000
255.000000
255.000000
255.000000
0.000000
1.147611
2.291712
3.432304
4.569387
5.702960
6.833024
7.959579
9.082625
10.202160
11.318187
12.430704
13.539713
14.645211
15.747202
16.845682
17.940653
19.032116
20.120070
21.204512
22.285444
23.362869
24.436785
25.507191
26.574089
27.637476
28.697351
29.753719
30.806580
31.855930
32.901768
33.944103
34.982929
36.018242
37.050045
38.078339
39.103123
40.124397
41.142166
42.156425
43.167171
44.174412
45.178143
46.178356
47.175068
48.168270
49.157963
50.144146
51.126820
52.105984
53.081638
54.053783
55.022419
55.987549
56.949165
57.907272
58.861874
59.812965
60.760544
61.704620
62.645176
63.582226
64.515770
65.445801
66.372330
67.295349
68.214859
69.130852
70.043343
70.952324
71.857796
72.759750
73.658203
74.553139
75.444572
76.332489
77.221642
78.116737
79.017792
79.924797
80.837753
81.756660
82.681526
83.612343
84.549110
85.491844
86.440514
87.395142
88.355721
89.322266
90.294754
91.273193
92.257591
93.247940
94.244240
95.242615
96.239143
97.233849
98.226738
99.217781
100.207008
101.194405
102.179970
103.163704
104.145615
105.125710
106.103958
107.080383
108.054985
109.027748
109.998695
110.967804
111.935089
112.900551
113.867065
114.837585
115.812080
116.790558
117.773010
118.759445
119.749863
120.744263
121.742630
122.744995
123.751335
124.761650
125.775948
126.794228
127.816490
128.842728
129.872940
130.907150
131.945343
132.985367
134.025162
135.064697
136.103973
137.142990
138.181763
139.220261
140.258514
141.296509
142.334259
143.371735
144.408966
145.445938
146.482651
147.519119
148.555328
149.591278
150.626968
151.662415
152.693787
153.717285
154.732925
155.740692
156.740585
157.732605
158.716751
159.693039
160.661453
161.622009
162.574677
163.519485
164.456406
165.385468
166.306671
167.219986
168.125443
169.023010
169.912735
170.794571
171.668549
172.534637
173.392868
174.243240
175.085724
175.920349
176.747086
177.565979
178.376968
179.180115
179.975403
180.762787
181.542313
182.313980
183.077759
183.833679
184.581726
185.321915
186.054214
186.778641
187.495224
188.203918
188.904739
189.597702
190.282791
190.960007
191.629349
192.290833
192.944427
193.590164
194.228027
194.858017
195.480148
196.094391
196.700775
197.299286
197.889954
198.472717
199.047607
199.614639
200.173813
200.725098
201.268509
201.804077
202.331757
202.851562
203.363510
203.867584
204.363785
204.852112
205.332581
205.805161
206.269897
206.726730
207.175720
207.616837
208.050064
208.475433
208.892944
209.302551
209.704315
210.098206
210.484238
210.862381
211.232651
211.595062
211.949600
212.296265
212.635071
212.965988
213.289047
213.604233
213.911545
214.210983
214.502563
214.786270
215.062103
215.330063
215.590164
215.842407
216.086746
216.323242
216.551834
216.772598
0.000000
0.000000
0.000000
0.102578
1.588514
3.063885
4.528691
5.982932
7.426610
8.859722
10.282269
11.694252
13.095671
14.486524
15.866811
17.236534
18.595695
19.944288
21.282320
22.609783
23.926682
25.233019
26.528790
27.813993
29.088638
30.352713
31.606224
32.849171
34.081551
35.303368
36.514626
37.715309
38.905437
40.084991
41.253990
42.412418
43.560284
44.697578
45.824318
46.940483
48.046097
49.141129
50.225613
51.299519
52.362869
53.415649
54.457863
55.489517
56.510612
57.521130
58.521084
59.510483
60.489311
61.457577
62.415276
63.362411
64.298981
65.224983
66.140427
67.045296
67.939613
68.823357
69.696533
70.559151
71.411209
72.252701
73.083618
73.903984
74.713776
75.513000
76.301659
77.079765
77.847298
78.615013
79.393639
80.183189
80.983658
81.795036
82.617340
83.450562
84.294693
85.149750
86.015717
86.892616
87.780418
88.679146
89.588799
90.509354
91.440842
92.383240
93.336555
94.295799
95.256020
96.217186
97.179306
98.142395
99.106438
100.071426
101.037384
102.004295
102.972168
103.940994
104.910774
105.881508
106.853210
107.825867
108.799469
109.774040
110.749573
111.726517
112.705376
113.686127
114.668785
115.653351
116.639809
117.628174
118.618439
119.610611
120.604675
121.600647
122.598518
123.598297
124.599976
125.603554
126.609024
127.616409
128.625687
129.637054
130.650635
131.666489
132.684586
133.704895
134.727478
135.752289
136.779358
137.808670
138.840225
139.874008
140.910065
141.948334
142.988861
144.031631
145.076645
146.123917
147.173416
148.219315
149.255753
150.282715
151.300201
152.308228
153.306808
154.295898
155.275543
156.245712
157.206421
158.157669
159.099442
160.031754
160.954605
161.867981
162.771896
163.666351
164.551346
165.426865
166.292908
167.149506
167.996628
168.834290
169.662491
170.481232
171.290497
172.090286
172.880615
173.661484
174.432892
175.194839
175.947311
176.690323
177.423859
178.147949
178.862564
179.567703
180.263397
180.949615
181.626358
182.293671
182.951492
183.599838
184.238739
184.868164
185.488129
186.098633
186.699661
187.291214
187.873337
188.445969
189.009155
189.562866
190.107101
190.641876
191.167191
191.683029
192.189423
192.686325
193.173798
193.651779
194.120300
194.579346
195.028946
195.469086
195.899734
196.320938
196.732666
197.134933
197.527740
197.911072
198.284943
198.649338
199.004288
199.349762
199.685776
200.012314
200.329407
200.637024
200.935165
201.223862
201.503067
201.772827
202.033127
202.283936
202.525299
202.757202
202.979614
203.192596
203.396088
203.590134
203.774689
203.949799
204.115448
204.271606
204.418320
204.555557
204.683350
204.801651
204.910507
205.009888
205.099808
205.180267
205.251251
205.312775
205.364822
205.407425
205.440552
205.464218
205.478409
205.483139
