0.913003
0.043498
0.043498
0.043498
0.913003
0.043498
0.043498
0.043498
0.913003
0.000000
0.000000
0.000000
0.000000
1.214738
2.547433
3.874355
5.195504
6.510882
7.820486
9.124317
10.422376
11.714663
13.001174
14.281915
15.556883
16.826078
18.089499
19.347149
20.599030
21.845131
23.085464
24.320021
25.548807
26.771820
27.989063
29.200529
30.406227
31.606146
32.800297
33.988674
35.171272
36.348114
37.519169
38.684456
39.843967
40.997711
42.145679
43.287872
44.424294
45.554947
46.679821
47.798927
48.912254
50.019814
51.121601
52.217617
53.307858
54.392323
55.471020
56.543941
57.611095
58.672470
59.728081
60.777901
61.821964
62.860252
63.892765
64.919502
65.940468
66.955666
67.964859
68.967827
69.964577
70.955101
71.939400
72.917473
73.889313
74.854942
75.814339
76.767517
77.714462
78.655190
79.589684
80.517960
81.440010
82.355835
83.265442
84.168816
85.065964
85.956894
86.841599
87.720070
88.592323
89.458359
90.318161
91.171738
92.019089
92.860222
93.695122
94.523804
95.346252
96.162483
96.972488
97.776268
98.573822
99.365158
100.150269
100.933411
101.725014
102.525536
103.334991
104.153374
104.980682
105.816925
106.662094
107.516190
108.379211
109.251160
110.132042
111.021851
111.920586
112.828247
113.744843
114.670364
115.604813
116.548187
117.500496
118.461731
119.431885
120.410980
121.398994
122.395943
123.401810
124.416618
125.440346
126.473007
127.514587
128.565109
129.624557
130.692917
131.770233
132.856445
133.951599
135.055695
136.166870
137.274170
138.375748
139.471603
140.561768
141.646194
142.724915
143.797913
144.865219
145.926788
146.982651
148.032791
149.077225
150.115936
151.148941
152.176224
153.197800
154.213638
155.223785
156.228210
157.226913
158.219910
159.207184
160.188751
161.164597
162.134735
163.099152
164.057846
165.010849
165.958099
166.899658
167.835510
168.765640
169.690048
170.608749
171.521729
172.429001
173.330826
174.233673
175.140152
176.050262
176.964020
177.881393
178.802399
179.727036
180.655304
181.587204
182.522751
183.461914
184.404709
185.351151
186.301208
187.254913
188.212234
189.173203
190.137787
191.106018
192.077866
193.053360
194.032486
195.015228
196.001617
196.991638
197.985291
198.982574
199.983475
200.988022
201.996201
203.008011
204.023453
205.042526
206.065231
207.091583
208.121552
209.155151
210.182999
211.195724
212.193298
213.175766
214.143066
215.095261
216.032318
216.954224
217.861008
218.752670
219.629166
220.490555
221.336807
222.167923
222.983902
223.784744
224.570465
225.341034
226.096481
226.836807
227.561981
228.272018
228.966949
229.646713
230.311356
230.960876
231.595245
232.214493
232.818604
233.407578
233.981415
234.540131
235.083710
235.612152
236.125458
236.623627
237.106674
237.574570
238.027344
238.464996
238.887497
239.294861
239.687088
240.064224
240.426178
240.773010
0.000000
0.000000
0.000000
0.000000
0.000000
0.535089
1.973330
3.402520
4.822660
6.233751
7.635791
9.028781
10.412720
11.787612
13.153450
14.510240
15.857980
17.196672
18.526310
19.846899
21.158442
22.460930
23.754368
25.038757
26.314098
27.580385
28.837624
30.085815
31.324955
32.555042
33.776077
34.988075
36.191013
37.384903
38.569740
39.745525
40.912270
42.069950
43.218594
44.358181
45.488720
46.610207
47.722641
48.826035
49.920368
51.005650
52.081898
53.149086
54.207214
55.256310
56.296341
57.327335
58.349274
59.362164
60.365993
61.360779
62.346516
63.323208
64.290840
65.249428
66.198967
67.139458
68.070892
68.993286
69.906616
70.810905
71.706139
72.597153
73.488792
74.381050
75.273926
76.167404
77.061508
77.956230
78.851570
79.747520
80.644089
81.541283
82.439087
83.337509
84.236549
85.136200
86.036484
86.937370
87.838867
88.740990
89.643730
90.547089
91.451057
92.355652
93.260857
94.166687
95.073128
95.980179
96.887856
97.796143
98.705055
99.614578
100.524727
101.435478
102.346855
103.258850
104.171570
105.087593
106.007973
106.932701
107.861778
108.795212
109.732994
110.675133
111.621620
112.572456
113.527641
114.487183
115.451065
116.419312
117.391907
118.368843
119.350143
120.335785
121.325790
122.320137
123.318840
124.321892
125.329292
126.341049
127.357155
128.377609
129.402420
130.431580
131.465088
132.502945
133.545151
134.591721
135.642639
136.697906
137.757538
138.821503
139.889084
140.955765
142.020798
143.084198
144.145950
145.206055
146.264526
147.321365
148.376556
149.430099
150.482010
151.532272
152.580887
153.627869
154.673203
155.716904
156.758957
157.799377
158.838150
159.875275
160.910767
161.944626
162.976822
164.007385
165.036316
166.063599
167.089233
168.113235
169.135590
170.156311
171.175385
172.192825
173.208633
174.222778
175.235291
176.246155
177.255386
178.263031
179.269089
180.273560
181.276428
182.277725
183.277420
184.275528
185.272049
186.266998
187.260330
188.252075
189.242249
190.230820
191.217804
192.203201
193.187012
194.169220
195.149857
196.128876
197.106339
198.082184
199.056458
200.029144
201.000214
201.969711
202.937622
203.903946
204.868683
205.831802
206.793365
207.753326
208.711700
209.668472
210.623672
211.577271
212.528488
213.476562
214.421448
215.363190
216.301758
217.237152
218.169403
219.098465
220.024384
220.947128
221.866699
222.783127
223.696365
224.606461
225.513382
226.417145
227.317734
228.215164
229.109436
230.000534
230.888474
231.773239
232.654846
233.533279
234.408569
235.280685
236.149643
237.015411
237.878036
238.737503
239.593781
240.446915
241.296875
242.143677
242.987305
243.827774
244.665085
245.499222
246.330200
247.158005
247.982651
248.804138
249.622467
250.437622
251.249603
252.058426
0.000000
0.538578
1.741816
2.943033
4.142229
5.339402
6.534555
7.727687
8.918797
10.107885
11.294952
12.479999
13.663024
14.844026
16.023006
17.199968
18.374910
19.547827
20.718723
21.887596
23.054451
24.219284
25.382095
26.542883
27.701653
28.858398
30.013124
31.165831
32.316513
33.465172
34.611816
35.756432
36.899033
38.039612
39.178158
40.314693
41.449207
42.581696
43.712170
44.840611
45.967041
47.091446
48.213829
49.334194
50.452530
51.568851
52.683151
53.795429
54.905685
56.013916
57.120132
58.224319
59.326492
60.426643
61.524769
62.620872
63.714958
64.807030
65.897064
66.985085
68.071083
69.155067
70.237022
71.313789
72.382202
73.442261
74.493973
75.537323
76.572327
77.598976
78.617264
79.627205
80.628784
81.622025
82.606895
83.583420
84.551590
85.511406
86.462868
87.405983
88.340729
89.267136
90.185181
91.094879
91.996208
92.889198
93.773834
94.650108
95.518028
96.377602
97.228821
98.071678
98.906189
99.732346
100.550140
101.359589
102.160690
102.961929
103.771782
104.590279
105.417397
106.253143
107.097519
107.950531
108.812172
109.682426
110.561333
111.448853
112.345009
113.249786
114.163200
115.085236
116.015915
116.955208
117.903145
118.859695
119.824883
120.798706
121.781151
122.772217
123.771927
124.780258
125.797218
126.822815
127.857025
128.899887
129.951370
131.011475
132.080215
133.157578
134.243576
135.331635
136.415207
137.494278
138.568878
139.638992
140.704605
141.765732
142.822372
143.874512
144.922165
145.965332
147.003998
148.038208
149.067886
150.093094
151.113815
152.130035
153.141785
154.149017
155.151779
156.150040
157.143814
158.133102
159.117905
160.098206
161.074020
162.045349
163.012177
163.974533
164.932388
165.885757
166.834641
167.779022
168.718918
169.658356
170.601410
171.548050
172.498306
173.452164
174.409607
175.370651
176.335297
177.303543
178.275406
179.250854
180.229889
181.212540
182.198776
183.188629
184.182068
185.179108
186.179749
187.184006
188.191833
189.203278
190.218323
191.236954
192.259201
193.285049
194.314468
195.347519
196.384155
197.424393
198.468231
199.515671
200.566711
201.621353
202.679581
203.730316
204.762436
205.775986
206.770935
207.747269
208.705032
209.644180
210.564743
211.466690
212.350052
213.214828
214.060989
214.888565
215.697540
216.487915
217.259689
218.012878
218.747452
219.463455
220.160843
220.839630
221.499832
222.141434
222.764435
223.368835
223.954651
224.521851
225.070465
225.600494
226.111908
226.604736
227.078964
227.534592
227.971619
228.390060
228.789886
229.171127
229.533783
229.877808
230.203278
230.510117
230.798386
231.068039
231.319092
231.551559
231.765427
231.960693
232.137375
232.295441
232.434921
232.555801
232.658096
232.741776
232.806870
232.853363
232.881256
232.890549
