0.967755
0.016123
0.016123
0.016123
0.967755
0.016123
0.016123
0.016123
0.967755
0.000000
1.175043
2.342506
3.502387
4.654688
5.799409
6.936549
8.066109
9.188087
10.302485
11.409302
12.508537
13.600192
14.684266
15.760762
16.829678
17.891010
18.944763
19.993320
21.039072
22.082014
23.122150
24.159477
25.193998
26.225712
27.254618
28.280716
29.304005
30.324490
31.342163
32.357029
33.369091
34.378345
35.384789
36.388428
37.389256
38.387276
39.382492
40.374901
41.364498
42.351288
43.335278
44.316452
45.294823
46.270382
47.243137
48.213085
49.180222
50.144558
51.106079
52.064800
53.020706
53.973808
54.924099
55.871586
56.816269
57.758141
58.697197
59.633453
60.566902
61.497543
62.425385
63.350407
64.272621
65.192039
66.108643
67.022438
67.933426
68.841606
69.746979
70.649551
71.549461
72.450249
73.353333
74.258713
75.166405
76.076393
76.988686
77.903282
78.820175
79.739372
80.660873
81.584679
82.510780
83.439186
84.369888
85.302902
86.238205
87.175819
88.115738
89.057953
90.002472
90.949287
91.898407
92.849831
93.803558
94.759583
95.717911
96.678543
97.641479
98.606712
99.574249
100.544090
101.516228
102.490669
103.467415
104.446457
105.427803
106.411453
107.397408
108.385658
109.376221
110.369064
111.364227
112.361687
113.361443
114.363510
115.367882
116.374550
117.383514
118.394791
119.408363
120.424240
121.442413
122.462898
123.485115
124.505653
125.523956
126.540016
127.553848
128.565430
129.574783
130.581894
131.586761
132.589386
133.589767
134.587921
135.583832
136.577515
137.568939
138.558136
139.545090
140.529800
141.512299
142.492538
143.470535
144.446304
145.419815
146.391098
147.360138
148.326935
149.291504
150.253830
151.213913
152.171768
153.127396
154.080765
155.031876
155.980774
156.927429
157.871841
158.814026
159.753967
160.691666
161.627121
162.560333
163.491318
164.420044
165.346558
166.270813
167.192856
168.112625
169.030182
169.945480
170.858551
171.769379
172.677963
173.584320
174.488434
175.391983
176.299088
177.209930
178.124496
179.042816
179.964874
180.890671
181.820190
182.753479
183.690475
184.631210
185.575684
186.523911
187.475861
188.431549
189.390991
190.354156
191.321060
192.291702
193.266083
194.244186
195.226044
196.211639
197.200974
198.194031
199.190842
200.191391
201.195663
202.203690
203.215439
204.230927
205.250168
206.273132
207.299835
208.330261
209.364456
210.402374
211.444031
212.489410
213.538544
214.591415
215.648026
216.708359
217.772446
218.840256
219.911819
220.987106
222.066132
223.148911
224.235413
225.325653
226.419632
227.517349
228.618805
229.718140
230.809555
231.893036
232.968582
234.036209
235.095871
236.147614
237.191437
238.227310
239.255234
240.275238
241.287308
242.291443
243.287643
244.275909
245.256226
246.228622
247.193069
248.149612
249.098190
250.038834
250.971542
251.896347
0.000000
0.000000
0.000000
1.379225
2.767678
4.140857
5.498763
6.841396
8.168756
9.480841
10.777653
12.059192
13.325457
14.576448
15.812166
17.032612
18.237783
19.427681
20.602304
21.761656
22.905733
24.040449
25.171719
26.299540
27.423914
28.544838
29.662315
30.776346
31.886927
32.994064
34.097748
35.197987
36.294777
37.388119
38.478016
39.564461
40.647461
41.727013
42.803116
43.875771
44.944977
46.010735
47.073044
48.131912
49.187328
50.239292
51.287815
52.332890
53.374512
54.412693
55.447418
56.478703
57.506535
58.530918
59.551857
60.569344
61.583385
62.593979
63.601124
64.604828
65.605072
66.601875
67.595238
68.585136
69.571609
70.554611
71.534172
72.510292
73.482948
74.452171
75.417953
76.380272
77.340919
78.304214
79.270355
80.239334
81.211166
82.185837
83.163345
84.143707
85.126915
86.112961
87.101852
88.093590
89.088173
90.085594
91.085861
92.088982
93.094933
94.103745
95.115387
96.129875
97.147217
98.167397
99.190414
100.216286
101.244995
102.276558
103.310951
104.348198
105.388298
106.431229
107.477005
108.525627
109.577103
110.631416
111.688560
112.748566
113.811409
114.877090
115.945625
117.017006
118.091232
119.168297
120.248207
121.330963
122.416557
123.504997
124.596291
125.690414
126.787399
127.887215
128.989883
130.094727
131.197861
132.298630
133.397003
134.493042
135.586685
136.677948
137.766846
138.853378
139.937531
141.019302
142.098724
143.175751
144.250412
145.322708
146.392639
147.460175
148.525330
149.588135
150.648575
151.706619
152.762299
153.815628
154.866562
155.915115
156.961304
158.005127
159.046570
160.085632
161.122345
162.156662
163.188629
164.218201
165.245407
166.270248
167.292709
168.312805
169.330521
170.345856
171.358841
172.369431
173.377670
174.383530
175.387009
176.388123
177.386856
178.383224
179.377197
180.368835
181.358063
182.344955
183.329468
184.312012
185.292770
186.271713
187.248856
188.224213
189.197739
190.169479
191.139404
192.107544
193.073853
194.038376
195.001099
195.962021
196.921127
197.878433
198.833939
199.787643
200.739548
201.689636
202.637924
203.584412
204.529099
205.471985
206.413071
207.352341
208.289810
209.225479
210.159348
211.091415
212.021667
212.950119
213.876785
214.801620
215.724670
216.645920
217.565353
218.482986
219.398834
220.312851
221.225067
222.135498
223.044128
223.950943
224.855942
225.759155
226.660568
227.560165
228.457962
229.353958
230.248154
231.140549
232.022003
232.883453
233.724854
234.546219
235.347549
236.128845
236.890106
237.631332
238.352509
239.053680
239.734802
240.395874
241.036942
241.657944
242.258942
242.839874
243.400787
243.941666
244.462494
244.963303
245.444077
245.904816
246.345520
246.766174
247.166809
247.547409
247.907974
248.248489
248.568985
248.869446
0.000000
1.385848
2.761779
4.127791
5.483886
6.830062
8.166321
9.492661
10.809082
12.115587
13.412173
14.698840
15.975591
17.242422
18.499338
19.746332
20.983410
22.210571
23.427814
24.637545
25.842175
27.041698
28.236124
29.425446
30.609665
31.788778
32.962795
34.131706
35.295513
36.454216
37.607822
38.756321
39.899719
41.038010
42.171204
43.299297
44.422283
45.540169
46.652946
47.760624
48.863205
49.960678
51.053051
52.140316
53.222481
54.299545
55.371510
56.438366
57.500126
58.556782
59.608330
60.654774
61.696117
62.732361
63.763496
64.789536
65.810478
66.826302
67.837029
68.842659
69.843185
70.838608
71.828926
72.814140
73.794258
74.769272
75.740250
76.713654
77.690544
78.670944
79.654831
80.642204
81.633080
82.627449
83.625313
84.626671
85.631523
86.639862
87.651711
88.667038
89.685875
90.708199
91.734016
92.763329
93.796135
94.832436
95.872231
96.915520
97.962303
99.012581
100.066353
101.123627
102.184380
103.248634
104.316391
105.387634
106.462372
107.540604
108.622330
109.707558
110.796272
111.888474
112.984184
114.083389
115.186073
116.292274
117.401947
118.515121
119.631790
120.751961
121.875618
123.002777
124.133423
125.267555
126.401848
127.532936
128.660843
129.785553
130.907043
132.025345
133.140457
134.252380
135.361099
136.466614
137.568924
138.668060
139.763977
140.856705
141.946243
143.032593
144.115738
145.195663
146.272415
147.345978
148.416321
149.483475
150.547440
151.608200
152.665756
153.720123
154.771301
155.819275
156.864044
157.905640
158.944016
159.979202
161.011185
162.039993
163.065582
164.087982
165.107193
166.123199
167.135986
168.145599
169.152023
170.155228
171.155243
172.152069
173.145706
174.136139
175.123383
176.107620
177.090118
178.071091
179.050522
180.028427
181.004791
181.979630
182.952927
183.924698
184.894928
185.863632
186.830811
187.796448
188.760544
189.723099
190.684128
191.643646
192.601608
193.558044
194.512939
195.466309
196.418152
197.368454
198.317215
199.264435
200.210144
201.154327
202.096939
203.038040
203.977615
204.915649
205.852142
206.787109
207.720551
208.652451
209.582809
210.511658
211.438950
212.364700
213.288940
214.211655
215.132812
216.052444
216.970551
217.887100
218.802139
219.715637
220.627609
221.531769
222.421875
223.297882
224.159805
225.007645
225.841431
226.661118
227.466736
228.258286
229.035751
229.799149
230.548447
231.283691
232.004852
232.711929
233.404922
234.083862
234.748703
235.399460
236.036179
236.658783
237.267319
237.861801
238.442169
239.008484
239.560715
240.098877
240.622940
241.132950
241.628860
242.110718
242.578476
243.032181
243.471786
243.897324
244.308792
244.706177
245.089462
245.458694
245.813858
246.154922
246.481918
246.794846
247.093689
247.378448
247.649139
247.905746
