0.990939
0.004531
0.004531
0.004531
0.990939
0.004531
0.004531
0.004531
0.990939
0.000000
1.010987
2.021845
3.032573
4.043172
5.053641
6.063981
7.074191
8.084272
9.094223
10.104046
11.113738
12.123301
13.132733
14.142037
15.151276
16.160511
17.169744
18.178976
19.188204
20.197432
21.206656
22.215878
23.225098
24.234314
25.243532
26.252745
27.261953
28.271162
29.280367
30.289570
31.298771
32.307972
33.317165
34.326363
35.335548
36.344742
37.353928
38.363113
39.372295
40.381474
41.390656
42.399826
43.409004
44.418171
45.427338
46.436504
47.445667
48.454834
49.463989
50.473148
51.482304
52.491455
53.500607
54.509754
55.518898
56.528038
57.537182
58.546314
59.555450
60.564594
61.573719
62.582848
63.591972
64.601097
65.610222
66.619339
67.628448
68.637573
69.646683
70.655792
71.664902
72.673195
73.679893
74.684975
75.688454
76.690315
77.690567
78.689209
79.686256
80.681679
81.675491
82.667702
83.658302
84.647293
85.634674
86.620445
87.604614
88.587166
89.568100
90.547440
91.525162
92.501282
93.475792
94.448685
95.419968
96.389648
97.357712
98.324181
99.289024
100.252274
101.213898
102.173920
103.132332
104.089134
105.044327
105.997917
106.949898
107.900253
108.849022
109.796165
110.741707
111.685631
112.627945
113.568665
114.507767
115.445251
116.381142
117.315414
118.248077
119.179131
120.108574
121.036407
121.962639
122.887260
123.810265
124.731667
125.651451
126.569626
127.486755
128.403412
129.319565
130.235260
131.150452
132.065170
132.979416
133.893158
134.806427
135.719223
136.631516
137.543335
138.454666
139.365524
140.275894
141.185776
142.095169
143.004089
143.912537
144.820496
145.727951
146.634933
147.541443
148.447449
149.352997
150.258041
151.162628
152.066696
152.970306
153.873428
154.776062
155.678223
156.579895
157.481079
158.381790
159.282013
160.181747
161.081009
161.979782
162.878067
163.775864
164.673187
165.570023
166.466370
167.362244
168.257645
169.152542
170.046967
170.940918
171.834366
172.727325
173.619827
174.511841
175.403366
176.294403
177.184952
178.075027
178.965988
179.859146
180.754532
181.652161
182.551987
183.454071
184.358353
185.264862
186.173599
187.084564
187.997742
188.913162
189.830780
190.750626
191.672714
192.597015
193.523544
194.452301
195.383270
196.316467
197.251877
198.189545
199.129410
200.071503
201.015823
201.962372
202.911133
203.862122
204.815338
205.770767
206.728439
207.688309
208.650421
209.614761
210.581329
211.550095
212.521103
213.494339
214.469788
215.447464
216.427368
217.409500
218.393845
219.380402
220.369202
221.360245
222.353470
223.348938
224.346649
225.346558
226.348694
227.353058
228.359650
229.368454
230.379501
231.392761
232.408234
233.459030
234.578217
235.765823
237.021820
238.346222
239.739029
241.200226
242.729813
244.327835
245.994232
247.729034
249.532242
251.403839
0.000000
1.167222
2.344455
3.531696
4.728948
5.936209
7.153480
8.380759
9.618051
10.865349
12.122658
13.389977
14.667305
15.947237
17.222366
18.492695
19.758223
21.018948
22.274872
23.525993
24.772314
26.013832
27.250549
28.482464
29.709579
30.931890
32.149399
33.362106
34.570011
35.773121
36.971424
38.164925
39.353626
40.537525
41.716618
42.890911
44.060406
45.225098
46.384987
47.540073
48.690361
49.835842
50.976524
52.112408
53.243484
54.369762
55.491238
56.607910
57.719788
58.826855
59.929123
61.026596
62.119259
63.207123
64.290176
65.368439
66.441895
67.510551
68.574409
69.633469
70.689491
71.746849
72.805710
73.866096
74.927994
75.991425
77.056358
78.122818
79.190788
80.260292
81.331299
82.403831
83.477875
84.553444
85.630524
86.709129
87.789246
88.870880
89.954033
91.038704
92.124901
93.212616
94.301842
95.392586
96.484848
97.578629
98.673927
99.770744
100.869080
101.968933
103.070305
104.173195
105.277596
106.383530
107.490974
108.599937
109.710419
110.822411
111.935921
113.050957
114.167503
115.285576
116.405167
117.526268
118.648895
119.773041
120.898689
122.025467
123.150932
124.274696
125.396736
126.517075
127.635712
128.752625
129.867828
130.981339
132.093140
133.203201
134.311569
135.418243
136.523193
137.626419
138.727966
139.827789
140.925888
142.022308
143.117004
144.209976
145.301254
146.390823
147.478683
148.564819
149.649277
150.731979
151.813004
152.892319
153.969910
155.045807
156.119980
157.192459
158.263214
159.332260
160.399612
161.465225
162.529144
163.591354
164.651855
165.710663
166.767731
167.823105
168.876770
169.928741
170.978973
172.027496
173.074188
174.115921
175.151413
176.180695
177.203735
178.220566
179.231140
180.235504
181.233643
182.225540
183.211243
184.190689
185.163910
186.130920
187.091690
188.046234
188.994568
189.936646
190.872513
191.802155
192.725555
193.642746
194.553696
195.458420
196.356934
197.249207
198.135239
199.015060
199.888657
200.756027
201.617172
202.472076
203.320755
204.163208
204.999435
205.829453
206.653214
207.470764
208.282089
209.087189
209.886032
210.678696
211.465103
212.245270
213.019241
213.786972
214.548462
215.303741
216.057068
216.812653
217.570526
218.330658
219.093094
219.857803
220.624786
221.394058
222.165604
222.939438
223.715530
224.493927
225.274597
226.057541
226.842789
227.630280
228.420074
229.212158
230.006500
230.803146
231.602036
232.403229
233.206711
234.012482
234.820496
235.630829
236.443420
237.258301
238.075455
238.894897
239.716614
240.540619
241.366898
242.195450
243.026291
243.859421
244.694809
245.532501
246.372452
247.214706
248.059235
248.906036
249.755127
250.606491
251.460144
252.316071
253.174271
254.034760
254.897522
255.000000
255.000000
255.000000
255.000000
255.000000
0.000000
2.203549
4.137912
5.803088
7.199079
8.458897
9.715566
10.969080
12.219441
13.466650
14.710707
15.951609
17.189358
18.423954
19.655397
20.883686
22.108826
23.330811
24.549641
25.765320
26.977842
28.187216
29.393435
30.596500
31.796415
32.993172
34.186779
35.377235
36.564533
37.748680
38.929676
40.107517
41.282207
42.453739
43.622124
44.787354
45.949421
47.108345
48.264114
49.416737
50.566204
51.712513
52.855667
53.995682
55.132820
56.267845
57.400780
58.531624
59.660378
60.787037
61.911610
63.034088
64.154480
65.272774
66.388985
67.503098
68.615120
69.725060
70.832893
71.938652
73.042313
74.143883
75.243355
76.340744
77.436043
78.529251
79.620369
80.709389
81.796326
82.881157
83.963913
85.044571
86.123138
87.199623
88.274002
89.346298
90.416504
91.484619
92.550644
93.614571
94.676422
95.736168
96.793816
97.849937
98.907806
99.967957
101.030396
102.095123
103.162148
104.231453
105.303055
106.376953
107.453140
108.531616
109.612381
110.695450
111.780792
112.868439
113.958366
115.050583
116.145103
117.241905
118.340996
119.442383
120.546051
121.652023
122.760284
123.870827
124.983665
126.098801
127.216225
128.335938
129.457947
130.582245
131.708817
132.837692
133.968857
135.102325
136.238068
137.376114
138.516449
139.659058
140.803757
141.945450
143.082108
144.213730
145.340302
146.461823
147.578308
148.689743
149.796143
150.897491
151.993790
153.085068
154.171280
155.252472
156.328598
157.399689
158.465729
159.526718
160.582687
161.633606
162.679474
163.720291
164.756073
165.786804
166.812515
167.833145
168.848755
169.859314
170.864838
171.865326
172.860748
173.851135
174.836472
175.816772
176.792038
177.762238
178.727402
179.687546
180.642609
181.592651
182.537613
183.477478
184.412231
185.341888
186.266464
187.185913
188.100266
189.009537
189.913681
190.812744
191.706711
192.595551
193.479294
194.357956
195.231506
196.099960
196.963303
197.821548
198.674698
199.522736
200.365677
201.203522
202.036270
202.863907
203.686447
204.503891
205.316223
206.123444
206.925583
207.722610
208.514557
209.301392
210.083115
210.859741
211.631271
212.397705
213.159027
213.915253
214.666382
215.412399
216.153336
216.889145
217.619873
218.345490
219.065994
219.781418
220.491745
221.196960
221.897064
222.592087
223.281998
223.966812
224.646515
225.321121
225.990631
226.655045
227.314331
227.968536
228.617645
229.261658
229.900558
230.534363
231.163055
231.786652
232.405151
233.018539
233.626846
234.230042
234.828125
235.421112
236.009018
236.591797
237.169495
237.742065
238.309570
238.871948
239.429230
239.981415
240.528488
241.070465
241.607361
242.139130
242.665817
243.187393
243.703873
244.215240
244.721527
245.222687
245.718765
246.209732
246.695587
247.176376
247.652039
248.122604
