0.897536
0.051232
0.051232
0.051232
0.897536
0.051232
0.051232
0.051232
0.897536
0.000000
1.247573
2.480341
3.698303
4.901458
6.089808
7.263350
8.422088
9.566019
10.695144
11.809462
12.908975
13.993680
15.063581
16.118675
17.158964
18.184444
19.195122
20.190989
21.172054
22.138308
23.089762
24.026403
24.948246
25.855276
26.747501
27.624920
28.487539
29.335346
30.168348
30.986540
31.789930
32.593113
33.410686
34.242661
35.089027
35.949787
36.824944
37.714497
38.618439
39.536777
40.469509
41.416637
42.378159
43.354073
44.344383
45.349087
46.368187
47.401680
48.449570
49.511852
50.588524
51.679600
52.785061
53.904922
55.039177
56.187820
57.350864
58.528305
59.717251
60.900387
62.074837
63.240593
64.397652
65.546028
66.685707
67.816696
68.938988
70.052589
71.157501
72.253716
73.341248
74.420082
75.490219
76.551674
77.604431
78.648499
79.683868
80.710548
81.728546
82.737839
83.738449
84.730362
85.713585
86.688110
87.653946
88.611092
89.565971
90.525009
91.488220
92.455589
93.427124
94.402817
95.382683
96.366699
97.354889
98.347237
99.343750
100.344414
101.349258
102.358253
103.371414
104.388741
105.410233
106.435883
107.465706
108.499680
109.537827
110.580132
111.626595
112.677223
113.732018
114.790985
115.854095
116.920181
117.982124
119.038727
120.089996
121.135925
122.176514
123.211769
124.241684
125.266258
126.285500
127.299400
128.307953
129.311188
130.309067
131.301620
132.288818
133.270706
134.247238
135.218414
136.184280
137.144791
138.099991
139.049835
139.994339
140.933502
141.867325
142.795807
143.718964
144.638977
145.558075
146.476242
147.393494
148.309814
149.225204
150.139679
151.053207
151.965820
152.877502
153.788269
154.698105
155.607010
156.514999
157.422058
158.328201
159.233398
160.137695
161.041046
161.943481
162.844971
163.745560
164.645218
165.543945
166.441742
167.338623
168.234573
169.129608
170.023697
170.916885
171.809113
172.700439
173.590836
174.480316
175.368866
176.256485
177.143188
178.028961
178.913788
179.797714
180.680695
181.562775
182.443909
183.324127
184.203415
185.081772
185.959213
186.835724
187.711304
188.585983
189.459717
190.332520
191.204407
192.075363
192.945389
193.814499
194.682678
195.549942
196.416260
197.281677
198.146149
199.009705
199.872330
200.734039
201.594803
202.454651
203.313583
204.171585
205.028656
205.884796
206.740021
207.594315
208.447693
209.300125
210.151642
211.002243
211.851913
212.700638
213.548462
214.395355
215.241318
216.086349
216.930466
217.773651
218.615921
219.457260
220.297684
221.137161
221.975693
222.813339
223.650040
224.485840
225.320694
226.154617
226.987625
227.819702
228.650848
229.481079
230.310379
231.138763
231.966217
232.792740
233.618332
234.443008
235.266769
236.089569
236.911484
237.732452
238.552505
239.371628
240.189804
241.007080
241.823410
242.638840
0.000000
1.171249
2.333202
3.485859
4.629220
5.763285
6.888054
8.003526
9.109702
10.206583
11.294167
12.372455
13.441445
14.501141
15.551540
16.592642
17.624451
18.646959
19.660175
20.664093
21.658716
22.644041
23.620071
24.586805
25.544243
26.492384
27.431231
28.360777
29.281031
30.191986
31.093647
31.986012
32.869080
33.742855
34.616459
35.499035
36.390587
37.291107
38.200596
39.119061
40.046494
40.982895
41.928265
42.882610
43.845924
44.818207
45.799458
46.789684
47.788879
48.797050
49.814186
50.840290
51.875370
52.919418
53.972431
55.034424
56.105381
57.185314
58.274212
59.372086
60.478924
61.588726
62.695488
63.799206
64.899887
65.997528
67.092125
68.183678
69.272202
70.357666
71.440094
72.519485
73.595833
74.669136
75.739403
76.806625
77.870804
78.931938
79.990036
81.045090
82.097107
83.146080
84.192009
85.234901
86.274742
87.311546
88.345314
89.376038
90.405434
91.435257
92.465492
93.496140
94.527206
95.558685
96.590576
97.622879
98.655594
99.688728
100.722282
101.756241
102.790619
103.825409
104.860611
105.896233
106.932266
107.968712
109.005569
110.042839
111.080536
112.118629
113.157150
114.196075
115.235428
116.275192
117.315361
118.355309
119.394440
120.432732
121.470184
122.506813
123.542587
124.577538
125.611656
126.644936
127.677376
128.708984
129.739746
130.769699
131.798782
132.827057
133.854492
134.881073
135.906830
136.931763
137.955856
138.979111
140.001526
141.023117
142.043854
143.063751
144.082825
145.101074
146.114792
147.120331
148.117645
149.106781
150.087708
151.060440
152.024979
152.981308
153.929459
154.869400
155.801132
156.724686
157.640030
158.547180
159.446136
160.336899
161.219452
162.093796
162.959961
163.817917
164.667694
165.509247
166.342621
167.167786
167.984756
168.793533
169.594116
170.386490
171.170670
171.946655
172.714447
173.474014
174.225403
174.968597
175.703598
176.430405
177.148987
177.859390
178.561584
179.255600
179.941391
180.619003
181.288406
181.949615
182.602631
183.247452
183.884064
184.512497
185.132706
185.744736
186.348557
186.944199
187.531616
188.110855
188.681885
189.244705
189.799362
190.345779
190.884033
191.414078
191.935928
192.449570
192.955017
193.452271
193.941315
194.422195
194.894836
195.359299
195.815567
196.263626
196.703491
197.135147
197.558640
197.973907
198.380966
198.779861
199.170532
199.553009
199.927307
200.293396
200.651276
201.000961
201.342438
201.675751
202.000839
202.317749
202.626434
202.926926
203.219238
203.503342
203.779251
204.046951
204.306458
204.557785
204.800888
205.035812
205.262543
205.481064
205.691391
205.893509
206.087448
206.273163
206.450699
206.620026
206.781158
206.934097
207.078857
207.215393
207.343719
207.463882
207.575821
207.679581
207.775131
207.862488
0.000000
0.000000
0.934272
2.460128
3.960226
5.434565
6.883145
8.305966
9.703032
11.074337
12.419884
13.739672
15.033701
16.301973
17.544485
18.761240
19.952240
21.117476
22.256956
23.370676
24.458637
25.520844
26.557287
27.567974
28.552904
29.512074
30.445484
31.353142
32.235039
33.091171
33.921555
34.726170
35.505035
36.280281
37.074070
37.886398
38.717262
39.566666
40.434605
41.321079
42.226097
43.149647
44.091740
45.052368
46.031536
47.029240
48.045479
49.080261
50.133579
51.205429
52.295826
53.404751
54.532219
55.678230
56.842770
58.025852
59.227470
60.447628
61.672390
62.887844
64.093987
65.290810
66.478325
67.656517
68.825394
69.984962
71.135216
72.276146
73.407776
74.530083
75.643082
76.746765
77.841125
78.926170
80.001907
81.068329
82.125443
83.173233
84.211716
85.240875
86.260719
87.271255
88.272484
89.269997
90.269363
91.270599
92.273720
93.278694
94.285545
95.294273
96.304878
97.317337
98.331680
99.347885
100.365974
101.385925
102.407753
103.431435
104.457001
105.484444
106.513756
107.544930
108.577980
109.612900
110.649696
111.688362
112.728897
113.771309
114.813423
115.853119
116.890381
117.925217
118.957619
119.987579
121.015121
122.040230
123.062912
124.083153
125.100967
126.116356
127.129311
128.139832
129.147919
130.153580
131.156799
132.157608
133.155960
134.151901
135.145416
136.136475
137.125122
138.111343
139.095123
140.078186
141.062302
142.047440
143.033630
144.020828
145.009064
145.998322
146.988617
147.979965
148.972321
149.965698
150.960129
151.955582
152.952057
153.949570
154.948120
155.947693
156.948303
157.949936
158.952621
159.956314
160.961044
161.966812
162.973602
163.981430
164.990280
166.000168
167.011078
168.023026
169.036011
170.050018
171.065079
172.081146
173.098251
174.116379
175.135544
176.155746
177.176987
178.199234
179.222534
180.246857
181.272202
182.298599
183.325989
184.354446
185.383942
186.414444
187.445984
188.478546
189.512161
190.546783
191.582458
192.619141
193.656860
194.695618
195.735413
196.776230
197.818085
198.860962
199.904877
200.949814
201.995789
203.042801
204.090836
205.139893
206.190002
207.241119
208.293304
209.346481
210.400696
211.455948
212.512253
213.569565
214.627899
215.687286
216.747696
217.809143
218.871597
219.935120
220.999634
222.065201
223.131805
224.199432
225.268082
226.337769
227.408493
228.480240
229.553024
230.626831
231.701691
232.777542
233.854446
234.932388
236.011353
237.091370
238.172409
239.254456
240.337555
241.421677
242.506821
243.593018
244.680222
245.768478
246.857758
247.948059
249.039398
250.131775
251.225174
252.319626
253.415085
254.511581
255.000000
255.000000
255.000000
255.000000
255.000000
255.000000
255.000000
255.000000
255.000000
255.000000
255.000000
255.000000
