0.985586
0.007207
0.007207
0.007207
0.985586
0.007207
0.007207
0.007207
0.985586
0.000000
2.968678
3.907560
4.849496
5.794486
6.742527
7.693622
8.647771
9.604972
10.565225
11.528532
12.494891
13.464304
14.436769
15.412289
16.390860
17.372484
18.357161
19.344894
20.335678
21.329514
22.326403
23.326345
24.329340
25.335388
26.344490
27.356644
28.371851
29.390112
30.411425
31.435789
32.463207
33.493679
34.527199
35.563786
36.603416
37.646099
38.691837
39.740627
40.792469
41.847363
42.905315
43.966312
45.030369
46.097473
47.167637
48.240849
49.317112
50.395916
51.474144
52.551277
53.627323
54.702274
55.776134
56.848900
57.920578
58.991161
60.060654
61.129051
62.196362
63.262577
64.327698
65.391731
66.454674
67.516525
68.577278
69.636940
70.695518
71.752991
72.809380
73.864677
74.918884
75.972000
77.024017
78.074944
79.124779
80.173523
81.221184
82.267746
83.313202
84.357590
85.400871
86.443069
87.484161
88.524178
89.563095
90.600922
91.637657
92.673294
93.707840
94.741302
95.773666
96.804947
97.835129
98.864220
99.894478
100.928207
101.965385
103.006012
104.050102
105.097641
106.148636
107.203087
108.260986
109.322334
110.387146
111.455414
112.527130
113.602303
114.680923
115.763000
116.848534
117.937523
119.029968
120.125854
121.225204
122.328003
123.434265
124.543968
125.657127
126.773750
127.893814
129.017349
130.144318
131.274750
132.408630
133.545975
134.686768
135.831024
136.978729
138.129883
139.284485
140.442551
141.604065
142.769043
143.937469
145.109329
146.284668
147.463455
148.645691
149.831390
151.018768
152.197220
153.364975
154.522018
155.668396
156.804062
157.929047
159.043304
160.146896
161.239777
162.321976
163.393463
164.454269
165.504364
166.543777
167.572479
168.590500
169.597824
170.594452
171.580368
172.555603
173.520142
174.473984
175.417130
176.349564
177.271332
178.182373
179.082748
179.972412
180.851379
181.719650
182.577240
183.424118
184.260315
185.085800
185.900604
186.704697
187.498108
188.280823
189.052841
189.814148
190.564774
191.304703
192.033936
192.752472
193.460312
194.157455
194.852219
195.552948
196.259644
196.972290
197.690903
198.415466
199.145996
199.882462
200.624924
201.373306
202.127655
202.887985
203.654251
204.426483
205.204666
205.988815
206.778915
207.574966
208.376984
209.184982
209.998901
210.818802
211.644653
212.476471
213.314224
214.157959
215.007645
215.863281
216.724884
217.592438
218.465958
219.345428
220.230865
221.122253
222.019592
222.922913
223.832169
224.747391
225.668579
226.595718
227.528809
228.467865
229.412872
230.363861
231.320786
232.283661
233.252502
234.227310
235.208084
236.194794
237.187469
238.186096
239.190689
240.201248
241.217758
242.240219
243.268646
244.303024
245.343384
246.389664
247.441925
248.500137
249.564316
250.634445
251.710526
252.792587
253.880600
254.974564
0.000000
1.136164
2.224354
3.264570
4.256811
5.201077
6.122197
7.045001
7.969487
8.895657
9.823509
10.753045
11.684263
12.617164
13.551748
14.488015
15.425967
16.365601
17.306915
18.249916
19.194597
20.140963
21.089008
22.038742
22.990158
23.943253
24.898031
25.854496
26.812641
27.772470
28.733978
29.697174
30.662052
31.628614
32.596855
33.566784
34.538391
35.511681
36.486656
37.463314
38.441658
39.421684
40.403393
41.386780
42.371853
43.358612
44.347050
45.337173
46.328972
47.321835
48.314259
49.306160
50.297550
51.288425
52.278782
53.268616
54.257942
55.246746
56.235039
57.222809
58.210068
59.196812
60.183033
61.168743
62.153934
63.138607
64.122765
65.106407
66.089531
67.072144
68.054237
69.035812
70.016876
70.997421
71.977448
72.956963
73.935951
74.914429
75.892395
76.869835
77.846771
78.823181
79.799080
80.774452
81.749313
82.723663
83.697502
84.670815
85.643616
86.615898
87.587654
88.558907
89.530174
90.504578
91.482658
92.464417
93.449844
94.438957
95.431732
96.428192
97.428322
98.432129
99.439606
100.450768
101.465591
102.484100
103.506279
104.532135
105.561661
106.594864
107.631744
108.672302
109.716530
110.764435
111.816017
112.871269
113.930199
114.992798
116.059074
117.129028
118.202652
119.279953
120.360939
121.445587
122.533913
123.625908
124.721588
125.820938
126.923965
128.030670
129.141037
130.255096
131.372818
132.494202
133.619278
134.747696
135.872070
136.989365
138.099625
139.202789
140.298904
141.387955
142.469940
143.544846
144.612701
145.673492
146.727234
147.773895
148.813477
149.846008
150.871475
151.889893
152.901230
153.905502
154.902695
155.892853
156.875931
157.851944
158.820892
159.782776
160.737610
161.685364
162.626053
163.559692
164.486237
165.405746
166.318192
167.223557
168.121857
169.013107
169.897293
170.774399
171.644455
172.507431
173.363358
174.212204
175.053986
175.888733
176.716385
177.542831
178.373901
179.209610
180.049957
180.894943
181.744568
182.598816
183.457703
184.321228
185.189377
186.062149
186.939575
187.821625
188.708313
189.599625
190.495590
191.396164
192.301407
193.211258
194.125748
195.044876
195.968613
196.897018
197.830048
198.767700
199.709991
200.656921
201.608490
202.564682
203.525513
204.490967
205.461075
206.435791
207.415161
208.399170
209.387802
210.381058
211.378952
212.381485
213.388657
214.400452
215.416901
216.437973
217.463669
218.494003
219.528976
220.568588
221.612839
222.661697
223.715195
224.773346
225.836121
226.903534
227.975571
229.052261
230.133560
231.219513
232.310074
233.405289
234.505127
235.609604
236.718719
237.832474
238.950867
240.073868
241.201523
242.333801
243.470718
244.612274
245.758453
246.909271
248.064728
249.224808
250.389542
251.558884
252.732880
253.911499
0.000000
2.829272
3.493267
4.168141
4.853900
5.550545
6.258075
6.976490
7.705792
8.445978
9.197050
9.959007
10.731851
11.515579
12.310193
13.115691
13.932076
14.759346
15.597504
16.446543
17.306469
18.177282
19.058979
19.951563
20.855030
21.769382
22.694624
23.630747
24.577757
25.535654
26.504435
27.484102
28.474653
29.476088
30.488417
31.511623
32.545715
33.590698
34.646561
35.709526
36.770355
37.828629
38.884335
39.937485
40.988075
42.036106
43.081577
44.124485
45.164841
46.202633
47.237865
48.270535
49.300648
50.328201
51.353195
52.375629
53.395504
54.412823
55.427574
56.439766
57.449402
58.456478
59.460995
60.462948
61.462349
62.459187
63.453465
64.445183
65.434334
66.420937
67.404968
68.386452
69.365372
70.341736
71.315529
72.286766
73.255936
74.225952
75.197304
76.169991
77.144012
78.119377
79.096077
80.074104
81.053482
82.034187
83.016228
83.999611
84.984322
85.970375
86.957756
87.946480
88.936539
89.927933
90.920670
91.914742
92.910141
93.906883
94.904961
95.904373
96.905121
97.907211
98.910629
99.915390
100.921486
101.928917
102.937675
103.947784
104.959229
105.972000
106.986115
108.001556
109.018341
110.036369
111.053383
112.068459
113.081612
114.092827
115.102119
116.109482
117.114914
118.118416
119.119987
120.119637
121.117348
122.113129
123.106987
124.098907
125.088905
126.076973
127.063118
128.047318
129.029602
130.009949
130.988358
131.964859
132.939423
133.912048
134.882767
135.851532
136.818375
137.783279
138.746277
139.707336
140.666458
141.623642
142.578918
143.532257
144.483658
145.433136
146.380707
147.329254
148.281830
149.238373
150.198914
151.163437
152.131943
153.104462
154.080948
155.061417
156.045883
157.034332
158.026764
159.023178
160.023590
161.027985
162.036362
163.048737
164.065094
165.085434
166.109756
167.138092
168.170395
169.206680
170.246964
171.291214
172.339478
173.391724
174.447937
175.508148
176.572342
177.640533
178.712708
179.788879
180.869019
181.953140
183.041275
184.133377
185.229477
186.329559
187.433624
188.541687
189.653717
190.769745
191.889771
193.013779
194.141754
195.273743
196.409698
197.549652
198.693588
199.841507
200.993423
202.149323
203.309219
204.473083
205.640930
206.812775
207.988617
209.168442
210.352249
211.540024
212.731827
213.927582
215.127335
216.331085
217.538818
218.750519
219.966232
221.185913
222.409592
223.637253
224.868912
226.104553
227.344177
228.587769
229.835373
231.086975
232.342529
233.602097
234.865646
236.133163
237.404694
238.680191
239.959671
241.243164
242.530624
243.822083
245.117523
246.416962
247.720352
249.027771
250.339157
251.654526
252.973892
254.297256
255.000000
255.000000
255.000000
255.000000
255.000000
255.000000
255.000000
255.000000
255.000000
255.000000
