0.863314
0.068343
0.068343
0.068343
0.863314
0.068343
0.068343
0.068343
0.863314
0.000000
0.591174
1.196939
1.817293
2.452237
3.101771
3.765895
4.444608
5.137912
5.845806
6.568289
7.305362
8.057025
8.823277
9.604120
10.399552
11.209577
12.034189
12.873390
13.722230
14.575755
15.433965
16.296860
17.164438
18.036703
18.913654
19.795288
20.681608
21.572613
22.468302
23.368677
24.273737
25.183483
26.097912
27.017027
27.940826
28.869312
29.802481
30.740335
31.682875
32.630100
33.582008
34.538605
35.499886
36.465851
37.436501
38.411835
39.391857
40.376560
41.365952
42.360023
43.358780
44.362228
45.370361
46.383171
47.400669
48.422859
49.449726
50.481281
51.517521
52.558445
53.604057
54.654350
55.709332
56.769001
57.833347
58.902386
59.976105
61.054512
62.137604
63.225372
64.317833
65.414978
66.515701
67.613411
68.706993
69.796455
70.881783
71.962990
73.040085
74.113037
75.181877
76.246590
77.307182
78.363640
79.415985
80.464203
81.508293
82.548264
83.584099
84.615822
85.643425
86.666893
87.686241
88.701462
89.712563
90.719528
91.722382
92.721115
93.715706
94.706192
95.692543
96.674774
97.652885
98.626862
99.596725
100.562454
101.524063
102.481552
103.434906
104.384148
105.329254
106.270241
107.207115
108.139854
109.068466
109.992958
110.913330
111.829567
112.741684
113.649681
114.553558
115.453308
116.348923
117.240433
118.127800
119.011040
119.890182
120.766212
121.640221
122.512192
123.382118
124.250008
125.115845
125.979652
126.841431
127.701164
128.558853
129.414490
130.268112
131.119690
131.969208
132.816711
133.662155
134.505585
135.346954
136.186295
137.023575
137.858841
138.692062
139.523239
140.352371
141.179474
142.004532
142.827560
143.648544
144.467484
145.284378
146.099258
146.912079
147.722870
148.531616
149.338303
150.142990
150.945602
151.746201
152.544739
153.341263
154.135727
154.928162
155.718552
156.506897
157.293213
158.077484
158.859711
159.639923
160.418076
161.194183
161.968277
162.740295
163.510300
164.278259
165.045197
165.817307
166.595612
167.380127
168.170807
168.967712
169.770798
170.580078
171.395569
172.217224
173.045105
173.879150
174.719406
175.565857
176.418503
177.277344
178.142380
179.013611
179.891022
180.774643
181.664459
182.560455
183.462662
184.371063
185.285660
186.206436
187.133423
188.066589
189.005966
189.951538
190.903275
191.861237
192.825378
193.795731
194.772263
195.754990
196.743927
197.739044
198.740356
199.747864
200.761566
201.781464
202.807571
203.839844
204.878342
205.923019
206.973892
208.030960
209.094223
210.163681
211.239334
212.321182
213.409210
214.503448
215.603882
216.728729
217.896149
219.106171
220.358795
221.654022
222.991837
224.372253
225.795288
227.260895
228.769119
230.319931
231.913345
233.549377
235.227982
236.949203
238.713013
240.519424
242.368423
244.260040
0.000000
0.000000
0.000000
0.000000
1.387882
3.621340
5.781343
7.867892
9.880986
11.820624
13.686809
15.479537
17.198812
18.844631
20.416996
21.915905
23.341362
24.693363
25.971907
27.176996
28.346331
29.517614
30.690844
31.866018
33.043144
34.222214
35.403229
36.586193
37.771103
38.957958
40.146759
41.337509
42.530205
43.724850
44.921440
46.119980
47.320461
48.522892
49.727268
50.933590
52.141857
53.352077
54.564243
55.778355
56.994411
58.212414
59.432365
60.654259
61.878105
63.103893
64.331635
65.561317
66.792953
68.026527
69.262047
70.499519
71.738937
72.980301
74.223602
75.468872
76.716072
77.965225
79.216324
80.468277
81.718338
82.966415
84.212494
85.456581
86.698669
87.938774
89.176880
90.412994
91.647118
92.879242
94.109383
95.337524
96.563675
97.787827
99.009987
100.230156
101.448334
102.664520
103.878708
105.090897
106.301102
107.509315
108.715523
109.919746
111.121979
112.322220
113.520462
114.716713
115.910973
117.103233
118.293503
119.481773
120.668076
121.852364
123.034660
124.214973
125.393272
126.569595
127.743919
128.916245
130.086594
131.254929
132.421097
133.584091
134.743713
135.899994
137.052902
138.202438
139.348633
140.491440
141.630905
142.766998
143.899734
145.029114
146.155136
147.277786
148.397064
149.513016
150.625580
151.734787
152.840607
153.943100
155.042236
156.137985
157.230377
158.319412
159.405090
160.487396
161.566360
162.641937
163.714172
164.783035
165.848541
166.910690
167.969467
169.024902
170.076965
171.125656
172.170975
173.212967
174.251587
175.286835
176.318710
177.347244
178.372421
179.394150
180.411133
181.422775
182.429077
183.430054
184.425705
185.416031
186.401031
187.380692
188.355026
189.324036
190.287720
191.246063
192.199081
193.146790
194.089142
195.026184
195.957886
196.884262
197.805298
198.721024
199.631424
200.536469
201.436203
202.330612
203.219696
204.103439
204.981857
205.854935
206.722687
207.585129
208.442230
209.294006
210.140442
210.981552
211.817337
212.647797
213.472931
214.292725
215.107193
215.916336
216.720139
217.518616
218.311768
219.095993
219.867661
220.626785
221.373352
222.107391
222.828857
223.537796
224.234177
224.917999
225.589294
226.248032
226.894226
227.527863
228.148972
228.757523
229.353531
229.936981
230.507904
231.066254
231.612076
232.145340
232.666046
233.174225
233.669846
234.152924
234.623459
235.081436
235.526871
235.959747
236.380081
236.787888
237.183121
237.565826
237.935989
238.293579
238.638626
238.971130
239.291092
239.598511
239.893372
240.175690
240.445465
240.702682
240.947357
241.179489
241.399063
241.606094
241.800583
241.982529
242.151917
242.308762
242.453049
242.584808
242.703995
242.810654
242.904770
242.986328
243.055328
243.111786
243.155701
243.187073
243.205887
243.212173
0.000000
4.945971
9.783881
14.513731
19.135523
23.649254
28.054926
32.352535
36.542088
40.623581
44.597015
48.462383
52.219692
55.868946
59.410145
62.843277
66.168358
69.385361
72.500076
75.536308
78.496605
81.380966
84.189392
86.921883
89.578445
92.159073
94.663757
97.092514
99.445328
101.722214
103.923164
106.048172
108.097252
110.070396
111.967613
113.790596
115.595497
117.409554
119.232758
121.065132
122.906639
124.757317
126.617142
128.486115
130.364243
132.251526
134.147964
136.053558
137.968307
139.892197
141.825241
143.767456
145.718811
147.675049
149.627380
151.575546
153.519547
155.459351
157.395004
159.326462
161.253754
163.176880
165.095840
167.010605
168.921219
170.827637
172.729889
174.627960
176.521866
178.411606
180.292389
182.120087
183.883957
185.584015
187.220245
188.792648
190.301239
191.745987
193.126923
194.444016
195.697311
196.886765
198.012405
199.074219
200.072220
201.006378
201.876724
202.683243
203.455536
204.223221
204.986298
205.744766
206.498627
207.247864
207.992508
208.732529
209.467941
210.198746
210.924927
211.646515
212.363495
213.075851
213.783600
214.486725
215.185257
215.879166
216.568481
217.253174
217.933258
218.608734
219.279587
219.945847
220.607483
221.264511
221.916931
222.564743
223.207947
223.846542
224.480515
225.109879
225.734619
226.354782
226.970306
227.581238
228.187546
228.789246
229.386337
229.978821
230.566681
231.149948
231.728592
232.302628
232.872055
233.436874
233.997086
234.552673
235.103653
235.650024
236.191788
236.728943
237.261490
237.789413
238.312729
238.831436
239.345535
239.855011
240.359909
240.860168
241.355820
241.846863
242.333298
242.815125
243.292328
243.764923
244.232925
244.696304
245.155060
245.609222
246.058777
246.503723
246.944031
247.379745
247.810852
248.237350
248.659241
249.076508
249.489166
249.897202
250.300659
250.699478
251.093704
251.483307
251.868301
252.248688
252.624481
252.995636
253.362183
253.724121
254.081467
254.434174
254.782303
255.125793
255.464676
255.798965
256.128632
256.453674
256.774139
257.089966
257.401184
257.707794
258.009796
258.307220
258.599976
258.888153
259.171722
259.450684
259.725006
259.994720
260.259857
255.000000
255.000000
255.000000
255.000000
255.000000
255.000000
255.000000
255.000000
255.000000
255.000000
255.000000
255.000000
255.000000
255.000000
255.000000
255.000000
255.000000
255.000000
255.000000
255.000000
255.000000
255.000000
255.000000
255.000000
255.000000
255.000000
255.000000
255.000000
255.000000
255.000000
255.000000
255.000000
255.000000
255.000000
255.000000
255.000000
255.000000
255.000000
255.000000
255.000000
255.000000
255.000000
255.000000
255.000000
255.000000
255.000000
255.000000
255.000000
255.000000
255.000000
255.000000
255.000000
255.000000
255.000000
255.000000
255.000000
255.000000
