0.967603
0.016199
0.016199
0.016199
0.967603
0.016199
0.016199
0.016199
0.967603
0.000000
1.154214
2.291167
3.410862
4.513297
5.598472
6.666388
7.717044
8.750442
9.766579
10.765456
11.747074
12.720726
13.695710
14.672027
15.649673
16.628653
17.608959
18.590601
19.573570
20.557873
21.543507
22.530474
23.518766
24.508394
25.499353
26.491640
27.485258
28.480209
29.476492
30.474102
31.473049
32.473328
33.474930
34.477867
35.482136
36.487736
37.494667
38.502926
39.512520
40.523441
41.535698
42.549286
43.564198
44.580448
45.598026
46.616936
47.637177
48.658752
49.681656
50.705891
51.731457
52.758350
53.786579
54.816135
55.847027
56.879246
57.912800
58.947685
59.983898
61.021442
62.060322
63.100525
64.142052
65.183319
66.222717
67.260239
68.295883
69.329659
70.361565
71.391586
72.419746
73.446022
74.470436
75.492966
76.513626
77.532425
78.549332
79.564377
80.577553
81.588844
82.598267
83.605820
84.611488
85.615295
86.617226
87.617279
88.615471
89.611778
90.606216
91.598785
92.589470
93.578293
94.565239
95.550308
96.533501
97.514832
98.494286
99.471870
100.447563
101.421402
102.393364
103.363441
104.331657
105.298004
106.262466
107.225052
108.185783
109.144630
110.101601
111.056702
112.009933
112.961281
113.910759
114.858368
115.804108
116.749290
117.695251
118.641983
119.589485
120.537773
121.486824
122.436653
123.387253
124.338623
125.290779
126.243698
127.197395
128.151855
129.107101
130.063110
131.019897
131.977463
132.935806
133.894913
134.854813
135.815475
136.776901
137.739120
138.702087
139.665833
140.630356
141.595657
142.561737
143.528595
144.496216
145.464615
146.433777
147.403717
148.374435
149.345932
150.318192
151.291229
152.265030
153.239624
154.214981
155.191116
156.168015
157.145706
158.124146
159.103394
160.083389
161.064163
162.045715
163.028030
164.011108
164.994995
165.979645
166.964600
167.949478
168.934235
169.918900
170.903442
171.887894
172.872223
173.856461
174.840576
175.824600
176.808517
177.792328
178.776016
179.759613
180.743088
181.726486
182.709747
183.692902
184.675980
185.658920
186.641769
187.624512
188.607147
189.589676
190.572098
191.554413
192.536621
193.518723
194.500717
195.482605
196.464386
197.446075
198.427628
199.409103
200.390457
201.371704
202.352859
203.333878
204.314819
205.295639
206.276367
207.256973
208.237473
209.217865
210.198166
211.178345
212.158417
213.138412
214.118271
215.098038
216.077682
217.057236
218.035187
219.010025
219.981750
220.950363
221.915878
222.878265
223.837585
224.793762
225.746857
226.696823
227.643707
228.587463
229.528122
230.465668
231.400101
232.331451
233.259674
234.184799
235.106812
236.025711
236.941513
237.854218
238.763809
239.670288
240.573654
241.473907
242.371078
243.265121
244.156067
245.043915
245.928635
246.810257
247.688766
248.564178
249.436493
250.305664
0.000000
0.990892
1.987807
2.990746
3.999709
5.014696
6.035707
7.062740
8.095800
9.134881
10.179988
11.231118
12.288271
13.351448
14.420650
15.495874
16.573620
17.650379
18.726154
19.800947
20.874754
21.947577
23.019415
24.090269
25.160137
26.229023
27.296923
28.363840
29.429770
30.494717
31.558678
32.621655
33.683651
34.744659
35.804684
36.863728
37.921780
38.978848
40.034935
41.090038
42.144157
43.197292
44.249439
45.300602
46.350784
47.399979
48.448189
49.495415
50.541656
51.586914
52.631187
53.674477
54.716782
55.758102
56.798431
57.837784
58.876152
59.913536
60.949932
61.985344
63.019772
64.053215
65.085670
66.117149
67.147644
68.177139
69.205574
70.232895
71.259117
72.284233
73.308250
74.331154
75.352959
76.373650
77.393250
78.411743
79.429123
80.445396
81.460579
82.474640
83.487610
84.499474
85.510223
86.519875
87.528427
88.535866
89.542206
90.547432
91.551559
92.554581
93.556496
94.557312
95.557022
96.555626
97.553123
98.549522
99.544807
100.538986
101.532074
102.524048
103.514923
104.504684
105.493347
106.480896
107.467354
108.452698
109.436943
110.420074
111.402100
112.383041
113.362862
114.341583
115.319191
116.295692
117.271103
118.245514
119.219559
120.193352
121.166885
122.140167
123.113205
124.085976
125.058502
126.030769
127.002785
127.974548
128.946045
129.917313
130.888290
131.859055
132.829529
133.799774
134.769760
135.739471
136.708954
137.678177
138.647141
139.615860
140.584320
141.552521
142.520477
143.488174
144.455612
145.422821
146.389740
147.356430
148.322845
149.289032
150.254959
151.220627
152.186035
153.151199
154.116104
155.080750
156.045151
157.009277
157.973175
158.936813
159.900192
160.863312
161.826202
162.788818
163.751175
164.713287
165.675156
166.637268
167.600861
168.566010
169.532700
170.500961
171.470749
172.442093
173.414993
174.389420
175.365402
176.342941
177.322037
178.302673
179.284851
180.268570
181.253845
182.240677
183.229050
184.218979
185.210434
186.203461
187.198013
188.194138
189.191803
190.191010
191.191772
192.194061
193.197922
194.203323
195.210281
196.218781
197.228821
198.240417
199.253555
200.268250
201.284500
202.302292
203.321625
204.342499
205.364929
206.388916
207.414459
208.441528
209.470139
210.500320
211.532028
212.565308
213.600128
214.636505
215.674408
216.711456
217.745209
218.775665
219.802826
220.826706
221.847275
222.864563
223.878555
224.889267
225.896667
226.900787
227.901596
228.899124
229.893372
230.884308
231.871948
232.856308
233.837372
234.815155
235.789627
236.760818
237.728714
238.693314
239.654617
240.612640
241.567352
242.518784
243.466919
244.411758
245.353302
246.291565
247.226532
248.158203
249.086578
250.011673
250.933456
251.851959
252.767166
253.679077
254.587708
255.000000
0.000000
1.179532
2.342965
3.490298
4.621531
5.736664
6.835698
7.918632
8.985466
10.036201
11.070836
12.098578
13.128639
14.161017
15.195713
16.232725
17.272055
18.313702
19.357666
20.403948
21.452547
22.503464
23.556696
24.612246
25.670115
26.730301
27.792801
28.857622
29.924759
30.994213
32.065987
33.140072
34.216480
35.295204
36.376244
37.459599
38.545277
39.633266
40.723579
41.816204
42.911152
44.008411
45.107983
46.209885
47.314095
48.420624
49.529469
50.640640
51.754124
52.869923
53.988033
55.108475
56.231220
57.356289
58.483673
59.613380
60.745399
61.878166
63.007885
64.134361
65.257607
66.377617
67.494400
68.607948
69.718254
70.825325
71.929169
73.029778
74.127151
75.221291
76.312187
77.399857
78.484291
79.565498
80.643463
81.718193
82.789688
83.857956
84.922981
85.984779
87.043343
88.098671
89.150764
90.199623
91.245239
92.287628
93.326790
94.362709
95.395393
96.424843
97.451057
98.474045
99.493797
100.510307
101.523590
102.533638
103.540451
104.544037
105.544373
106.541489
107.535355
108.526009
109.513405
110.498146
111.483536
112.470139
113.457977
114.447014
115.437279
116.428764
117.421463
118.415390
119.410522
120.406876
121.404449
122.403244
123.403259
124.404480
125.406929
126.410599
127.415474
128.421585
129.428894
130.437439
131.447205
132.458176
133.470367
134.483780
135.498413
136.514252
137.531326
138.549606
139.569107
140.589844
141.611771
142.634933
143.659317
144.684906
145.711731
146.739746
147.769012
148.799469
149.831161
150.864059
151.898193
152.933517
153.970078
155.007858
156.046860
157.086945
158.125259
159.160645
160.193085
161.222595
162.249161
163.272797
164.293503
165.311249
166.326096
167.337967
168.346924
169.352951
170.356018
171.356171
172.353378
173.347641
174.338974
175.327362
176.312836
177.295349
178.274948
179.251587
180.225296
181.196075
182.163925
183.128830
184.090790
185.049820
186.005920
186.959091
187.909317
188.856583
189.800934
190.742340
191.680817
192.616364
193.548965
194.478638
195.405365
196.329163
197.250015
198.167938
199.082916
199.994980
200.904083
201.810257
202.714310
203.616989
204.518311
205.418304
206.316925
207.214203
208.110138
209.004715
209.897949
210.789825
211.680359
212.569550
213.457382
214.343857
215.228989
216.112762
216.995193
217.876282
218.756012
219.634384
220.511429
221.387100
222.261429
223.134415
224.006042
224.876328
225.745255
226.612839
227.479065
228.343948
229.207474
230.069641
230.930481
231.789963
232.648087
233.504868
234.360291
235.214371
236.067108
236.918488
237.768509
238.617188
239.464523
240.310501
241.155121
241.998398
242.840332
243.680908
244.520126
245.358017
246.194550
247.029724
247.863556
248.696030
249.527161
250.356934
251.185364
252.012451
252.838181
253.662552
