0.991703
0.004148
0.004148
0.004148
0.991703
0.004148
0.004148
0.004148
0.991703
0.000000
0.000000
0.385565
1.266119
2.148356
3.032275
3.917876
4.805159
5.694125
6.584773
7.477103
8.371114
9.266809
10.164186
11.063245
11.963985
12.866410
13.770515
14.676302
15.583774
16.492926
17.403759
18.316277
19.230476
20.146357
21.063919
21.983166
22.904093
23.826704
24.750996
25.676970
26.604628
27.533966
28.464989
29.397694
30.332077
31.268148
32.205894
33.145332
34.086445
35.029240
35.973717
36.919884
37.867725
38.817249
39.768459
40.721352
41.675919
42.632175
43.590115
44.549728
45.511032
46.474014
47.438683
48.405033
49.373062
50.342777
51.314171
52.287247
53.262009
54.238449
55.216568
56.195335
57.173695
58.151646
59.129189
60.106331
61.083069
62.059395
63.035320
64.010841
64.985954
65.960663
66.934967
67.908859
68.882355
69.855438
70.828125
71.800400
72.772263
73.743736
74.714790
75.685448
76.655693
77.625542
78.594978
79.564003
80.532639
81.500854
82.468666
83.436081
84.403084
85.369682
86.335884
87.301666
88.267052
89.232033
90.196602
91.160774
92.124535
93.087891
94.050835
95.013382
95.975525
96.937256
97.898582
98.859505
99.819824
100.779350
101.738060
102.695969
103.653091
104.609398
105.564903
106.519608
107.473511
108.426613
109.378914
110.330406
111.281113
112.231003
113.180099
114.128387
115.075874
116.022560
116.968437
117.913528
118.857803
119.801285
120.743965
121.685837
122.626907
123.567184
124.506645
125.445312
126.383179
127.320236
128.256500
129.191956
130.126617
131.060471
131.993515
132.925781
133.857224
134.787872
135.717712
136.646759
137.574997
138.502426
139.429077
140.354904
141.279938
142.203918
143.126602
144.047989
144.968079
145.886871
146.804367
147.720535
148.635437
149.549026
150.461334
151.372330
152.282028
153.190414
154.097504
155.003326
155.907822
156.811020
157.712921
158.613541
159.512848
160.410858
161.307556
162.202972
163.097076
163.989899
164.881424
165.771637
166.660553
167.548172
168.434494
169.319519
170.203232
171.085663
171.966797
172.846619
173.725143
174.602371
175.478302
176.352951
177.226273
178.098297
178.969040
179.838486
180.706619
181.573456
182.441284
183.312347
184.186646
185.064194
185.944992
186.829041
187.716324
188.606857
189.500656
190.397675
191.297943
192.201462
193.108215
194.018250
194.931488
195.847992
196.767746
197.690750
198.616989
199.546463
200.479187
201.415176
202.354401
203.296860
204.242584
205.191544
206.143738
207.099197
208.057892
209.019836
209.985031
210.953476
211.925140
212.900085
213.878250
214.859680
215.844345
216.832245
217.823410
218.817810
219.815475
220.816360
221.820496
222.827881
223.838531
224.876831
225.967239
227.109772
228.304413
229.551147
230.850006
232.200958
233.604050
235.059219
236.566498
238.125916
239.737427
241.401031
243.116760
0.000001
1.265155
2.525256
3.780305
5.030301
6.275245
7.515136
8.749975
9.979761
11.204494
12.424176
13.638803
14.848380
16.052904
17.252375
18.446795
19.636160
20.820473
21.999737
23.173943
24.343102
25.507202
26.666254
27.820253
28.969200
30.113096
31.251932
32.385723
33.514462
34.638142
35.756771
36.870354
37.978878
39.082355
40.183609
41.285484
42.387970
43.491081
44.594810
45.699154
46.804115
47.909691
49.015888
50.122704
51.230137
52.338184
53.446850
54.556133
55.666031
56.776554
57.887691
58.999443
60.111813
61.224800
62.338406
63.452633
64.567474
65.682930
66.799011
67.915703
69.033005
70.150940
71.269493
72.388657
73.508430
74.628830
75.749847
76.871475
77.993736
79.116600
80.240082
81.364189
82.488907
83.614258
84.739845
85.863541
86.984978
88.104149
89.221062
90.335716
91.448105
92.558228
93.666100
94.771706
95.875046
96.976135
98.074959
99.171516
100.265816
101.357857
102.447632
103.535156
104.620407
105.703407
106.784134
107.862610
108.938820
110.012772
111.084457
112.153885
113.221046
114.285965
115.348610
116.408989
117.467110
118.522964
119.576576
120.627914
121.676994
122.723808
123.768364
124.810661
125.850693
126.888466
127.923981
128.957855
129.990768
131.022690
132.053619
133.083572
134.112549
135.140518
136.167511
137.193527
138.218552
139.242599
140.265656
141.287735
142.308823
143.328934
144.348053
145.366180
146.383347
147.399521
148.414703
149.428894
150.442108
151.454346
152.465591
153.475845
154.485138
155.493423
156.500732
157.507050
158.512390
159.516754
160.520126
161.522507
162.523911
163.524323
164.523758
165.522202
166.519669
167.516144
168.511642
169.505768
170.496307
171.482834
172.465393
173.443939
174.418518
175.389099
176.355713
177.318314
178.276932
179.231583
180.182220
181.128891
182.071579
183.010269
183.944946
184.875671
185.802399
186.725143
187.643890
188.558655
189.469452
190.376236
191.279037
192.177856
193.072693
193.963531
194.850388
195.733246
196.612122
197.487015
198.357925
199.224838
200.087784
200.946716
201.801666
202.652634
203.499634
204.342621
205.181641
206.016647
206.849777
207.683029
208.516418
209.349960
210.183655
211.017502
211.851471
212.685608
213.519897
214.354324
215.188904
216.023621
216.858505
217.693512
218.528671
219.363998
220.199448
221.035049
221.870804
222.706711
223.542770
224.378952
225.215302
226.051788
226.888428
227.725220
228.562149
229.399231
230.236450
231.073837
231.911346
232.749039
233.586838
234.424805
235.262924
236.101181
236.939590
237.778137
238.616852
239.455688
240.294678
241.133835
241.973129
242.812561
243.652130
244.491882
245.331772
246.171799
247.011963
247.852280
248.692764
249.533371
250.374146
251.215057
252.056107
252.897308
253.738678
254.580170
255.000000
255.000000
0.000000
0.957125
2.647553
4.311124
5.947839
7.557699
9.140702
10.696849
12.226139
13.728574
15.204153
16.652874
18.074741
19.469751
20.837906
22.179203
23.493645
24.781233
26.041962
27.275835
28.482851
29.663012
30.816319
31.942766
33.042358
34.115101
35.177898
36.247692
37.324478
38.408253
39.499016
40.596775
41.701519
42.813255
43.931984
45.057701
46.190414
47.330109
48.476795
49.630474
50.791145
51.958809
53.133457
54.315098
55.503727
56.699348
57.901962
59.111565
60.328163
61.551746
62.782322
64.019882
65.264442
66.514290
67.759232
68.997581
70.229332
71.454475
72.673019
73.884972
75.090309
76.289055
77.481201
78.666756
79.845695
81.018044
82.183784
83.342934
84.495483
85.641434
86.780777
87.913521
89.039665
90.159210
91.272156
92.378510
93.478249
94.571404
95.657951
96.737900
97.811249
98.882980
99.958115
101.036636
102.118546
103.203850
104.292549
105.384628
106.480103
107.578972
108.681221
109.786873
110.895905
112.008324
113.124138
114.243347
115.365944
116.491928
117.621307
118.754066
119.890221
121.029778
122.172707
123.319038
124.468750
125.621864
126.778358
127.938255
129.099899
130.253555
131.397614
132.532074
133.656906
134.772141
135.877762
136.973755
138.060165
139.136948
140.204132
141.261703
142.309662
143.348022
144.376770
145.395889
146.405411
147.405319
148.395630
149.376328
150.347412
151.308884
152.260742
153.203003
154.135651
155.058670
155.972107
156.875916
157.775146
158.674774
159.574829
160.475296
161.376175
162.277466
163.179184
164.081299
164.983856
165.886810
166.790192
167.693985
168.598190
169.502808
170.407852
171.313309
172.219177
173.125458
174.032150
174.939270
175.846802
176.754745
177.663116
178.571884
179.481094
180.390701
181.300720
182.211166
183.122025
184.033295
184.944977
185.857086
186.769592
187.682541
188.595886
189.509659
190.423828
191.338425
192.253448
193.168884
194.084717
195.000992
195.917664
196.834763
197.752258
198.670181
199.588516
200.507278
201.426453
202.346039
203.266037
204.186447
205.107285
206.028534
206.950195
207.872284
208.794785
209.717682
210.641006
211.564758
212.488922
213.413483
214.338470
215.263885
216.189697
217.115936
218.042587
218.969666
219.897156
220.825043
221.753372
222.682098
223.611237
224.540802
225.470779
226.401169
227.331985
228.263199
229.194855
230.126892
231.059372
231.992264
232.925552
233.859268
234.793411
235.727966
236.662933
237.598297
238.534119
239.470322
240.406937
241.343994
242.281448
243.219330
244.157639
245.096329
246.035446
246.974976
247.914932
248.855301
249.796097
250.737305
251.678925
252.620941
253.563385
254.506256
255.000000
255.000000
255.000000
255.000000
255.000000
255.000000
255.000000
255.000000
255.000000
255.000000
255.000000
255.000000
255.000000
255.000000
