0.989276
0.005362
0.005362
0.005362
0.989276
0.005362
0.005362
0.005362
0.989276
0.000000
1.320169
2.598395
3.834679
5.029021
6.181420
7.310987
8.436834
9.558962
10.677368
11.792054
12.903020
14.010266
15.113791
16.213594
17.309679
18.402044
19.490686
20.575611
21.656813
22.734293
23.808054
24.878096
25.944416
27.007019
28.065897
29.121058
30.172495
31.220213
32.264214
33.304489
34.341045
35.373882
36.402996
37.428394
38.450069
39.468025
40.482262
41.492771
42.499565
43.502644
44.501995
45.497627
46.489540
47.477730
48.462196
49.442955
50.419979
51.393291
52.362885
53.328747
54.290901
55.249325
56.204029
57.155174
58.106075
59.058105
60.011265
60.965553
61.920971
62.877514
63.835190
64.793983
65.753914
66.714973
67.677155
68.640472
69.604912
70.570480
71.537178
72.505005
73.473961
74.444038
75.415253
76.387589
77.361053
78.335655
79.311371
80.288223
81.266205
82.245308
83.225540
84.206909
85.189400
86.173019
87.157768
88.143639
89.130646
90.118774
91.108047
92.098434
93.089943
94.082588
95.076370
96.071266
97.067299
98.064453
99.062744
100.062157
101.062706
102.064369
103.067177
104.071098
105.075989
106.080833
107.085457
108.089867
109.094070
110.098053
111.101822
112.105377
113.108711
114.111847
115.114754
116.117455
117.119934
118.122208
119.124260
120.126106
121.127731
122.129150
123.130341
124.131332
125.132103
126.132652
127.132996
128.133118
129.133026
130.132736
131.132233
132.131500
133.130539
134.129379
135.128021
136.126419
137.124619
138.122620
139.120392
140.117935
141.115280
142.112411
143.109314
144.106018
145.102509
146.098785
147.094833
148.090668
149.086304
150.081711
151.076920
152.071899
153.066666
154.061188
155.055374
156.049210
157.042709
158.035858
159.028687
160.021164
161.013290
162.005081
162.996521
163.987640
164.978394
165.968811
166.958908
167.948654
168.938034
169.927094
170.915802
171.904175
172.892212
173.879898
174.867233
175.854248
176.840912
177.827240
178.813217
179.798859
180.784149
181.769104
182.753723
183.737991
184.721924
185.705505
186.688751
187.671661
188.654221
189.636444
190.618317
191.599854
192.581039
193.561890
194.542404
195.522583
196.502411
197.481888
198.461044
199.439835
200.418304
201.396408
202.373489
203.348877
204.322540
205.294525
206.264786
207.233337
208.200195
209.165329
210.128754
211.090485
212.050507
213.008820
213.965424
214.920319
215.873505
216.824982
217.774750
218.722809
219.669174
220.613815
221.556763
222.498001
223.437531
224.375351
225.311447
226.245865
227.178558
228.109543
229.038818
229.966400
230.892273
231.816422
232.738876
233.659622
234.578644
235.495987
236.411591
237.325500
238.237717
239.148209
240.057007
240.964081
241.869461
242.773117
243.675095
244.575333
245.473877
246.370728
247.265854
248.159271
249.050980
249.940994
250.829285
251.715881
252.600769
0.000000
0.791965
1.630377
2.515237
3.446543
4.424297
5.448499
6.519148
7.636243
8.799787
9.983436
11.160854
12.332041
13.496994
14.655715
15.808204
16.954460
18.094484
19.228275
20.355835
21.477161
22.592258
23.701122
24.803751
25.900148
26.990314
28.074247
29.151947
30.223417
31.288654
32.347656
33.400429
34.446968
35.487278
36.521351
37.549194
38.570805
39.586185
40.595325
41.598236
42.594925
43.585373
44.569588
45.547562
46.519314
47.484837
48.444126
49.397175
50.344009
51.284595
52.218956
53.147079
54.068970
54.984631
55.894058
56.797256
57.694218
58.587189
59.481659
60.377869
61.275818
62.175514
63.076950
63.980122
64.885048
65.791710
66.700119
67.610260
68.522148
69.435776
70.351158
71.268272
72.187126
73.107727
74.030075
74.954155
75.879982
76.807549
77.736862
78.667915
79.600716
80.535248
81.471527
82.409554
83.349319
84.290825
85.234070
86.179054
87.125793
88.074265
89.024483
89.976440
90.930138
91.885590
92.842773
93.801704
94.762375
95.724792
96.688942
97.654839
98.622475
99.591866
100.562988
101.535858
102.510262
103.485100
104.460159
105.435440
106.410957
107.386696
108.362671
109.338867
110.315285
111.291939
112.268814
113.245918
114.223244
115.200806
116.178589
117.156609
118.134842
119.113304
120.091995
121.070915
122.050056
123.029434
124.009026
124.988861
125.968910
126.949188
127.929695
128.910431
129.891388
130.872574
131.853989
132.835632
133.817490
134.799591
135.781921
136.764465
137.747238
138.730255
139.713470
140.696930
141.680618
142.664520
143.648666
144.633026
145.617615
146.602432
147.587463
148.572769
149.559219
150.547165
151.536591
152.527496
153.519882
154.513763
155.509155
156.506012
157.504379
158.504227
159.505539
160.508377
161.512695
162.518478
163.525772
164.534546
165.544815
166.556564
167.569809
168.584549
169.600769
170.618469
171.637665
172.658356
173.680542
174.704208
175.729370
176.756012
177.784149
178.813766
179.844864
180.877472
181.911560
182.947144
183.984207
185.022751
186.062805
187.104324
188.147354
189.191864
190.237869
191.285355
192.334335
193.384781
194.436752
195.490189
196.545120
197.599091
198.649582
199.696625
200.740204
201.780334
202.817001
203.850220
204.879959
205.906250
206.929092
207.948486
208.964417
209.976883
210.985901
211.991455
212.993561
213.992203
214.987396
215.979141
216.967422
217.952225
218.933594
219.911514
220.885956
221.856964
222.824493
223.788574
224.749207
225.706375
226.660080
227.610336
228.557144
229.500473
230.440384
231.376801
232.309769
233.239304
234.165375
235.087967
236.007126
236.922821
237.835037
238.743835
239.649155
240.551010
241.449448
242.344391
243.235886
244.123917
245.008514
245.889633
246.767319
247.641525
248.512283
249.379593
250.243439
251.103836
0.000000
1.301025
2.601096
3.900212
5.198373
6.492419
7.779191
9.058687
10.330909
11.595856
12.853526
14.103925
15.347046
16.582891
17.811464
19.032763
20.246784
21.453531
22.653006
23.845203
25.030123
26.207771
27.378143
28.541241
29.697067
30.845612
31.986889
33.120884
34.247608
35.367054
36.479229
37.584126
38.681751
39.772099
40.855167
41.930965
42.999493
44.060741
45.114708
46.161407
47.200840
48.232986
49.257858
50.275459
51.285782
52.288830
53.287167
54.287022
55.288681
56.292149
57.297424
58.304508
59.313400
60.324100
61.336605
62.350918
63.367043
64.384979
65.404709
66.426254
67.449608
68.474762
69.501740
70.530510
71.561096
72.593483
73.627686
74.663689
75.701508
76.741127
77.782555
78.825798
79.870842
80.917694
81.966354
83.016823
84.069099
85.123184
86.179070
87.236771
88.296272
89.357590
90.420708
91.485641
92.552376
93.620926
94.691284
95.763176
96.835075
97.906715
98.978088
100.049217
101.120064
102.190666
103.261002
104.331078
105.400894
106.470451
107.539749
108.608780
109.677559
110.746071
111.814323
112.882317
113.950050
115.017517
116.084732
117.151672
118.218361
119.284798
120.350960
121.416870
122.482521
123.547905
124.613029
125.677895
126.742500
127.806839
128.870941
129.934753
130.998306
132.061615
133.124649
134.187439
135.249954
136.312210
137.374222
138.435959
139.497437
140.558304
141.618454
142.677872
143.736557
144.794540
145.851791
146.908310
147.964111
149.019165
150.073532
151.127151
152.180054
153.232224
154.283661
155.334396
156.384415
157.433670
158.482224
159.530060
160.577164
161.623535
162.669174
163.714127
164.758316
165.801788
166.844543
167.886581
168.927887
169.968460
171.008316
172.047455
173.085861
174.123550
175.160507
176.196732
177.232254
178.267044
179.301086
180.334412
181.367035
182.398926
183.426041
184.444382
185.453964
186.454758
187.446777
188.430023
189.404465
190.370148
191.327042
192.275177
193.214508
194.145081
195.066864
195.979858
196.884094
197.779541
198.666199
199.544083
200.413193
201.273529
202.125076
202.967834
203.801834
204.627045
205.443481
206.251129
207.050003
207.840088
208.621414
209.393951
210.157715
210.912689
211.658890
212.396301
213.124939
213.844803
214.555893
215.258194
215.951721
216.636475
217.312424
217.979614
218.638016
219.287643
219.928497
220.560562
221.183853
221.798370
222.404099
223.001053
223.589233
224.168625
224.739227
225.301071
225.854141
226.398407
226.933899
227.460632
227.978577
228.487732
228.988098
229.479721
229.962540
230.436569
230.901840
231.358322
231.806030
232.244965
232.675110
233.096466
233.509064
233.912857
234.307907
234.694168
235.071625
235.440323
235.800232
236.151367
236.493729
236.827301
237.152100
237.468124
237.775360
238.073822
238.363495
238.644394
