0.966921
0.016539
0.016539
0.016539
0.966921
0.016539
0.016539
0.016539
0.966921
0.000000
0.780595
1.585085
2.413472
3.265755
4.141934
5.042009
5.965981
6.913849
7.885612
8.881272
9.900828
10.944280
11.998495
13.050346
14.099832
15.146951
16.191702
17.234089
18.274109
19.311760
20.347050
21.379971
22.410526
23.438717
24.464539
25.487997
26.509087
27.527811
28.544168
29.558163
30.569788
31.579050
32.585945
33.590469
34.592632
35.592430
36.589855
37.584923
38.577621
39.567951
40.555916
41.541515
42.524742
43.505611
44.484112
45.460243
46.434013
47.405415
48.374451
49.341125
50.305424
51.267361
52.226936
53.184135
54.138973
55.091450
56.041553
56.989296
57.934666
58.877678
59.818428
60.759304
61.701294
62.644394
63.588596
64.533905
65.480331
66.427856
67.376488
68.326233
69.277084
70.229042
71.182106
72.136276
73.091560
74.047951
75.005447
75.964050
76.923759
77.884583
78.846512
79.809547
80.773689
81.738937
82.705299
83.672768
84.641335
85.611015
86.581802
87.553703
88.526711
89.500816
90.476036
91.452370
92.429794
93.408340
94.388000
95.368759
96.350624
97.333595
98.317673
99.302864
100.289162
101.276558
102.265076
103.254700
104.245422
105.237259
106.230202
107.224022
108.217361
109.209991
110.201912
111.193130
112.183632
113.173431
114.162514
115.150894
116.138557
117.125519
118.111763
119.097298
120.082130
121.066254
122.049667
123.032364
124.014359
124.995636
125.976212
126.956078
127.935226
128.913681
129.891403
130.868439
131.844757
132.820374
133.795258
134.769455
135.742950
136.715714
137.687775
138.659119
139.629776
140.599686
141.568924
142.537430
143.505249
144.472336
145.438736
146.404404
147.369370
148.333649
149.297180
150.260025
151.222153
152.183578
153.144287
154.104294
155.063736
156.022949
156.981995
157.940826
158.899445
159.857880
160.816116
161.774139
162.731979
163.689636
164.647079
165.604324
166.561371
167.518219
168.474869
169.431305
170.387573
171.343628
172.299484
173.255157
174.210617
175.165894
176.120941
177.075821
178.030487
178.984970
179.939240
180.893326
181.847214
182.800873
183.754364
184.707642
185.660736
186.613647
187.566330
188.518829
189.471115
190.423203
191.375122
192.326813
193.278336
194.229630
195.180740
196.131638
197.082367
198.032883
198.983200
199.933319
200.883240
201.831299
202.775772
203.716705
204.654083
205.587906
206.518173
207.444885
208.368057
209.287643
210.203690
211.116180
212.025116
212.930496
213.832306
214.730576
215.625290
216.516449
217.404053
218.288101
219.168594
220.045517
220.918915
221.788727
222.655014
223.517715
224.376877
225.232483
226.084518
226.933014
227.777954
228.619339
229.457169
230.291428
231.122162
231.949310
232.772903
233.592972
234.409454
235.222397
236.031784
236.837601
237.639877
238.438583
239.233749
240.025360
240.813400
241.597900
242.378845
0.000000
1.080767
2.171197
3.271288
4.381044
5.500461
6.629541
7.768284
8.916691
10.074759
11.242489
12.419885
13.606940
14.803658
16.010042
17.218916
18.423120
19.622652
20.817513
22.007696
23.193211
24.374050
25.550219
26.721712
27.888536
29.050688
30.208162
31.360968
32.509098
33.652557
34.791340
35.925453
37.054897
38.179668
39.299759
40.415180
41.525932
42.632008
43.733410
44.830139
45.922199
47.009583
48.092293
49.170341
50.243710
51.312401
52.376419
53.435772
54.490452
55.540451
56.585781
57.626438
58.662422
59.693741
60.720383
61.742348
62.759644
63.772266
64.780212
65.783493
66.784973
67.787529
68.791161
69.795876
70.801666
71.808540
72.816490
73.825516
74.835617
75.846802
76.859070
77.872406
78.886826
79.902321
80.918892
81.936554
82.955276
83.975090
84.995979
86.017944
87.040985
88.065117
89.090317
90.116592
91.143951
92.172386
93.201897
94.232498
95.264160
96.296921
97.330742
98.365639
99.401634
100.438698
101.476837
102.516052
103.556358
104.597733
105.640182
106.683716
107.728325
108.774010
109.820778
110.868629
111.917557
112.966911
114.016083
115.065048
116.113815
117.162384
118.210754
119.258919
120.306885
121.354660
122.402229
123.449608
124.496788
125.543762
126.590530
127.637115
128.683502
129.729675
130.775650
131.821426
132.867020
133.912399
134.957581
136.002579
137.047348
138.091949
139.136322
140.180527
141.224518
142.268295
143.311890
144.355286
145.398483
146.441483
147.484283
148.526871
149.569275
150.611465
151.653458
152.695282
153.736877
154.778275
155.819489
156.860489
157.901291
158.941895
159.981400
161.018951
162.054489
163.088074
164.119675
165.149277
166.176910
167.202545
168.226212
169.247910
170.267609
171.285324
172.301071
173.314819
174.326599
175.336411
176.344223
177.350052
178.353897
179.355774
180.355667
181.353577
182.349503
183.343460
184.335419
185.325409
186.313416
187.299423
188.283463
189.265533
190.245605
191.223709
192.199829
193.173965
194.146118
195.116272
196.084473
197.050674
198.014908
198.977158
199.937408
200.895706
201.852005
202.806320
203.758667
204.708847
205.656754
206.602371
207.545685
208.486710
209.425446
210.361877
211.296005
212.227859
213.157410
214.084656
215.009628
215.932297
216.852661
217.770737
218.686523
219.600006
220.511200
221.420090
222.326691
223.231003
224.133011
225.032745
225.930161
226.825287
227.718124
228.608658
229.496902
230.382858
231.266525
232.147873
233.026947
233.903717
234.778183
235.650375
236.520248
237.387848
238.253159
239.116150
239.976868
240.835281
241.691391
242.545227
243.396759
244.246002
245.092926
245.937576
246.779938
247.619995
248.457748
249.293228
250.126404
250.957275
251.785858
252.612152
253.436142
254.257843
255.000000
255.000000
255.000000
255.000000
0.000000
1.328022
2.643592
3.946708
5.237371
6.515581
7.781338
9.034642
10.275493
11.503890
12.724446
13.941785
15.155901
16.366796
17.574469
18.778923
19.980152
21.178162
22.372950
23.564516
24.752859
25.937983
27.119883
28.298563
29.474022
30.646259
31.815275
32.981068
34.143642
35.302990
36.459118
37.612026
38.761715
39.908180
41.051422
42.191448
43.328247
44.461826
45.592182
46.719318
47.843231
48.963921
50.081394
51.195641
52.306671
53.414478
54.519062
55.620426
56.718571
57.813492
58.906300
59.999699
61.093819
62.188644
63.284191
64.380455
65.477432
66.575119
67.673531
68.772652
69.872490
70.973045
72.074318
73.176308
74.279007
75.382423
76.486549
77.591400
78.696968
79.803246
80.910248
82.017944
83.126373
84.235519
85.345375
86.455948
87.567238
88.679237
89.791954
90.905396
92.019547
93.134415
94.249992
95.366287
96.483299
97.601028
98.719467
99.838631
100.958511
102.079094
103.200081
104.319633
105.437424
106.553467
107.667747
108.780273
109.891045
111.000061
112.107323
113.212830
114.316574
115.418564
116.518799
117.617287
118.714012
119.808983
120.902191
121.993652
123.083351
124.171303
125.257500
126.341927
127.424614
128.505539
129.584702
130.662109
131.737778
132.811676
133.883804
134.954193
136.022842
137.089706
138.154846
139.218201
140.279816
141.339676
142.397766
143.454117
144.508713
145.561523
146.612640
147.662567
148.711533
149.759537
150.806580
151.852676
152.897812
153.941986
154.985214
156.027481
157.068802
158.109146
159.148544
160.186981
161.224472
162.260986
163.296555
164.331177
165.364838
166.397522
167.429276
168.460052
169.489883
170.518768
171.546677
172.573639
173.599640
174.624695
175.648788
176.671921
177.694092
178.715302
179.735565
180.754868
181.773224
182.790619
183.807053
184.822540
185.837051
186.850632
187.863220
188.872330
189.875320
190.872223
191.863007
192.847717
193.826324
194.798843
195.765259
196.725571
197.679810
198.627930
199.569962
200.505890
201.435745
202.359497
203.277145
204.188705
205.094162
205.993530
206.886795
207.773972
208.655060
209.530045
210.398941
211.261719
212.118423
212.969025
213.813522
214.651947
215.484253
216.310471
217.130615
217.944626
218.752563
219.554413
220.350143
221.139801
221.923355
222.700806
223.472168
224.237427
224.996597
225.749680
226.496658
227.237549
227.972336
228.701035
229.423630
230.140137
230.850540
231.554840
232.253067
232.945190
233.631226
234.311142
234.984985
235.652710
236.314362
236.969910
237.619370
238.262726
238.899994
239.531158
240.156235
240.775208
241.388077
241.994858
242.595551
243.190155
243.778656
244.361053
244.937363
245.507584
246.071701
246.629715
247.181625
247.727463
248.267197
248.800842
249.328400
249.849838
250.365189
250.874451
251.377609
251.874680
