0.972543
0.013728
0.013728
0.013728
0.972543
0.013728
0.013728
0.013728
0.972543
0.000000
2.387258
3.446420
4.499116
5.545356
6.585139
7.618468
8.645339
9.665754
10.679712
11.687216
12.688262
13.682852
14.670985
15.652663
16.627886
17.598396
18.574692
19.558514
20.549866
21.548746
22.555155
23.569094
24.590559
25.619556
26.656080
27.700134
28.751719
29.810829
30.877468
31.951633
33.028057
34.101437
35.171787
36.239105
37.303391
38.364639
39.422855
40.478039
41.530186
42.579304
43.625385
44.668434
45.708454
46.745434
47.779541
48.811691
49.842045
50.870598
51.897358
52.922318
53.945480
54.966846
55.986416
57.004185
58.020157
59.034336
60.046711
61.057289
62.066074
63.074173
64.082687
65.091629
66.101006
67.110794
68.121002
69.131645
70.142700
71.154190
72.166100
73.178436
74.191185
75.204369
76.217972
77.232002
78.246452
79.261330
80.276627
81.292351
82.308495
83.325066
84.342064
85.359482
86.377319
87.395584
88.414268
89.433388
90.452919
91.472885
92.493271
93.514069
94.535294
95.556953
96.579041
97.601532
98.624458
99.647812
100.671585
101.695786
102.720406
103.745453
104.770912
105.796814
106.823128
107.849869
108.877029
109.904617
110.932625
111.961052
112.989914
114.019196
115.048904
116.079025
117.109581
118.140556
119.171959
120.203781
121.236031
122.268700
123.301796
124.335312
125.369255
126.403625
127.438408
128.473633
129.509262
130.545303
131.581802
132.618713
133.656052
134.693802
135.731979
136.770584
137.809616
138.849060
139.888947
140.929245
141.969955
143.011108
144.052673
145.094666
146.137085
147.179916
148.223175
149.266876
150.310989
151.355515
152.400482
153.445862
154.491653
155.537903
156.584549
157.631622
158.679123
159.727051
160.775391
161.824188
162.873367
163.922989
164.973038
166.023483
167.074387
168.125717
169.177444
170.229599
171.282196
172.335190
173.388641
174.442505
175.496780
176.551483
177.606598
178.662155
179.718140
180.774536
181.831345
182.888596
183.946259
185.004349
186.062881
187.121811
188.181198
189.240967
190.301178
191.361801
192.422897
193.484375
194.546249
195.608582
196.671341
197.734512
198.798126
199.862167
200.926620
201.991470
203.056793
204.122528
205.188660
206.255219
207.322189
208.389633
209.457474
210.525726
211.594406
212.663528
213.733063
214.803024
215.873383
216.944214
218.015427
219.087097
220.159149
221.231674
222.304581
223.377945
224.451706
225.525894
226.600510
227.675537
228.751007
229.826935
230.903244
231.979950
233.057114
234.134705
235.212692
236.291138
237.370010
238.449280
239.528992
240.609116
241.689682
242.770645
243.852036
244.933853
246.016098
247.098770
248.181854
249.265381
250.349319
251.433701
252.518463
253.603683
254.689331
255.000000
255.000000
255.000000
255.000000
255.000000
255.000000
255.000000
255.000000
255.000000
255.000000
255.000000
255.000000
0.000000
1.156790
2.281713
3.374768
4.435958
5.486482
6.547551
7.619163
8.701317
9.794012
10.897249
12.011030
13.135351
14.270215
15.415621
16.571569
17.738060
18.911980
20.090210
21.272753
22.459604
23.650770
24.846247
26.046038
27.250139
28.458549
29.671274
30.888313
32.109661
33.320961
34.507866
35.670372
36.808475
37.922180
39.011490
40.076397
41.116901
42.133011
43.124714
44.092022
45.034931
45.970531
46.915916
47.871086
48.836044
49.810783
50.795311
51.789616
52.793713
53.807598
54.831264
55.864716
56.907951
57.954350
58.997276
60.036732
61.072720
62.105244
63.134293
64.159874
65.181992
66.200630
67.215813
68.227516
69.235748
70.240524
71.241821
72.239655
73.234016
74.224915
75.212334
76.196297
77.176781
78.153793
79.127342
80.097420
81.064034
82.027176
82.986847
83.943062
84.895798
85.845062
86.790863
87.733185
88.672050
89.607445
90.539368
91.467819
92.392799
93.314323
94.232368
95.146950
96.058052
96.965698
97.869873
98.770576
99.667816
100.561577
101.451874
102.338699
103.222061
104.101952
104.978363
105.851326
106.720810
107.586823
108.449371
109.308449
110.164055
111.016197
111.864861
112.710068
113.551796
114.390068
115.224854
116.056183
116.884041
117.708427
118.529343
119.346794
120.160767
120.971283
121.778328
122.581909
123.382011
124.178658
124.971832
125.761520
126.547752
127.330513
128.109802
128.885635
129.657990
130.426880
131.192291
131.954239
132.712723
133.467728
134.219284
134.967361
135.711945
136.453094
137.190750
137.924957
138.655685
139.382950
140.106735
140.827057
141.543915
142.257294
142.967224
143.673660
144.376648
145.076157
145.772202
146.464767
147.153870
147.839508
148.521667
149.200363
149.875595
150.547348
151.215637
151.880463
152.541809
153.199692
153.854111
154.505066
155.152527
155.796539
156.437073
157.074142
157.707748
158.337891
158.964539
159.587738
160.207458
160.823730
161.436508
162.045837
162.651672
163.254059
163.852966
164.448410
165.040390
165.628891
166.213928
166.795502
167.373596
167.948242
168.519394
169.087082
169.651306
170.212082
170.769363
171.323166
171.873520
172.420395
172.963821
173.503754
174.040237
174.573227
175.102768
175.628845
176.151428
176.670563
177.186218
177.698410
178.207138
178.712387
179.214157
179.712494
180.207336
180.698715
181.186615
181.671066
182.152023
182.629532
183.103577
183.574127
184.041245
184.504852
184.965012
185.421707
185.874908
186.324677
186.770950
187.213776
187.653107
188.088989
188.521393
188.950333
189.375809
189.797806
190.216339
190.631409
191.042999
191.451111
191.855774
192.256958
192.654694
193.048950
193.439713
193.827026
194.210876
194.591248
194.968140
195.341583
195.711548
196.078064
196.441086
196.800644
197.156738
197.509354
197.858536
198.204208
0.000000
1.248874
2.245283
3.253234
4.272720
5.303741
6.346298
7.400391
8.466019
9.545222
10.642984
11.759533
12.894868
14.048990
15.221897
16.413589
17.623831
18.851181
20.095404
21.356495
22.634459
23.929293
25.240997
26.568033
27.876530
29.152628
30.396332
31.607641
32.786552
33.933067
35.047188
36.144825
37.241898
38.338406
39.434341
40.529716
41.624523
42.718765
43.812443
44.905552
45.998096
47.090076
48.181488
49.272331
50.362610
51.452324
52.541473
53.630054
54.718071
55.805519
56.892403
57.978718
59.064472
60.149654
61.234272
62.318325
63.401810
64.484726
65.567085
66.648872
67.730087
68.810753
69.890839
70.970360
72.049316
73.127716
74.205536
75.282791
76.359489
77.435616
78.511177
79.586166
80.660599
81.734467
82.807755
83.880493
84.952652
86.024254
87.095276
88.165749
89.235641
90.304985
91.373749
92.441948
93.509583
94.576653
95.643158
96.709091
97.774467
98.839272
99.903511
100.967178
102.030289
103.092827
104.154793
105.216202
106.277061
107.337326
108.397041
109.456184
110.514763
111.572769
112.630219
113.687096
114.743408
115.799156
116.854332
117.908951
118.962997
120.016487
121.069389
122.121742
123.173538
124.224754
125.275398
126.325485
127.375008
128.423965
129.472336
130.520172
131.567429
132.614120
133.660233
134.705795
135.750793
136.795212
137.839066
138.882370
139.925095
140.967239
142.008835
143.049866
144.090332
145.130234
146.169556
147.208328
148.246521
149.284134
150.321213
151.357697
152.393646
153.429016
154.463806
155.498047
156.531723
157.564804
158.597351
159.629333
160.660736
161.691574
162.721832
163.751541
164.780685
165.809265
166.837280
167.864716
168.891571
169.917877
170.943619
171.968796
172.993439
174.017471
175.040955
176.063889
177.086212
178.108002
179.129196
180.149857
181.169937
182.189468
183.208420
184.226791
185.244614
186.261841
187.278549
188.294647
189.310226
190.325226
191.339615
192.353485
193.366760
194.379486
195.391632
196.403229
197.414276
198.424713
199.434616
200.443924
201.452698
202.460892
203.468506
204.475571
205.482056
206.488007
207.493362
208.498154
209.502396
210.506058
211.509171
212.511688
213.513672
214.515060
215.515900
216.516144
217.515869
218.514999
219.513550
220.511597
221.508987
222.505875
223.502182
224.497910
225.493088
226.487701
227.481750
228.475204
229.468140
230.460464
231.452240
232.443436
233.434097
234.424194
235.413696
236.402649
237.391022
238.378845
239.366058
240.352753
241.338882
242.324432
243.309433
244.293823
245.277695
246.260956
247.243668
248.225845
249.207413
250.188461
251.168900
252.148788
253.128098
254.106873
255.000000
255.000000
255.000000
255.000000
255.000000
255.000000
255.000000
255.000000
255.000000
255.000000
255.000000
255.000000
255.000000
255.000000
