0.956216
0.021892
0.021892
0.021892
0.956216
0.021892
0.021892
0.021892
0.956216
0.000000
0.819225
1.697812
2.635761
3.633071
4.689744
5.774858
6.857497
7.937660
9.015347
10.090557
11.163292
12.233552
13.301334
14.366641
15.429471
16.489826
17.547705
18.603107
19.656036
20.706486
21.754459
22.799959
23.842981
24.883530
25.921598
26.957195
27.990314
29.020956
30.049124
31.074814
32.098030
33.118767
34.137032
35.152817
36.166130
37.176964
38.185318
39.191204
40.194603
41.195538
42.193996
43.189976
44.183479
45.174507
46.163059
47.149128
48.132725
49.113850
50.092495
51.068668
52.042362
53.013580
53.982319
54.948586
55.912376
56.873692
57.832531
58.788895
59.742783
60.694187
61.643124
62.589657
63.535534
64.481468
65.427460
66.373497
67.319588
68.265739
69.211937
70.158188
71.104500
72.050858
72.997276
73.943733
74.890259
75.836830
76.783463
77.730141
78.676872
79.623672
80.570511
81.517403
82.464355
83.411362
84.358414
85.305519
86.252686
87.199905
88.147171
89.094498
90.041870
90.989304
91.936790
92.884323
93.831917
94.779564
95.727257
96.675003
97.622810
98.570671
99.518585
100.466545
101.414566
102.362640
103.310760
104.258942
105.207176
106.155464
107.103806
108.052193
109.000641
109.949135
110.897697
111.846298
112.794968
113.743675
114.692444
115.641258
116.590515
117.542404
118.497314
119.455246
120.416199
121.380173
122.347160
123.317169
124.290192
125.266235
126.245308
127.227386
128.212494
129.200607
130.191742
131.185913
132.183090
133.183289
134.186523
135.192749
136.202011
137.214264
138.229553
139.247879
140.269211
141.293564
142.320938
143.351318
144.384735
145.421158
146.460602
147.503067
148.548538
149.597061
150.648575
151.703125
152.760681
153.821243
154.884857
155.951477
157.021103
158.093765
159.169449
160.248138
161.329849
162.414581
163.502335
164.593094
165.686890
166.783691
167.883514
168.986374
170.092239
171.201126
172.313019
173.427948
174.545883
175.665283
176.782394
177.897034
179.009171
180.118851
181.226028
182.330734
183.432968
184.532715
185.629990
186.724792
187.817108
188.906937
189.994308
191.079178
192.161575
193.241486
194.318924
195.393890
196.466370
197.536377
198.603897
199.668945
200.731506
201.791595
202.849197
203.904327
204.956970
206.007141
207.054840
208.100037
209.142761
210.183014
211.220795
212.256088
213.288910
214.319244
215.347092
216.372467
217.395370
218.415787
219.433731
220.449188
221.462173
222.472672
223.480698
224.486237
225.489288
226.489883
227.487991
228.483627
229.476776
230.467438
231.455627
232.441345
233.424561
234.405319
235.377853
236.336426
237.281036
238.211685
239.128372
240.031097
240.919876
241.794693
242.655548
243.502426
244.335358
245.154327
245.959335
246.750381
247.527481
248.290604
249.039780
249.774994
250.496231
251.203537
251.896866
252.576233
253.241638
0.000000
0.829378
1.704015
2.623909
3.589061
4.599472
5.655140
6.756067
7.902252
9.093694
10.305688
11.513531
12.717220
13.916755
15.112139
16.303368
17.490444
18.673368
19.852137
21.026754
22.197220
23.363529
24.525688
25.683693
26.837545
27.987242
29.132790
30.274179
31.411421
32.544506
33.673439
34.798222
35.918850
37.035324
38.147644
39.255810
40.359825
41.459686
42.555393
43.646950
44.734352
45.817600
46.896690
47.971638
49.042431
50.109062
51.171547
52.229881
53.284058
54.334084
55.379955
56.421673
57.459240
58.492649
59.521908
60.547012
61.567963
62.584766
63.597408
64.605904
65.610245
66.610428
67.606468
68.598343
69.586670
70.575035
71.564041
72.553680
73.543961
74.534866
75.526428
76.518616
77.511444
78.504913
79.499016
80.493759
81.489128
82.485146
83.481804
84.479088
85.477020
86.475586
87.474785
88.474632
89.475113
90.476234
91.477982
92.480370
93.483406
94.487068
95.491379
96.496315
97.501892
98.508118
99.514977
100.522461
101.530594
102.539360
103.548767
104.558807
105.569489
106.580811
107.592758
108.605362
109.618584
110.632454
111.646965
112.662102
113.677887
114.694305
115.711357
116.729050
117.747383
118.766350
119.785957
120.806206
121.827087
122.848610
123.870758
124.893433
125.916481
126.939903
127.963715
128.987900
130.012451
131.037399
132.062714
133.088425
134.114502
135.140961
136.167801
137.195023
138.222626
139.250610
140.278976
141.307709
142.336838
143.366318
144.396210
145.426468
146.457092
147.488113
148.519516
149.551285
150.583435
151.615982
152.648911
153.682190
154.715866
155.749924
156.784363
157.819168
158.854355
159.889938
160.925873
161.962204
162.998932
164.036011
165.073471
166.111343
167.149567
168.188187
169.227173
170.266541
171.306290
172.346405
173.386917
174.427795
175.469070
176.510712
177.552734
178.595139
179.637924
180.680756
181.721680
182.760330
183.796738
184.830887
185.862778
186.892410
187.919800
188.944916
189.967804
190.988403
192.006790
193.022888
194.036743
195.048340
196.057678
197.064789
198.069611
199.072205
200.072540
201.070602
202.066422
203.059998
204.051300
205.040359
206.027161
207.011703
207.994003
208.974030
209.951828
210.927353
211.900620
212.871628
213.840393
214.806915
215.771164
216.733170
217.692917
218.650406
219.605637
220.558624
221.509354
222.457825
223.404037
224.348022
225.289734
226.229172
227.166367
228.101334
229.034012
229.964447
230.892639
231.818573
232.742233
233.663666
234.580963
235.492249
236.397522
237.296783
238.190048
239.077301
239.958557
240.833786
241.703018
242.566254
243.423462
244.274673
245.119888
245.959091
246.792282
247.619476
248.440659
249.255829
250.064987
250.868149
251.665298
252.456451
253.241592
254.020721
254.793854
255.000000
255.000000
255.000000
0.000000
0.715504
1.504370
2.366598
3.302189
4.311141
5.393456
6.511571
7.627930
8.742531
9.855373
10.966457
12.075786
13.183353
14.289164
15.393217
16.495514
17.596050
18.694828
19.791849
20.887114
21.980618
23.072365
24.162355
25.250587
26.337061
27.421776
28.504734
29.585934
30.665375
31.743059
32.818989
33.893150
34.965561
36.036213
37.105106
38.172241
39.237617
40.301239
41.363102
42.423206
43.481556
44.538139
45.592976
46.646046
47.697357
48.746914
49.794712
50.840755
51.885036
52.927563
53.968330
55.007343
56.044586
57.080082
58.113815
59.145794
60.176014
61.205364
62.234753
63.264168
64.293625
65.323105
66.352615
67.382164
68.411751
69.441360
70.471001
71.500671
72.530388
73.560127
74.589890
75.619698
76.649536
77.679398
78.709297
79.739220
80.769188
81.799187
82.829208
83.859268
84.889351
85.919479
86.949631
87.979820
89.010033
90.040291
91.070564
92.100868
93.131226
94.161598
95.192009
96.222450
97.252922
98.283432
99.313965
100.344528
101.375130
102.405769
103.436432
104.467125
105.497856
106.528610
107.559410
108.590233
109.621094
110.651978
111.682892
112.713837
113.746498
114.782539
115.821960
116.864761
117.910934
118.960495
120.013435
121.069756
122.129456
123.192535
124.258995
125.328842
126.402054
127.478661
128.558640
129.641998
130.728745
131.818863
132.912369
134.009262
135.109512
136.213165
137.320190
138.430588
139.544388
140.661530
141.782089
142.906021
144.033325
145.164001
146.298080
147.435516
148.576340
149.720551
150.868134
152.019104
153.173462
154.331177
155.492294
156.656784
157.824646
158.995895
160.170532
161.348541
162.529922
163.714706
164.902847
166.094376
167.289307
168.487595
169.689255
170.888504
172.079514
173.262283
174.436813
175.603104
176.761169
177.910995
179.052582
180.185928
181.311035
182.427902
183.536530
184.636948
185.729111
186.813019
187.888718
188.956177
190.015381
191.066360
192.109100
193.143600
194.169876
195.187897
196.197678
197.199234
198.192566
199.177643
200.154495
201.123093
202.083466
203.035599
203.979477
204.915146
205.842575
206.761749
207.672699
208.575394
209.469879
210.356125
211.234116
212.103867
212.965408
213.818695
214.663742
215.500565
216.329147
217.149475
217.961563
218.765442
219.561066
220.348465
221.137604
221.938416
222.750946
223.575165
224.411087
225.258728
226.118057
226.989075
227.871811
228.766235
229.672363
230.590195
231.519730
232.460953
233.413895
234.378525
235.354858
236.342880
237.342621
238.354050
239.377182
240.412018
241.458557
242.516785
243.586716
244.668365
245.761703
246.866730
247.983475
249.111923
250.252060
251.403900
252.567444
253.742676
254.929626
255.000000
255.000000
255.000000
255.000000
255.000000
255.000000
255.000000
255.000000
255.000000
255.000000
