0.946599
0.026700
0.026700
0.026700
0.946599
0.026700
0.026700
0.026700
0.946599
0.000000
0.735461
1.482349
2.240664
3.010406
3.791573
4.584167
5.388188
6.203635
7.030509
7.868809
8.718535
9.579688
10.452268
11.336274
12.231706
13.138565
14.056850
14.986563
15.927700
16.880268
17.844257
18.819675
19.806517
20.804789
21.814486
22.835608
23.868160
24.912136
25.967541
27.034367
28.112625
29.202311
30.303419
31.415955
32.539913
33.675301
34.822117
35.980362
37.150028
38.331120
39.523640
40.717987
41.904568
43.083385
44.254433
45.417709
46.573219
47.720963
48.860939
49.993149
51.117584
52.234257
53.343163
54.444298
55.537666
56.623268
57.701103
58.771172
59.833466
60.888000
61.934761
62.973759
64.004982
65.028450
66.044136
67.052063
68.052216
69.044609
70.029221
71.006073
71.975159
72.936478
73.890030
74.835815
75.773834
76.704079
77.629578
78.557739
79.488884
80.423027
81.360153
82.300278
83.243385
84.189491
85.138580
86.090668
87.045738
88.003799
88.964851
89.928902
90.895935
91.865959
92.838974
93.814980
94.793976
95.775963
96.760941
97.748909
98.739868
99.733818
100.730759
101.730690
102.733612
103.739517
104.748413
105.760315
106.775200
107.793076
108.813934
109.837791
110.864632
111.893982
112.922928
113.950981
114.978157
116.004440
117.029839
118.054344
119.077965
120.100693
121.122536
122.143494
123.163559
124.182739
125.201035
126.218437
127.234947
128.250580
129.265320
130.279175
131.292130
132.304214
133.315399
134.325699
135.335114
136.343643
137.351273
138.358017
139.363876
140.368866
141.372940
142.376144
143.378448
144.379868
145.380417
146.380051
147.378754
148.375046
149.368362
150.358658
151.345978
152.330322
153.311646
154.289993
155.265335
156.237701
157.207077
158.173462
159.136841
160.097229
161.054642
162.009064
162.960495
163.908920
164.854355
165.796814
166.736267
167.672729
168.606216
169.536682
170.464188
171.388672
172.310196
173.228729
174.144241
175.056793
175.966324
176.872879
177.776443
178.677017
179.574600
180.469193
181.363922
182.261963
183.163300
184.067963
184.975906
185.887161
186.801712
187.719574
188.640747
189.565201
190.492966
191.424026
192.358383
193.296051
194.237030
195.181305
196.128876
197.079758
198.033936
198.991409
199.952209
200.916275
201.883667
202.854355
203.828339
204.805634
205.786224
206.770126
207.757324
208.747818
209.741623
210.738724
211.739120
212.742828
213.749832
214.760162
215.773758
216.790680
217.810898
218.834427
219.861237
220.891357
221.924774
222.961517
224.001541
225.044876
226.091507
227.141434
228.194672
229.251221
230.311050
231.374191
232.440628
233.510376
234.583420
235.659775
236.739426
237.822372
238.908630
239.998199
241.091049
242.187210
243.286652
244.389420
245.495499
246.604874
247.717529
248.833511
249.952774
251.075363
252.201218
253.330399
254.462891
0.000000
0.870501
1.746418
2.627751
3.514501
4.406667
5.304249
6.207247
7.115662
8.029492
8.948739
9.873403
10.803481
11.738976
12.679889
13.626215
14.577961
15.535121
16.497698
17.465691
18.439098
19.417923
20.402164
21.391823
22.386896
23.387384
24.393291
25.404613
26.421352
27.443506
28.471077
29.504065
30.542469
31.586290
32.635525
33.690178
34.750244
35.815731
36.886631
37.962944
39.044678
40.131828
41.224396
42.322376
43.421249
44.516510
45.608150
46.696175
47.780575
48.861355
49.938511
51.012058
52.081978
53.148281
54.210960
55.270023
56.325470
57.377289
58.425491
59.470078
60.511040
61.548382
62.582111
63.612213
64.638695
65.661552
66.680809
67.696434
68.708435
69.716820
70.721588
71.722733
72.720261
73.714165
74.704453
75.691116
76.674171
77.653587
78.629402
79.602112
80.574821
81.548050
82.521797
83.496063
84.470848
85.446152
86.421974
87.398323
88.375183
89.352570
90.330475
91.308907
92.287842
93.267303
94.247284
95.227783
96.208809
97.190346
98.172409
99.154991
100.138084
101.121712
102.105843
103.090508
104.075676
105.061378
106.047600
107.034332
108.021584
109.009354
109.997650
110.986465
111.975807
112.965660
113.956032
114.946396
115.936157
116.925354
117.913971
118.902016
119.889488
120.876381
121.862701
122.848442
123.833611
124.818199
125.802216
126.785652
127.768524
128.750824
129.732529
130.713669
131.694229
132.674210
133.653625
134.632462
135.610733
136.588409
137.565521
138.542053
139.518021
140.493408
141.468216
142.442459
143.416107
144.389191
145.361694
146.333633
147.304993
148.275772
149.246140
150.217117
151.188858
152.161377
153.134659
154.108704
155.083527
156.059113
157.035461
158.012604
158.990494
159.969162
160.948608
161.928802
162.909775
163.891510
164.874039
165.857300
166.841354
167.826172
168.811768
169.798111
170.785248
171.773148
172.761810
173.751236
174.741440
175.732407
176.724152
177.716660
178.709946
179.703979
180.698807
181.694397
182.690750
183.687866
184.682953
185.673141
186.658447
187.638870
188.614410
189.585083
190.550873
191.511780
192.467804
193.418961
194.365204
195.306595
196.243103
197.174713
198.101456
199.023315
199.940323
200.852402
201.759628
202.661972
203.559418
204.452011
205.339706
206.222534
207.100464
207.973526
208.841705
209.705002
210.563416
211.416962
212.265610
213.109390
213.948273
214.782288
215.611435
216.435684
217.255066
218.069550
218.879166
219.683899
220.483749
221.278717
222.068802
222.854034
223.634354
224.409805
225.180389
225.946060
226.706863
227.462799
228.213852
228.960022
229.701309
230.437729
231.169250
231.895889
232.617645
233.334534
234.046539
234.753662
235.455917
236.153290
236.845764
237.533371
238.216095
238.893921
239.566895
240.234970
240.898163
241.556503
0.000000
0.900209
1.805645
2.716305
3.632192
4.553305
5.479643
6.411207
7.347998
8.290013
9.237255
10.189722
11.147415
12.110334
13.078479
14.051850
15.030447
16.014269
17.003319
17.997591
18.997091
20.001818
21.011768
22.026947
23.047348
24.072977
25.103832
26.139914
27.181219
28.227751
29.279509
30.336491
31.398705
32.466137
33.538803
34.616692
35.699799
36.788136
37.881702
38.980492
40.084511
41.191422
42.298916
43.406986
44.515633
45.624855
46.734657
47.845036
48.955986
50.067520
51.179626
52.292309
53.405567
54.519405
55.633823
56.748810
57.864380
58.980522
60.097244
61.214539
62.332413
63.450867
64.569893
65.689491
66.809669
67.930428
69.051765
70.173676
71.296165
72.419228
73.542862
74.665886
75.785332
76.901070
78.013107
79.121429
80.226059
81.326973
82.424194
83.517708
84.607513
85.693626
86.776016
87.854713
88.929703
90.000999
91.068573
92.132454
93.192627
94.249100
95.301865
96.350929
97.396286
98.437935
99.475883
100.510124
101.540665
102.567505
103.590637
104.610062
105.625786
106.638138
107.649162
108.659195
109.668228
110.676270
111.683319
112.689369
113.694420
114.698486
115.701553
116.703629
117.704712
118.704796
119.703880
120.701981
121.699081
122.695190
123.690300
124.684418
125.677544
126.669670
127.660805
128.650940
129.640091
130.628250
131.615402
132.601562
133.586731
134.570908
135.554077
136.536255
137.516830
138.495621
139.472595
140.447769
141.421158
142.392746
143.362518
144.330505
145.296692
146.261063
147.223648
148.184418
149.143402
150.100586
151.055939
152.009521
152.961288
153.911270
154.859451
155.805801
156.750381
157.693146
158.634109
159.573288
160.510651
161.446228
162.379990
163.311951
164.242111
165.170486
166.096146
167.018234
167.936737
168.851654
169.763000
170.670761
171.574936
172.475510
173.372528
174.265945
175.155777
176.042038
176.924713
177.803802
178.679306
179.551239
180.419556
181.284317
182.145508
183.003082
183.857101
184.707520
185.554367
186.397614
187.237289
188.073380
188.905884
189.734818
190.560150
191.381912
192.200104
193.014679
193.825699
194.633133
195.436966
196.237213
197.033905
197.826996
198.616501
199.402435
200.184784
200.963531
201.738708
202.510300
203.278320
204.042740
204.803604
205.560852
206.314514
207.064636
207.811142
208.554062
209.293411
210.029175
210.761353
211.489944
212.214966
212.936386
213.654236
214.368484
215.079178
215.786270
216.489792
217.189713
217.886063
218.578827
219.268005
219.953613
220.635620
221.314041
221.988907
222.660156
223.327850
223.991943
224.652451
225.309402
225.962753
226.612518
227.258698
227.901291
228.540314
229.175735
229.807602
230.435867
231.060547
231.681641
232.299164
232.913086
233.523438
234.130219
234.733398
235.332993
235.929001
236.521439
