0.913197
0.043402
0.043402
0.043402
0.913197
0.043402
0.043402
0.043402
0.913197
0.000000
0.000000
0.000000
0.000000
0.000000
1.440758
3.067742
4.673518
6.258087
7.821446
9.363596
10.884539
12.384271
13.862796
15.320111
16.756220
18.171122
19.564812
20.937290
22.288565
23.618629
24.927486
26.215132
27.481573
28.726805
29.950821
31.153635
32.335243
33.495640
34.634827
35.752804
36.849571
37.925137
38.979488
40.012630
41.024570
42.015301
42.984818
43.933125
44.860229
45.766125
46.650803
47.514282
48.356548
49.177608
49.977459
50.756096
51.513531
52.249756
52.964767
53.658577
54.347275
55.046959
55.757626
56.479286
57.211933
57.955566
58.710186
59.475792
60.252388
61.039970
61.838539
62.648094
63.468636
64.300163
65.142685
65.996185
66.860687
67.736160
68.622627
69.520081
70.428528
71.347954
72.278366
73.219772
74.172165
75.135544
76.109909
77.095261
78.091599
79.098930
80.117241
81.146538
82.186829
83.234512
84.280777
85.325241
86.367889
87.408730
88.447769
89.484993
90.520416
91.554031
92.585823
93.615822
94.644005
95.670387
96.694946
97.717705
98.738663
99.757805
100.775139
101.790672
102.804382
103.816299
104.826393
105.834686
106.841179
107.845848
108.848717
109.849777
110.849037
111.846474
112.842110
113.835938
114.827957
115.818169
116.807266
117.799469
118.795471
119.795265
120.798866
121.806267
122.817467
123.832458
124.851250
125.873856
126.900246
127.930443
128.964432
130.002228
131.043808
132.089203
133.138397
134.191376
135.248169
136.308746
137.373154
138.441330
139.513321
140.589096
141.668686
142.752060
143.839249
144.930222
146.024994
147.123581
148.225952
149.332138
150.442108
151.555618
152.666306
153.771606
154.871506
155.966034
157.055161
158.138916
159.217270
160.290222
161.357803
162.419983
163.476791
164.528214
165.574234
166.614868
167.650116
168.679977
169.704437
170.723526
171.737228
172.745529
173.748444
174.745987
175.738129
176.724869
177.706238
178.682220
179.652817
180.617996
181.577820
182.532227
183.481277
184.424911
185.363174
186.295853
187.222794
188.143967
189.059402
189.969070
190.873001
191.771164
192.663589
193.550247
194.431137
195.306305
196.175705
197.039352
197.897263
198.749405
199.595779
200.436417
201.271301
202.100433
202.923828
203.741440
204.553314
205.359436
206.159790
206.954407
207.743271
208.526382
209.303726
210.075333
210.841171
211.601273
212.355606
213.104187
213.847015
214.584106
215.315430
216.041016
216.760834
217.474899
218.183212
218.885773
219.582581
220.273651
220.958954
221.638489
222.312302
222.980331
223.642624
224.299164
224.949951
225.594986
226.234268
226.867783
227.495560
228.117569
228.733841
229.344360
229.949112
230.548111
231.141373
231.728867
232.310608
232.886612
233.456848
234.021332
234.580078
235.133057
235.680283
236.221756
236.757477
237.287445
237.811661
0.000000
0.000000
0.000000
0.126775
1.673868
3.203943
4.717000
6.213040
7.692062
9.154065
10.599051
12.027020
13.437969
14.831902
16.208815
17.568714
18.911592
20.237453
21.546297
22.838123
24.112930
25.370720
26.611492
27.835245
29.041981
30.231701
31.404402
32.560089
33.698750
34.820396
35.925030
37.012634
38.083237
39.136806
40.173367
41.192913
42.195435
43.180935
44.149422
45.100891
46.035343
46.952774
47.853188
48.736588
49.602962
50.452332
51.284672
52.100006
52.898315
53.679607
54.443874
55.191128
55.921364
56.634586
57.330791
58.025063
58.732510
59.453117
60.186897
60.933846
61.693958
62.467239
63.253685
64.053299
64.866081
65.692039
66.531151
67.383438
68.248894
69.127510
70.019302
70.924248
71.842369
72.773659
73.718109
74.675735
75.646530
76.630486
77.627617
78.637909
79.661369
80.697998
81.747795
82.810753
83.886879
84.976181
86.078644
87.193733
88.309486
89.421028
90.528351
91.631454
92.730339
93.825005
94.915459
96.001686
97.083694
98.161491
99.235062
100.304420
101.369560
102.430481
103.487183
104.539665
105.587929
106.631973
107.671799
108.707413
109.738792
110.765968
111.788925
112.807655
113.822182
114.832474
115.838547
116.840416
117.838051
118.831482
119.820686
120.805672
121.787407
122.771629
123.759323
124.750458
125.745064
126.743126
127.744644
128.749619
129.758057
130.769958
131.785309
132.804123
133.826385
134.852097
135.881302
136.913940
137.950043
138.989609
140.032623
141.079102
142.129028
143.182434
144.239288
145.299591
146.363358
147.430588
148.501282
149.575424
150.653030
151.734085
152.818604
153.906570
154.998016
156.090561
157.178467
158.261475
159.339584
160.412796
161.481110
162.544525
163.603043
164.656662
165.705383
166.749207
167.788132
168.822144
169.851288
170.875504
171.894836
172.909271
173.918793
174.923431
175.923172
176.918015
177.907959
178.893005
179.873138
180.848389
181.818741
182.784195
183.744736
184.700378
185.651138
186.597000
187.537964
188.474014
189.404633
190.329361
191.248108
192.160950
193.067856
193.968811
194.863831
195.752930
196.636078
197.513275
198.384567
199.249908
200.109314
200.962784
201.810318
202.651917
203.487579
204.317307
205.141098
205.958954
206.770859
207.576843
208.376892
209.170990
209.959183
210.741409
211.517700
212.288071
213.052505
213.810989
214.563538
215.310150
216.050842
216.785583
217.514404
218.237274
218.954208
219.665207
220.370270
221.069397
221.762604
222.449860
223.131165
223.806564
224.476013
225.139511
225.797089
226.448730
227.094437
227.734192
228.368027
228.995926
229.617874
230.233902
230.843979
231.448135
232.046341
232.638626
233.224960
233.805374
234.379822
234.948349
235.510971
236.067627
236.618347
237.163132
237.701981
238.234894
238.761856
239.282913
0.000000
1.412171
2.811932
4.199284
5.574226
6.936759
8.286881
9.624596
10.949901
12.262796
13.563282
14.851357
16.127024
17.390284
18.641130
19.879570
21.105598
22.319220
23.520432
24.709232
25.885622
27.049604
28.201178
29.340343
30.467098
31.581442
32.683376
33.772900
34.850021
35.914726
36.967022
38.006908
39.034393
40.049461
41.052124
42.042374
43.020214
43.985645
44.938667
45.879284
46.807487
47.723282
48.626663
49.517639
50.396210
51.262363
52.116112
52.957447
53.786377
54.602898
55.407009
56.198708
56.977997
57.744873
58.510906
59.287647
60.075100
60.873260
61.682133
62.501713
63.332008
64.173012
65.024727
65.887138
66.760277
67.644112
68.538673
69.443932
70.359901
71.286591
72.223976
73.172081
74.130890
75.100418
76.080650
77.071594
78.073242
79.085609
80.108688
81.142464
82.186958
83.242165
84.308075
85.384285
86.461723
87.536667
88.609131
89.679115
90.746613
91.811615
92.874138
93.934174
94.991730
96.046783
97.099365
98.149460
99.197067
100.242188
101.284828
102.324974
103.362640
104.397820
105.430511
106.460709
107.488434
108.513664
109.536415
110.556679
111.574463
112.589752
113.602554
114.612877
115.620712
116.627197
117.639198
118.657845
119.683144
120.715088
121.753693
122.798935
123.850838
124.909393
125.974586
127.046432
128.124924
129.210083
130.301880
131.400345
132.505432
133.617188
134.735580
135.860626
136.992325
138.130676
139.275696
140.427338
141.585632
142.750595
143.922180
145.100433
146.285324
147.476883
148.675079
149.874695
151.062912
152.239151
153.403427
154.555710
155.696030
156.824356
157.940720
159.045105
160.137512
161.217941
162.286407
163.342880
164.387390
165.419907
166.440460
167.449036
168.445633
169.430267
170.402908
171.363571
172.312271
173.248978
174.173737
175.086487
175.987289
176.876099
177.752930
178.617798
179.470673
180.314072
181.150421
181.979736
182.802017
183.617279
184.425507
185.226685
186.020859
186.807983
187.588074
188.361130
189.127182
189.886185
190.638138
191.383087
192.120987
192.851868
193.575699
194.292511
195.002304
195.705048
196.400757
197.089447
197.771103
198.445724
199.113312
199.773865
200.427399
201.073898
201.713364
202.345795
202.971207
203.589569
204.200912
204.805206
205.402481
205.992722
206.575943
207.152115
207.721268
208.283371
208.838470
209.386520
209.927551
210.461533
210.988480
211.508423
212.021317
212.527176
213.026001
213.517807
214.002563
214.480316
214.951019
215.414703
215.871338
216.320953
216.763519
217.199066
217.627594
218.049072
218.463531
218.870941
219.271332
219.664688
220.051025
220.430313
220.802582
221.167801
221.526001
221.877182
222.221313
222.558426
222.888489
223.211533
223.527542
223.836517
224.138474
224.433380
224.721268
225.002121
225.275925
225.542725
