0.965556
0.017222
0.017222
0.017222
0.965556
0.017222
0.017222
0.017222
0.965556
0.000000
1.256539
2.472968
3.649285
4.785491
5.881586
6.937569
7.953442
8.949750
9.947040
10.945311
11.944564
12.944799
13.946017
14.948216
15.951398
16.955561
17.960705
18.966835
19.973942
20.982033
21.991108
23.001162
24.012197
25.024218
26.037218
27.051203
28.066168
29.082111
30.099041
31.116955
32.135845
33.155720
34.176579
35.198414
36.221237
37.244915
38.266727
39.285568
40.301430
41.314312
42.324223
43.331150
44.335106
45.336082
46.334084
47.329105
48.321148
49.310219
50.296310
51.279423
52.259560
53.236725
54.210907
55.182114
56.150345
57.115593
58.077869
59.037170
59.993492
60.946838
61.897205
62.844597
63.789009
64.730446
65.669510
66.609848
67.552071
68.496162
69.442146
70.390007
71.339745
72.291367
73.244873
74.200241
75.157501
76.116646
77.077660
78.040565
79.005348
79.972008
80.940544
81.910965
82.883263
83.857445
84.833504
85.811440
86.791267
87.772964
88.756538
89.742004
90.729340
91.718559
92.709663
93.699883
94.682487
95.657173
96.623955
97.582794
98.533722
99.476730
100.411819
101.338982
102.258224
103.169548
104.072960
104.968437
105.855995
106.735641
107.607368
108.471169
109.327042
110.175003
111.015045
111.847168
112.671364
113.487640
114.295998
115.096436
115.888947
116.673546
117.450226
118.218987
118.982224
119.742363
120.499397
121.253334
122.004166
122.751892
123.496513
124.238037
124.976448
125.711761
126.443970
127.173073
127.899071
128.621979
129.341782
130.058456
130.772049
131.482529
132.189926
132.894196
133.595367
134.293442
134.988403
135.680283
136.369034
137.054688
137.737244
138.416687
139.093048
139.766296
140.436417
141.103455
141.767395
142.428223
143.085938
143.740570
144.392105
145.040512
145.685822
146.328033
146.967148
147.603134
148.236038
148.865829
149.492523
150.116119
150.736603
151.353973
151.968262
152.579422
153.187500
153.792480
154.394333
154.993103
155.588760
156.181320
156.770752
157.357117
157.940353
158.520508
159.097519
159.671463
160.242294
160.810013
161.374634
161.936157
162.494568
163.049896
163.602112
164.151199
164.697205
165.240112
165.779907
166.316589
166.850189
167.380676
167.908051
168.432327
168.953506
169.471573
169.986557
170.498413
171.007172
171.512833
172.015381
172.514832
173.011185
173.504440
173.994568
174.481613
174.965546
175.446381
175.924103
176.398727
176.870255
177.338654
177.803970
178.266190
178.725296
179.181305
179.634186
180.083984
180.530685
180.974274
181.414764
181.852127
182.286407
182.717590
183.145660
183.570633
183.992493
184.411255
184.826920
185.239471
185.648926
186.055267
186.458511
186.858658
187.255692
187.649628
188.040451
188.428177
188.812805
189.194321
189.572739
189.948059
190.320267
190.689377
191.055374
191.418274
191.778076
192.134766
192.488373
0.000000
0.765368
1.577647
2.436836
3.342935
4.295944
5.295863
6.342693
7.436433
8.577084
9.764644
10.999114
12.252074
13.495104
14.728206
15.951375
17.164616
18.367926
19.561304
20.744755
21.918276
23.081865
24.235525
25.379253
26.513054
27.636925
28.750864
29.854872
30.948952
32.033100
33.107319
34.171608
35.225967
36.270397
37.304897
38.329464
39.344105
40.348812
41.343586
42.330318
43.320332
44.315514
45.315865
46.321381
47.332062
48.347916
49.368931
50.395115
51.426472
52.462990
53.504673
54.551529
55.603554
56.660740
57.723099
58.790619
59.863312
60.941170
62.024193
63.112385
64.205750
65.304268
66.407967
67.516823
68.630852
69.750046
70.874413
71.996498
73.108864
74.211517
75.304443
76.387650
77.461136
78.524910
79.578957
80.623283
81.657890
82.682785
83.697960
84.703407
85.699135
86.685143
87.661438
88.628014
89.584862
90.531998
91.469406
92.397095
93.315071
94.223320
95.121864
96.010674
96.889771
97.759140
98.620071
99.480194
100.340805
101.201889
102.063454
102.925484
103.788002
104.650993
105.514458
106.378403
107.242821
108.107727
108.973091
109.838943
110.705269
111.572075
112.439354
113.307106
114.175346
115.044052
115.913239
116.782906
117.653038
118.523651
119.394745
120.266312
121.138359
122.010872
122.880646
123.744392
124.602150
125.453888
126.299614
127.139343
127.973061
128.800781
129.622498
130.438202
131.247894
132.051575
132.849258
133.640945
134.426620
135.206284
135.979950
136.747604
137.509262
138.264893
139.014542
139.758163
140.495789
141.227417
141.953033
142.672638
143.386230
144.093826
144.795410
145.490997
146.180573
146.864136
147.541702
148.213272
148.878830
149.538376
150.191910
150.839447
151.480988
152.116501
152.746017
153.369522
153.987045
154.598541
155.204025
155.803513
156.396988
156.984467
157.565933
158.141403
158.710861
159.274323
159.831757
160.383194
160.928635
161.468048
162.001480
162.528885
163.050293
163.565704
164.075104
164.578506
165.075882
165.567261
166.052643
166.531998
167.005356
167.472717
167.934052
168.389404
168.838745
169.282074
169.719391
170.150726
170.576035
170.995346
171.408646
171.815933
172.217224
172.612518
173.001785
173.385056
173.762314
174.133575
174.498825
174.858078
175.211319
175.558563
175.899780
176.235001
176.564224
176.887436
177.204651
177.515839
177.821030
178.120209
178.413406
178.700577
178.981750
179.256897
179.526062
179.789215
180.046356
180.297501
180.542648
180.781769
181.014877
181.242004
181.463104
181.678223
181.887314
182.090408
182.287491
182.478561
182.663651
182.842712
183.015762
183.182816
183.343872
183.498917
183.647949
183.790985
183.928009
184.059021
184.184036
184.303040
184.416046
184.523041
184.624039
184.719009
184.807999
184.890961
184.967941
185.038879
0.000000
1.085583
2.213284
3.383101
4.595036
5.849087
7.145256
8.458524
9.763873
11.061304
12.350818
13.632411
14.906087
16.171844
17.429684
18.679602
19.921606
21.155687
22.381853
23.600098
24.810425
26.012836
27.207325
28.393896
29.572552
30.743288
31.906105
33.061005
34.208477
35.351566
36.490765
37.626072
38.757488
39.885014
41.008644
42.128384
43.244236
44.356197
45.464268
46.568447
47.668736
48.765129
49.857635
50.946247
52.030972
53.111801
54.188744
55.261795
56.330952
57.396225
58.460949
59.528484
60.598820
61.671967
62.747921
63.826679
64.908257
65.992622
67.079803
68.169792
69.262589
70.358192
71.456604
72.557823
73.661842
74.768677
75.878311
76.990753
78.106010
79.224060
80.344933
81.466171
82.573242
83.663704
84.737564
85.794830
86.835487
87.859543
88.866989
89.857834
90.832085
91.789726
92.730766
93.655197
94.563034
95.454262
96.328888
97.186913
98.028343
98.853157
99.661369
100.452980
101.227997
101.992355
102.752014
103.506966
104.257202
105.002747
105.743584
106.479721
107.211151
107.937874
108.659897
109.377213
110.089836
110.797745
111.500954
112.199455
112.893257
113.582352
114.266747
114.946434
115.621422
116.291702
116.957283
117.618156
118.274323
118.925789
119.572556
120.214615
120.851967
121.484619
122.112564
122.735817
123.354355
123.968185
124.577316
125.181755
125.781479
126.376495
126.966820
127.552437
128.133347
128.709549
129.281052
129.847855
130.409943
130.967346
131.520035
132.068024
132.611298
133.149872
133.683746
134.212921
134.737381
135.257141
135.772202
136.282562
136.788208
137.289154
137.785400
138.276932
138.763779
139.245895
139.723343
140.196060
140.664078
141.127411
141.586014
142.039917
142.489136
142.933624
143.373428
143.808533
144.238922
144.664612
145.085587
145.501862
145.913452
146.320312
146.722488
147.119965
147.512726
147.900772
148.284119
148.662766
149.036728
149.405960
149.770493
150.130341
150.485474
150.835907
151.181625
151.522644
151.858963
152.190567
152.517471
152.839691
153.157196
153.470001
153.778076
154.081467
154.380157
154.674133
154.963425
155.248001
155.527878
155.803040
156.073502
156.339264
156.600327
156.856674
157.108322
157.355270
157.597519
157.835052
158.067886
158.296005
158.519440
158.738174
158.952194
159.161514
159.366119
159.566025
159.761230
159.951736
160.137527
160.318619
160.495010
160.666702
160.833679
160.995956
161.153534
161.306412
161.454575
161.598038
161.736801
161.870865
162.000198
162.124847
162.244797
162.360046
162.470581
162.576401
162.677536
162.773956
162.865692
162.952713
163.035019
163.112625
163.185547
163.253738
163.317245
163.376053
163.430145
163.479523
163.524216
163.564194
163.599472
163.630035
163.655914
163.677078
163.693542
163.705307
163.712357
163.714722
