0.950873
0.024563
0.024563
0.024563
0.950873
0.024563
0.024563
0.024563
0.950873
0.000000
0.000000
0.000000
0.000000
0.000000
0.000000
0.000000
0.000000
1.010670
2.658688
4.296341
5.923632
7.540556
9.147117
10.743315
12.329150
13.904617
15.469724
17.024466
18.568844
20.102856
21.626501
23.139790
24.642708
26.135263
27.617455
29.089283
30.550749
32.001850
33.442581
34.872955
36.292961
37.702610
39.101887
40.490803
41.869354
43.237541
44.595364
45.942822
47.279919
48.606647
49.923012
51.229015
52.524654
53.809929
55.084835
56.349384
57.603561
58.847378
60.080837
61.303925
62.516651
63.719013
64.911003
66.092636
67.263908
68.424805
69.575356
70.715530
71.845337
72.964790
74.073868
75.172592
76.260948
77.338943
78.406570
79.463837
80.510727
81.547264
82.573441
83.589249
84.594696
85.589775
86.574486
87.548836
88.512825
89.466446
90.409698
91.342590
92.265129
93.177292
94.079102
94.970528
95.851608
96.722321
97.582657
98.432640
99.272255
100.101517
100.920403
101.728935
102.527084
103.314880
104.092323
104.859375
105.616089
106.362427
107.098412
107.824028
108.539276
109.244148
109.938675
110.622818
111.296616
111.960045
112.613106
113.264221
113.921715
114.585625
115.255943
115.932671
116.615807
117.305351
118.001312
118.703674
119.412460
120.127640
120.849251
121.577248
122.311668
123.052498
123.799736
124.553391
125.313446
126.079918
126.852798
127.632080
128.417786
129.209900
130.008408
130.813339
131.624680
132.442429
133.266586
134.097168
134.934128
135.777542
136.627335
137.483536
138.346161
139.215195
140.090637
140.972321
141.859192
142.751083
143.648010
144.549942
145.456894
146.368896
147.285889
148.207916
149.134964
150.067032
151.004120
151.946243
152.893372
153.845535
154.802719
155.764923
156.732132
157.704376
158.681641
159.663940
160.651245
161.643585
162.640945
163.643311
164.650711
165.663132
166.680573
167.703049
168.730530
169.763031
170.800568
171.843124
172.890686
173.943298
175.000916
176.063568
177.128113
178.191483
179.253662
180.314636
181.374435
182.433044
183.490448
184.546677
185.601715
186.655548
187.708191
188.759659
189.809921
190.858994
191.906891
192.953583
193.999084
195.043411
196.086533
197.128464
198.169220
199.208786
200.247147
201.284317
202.320297
203.355087
204.388687
205.421097
206.452316
207.482361
208.511200
209.538849
210.565308
211.590561
212.614639
213.637527
214.659363
215.680679
216.701645
217.722260
218.742477
219.762344
220.781830
221.800964
222.819733
223.838135
224.856155
225.873840
226.891129
227.908066
228.924622
229.940811
230.956650
231.972107
232.987213
234.001953
235.016312
236.030304
237.043945
238.057205
239.070099
240.082642
241.094803
242.106598
243.118042
244.129105
245.139786
246.150116
247.160095
248.169693
249.178925
250.187790
251.196289
252.119644
252.873108
253.456619
253.870224
0.000000
0.000000
1.195647
2.565764
3.929209
5.285984
6.636088
7.979520
9.316283
10.646373
11.969794
13.286542
14.596621
15.900028
17.196764
18.486828
19.770226
21.046947
22.317001
23.580381
24.837091
26.087132
27.330500
28.567198
29.797224
31.020580
32.237263
33.447277
34.650620
35.847290
37.037289
38.220623
39.397282
40.567268
41.730587
42.887234
44.037209
45.180511
46.317146
47.447109
48.570400
49.687019
50.796970
51.900249
52.996853
54.086792
55.170055
56.246655
57.316578
58.379829
59.436409
60.486320
61.529560
62.566132
63.596020
64.619247
65.635811
66.645699
67.648911
68.645454
69.635323
70.618523
71.595055
72.564911
73.528107
74.484619
75.434471
76.377640
77.314148
78.243980
79.167145
80.083633
80.993462
81.896606
82.793091
83.682892
84.566025
85.442497
86.312294
87.175415
88.031868
88.881653
89.724762
90.561203
91.390968
92.214066
93.035538
93.860466
94.688828
95.520638
96.355881
97.194565
98.036697
98.882271
99.731270
100.583725
101.439613
102.298958
103.161728
104.027939
104.897598
105.770691
106.647224
107.527206
108.410622
109.297485
110.187790
111.081520
111.978706
112.879326
113.783394
114.690903
115.601852
116.516235
117.434059
118.355331
119.280037
120.208191
121.139778
122.074814
123.013283
123.955200
124.900551
125.849350
126.801582
127.757263
128.716370
129.678940
130.644348
131.611237
132.579559
133.549255
134.520370
135.492874
136.466797
137.442123
138.418854
139.396988
140.376541
141.357483
142.339813
143.323578
144.308731
145.295303
146.283279
147.272644
148.263428
149.255615
150.249191
151.244202
152.240601
153.238388
154.237595
155.238205
156.240234
157.243652
158.248489
159.254715
160.262360
161.271408
162.281845
163.293701
164.306946
165.321625
166.337692
167.355164
168.374039
169.394318
170.416000
171.439102
172.463242
173.486084
174.507294
175.526840
176.544724
177.560959
178.575546
179.588486
180.599777
181.609421
182.617416
183.623734
184.628418
185.631454
186.632828
187.632568
188.630630
189.627060
190.621826
191.614960
192.606430
193.596252
194.584412
195.570938
196.555801
197.539017
198.520569
199.500504
200.478760
201.455368
202.430328
203.403625
204.375290
205.345291
206.313644
207.280350
208.245392
209.208801
210.170547
211.130646
212.089081
213.045868
214.001083
214.956482
215.912796
216.870010
217.828110
218.787125
219.747040
220.707855
221.669571
222.632202
223.595703
224.560135
225.525452
226.491684
227.458801
228.426834
229.395752
230.365601
231.336334
232.307968
233.280502
234.253937
235.228271
236.203522
237.179657
238.156708
239.134644
240.113510
241.093246
242.073914
243.055466
244.037903
245.021271
246.005524
246.990677
247.976746
248.963699
249.951569
250.940338
251.930008
252.920578
253.912048
254.904434
255.000000
0.000000
0.000000
0.000000
0.000000
0.000000
0.507077
2.041409
3.566762
5.083138
6.590534
8.088950
9.578387
11.058845
12.530324
13.992824
15.446346
16.890888
18.326450
19.753035
21.170639
22.579264
23.978914
25.369581
26.751268
28.123978
29.487709
30.842463
32.188236
33.525028
34.852844
36.171677
37.481533
38.782413
40.074314
41.357231
42.631168
43.896130
45.152115
46.399120
47.637142
48.866188
50.086254
51.297340
52.499451
53.692577
54.876728
56.051899
57.218090
58.375301
59.523540
60.662796
61.793068
62.914364
64.026680
65.130020
66.224380
67.309761
68.386162
69.453575
70.512024
71.561493
72.601974
73.633484
74.656006
75.669556
76.674126
77.669716
78.656334
79.633965
80.602615
81.562286
82.512985
83.454704
84.387436
85.311195
86.225967
87.131775
88.028603
88.916435
89.795303
90.665176
91.526085
92.378006
93.220955
94.054924
94.879913
95.695923
96.502953
97.301003
98.096062
98.894150
99.695251
100.499382
101.306519
102.116676
102.929855
103.746048
104.565262
105.387489
106.212738
107.041000
107.872292
108.706589
109.543915
110.384247
111.227600
112.073967
112.923363
113.775764
114.631195
115.489632
116.351097
117.215576
118.083069
118.953590
119.827118
120.703667
121.583229
122.465820
123.351418
124.240044
125.131676
126.026329
126.924011
127.824699
128.728409
129.635132
130.544876
131.457642
132.373489
133.292648
134.215088
135.140823
136.069855
137.002182
137.937790
138.876709
139.818924
140.764420
141.713211
142.665298
143.620697
144.579391
145.541351
146.506622
147.475189
148.447067
149.422226
150.400665
151.382416
152.367462
153.355789
154.347427
155.342346
156.340576
157.342087
158.346893
159.355011
160.366409
161.381104
162.399094
163.420380
164.444962
165.472839
166.503998
167.538467
168.576218
169.617279
170.661621
171.708633
172.754364
173.798187
174.840103
175.880096
176.918182
177.954361
178.988632
180.020981
181.051422
182.079956
183.106583
184.131287
185.154083
186.174957
187.193939
188.210999
189.226151
190.239395
191.250717
192.260132
193.267639
194.273239
195.276917
196.278687
197.278549
198.276489
199.272522
200.266663
201.258881
202.249161
203.237564
204.224045
205.208618
206.191269
207.172012
208.150848
209.127762
210.102783
211.075882
212.047104
213.017578
213.987671
214.957458
215.926895
216.895981
217.864746
218.833160
219.801224
220.768967
221.736359
222.703400
223.670120
224.636505
225.602524
226.568222
227.533585
228.498596
229.463272
230.427597
231.391586
232.355255
233.318558
234.281540
235.244156
236.206451
237.168411
238.130020
239.091293
240.052231
241.012817
241.973068
242.932968
243.892563
244.851776
245.810669
246.769211
247.727432
248.685303
249.642838
250.600021
251.477310
252.195084
252.753342
253.152115
253.391357
253.471115
