0.971186
0.014407
0.014407
0.014407
0.971186
0.014407
0.014407
0.014407
0.971186
0.000000
1.628115
3.119881
4.475297
5.694364
6.777081
7.791506
8.805695
9.819651
10.833370
11.846856
12.860106
13.873122
14.885901
15.898448
16.910757
17.922834
18.934677
19.946283
20.957653
21.968790
22.979692
23.990356
25.000790
26.010988
27.020950
28.030678
29.040169
30.049425
31.058449
32.067238
33.075790
34.084110
35.092194
36.100040
37.107651
38.115028
39.122173
40.129082
41.135757
42.142197
43.148399
44.154369
45.160103
46.165604
47.170872
48.175896
49.180687
50.185249
51.189575
52.193665
53.197556
54.201324
55.204979
56.208523
57.211948
58.215263
59.218456
60.221539
61.224506
62.227360
63.230099
64.232727
65.235237
66.237625
67.239906
68.242073
69.244125
70.246056
71.247879
72.249580
73.251175
74.252655
75.254021
76.255264
77.256401
78.257416
79.258324
80.259109
81.259781
82.260345
83.260788
84.261116
85.261330
86.261436
87.261421
88.261292
89.261047
90.260689
91.260223
92.259628
93.258926
94.258110
95.257179
96.256134
97.254974
98.253586
99.251335
100.248123
101.243942
102.238777
103.232658
104.225563
105.217499
106.208466
107.198456
108.187485
109.175545
110.162628
111.148743
112.133888
113.118065
114.101273
115.083511
116.064774
117.045074
118.024406
119.002762
119.980141
120.956558
121.932007
122.906487
123.879997
124.852531
125.824097
126.794701
127.764328
128.732986
129.700668
130.667389
131.633148
132.597931
133.561737
134.524582
135.486435
136.447327
137.407272
138.366226
139.324219
140.281235
141.237289
142.192474
143.148727
144.106888
145.066956
146.028915
146.992783
147.958542
148.926208
149.895767
150.867233
151.840591
152.815857
153.793030
154.772079
155.753052
156.735901
157.720673
158.707336
159.695892
160.686356
161.678711
162.672974
163.669128
164.667206
165.667160
166.669022
167.672775
168.678452
169.686005
170.695480
171.706833
172.720093
173.735245
174.752319
175.771271
176.792145
177.814896
178.839569
179.866119
180.894577
181.924957
182.957199
183.991364
185.027420
186.065384
187.105240
188.143021
189.174713
190.200363
191.219940
192.233429
193.240860
194.242233
195.237534
196.226761
197.209930
198.187012
199.158051
200.123001
201.081894
202.034698
202.981461
203.922134
204.856766
205.785309
206.707779
207.624207
208.534546
209.438812
210.337021
211.229156
212.115234
212.995224
213.869156
214.737030
215.598816
216.454544
217.304199
218.147781
218.985321
219.816757
220.642151
221.461472
222.274734
223.081894
223.883011
224.678055
225.467041
226.249939
227.026779
227.797546
228.562271
229.320892
230.073456
230.819946
231.560379
232.294739
233.023041
233.745270
234.461411
235.171509
235.875519
236.573486
237.265366
237.951172
238.630920
239.304596
239.972198
240.633743
241.289230
241.938629
242.581955
243.219238
243.850418
244.475571
0.000000
0.678881
1.426453
2.242715
3.127666
4.081308
5.103641
6.194663
7.354375
8.582778
9.841708
11.093007
12.336672
13.572704
14.801103
16.021870
17.235001
18.440502
19.638369
20.828602
22.011202
23.186171
24.353504
25.513206
26.665276
27.809710
28.946512
30.075682
31.197220
32.311123
33.417389
34.516029
35.607033
36.690407
37.766144
38.834251
39.894722
40.947559
41.992767
43.030338
44.060280
45.082584
46.097260
47.104298
48.103710
49.095482
50.079624
51.056129
52.025009
52.986256
53.939861
54.885838
55.824184
56.756149
57.689243
58.624725
59.562592
60.502838
61.445477
62.390499
63.337902
64.287697
65.239868
66.194435
67.151375
68.110710
69.072418
70.036522
71.003006
71.971878
72.943138
73.916779
74.892807
75.871216
76.852005
77.835190
78.820763
79.808716
80.799049
81.791763
82.786880
83.784363
84.784241
85.786507
86.791153
87.798180
88.807602
89.819397
90.833588
91.850159
92.869118
93.890465
94.914185
95.940300
96.968788
97.999672
99.032944
100.067337
101.101570
102.135666
103.169617
104.203430
105.237083
106.270599
107.303970
108.337189
109.370270
110.403206
111.435989
112.468628
113.501129
114.533478
115.565681
116.597748
117.629662
118.661430
119.693054
120.724533
121.755867
122.787048
123.818100
124.848999
125.879745
126.910347
127.940804
128.971130
130.001297
131.031311
132.061203
133.090927
134.120514
135.149963
136.179260
137.208420
138.237411
139.266281
140.294998
141.323563
142.351990
143.380280
144.408493
145.437225
146.466553
147.496445
148.526947
149.558029
150.589706
151.621994
152.654831
153.688293
154.722336
155.756973
156.792191
157.828003
158.864410
159.901413
160.938995
161.977158
163.015930
164.055298
165.095245
166.135773
167.176926
168.218628
169.260941
170.303848
171.347351
172.391434
173.436096
174.481384
175.527237
176.573685
177.620728
178.668350
179.716568
180.765381
181.814774
182.864777
183.915359
184.966537
186.018295
187.070648
188.123596
189.177139
190.226898
191.268463
192.301895
193.327118
194.344208
195.353104
196.353836
197.346405
198.330811
199.307037
200.275116
201.235001
202.186722
203.130280
204.065659
204.992889
205.911942
206.822815
207.725540
208.620087
209.506454
210.384659
211.254700
212.116562
212.970276
213.815796
214.653168
215.482361
216.303391
217.116257
217.920944
218.717468
219.505814
220.286011
221.058029
221.821869
222.577560
223.325058
224.064407
224.795578
225.518585
226.233414
226.940094
227.638580
228.328934
229.011078
229.685074
230.350906
231.008560
231.658035
232.299362
232.932510
233.557495
234.174301
234.782959
235.383438
235.975723
236.559875
237.135849
237.703644
238.263275
238.814758
239.358032
239.893173
240.420120
240.938934
241.449539
241.951996
242.446274
242.932388
243.410355
243.880127
0.000000
1.936844
3.559825
4.868942
6.020823
7.172093
8.322754
9.472804
10.622245
11.771075
12.919294
14.066904
15.213905
16.360296
17.506075
18.651243
19.795803
20.939754
22.083094
23.225822
24.367943
25.509453
26.650352
27.790642
28.930319
30.069387
31.207848
32.345695
33.482937
34.619564
35.755585
36.890987
38.025791
39.159977
40.293556
41.426525
42.558887
43.690632
44.821774
45.952301
47.082218
48.211525
49.340221
50.468307
51.594643
52.718090
53.838646
54.956310
56.071083
57.182968
58.291962
59.398064
60.501274
61.601597
62.699020
63.793560
64.885208
65.973969
67.059837
68.142807
69.222893
70.300087
71.374390
72.445801
73.514320
74.579948
75.642693
76.702545
77.759499
78.813568
79.864754
80.913033
81.958427
83.000938
84.040543
85.077271
86.111099
87.142044
88.170090
89.195251
90.217522
91.236900
92.253380
93.266983
94.279694
95.293526
96.308487
97.324570
98.341774
99.360100
100.379547
101.400131
102.421822
103.444649
104.468582
105.493652
106.519844
107.547150
108.575584
109.605148
110.635826
111.667633
112.700562
113.734612
114.769783
115.806084
116.843506
117.882050
118.921707
119.962494
121.004410
122.047447
123.091606
124.136887
125.183289
126.230820
127.279465
128.329239
129.380142
130.432159
131.485306
132.539566
133.594955
134.651459
135.707947
136.763214
137.817276
138.870163
139.921844
140.972305
142.021576
143.069656
144.116516
145.162201
146.206665
147.249939
148.292007
149.332901
150.372574
151.411041
152.448303
153.484390
154.519257
155.552933
156.585403
157.616684
158.646759
159.675629
160.703308
161.729782
162.755051
163.779114
164.801987
165.823669
166.844147
167.863403
168.881485
169.898361
170.914032
171.928513
172.941788
173.953873
174.964737
175.974411
176.977997
177.970612
178.952271
179.922958
180.882660
181.831421
182.769211
183.695999
184.611862
185.516724
186.410645
187.293579
188.165558
189.026550
189.876587
190.715652
191.543762
192.360870
193.167038
193.962234
194.746460
195.519730
196.282013
197.033340
197.773682
198.503082
199.221481
199.928925
200.625412
201.310928
201.985474
202.649048
203.301666
203.943298
204.573975
205.193665
205.802414
206.400162
206.986984
207.562805
208.127655
208.681549
209.224472
209.756439
210.277435
210.787460
211.286514
211.774582
212.251694
212.717865
213.173035
213.617249
214.050491
214.472778
214.884064
215.284409
215.673782
216.052185
216.419617
216.776093
217.121582
217.456116
217.779678
218.092270
218.393890
218.684555
218.964233
219.232956
219.490723
219.737503
219.973312
220.198151
220.412033
220.614960
220.806900
220.987869
221.157898
221.316925
221.464996
221.602097
221.728226
221.843384
221.947601
222.040833
222.123077
222.194382
222.254715
222.304062
222.342453
222.369873
222.386322
222.391800
