0.932682
0.033659
0.033659
0.033659
0.932682
0.033659
0.033659
0.033659
0.932682
0.000000
0.882654
1.766118
2.650392
3.535476
4.421371
5.308075
6.195590
7.083914
7.973048
8.862994
9.753748
10.645313
11.537687
12.430873
13.324868
14.219675
15.114819
16.009836
16.904728
17.799492
18.694126
19.588634
20.483013
21.377266
22.271391
23.165386
24.059256
24.952995
25.846609
26.740095
27.633451
28.526680
29.419783
30.312757
31.205601
32.098320
32.990910
33.883373
34.775707
35.667915
36.559998
37.451946
38.343769
39.235462
40.127033
41.018471
41.909782
42.800972
43.692028
44.582954
45.473755
46.364433
47.254978
48.145397
49.035686
49.925846
50.815880
51.705791
52.595566
53.485214
54.374741
55.264137
56.153400
57.042545
57.931557
58.820446
59.709290
60.600021
61.493431
62.389515
63.288273
64.189713
65.093819
66.000610
66.910080
67.822212
68.737038
69.654526
70.574692
71.497543
72.423058
73.351257
74.282127
75.215683
76.151909
77.090813
78.032387
78.976639
79.923576
80.873184
81.825462
82.780418
83.738052
84.698364
85.661346
86.627014
87.595352
88.566368
89.540070
90.516434
91.495476
92.477196
93.461594
94.448662
95.438416
96.430840
97.425934
98.423714
99.424164
100.427299
101.433105
102.441582
103.452736
104.466576
105.483086
106.502266
107.524132
108.547852
109.568504
110.585289
111.598206
112.607239
113.612396
114.613686
115.611092
116.604622
117.594284
118.580063
119.561966
120.539993
121.514153
122.484421
123.450829
124.413353
125.372009
126.326775
127.277679
128.224701
129.167847
130.107117
131.042526
131.974030
132.901688
133.825455
134.745346
135.661362
136.573502
137.481781
138.386169
139.286682
140.183319
141.076080
141.964966
142.849991
143.731125
144.608383
145.481766
146.351273
147.216904
148.078659
148.936554
149.790558
150.640686
151.486938
152.329330
153.167816
154.002457
154.833206
155.662003
156.493546
157.328049
158.165527
159.005951
159.849335
160.695694
161.544998
162.397263
163.252487
164.110703
164.971848
165.835968
166.703033
167.573074
168.446075
169.322037
170.200943
171.082809
171.967667
172.855453
173.746231
174.639938
175.536606
176.436264
177.338852
178.244415
179.152954
180.064438
180.978882
181.896286
182.816650
183.739975
184.666260
185.595505
186.527725
187.462891
188.401031
189.342117
190.286179
191.233185
192.183151
193.136093
194.091995
195.050842
196.012665
196.977432
197.945175
198.915863
199.889526
200.866150
201.849182
202.842087
203.844864
204.857513
205.880035
206.912430
207.954697
209.006821
210.068832
211.140717
212.222473
213.314087
214.415573
215.526947
216.648193
217.779297
218.920273
220.071121
221.231857
222.402451
223.582901
224.773239
225.973465
227.183548
228.403488
229.633316
230.873016
232.122589
233.382019
234.651337
235.930511
237.219559
238.518494
239.827271
241.145950
242.474487
0.000000
1.355272
2.709818
4.063639
5.416734
6.769103
8.120747
9.471664
10.821858
12.171325
13.520066
14.868081
16.215372
17.561935
18.907774
20.249754
21.584738
22.912729
24.233727
25.547728
26.854738
28.154753
29.447773
30.733799
32.012833
33.284874
34.549919
35.807972
37.059025
38.303089
39.540154
40.770233
41.993313
43.209400
44.418491
45.620594
46.815701
48.003807
49.184925
50.359047
51.526176
52.686314
53.839451
54.985600
56.124748
57.256908
58.382072
59.500244
60.611423
61.715603
62.812790
63.902988
64.986191
66.062386
67.132912
68.205627
69.281830
70.361534
71.444725
72.531418
73.621613
74.715294
75.812477
76.913155
78.017326
79.125000
80.236160
81.350822
82.468987
83.590645
84.715782
85.844437
86.976578
88.112221
89.251358
90.393990
91.540115
92.689743
93.842857
94.999481
96.159592
97.323196
98.490303
99.660904
100.835007
102.012596
103.193687
104.378273
105.566353
106.757935
107.953003
109.151573
110.353638
111.559204
112.764053
113.963989
115.158997
116.349091
117.534256
118.714508
119.889839
121.060242
122.225739
123.386299
124.541946
125.692680
126.838493
127.979385
129.115341
130.246399
131.372528
132.493729
133.610016
134.721390
135.827835
136.929367
138.025970
139.117645
140.204422
141.286270
142.363190
143.435196
144.502274
145.564438
146.621704
147.674011
148.721420
149.763916
150.801468
151.834106
152.861847
153.884644
154.902527
155.916214
156.929962
157.944550
158.959915
159.976074
160.993042
162.010818
163.029388
164.048752
165.068924
166.089890
167.111679
168.134247
169.157623
170.181808
171.206772
172.232574
173.259140
174.286530
175.314697
176.343689
177.373474
178.404053
179.435440
180.467636
181.500626
182.534409
183.569000
184.604385
185.640594
186.677582
187.715363
188.753952
189.793365
190.833557
191.874557
192.916367
193.958954
195.002365
196.046555
197.084854
198.110596
199.123718
200.124283
201.112244
202.087631
203.050415
204.000641
204.938263
205.863297
206.775757
207.675629
208.562912
209.437607
210.299713
211.149246
211.986191
212.810547
213.622299
214.421494
215.208099
215.982101
216.743530
217.492371
218.228622
218.952301
219.663391
220.361877
221.047806
221.721130
222.381866
223.030014
223.665604
224.288589
224.898987
225.496796
226.082031
226.654678
227.214737
227.762207
228.297089
228.819397
229.329117
229.826233
230.310776
230.782745
231.242111
231.688904
232.123093
232.544724
232.953751
233.350204
233.734055
234.105331
234.464020
234.810135
235.143631
235.464584
235.772919
236.068680
236.351868
236.622452
236.880463
237.125885
237.358704
237.578949
237.786621
237.981689
238.164185
238.334091
238.491409
238.636154
238.768295
238.887863
238.994827
239.089218
239.171021
239.240250
239.296890
239.340927
239.372391
239.391296
239.397568
0.000000
4.532497
8.129987
10.792470
12.971368
15.118131
17.232752
19.315229
21.365564
23.383755
25.369802
27.323704
29.245468
31.135084
32.992561
34.817890
36.611080
38.372124
40.101028
41.797783
43.462402
45.094875
46.695206
48.263390
49.799431
51.303329
52.775085
54.214699
55.622173
56.997498
58.345966
59.699280
61.062717
62.436279
63.819969
65.213783
66.617729
68.031792
69.455986
70.890312
72.334755
73.789337
75.254036
76.728859
78.213814
79.708893
81.214096
82.729424
84.254890
85.790474
87.336189
88.892029
90.457993
92.034081
93.620293
95.216644
96.823105
98.427956
100.019409
101.597466
103.162140
104.713409
106.251305
107.775803
109.286919
110.784637
112.268967
113.739906
115.197464
116.641617
118.072388
119.489769
120.893761
122.284363
123.661568
125.025391
126.375824
127.712868
129.036514
130.346771
131.643646
132.927139
134.197220
135.455841
136.714478
137.975037
139.237503
140.501923
141.768265
143.036530
144.306732
145.578857
146.852905
148.128876
149.406784
150.686615
151.968384
153.252075
154.537674
155.825226
157.114700
158.406097
159.699432
160.994690
162.291855
163.590958
164.891998
166.194962
167.499863
168.806686
170.109985
171.404327
172.689728
173.966156
175.233627
176.492157
177.741714
178.982315
180.213959
181.436646
182.650375
183.855164
185.050964
186.237823
187.415726
188.584671
189.744659
190.895691
192.037766
193.170868
194.295029
195.410233
196.516464
197.613754
198.702087
199.781448
200.851852
201.913315
202.965820
204.009354
205.043930
206.069565
207.086227
208.093933
209.092682
210.082489
211.063324
212.035202
212.998138
213.952087
214.897110
215.833145
216.760254
217.678375
218.587555
219.487778
220.379059
221.261353
222.134705
222.999084
223.854538
224.701004
225.538528
226.367096
227.186676
227.997345
228.799026
229.591766
230.375534
231.150345
231.916214
232.673111
233.421051
234.160034
234.890076
235.611145
236.323257
237.026413
237.720627
238.405869
239.082138
239.749466
240.407837
241.057251
241.697708
242.329208
242.951752
243.565338
244.169952
244.765625
245.352341
245.930099
246.498901
247.058731
247.609604
248.151550
248.684509
249.208511
249.723572
250.229675
250.726807
251.214981
251.694214
252.164474
252.625778
253.078125
253.521515
253.955948
254.381424
254.797943
255.000000
255.000000
255.000000
255.000000
255.000000
255.000000
255.000000
255.000000
255.000000
255.000000
255.000000
255.000000
255.000000
255.000000
255.000000
255.000000
255.000000
255.000000
255.000000
255.000000
255.000000
255.000000
255.000000
255.000000
255.000000
255.000000
255.000000
255.000000
255.000000
255.000000
255.000000
255.000000
255.000000
255.000000
255.000000
255.000000
255.000000
255.000000
255.000000
255.000000
255.000000
255.000000
255.000000
255.000000
255.000000
255.000000
