0.992313
0.003843
0.003843
0.003843
0.992313
0.003843
0.003843
0.003843
0.992313
0.000000
1.358830
2.699697
4.022601
5.327543
6.614522
7.883538
9.134592
10.367682
11.582811
12.779977
13.959179
15.120420
16.263697
17.389013
18.496365
19.585756
20.657183
21.710646
22.746149
23.763689
24.763264
25.744879
26.708529
27.654217
28.581942
29.501196
30.421459
31.342733
32.265022
33.188324
34.112640
35.037964
35.964302
36.891655
37.820019
38.749397
39.679787
40.611187
41.543606
42.477032
43.411469
44.346924
45.283386
46.220863
47.159355
48.098862
49.039375
49.980907
50.923447
51.867001
52.811565
53.757145
54.703735
55.651340
56.599953
57.549583
58.500225
59.451881
60.404545
61.358227
62.312920
63.268623
64.225342
65.183067
66.141823
67.101570
68.062340
69.024124
69.986916
70.950722
71.915543
72.881371
73.848213
74.816071
75.784943
76.754822
77.725716
78.697624
79.670547
80.644470
81.619423
82.595375
83.572754
84.551964
85.532990
86.515846
87.500542
88.487053
89.475395
90.465569
91.457565
92.451393
93.447044
94.444534
95.443840
96.444984
97.447945
98.452736
99.459358
100.467804
101.478081
102.490181
103.504112
104.519875
105.537460
106.556877
107.578117
108.601181
109.626083
110.652809
111.681358
112.711739
113.743950
114.777985
115.813850
116.851540
117.891060
118.932404
119.975586
121.020576
122.067406
123.116066
124.166550
125.218864
126.273010
127.328979
128.386765
129.446396
130.507843
131.571121
132.636230
133.703171
134.771927
135.842514
136.914917
137.989166
139.065247
140.143143
141.222870
142.302505
143.380157
144.455795
145.529434
146.601089
147.670731
148.738373
149.804031
150.867661
151.929321
152.988968
154.046616
155.102264
156.155914
157.207581
158.257217
159.304886
160.350540
161.394196
162.435852
163.475510
164.513168
165.548828
166.582489
167.614151
168.643814
169.671478
170.697128
171.720795
172.742477
173.762131
174.779800
175.795471
176.809128
177.820801
178.830475
179.838150
180.843811
181.847488
182.849167
183.848831
184.846512
185.842194
186.835861
187.827545
188.817215
189.804886
190.790588
191.774246
192.755936
193.735611
194.713303
195.688980
196.662674
197.634354
198.604050
199.571732
200.538330
201.504639
202.470673
203.436462
204.402008
205.367279
206.332306
207.297073
208.261581
209.225830
210.189835
211.153580
212.117065
213.080307
214.043274
215.005997
215.968460
216.930664
217.892624
218.854324
219.815735
220.776932
221.737854
222.698532
223.658951
224.619110
225.578995
226.538651
227.498047
228.457184
229.416061
230.374680
231.333038
232.291153
233.249008
234.206604
235.163956
236.121033
237.077866
238.034439
238.990753
239.946823
240.902634
241.858185
242.813477
243.768509
244.723282
245.677826
246.632095
247.586090
248.539856
249.493362
250.446594
251.399582
252.352325
253.304810
254.257019
254.971115
255.000000
0.000000
0.000000
0.000000
0.071509
1.666819
3.229920
4.760812
6.259494
7.725967
9.160231
10.562284
11.932129
13.269762
14.575188
15.848404
17.089411
18.298208
19.474796
20.619171
21.731342
22.811300
23.859049
24.874590
25.857922
26.809044
27.744333
28.680174
29.616564
30.553505
31.490997
32.429035
33.367626
34.306763
35.246452
36.186695
37.127480
38.068821
39.010708
39.953152
40.896137
41.839676
42.783764
43.728405
44.673588
45.619328
46.565613
47.512447
48.459839
49.407772
50.356258
51.305294
52.254879
53.205017
54.155701
55.106937
56.058723
57.011055
57.963936
58.917374
59.871357
60.825890
61.780975
62.736610
63.692791
64.649529
65.606812
66.564636
67.523026
68.481956
69.441444
70.401466
71.362572
72.325844
73.291313
74.258965
75.228828
76.200874
77.175117
78.151558
79.130196
80.111023
81.094055
82.079277
83.066689
84.056297
85.048111
86.042114
87.038315
88.036697
89.037285
90.040077
91.045044
92.052216
93.061592
94.073151
95.086914
96.102859
97.121010
98.141357
99.163895
100.188629
101.215553
102.244675
103.275993
104.309509
105.345230
106.383125
107.423233
108.465523
109.510017
110.556694
111.605576
112.656654
113.709923
114.765396
115.823044
116.882896
117.944290
119.004379
120.062889
121.119812
122.175156
123.228912
124.281097
125.331688
126.380699
127.428131
128.473984
129.518234
130.560913
131.602020
132.641541
133.679474
134.715820
135.750595
136.783768
137.815369
138.845383
139.873825
140.900681
141.925934
142.949631
143.971756
144.992264
146.011215
147.028564
148.044342
149.058533
150.071136
151.082169
152.091614
153.099472
154.105743
155.110443
156.113556
157.115097
158.115051
159.113403
160.110184
161.105377
162.098999
163.091049
164.081482
165.070511
166.059677
167.049362
168.039536
169.030243
170.021423
171.013138
172.005341
172.998062
173.991287
174.985016
175.979263
176.974014
177.969269
178.965027
179.961304
180.958084
181.955368
182.953156
183.951462
184.950272
185.949585
186.949402
187.949738
188.950577
189.951935
190.953781
191.956146
192.959015
193.962387
194.966263
195.970657
196.975555
197.980957
198.986877
199.993286
201.000214
202.007645
203.015594
204.024048
205.033005
206.042465
207.052444
208.062912
209.073898
210.085403
211.097336
212.107742
213.115646
214.121063
215.123978
216.124405
217.122330
218.117737
219.110672
220.101089
221.089020
222.074448
223.057373
224.037811
225.015762
225.991196
226.964142
227.934586
228.902542
229.867996
230.830948
231.791397
232.749359
233.704819
234.657776
235.608261
236.556213
237.501694
238.444672
239.385147
240.323120
241.258606
242.191589
243.122086
244.050064
244.975555
245.898544
246.819061
247.737045
248.652542
249.565567
250.476074
251.384064
252.289597
253.192612
254.093124
254.991135
0.000000
1.681067
3.295167
4.842299
6.322465
7.735664
9.081895
10.361159
11.573456
12.718787
13.797150
14.808546
15.787024
16.766634
17.747377
18.729252
19.712259
20.696400
21.681671
22.668074
23.655607
24.644278
25.634075
26.625008
27.617071
28.610268
29.604595
30.600054
31.596645
32.594368
33.593231
34.593216
35.594337
36.596588
37.599979
38.604492
39.610142
40.616924
41.624836
42.633881
43.644058
44.655373
45.667812
46.681385
47.696091
48.711926
49.728897
50.746998
51.766235
52.786606
53.808102
54.830734
55.854496
56.879387
57.905418
58.932575
59.960869
60.990292
62.020847
63.052536
64.085358
65.119308
66.154388
67.190613
68.227951
69.266441
70.306046
71.346794
72.388672
73.431679
74.475815
75.521095
76.567116
77.613518
78.660286
79.707436
80.754959
81.802856
82.851128
83.899773
84.948792
85.998177
87.047943
88.098083
89.148598
90.199486
91.250740
92.302383
93.354393
94.406769
95.459534
96.512665
97.566162
98.620049
99.674301
100.728928
101.783928
102.839302
103.895050
104.951172
106.007668
107.064545
108.121788
109.179405
110.237404
111.295769
112.354515
113.413628
114.473114
115.532967
116.593216
117.653816
118.714813
119.776161
120.837891
121.899994
122.962479
124.025337
125.088562
126.152168
127.216141
128.280487
129.345215
130.410309
131.475784
132.541626
133.607849
134.674438
135.741425
136.808762
137.876465
138.944565
140.011978
141.077698
142.141754
143.204086
144.264725
145.323669
146.380936
147.436478
148.490341
149.542496
150.592972
151.641724
152.688797
153.734192
154.777847
155.819855
156.860123
157.898712
158.935623
159.970810
161.004303
162.036118
163.066223
164.094635
165.121353
166.146378
167.169693
168.191315
169.211258
170.229477
171.246017
172.260864
173.274017
174.285461
175.295212
176.303268
177.309631
178.314301
179.317261
180.318527
181.318115
182.315979
183.312164
184.306641
185.299423
186.290527
187.279922
188.267609
189.253616
190.237930
191.220551
192.201447
193.180679
194.158203
195.134033
196.108139
197.080597
198.051315
199.020355
199.987701
200.952393
201.913513
202.871033
203.824982
204.775330
205.722107
206.665268
207.604858
208.540848
209.473267
210.402084
211.327316
212.248962
213.167023
214.081497
214.992386
215.899689
216.803391
217.703506
218.600052
219.492981
220.382355
221.268112
222.150299
223.028900
223.903900
224.775330
225.643158
226.507401
227.368057
228.225113
229.078598
229.928482
230.774796
231.617508
232.456635
233.292175
234.124130
234.952484
235.777267
236.598465
237.416061
238.230072
239.040512
239.847336
240.650604
241.450256
242.246338
243.038818
243.827713
244.613022
245.394760
246.172897
246.947449
247.718399
248.485764
249.249557
250.009766
250.766357
251.519394
252.176743
252.646255
252.927979
253.021881
