0.976103
0.011948
0.011948
0.011948
0.976103
0.011948
0.011948
0.011948
0.976103
0.000000
0.740798
1.503954
2.289468
3.097341
3.927571
4.780159
5.655105
6.552409
7.472072
8.414091
9.378469
10.365205
11.374299
12.405750
13.459560
14.535729
15.634254
16.755140
17.898380
19.063982
20.251938
21.447329
22.635221
23.815617
24.988516
26.153919
27.311825
28.462236
29.605148
30.740564
31.868483
32.988911
34.101837
35.207264
36.305202
37.395641
38.478577
39.554024
40.621971
41.682423
42.735378
43.780838
44.818802
45.849266
46.872234
47.887707
48.895679
49.896164
50.889149
51.874634
52.852623
53.823116
54.786110
55.741611
56.689613
57.630119
58.563129
59.488647
60.406666
61.317184
62.220215
63.115738
64.003769
64.884315
65.757347
66.622887
67.480934
68.331490
69.174538
70.011658
70.852318
71.698090
72.548950
73.404922
74.265999
75.132172
76.003464
76.879845
77.761330
78.647919
79.539619
80.436424
81.338318
82.245331
83.157440
84.074661
84.996979
85.924393
86.856926
87.794556
88.737282
89.685120
90.638062
91.596107
92.559258
93.527504
94.500862
95.479317
96.462875
97.451546
98.445312
99.444191
100.448166
101.457245
102.471428
103.490715
104.515106
105.544609
106.579201
107.618904
108.663712
109.713623
110.768631
111.828751
112.893982
113.964294
115.039726
116.120262
117.201225
118.277946
119.350433
120.418686
121.482697
122.542465
123.598007
124.649300
125.696358
126.739174
127.777763
128.812103
129.842209
130.868073
131.889709
132.907089
133.920242
134.929153
135.933823
136.934265
137.930466
138.922424
139.910156
140.893631
141.872879
142.847900
143.818649
144.785187
145.747467
146.705536
147.659348
148.608917
149.554260
150.495361
151.432220
152.364853
153.293228
154.217392
155.137283
156.052963
156.964401
157.871582
158.774536
159.673264
160.567734
161.457993
162.343994
163.225739
164.104385
164.986603
165.873520
166.765137
167.661423
168.562439
169.468124
170.378525
171.293610
172.213379
173.137863
174.067017
175.000885
175.939453
176.882690
177.830643
178.783295
179.740631
180.702652
181.669373
182.640808
183.616928
184.597733
185.583221
186.573441
187.568329
188.567917
189.572205
190.581177
191.594849
192.613220
193.636292
194.664047
195.696487
196.733643
197.775482
198.822021
199.873260
200.929169
201.989807
203.055115
204.125122
205.199829
206.279221
207.363327
208.452118
209.545593
210.643784
211.746643
212.849640
213.948090
215.042038
216.131454
217.216385
218.296799
219.372681
220.444061
221.510941
222.573303
223.631149
224.684479
225.733307
226.777618
227.817413
228.852707
229.883484
230.909744
231.931503
232.948746
233.961472
234.969696
235.973389
236.972580
237.967270
238.957443
239.943115
240.924255
241.900894
242.873016
243.840622
244.803711
245.762299
246.716385
247.665955
248.610992
249.551544
250.487579
251.419083
252.346100
0.000000
0.913463
1.830413
2.750849
3.674772
4.602180
5.533075
6.467457
7.405325
8.346680
9.291520
10.239846
11.191661
12.146960
13.105747
14.068019
15.033779
16.003023
16.975754
17.951973
18.931679
19.914867
20.901545
21.891708
22.885357
23.882494
24.883118
25.887224
26.894819
27.905903
28.920469
29.938522
30.960066
31.983135
33.005791
34.028023
35.049835
36.071228
37.092201
38.112751
39.132889
40.152596
41.171894
42.190762
43.209213
44.227245
45.244858
46.262047
47.278820
48.295170
49.311096
50.326607
51.341698
52.356369
53.370617
54.384445
55.397858
56.410847
57.423416
58.435562
59.447289
60.458603
61.469482
62.479958
63.490002
64.499634
65.508835
66.517616
67.525993
68.533936
69.541466
70.548569
71.555252
72.561523
73.567368
74.572792
75.577797
76.582382
77.586548
78.590302
79.593704
80.596771
81.599487
82.601868
83.603897
84.605591
85.606941
86.607956
87.608620
88.608948
89.608932
90.608574
91.607880
92.606834
93.605453
94.603729
95.601662
96.599251
97.596504
98.593407
99.589973
100.586197
101.582077
102.577621
103.572823
104.567673
105.562187
106.556358
107.550186
108.543686
109.536827
110.529640
111.522102
112.514221
113.506004
114.497437
115.488533
116.479286
117.469704
118.459770
119.449493
120.438881
121.427925
122.416634
123.404999
124.393013
125.381142
126.369850
127.359131
128.348999
129.339417
130.330429
131.322006
132.314163
133.306885
134.300171
135.294052
136.288498
137.283524
138.279114
139.275284
140.272034
141.269333
142.267242
143.265701
144.264725
145.264343
146.264526
147.265289
148.266632
149.268524
150.271027
151.274078
152.277695
153.281906
154.286682
155.292023
156.297958
157.304443
158.311508
159.319153
160.327377
161.336182
162.345551
163.355484
164.365997
165.377090
166.388748
167.400986
168.413803
169.427185
170.441132
171.455322
172.467712
173.477966
174.486084
175.492065
176.495911
177.497604
178.497177
179.494583
180.489868
181.483017
182.474014
183.462891
184.449615
185.434219
186.416656
187.396973
188.375153
189.351181
190.325089
191.296844
192.266464
193.233948
194.199280
195.162476
196.123550
197.082489
198.039276
198.993927
199.946442
200.896805
201.845047
202.791138
203.735092
204.676910
205.616608
206.554138
207.489532
208.422806
209.353928
210.282913
211.209763
212.134476
213.057053
213.977478
214.895767
215.811920
216.730194
217.654816
218.585785
219.523102
220.466766
221.416794
222.373169
223.335907
224.304977
225.280411
226.262192
227.250336
228.244812
229.245651
230.252838
231.266388
232.286285
233.312515
234.345108
235.384064
236.429367
237.481018
238.539032
239.603378
240.674103
241.751144
242.834579
243.924316
245.020447
246.122910
247.231720
248.346909
249.468445
250.596313
251.730530
252.871109
254.018036
0.000000
0.803674
1.625234
2.464682
3.322017
4.197238
5.090347
6.001342
6.930225
7.876995
8.841652
9.824195
10.824624
11.842942
12.879147
13.933238
15.005218
16.095083
17.202835
18.328474
19.472002
20.633413
21.801476
22.964954
24.123848
25.278154
26.427876
27.573011
28.713562
29.849525
30.980906
32.107700
33.229908
34.347527
35.460564
36.569016
37.672882
38.772163
39.866852
40.956963
42.042488
43.123421
44.199776
45.271538
46.338718
47.401318
48.459324
49.512749
50.561588
51.605835
52.645508
53.680588
54.711082
55.736992
56.758316
57.775051
58.787205
59.794773
60.797752
61.796154
62.789959
63.779182
64.763824
65.743874
66.719345
67.690239
68.656525
69.619019
70.582405
71.547455
72.514183
73.482582
74.452660
75.424400
76.397827
77.372917
78.349678
79.328117
80.308220
81.289993
82.273453
83.258575
84.245369
85.233841
86.223984
87.215797
88.209290
89.204445
90.201279
91.199783
92.199951
93.201813
94.205330
95.210518
96.217392
97.225929
98.236137
99.248024
100.261574
101.276802
102.293701
103.312279
104.332520
105.354439
106.378029
107.403297
108.430237
109.458839
110.489120
111.521065
112.554695
113.589996
114.626961
115.664581
116.701828
117.738701
118.775208
119.811325
120.847076
121.882454
122.917450
123.952087
124.986343
126.020226
127.053734
128.086868
129.119629
130.152008
131.184036
132.215668
133.246933
134.277832
135.308350
136.338486
137.368271
138.397659
139.426697
140.455338
141.483612
142.511520
143.539062
144.566208
145.592987
146.619400
147.645447
148.671097
149.696381
150.721298
151.745834
152.770020
153.793793
154.817215
155.840256
156.862946
157.885239
158.907150
159.928711
160.949875
161.970352
162.988144
164.002914
165.014679
166.023407
167.029144
168.031845
169.031540
170.028229
171.021896
172.012543
173.000168
173.984787
174.966400
175.944977
176.920563
177.893112
178.862656
179.829178
180.792694
181.753189
182.710663
183.665115
184.616562
185.565002
186.510406
187.452820
188.392197
189.328568
190.261932
191.192261
192.119598
193.043900
193.965179
194.883453
195.798721
196.710983
197.620209
198.526428
199.429626
200.329803
201.226974
202.121124
203.012253
203.900391
204.785477
205.666092
206.540695
207.409317
208.271942
209.128571
209.979218
210.823837
211.662506
212.495148
213.321808
214.142487
214.957153
215.765839
216.568527
217.365219
218.155914
218.940628
219.719345
220.492065
221.258789
222.019531
222.774261
223.523010
224.265762
225.002518
225.733292
226.458054
227.176849
227.889633
228.596436
229.297226
229.992035
230.680847
231.363678
232.040497
232.711319
233.376160
234.035004
234.687851
235.334717
235.975586
236.610458
237.239334
237.862213
238.479111
239.090012
239.694916
240.293839
240.886749
241.473663
242.054611
242.629532
