0.987129
0.006436
0.006436
0.006436
0.987129
0.006436
0.006436
0.006436
0.987129
0.000000
0.783104
1.573750
2.371939
3.177670
3.990945
4.811761
5.640121
6.476024
7.319469
8.170458
9.028988
9.895061
10.768678
11.649836
12.538537
13.434781
14.338569
15.249898
16.168770
17.095186
18.029144
18.970644
19.919685
20.876272
21.840399
22.812073
23.791285
24.778044
25.772341
26.774181
27.783567
28.800497
29.820625
30.839628
31.857498
32.874241
33.889851
34.904327
35.917675
36.929890
37.940979
38.950935
39.959759
40.967453
41.974014
42.979446
43.983749
44.986919
45.988956
46.989868
47.989639
48.988285
49.985806
50.982193
51.977440
52.971565
53.964561
54.956413
55.947147
56.936745
57.925217
58.912552
59.898758
60.883835
61.867779
62.850594
63.832272
64.812828
65.792244
66.770531
67.747696
68.723724
69.698624
70.672394
71.645027
72.616539
73.586914
74.556152
75.524261
76.491249
77.457092
78.421822
79.385399
80.347916
81.310638
82.274094
83.238289
84.203209
85.168861
86.135246
87.102371
88.070213
89.038795
90.008118
90.978172
91.948952
92.920456
93.892700
94.865677
95.839394
96.813835
97.789017
98.764915
99.741554
100.718933
101.697037
102.675873
103.655441
104.635742
105.616776
106.598549
107.581039
108.564278
109.548233
110.532936
111.518364
112.504532
113.491425
114.479042
115.467400
116.456490
117.446320
118.436874
119.428154
120.420174
121.412933
122.406418
123.400635
124.395584
125.391266
126.387680
127.384827
128.382706
129.381317
130.380676
131.380463
132.378983
133.375961
134.371368
135.365234
136.357529
137.348282
138.337479
139.325119
140.311188
141.295715
142.278717
143.260132
144.240005
145.218307
146.195068
147.170273
148.143921
149.116028
150.086563
151.055542
152.022980
152.988846
153.953171
154.915955
155.877167
156.836823
157.794922
158.751465
159.706467
160.659912
161.611801
162.562134
163.510910
164.458145
165.403809
166.347916
167.290482
168.231476
169.170929
170.108826
171.045181
171.979950
172.913193
173.844864
174.774994
175.703552
176.630569
177.556030
178.479950
179.402298
180.323090
181.244247
182.170395
183.101807
184.038437
184.980301
185.927414
186.879730
187.837296
188.800095
189.768112
190.741379
191.719849
192.703568
193.692520
194.686722
195.686127
196.690781
197.700653
198.715759
199.736099
200.761673
201.792496
202.828522
203.869797
204.916290
205.968018
207.024994
208.087189
209.154602
210.227280
211.305176
212.388290
213.476654
214.570236
215.669037
216.773087
217.882370
218.996902
220.116638
221.241623
222.371826
223.507278
224.647949
225.793854
226.944977
228.101349
229.262955
230.429794
231.601837
232.779144
233.961670
235.149429
236.302582
237.381363
238.385742
239.315720
240.171295
240.952469
241.659271
242.291641
242.849640
243.333221
243.742416
244.077209
244.337601
244.523590
244.635193
244.672394
0.000000
1.099625
2.195228
3.286811
4.374373
5.457913
6.537433
7.612932
8.684410
9.751868
10.815304
11.874719
12.930112
13.981484
15.028836
16.072168
17.111479
18.146770
19.178038
20.205284
21.228510
22.247715
23.262901
24.274065
25.281206
26.284328
27.283428
28.278507
29.269566
30.256603
31.239620
32.218616
33.193592
34.164547
35.134548
36.106678
37.080921
38.057289
39.035778
40.016384
40.999111
41.983963
42.970936
43.960026
44.951237
45.944572
46.940029
47.937603
48.937302
49.939117
50.943058
51.949116
52.957294
53.967594
54.980019
55.994564
57.011227
58.030006
59.050915
60.073940
61.099087
62.126354
63.155743
64.187248
65.220886
66.256638
67.294510
68.334503
69.376617
70.420845
71.467201
72.515686
73.566277
74.618996
75.673836
76.730804
77.789879
78.851082
79.914406
80.979858
82.047417
83.117104
84.188904
85.262833
86.338776
87.414688
88.489716
89.563850
90.637100
91.709465
92.780930
93.851517
94.921211
95.990013
97.057938
98.124969
99.191109
100.256363
101.320732
102.384216
103.446808
104.508507
105.569321
106.629250
107.688278
108.746429
109.803696
110.860069
111.915558
112.970154
114.023865
115.076691
116.128616
117.179665
118.229820
119.279091
120.327469
121.374954
122.421562
123.467278
124.512115
125.556053
126.599098
127.641258
128.682541
129.722931
130.762436
131.801041
132.838760
133.875595
134.911545
135.946594
136.980759
138.014053
139.046463
140.077789
141.107147
142.134354
143.159393
144.182297
145.203018
146.221603
147.238037
148.252319
149.264435
150.274399
151.282227
152.287872
153.291397
154.292740
155.291946
156.288986
157.283875
158.276611
159.267212
160.255646
161.241913
162.226044
163.208023
164.187836
165.165497
166.141006
167.114365
168.085556
169.054611
170.021515
170.986252
171.948822
172.909271
173.867538
174.823685
175.777649
176.729477
177.679138
178.626648
179.572006
180.515213
181.456253
182.395157
183.331894
184.266495
185.198929
186.129211
187.057343
187.983322
188.907135
189.830002
190.754837
191.681778
192.610809
193.541962
194.475204
195.410568
196.348022
197.287567
198.229233
199.173004
200.118866
201.066833
202.016922
202.969086
203.923370
204.879761
205.838242
206.798828
207.761520
208.726334
209.693222
210.662231
211.633331
212.606552
213.581863
214.559280
215.538803
216.520416
217.504166
218.489975
219.477905
220.467957
221.460098
222.454330
223.450684
224.449127
225.449692
226.452347
227.457108
228.463959
229.472946
230.484009
231.497162
232.512436
233.529831
234.549316
235.570892
236.594589
237.620377
238.648270
239.650162
240.597870
241.491440
242.330841
243.116089
243.847183
244.524124
245.146912
245.715546
246.230011
246.690338
247.096497
247.448517
247.746353
247.990067
248.179611
248.314987
248.396225
248.423309
0.000000
0.896997
1.802888
2.717671
3.641349
4.573918
5.515381
6.465737
7.424986
8.393128
9.370162
10.356091
11.350912
12.354625
13.367232
14.388732
15.419127
16.458414
17.506592
18.563665
19.629629
20.704487
21.788239
22.880884
23.978094
25.075552
26.173252
27.271196
28.369385
29.467817
30.566490
31.665411
32.764576
33.863979
34.963634
36.063526
37.163666
38.264046
39.364670
40.465546
41.566658
42.668018
43.769615
44.871460
45.973549
47.075882
48.178459
49.281281
50.384346
51.487656
52.591206
53.695004
54.799042
55.903328
57.007854
58.112617
59.217636
60.322891
61.428398
62.534145
63.640129
64.746368
65.852837
66.959564
68.066536
69.173737
70.281197
71.388893
72.496826
73.605011
74.713448
75.820999
76.926590
78.030212
79.131851
80.231514
81.329208
82.424927
83.518677
84.610451
85.700241
86.788063
87.873917
88.957794
90.039696
91.119621
92.197578
93.273560
94.347565
95.419594
96.489655
97.557739
98.623848
99.687981
100.750145
101.810333
102.868546
103.924782
104.979050
106.031342
107.081657
108.130005
109.176376
110.220779
111.263199
112.303642
113.342117
114.378616
115.413147
116.445702
117.476273
118.504883
119.531509
120.556168
121.578857
122.599556
123.618294
124.635056
125.650436
126.665009
127.678787
128.691772
129.703964
130.715347
131.725922
132.735703
133.744705
134.752899
135.760284
136.766876
137.772675
138.777679
139.781876
140.785278
141.787872
142.789673
143.790695
144.790894
145.790314
146.788925
147.786743
148.783752
149.779968
150.775391
151.770020
152.763840
153.756866
154.749100
155.740524
156.731155
157.720993
158.710022
159.698257
160.685684
161.672333
162.658173
163.643219
164.627457
165.610901
166.593567
167.575409
168.556458
169.536713
170.516174
171.494827
172.473282
173.452057
174.431198
175.410706
176.390549
177.370743
178.351303
179.332214
180.313461
181.295074
182.277039
183.259369
184.242035
185.225052
186.208435
187.192169
188.176254
189.160690
190.145477
191.130630
192.116104
193.101959
194.088165
195.074722
196.061615
197.048889
198.036499
199.024475
200.012787
201.001465
201.990494
202.979858
203.969604
204.959686
205.950119
206.940903
207.932053
208.923553
209.915405
210.907608
211.900162
212.893082
213.886322
214.879959
215.873932
216.868240
217.862915
218.846481
219.807419
220.745728
221.661453
222.554565
223.425064
224.272949
225.098221
225.900894
226.680939
227.438370
228.173218
228.885452
229.575043
230.242050
230.886444
231.508224
232.107391
232.683960
233.237915
233.769257
234.278000
234.764114
235.227631
235.668518
236.086823
236.482498
236.855560
237.206024
237.533875
237.839111
238.121750
238.381760
238.619171
238.833969
239.026154
239.195740
239.342697
239.467056
239.568802
239.647949
239.704468
239.738388
239.749680
