0.998817
0.000592
0.000592
0.000592
0.998817
0.000592
0.000592
0.000592
0.998817
0.000000
1.431093
2.772443
4.024050
5.185913
6.258033
7.240410
8.178443
9.117536
10.057686
10.998896
11.941161
12.884487
13.828872
14.774312
15.720813
16.668371
17.616987
18.566662
19.517395
20.469187
21.422035
22.375940
23.330908
24.286932
25.244015
26.202154
27.161352
28.121609
29.082924
30.045298
31.008728
31.973217
32.938763
33.905369
34.873035
35.841759
36.811535
37.782375
38.754272
39.727230
40.701241
41.676311
42.652447
43.629631
44.607876
45.587185
46.567547
47.548965
48.531445
49.514980
50.499577
51.485229
52.471943
53.459713
54.448540
55.438423
56.429371
57.421371
58.414433
59.408554
60.403732
61.399967
62.397259
63.395607
64.394363
65.392868
66.391106
67.389107
68.386856
69.384346
70.381584
71.378571
72.375313
73.371788
74.368019
75.363991
76.359726
77.355194
78.350410
79.345383
80.340096
81.334557
82.328766
83.322723
84.316429
85.309883
86.303085
87.296028
88.288727
89.281166
90.273354
91.265297
92.256981
93.248413
94.239586
95.230522
96.221191
97.211609
98.201790
99.191704
100.181366
101.170776
102.159935
103.148849
104.137505
105.125900
106.114052
107.101952
108.089592
109.076996
110.064125
111.051018
112.037651
113.024040
114.010162
114.996040
115.981667
116.967033
117.952156
118.937019
119.921638
120.905998
121.890305
122.874763
123.859360
124.844109
125.829002
126.814041
127.799225
128.784546
129.770035
130.755630
131.741409
132.727325
133.713364
134.699585
135.685913
136.672424
137.659042
138.645828
139.632767
140.619843
141.607056
142.594437
143.581940
144.569595
145.557388
146.545349
147.533432
148.521683
149.510056
150.498596
151.487274
152.476089
153.465073
154.454178
155.443420
156.432831
157.422394
158.412079
159.401932
160.391922
161.382050
162.372330
163.362747
164.353317
165.344025
166.334885
167.325897
168.317047
169.308334
170.299774
171.291367
172.283112
173.274994
174.267014
175.259186
176.251511
177.243973
178.236572
179.229706
180.223755
181.218704
182.214569
183.211349
184.209030
185.207626
186.207123
187.207535
188.208862
189.211075
190.214218
191.218262
192.223221
193.229080
194.235870
195.243561
196.252136
197.261642
198.272064
199.283386
200.295624
201.308762
202.322815
203.337769
204.353638
205.370422
206.388107
207.406723
208.426239
209.446640
210.467972
211.490204
212.513351
213.537415
214.562393
215.588257
216.615036
217.642731
218.671341
219.700836
220.731262
221.762604
222.794846
223.827988
224.862061
225.897034
226.932907
227.969696
229.007385
230.045990
231.085510
232.125946
233.167282
234.209518
235.252670
236.296738
237.341705
238.392548
239.454147
240.526535
241.609711
242.703659
243.808411
244.923935
246.050232
247.187332
248.335205
249.493866
250.663315
251.843536
253.034561
254.236343
255.000000
255.000000
0.000000
1.120041
2.210644
3.271807
4.303533
5.305820
6.278668
7.236985
8.195683
9.154761
10.114220
11.074058
12.034275
12.994873
13.955850
14.917206
15.878943
16.841059
17.803556
18.766432
19.729687
20.693323
21.657337
22.621733
23.586508
24.551664
25.517197
26.483112
27.449406
28.416079
29.383131
30.350565
31.318378
32.286568
33.255142
34.224094
35.193428
36.163139
37.133224
38.103699
39.074551
40.045780
41.017391
41.989380
42.961754
43.934505
44.907631
45.881138
46.855030
47.829300
48.803951
49.778976
50.754372
51.729855
52.705315
53.680752
54.656170
55.631557
56.606926
57.582272
58.557587
59.532883
60.508156
61.483402
62.458626
63.433826
64.409004
65.384155
66.359283
67.334396
68.309464
69.284523
70.259567
71.234573
72.209564
73.184525
74.159462
75.134377
76.109268
77.084137
78.058983
79.033806
80.008598
80.983376
81.958122
82.932846
83.907547
84.882233
85.856880
86.831512
87.806114
88.780701
89.755257
90.729797
91.704308
92.678787
93.653259
94.627708
95.602020
96.575630
97.548439
98.520447
99.491646
100.462036
101.431625
102.400406
103.368393
104.335564
105.301933
106.267502
107.232262
108.196213
109.159370
110.121719
111.083252
112.043999
113.003929
113.963058
114.921387
115.878899
116.835617
117.791519
118.746628
119.700928
120.654427
121.607109
122.558998
123.510078
124.460358
125.409821
126.358498
127.306366
128.253418
129.199661
130.145111
131.089752
132.033600
132.976624
133.918854
134.860291
135.800919
136.740723
137.679749
138.617950
139.556107
140.496033
141.437836
142.381485
143.327011
144.274414
145.223679
146.174805
147.127792
148.082626
149.039337
149.997925
150.958374
151.920685
152.884857
153.850891
154.818787
155.788559
156.760193
157.733688
158.709045
159.686279
160.665359
161.646317
162.629150
163.613831
164.600372
165.588791
166.579071
167.571213
168.565216
169.561096
170.558838
171.558426
172.559891
173.563232
174.568420
175.575470
176.584396
177.595200
178.607849
179.622360
180.638748
181.656998
182.677109
183.699097
184.721710
185.743759
186.765259
187.786148
188.806503
189.826263
190.845474
191.864090
192.882156
193.899643
194.916565
195.932892
196.948669
197.963882
198.978516
199.992569
201.006058
202.018982
203.031326
204.043106
205.054321
206.064941
207.075027
208.084503
209.093430
210.101791
211.109573
212.116791
213.123413
214.129501
215.134995
216.139923
217.144272
218.148056
219.151276
220.153931
221.156006
222.157516
223.158432
224.158798
225.158585
226.157822
227.156464
228.154526
229.152054
230.148987
231.145355
232.141144
233.136368
234.131027
235.125107
236.118622
237.111557
238.103928
239.095718
240.086960
241.077606
242.067703
243.057205
244.046158
245.034531
246.022339
247.009583
247.996231
248.982330
249.967850
0.000000
1.268287
2.100225
2.940411
3.788845
4.645525
5.510452
6.383627
7.265049
8.154717
9.052634
9.958798
10.873209
11.795867
12.726771
13.665923
14.613321
15.568966
16.532862
17.505001
18.485388
19.474024
20.470905
21.476036
22.489410
23.511034
24.540903
25.572525
26.599401
27.621534
28.638924
29.651567
30.659468
31.662624
32.661034
33.654701
34.643623
35.627800
36.607235
37.581924
38.551868
39.517071
40.477524
41.433239
42.384205
43.330429
44.271908
45.208645
46.140636
47.067875
47.990379
48.908138
49.824558
50.743031
51.663570
52.586174
53.510834
54.437553
55.366341
56.297188
57.230095
58.165058
59.102089
60.041183
60.982334
61.925549
62.870827
63.818161
64.767563
65.719017
66.672546
67.628128
68.585762
69.545471
70.507240
71.471062
72.436958
73.400558
74.357536
75.307877
76.251587
77.188667
78.119125
79.042946
79.960136
80.870697
81.774620
82.671921
83.562592
84.446632
85.324036
86.194809
87.058960
87.916473
88.767357
89.611610
90.449234
91.280228
92.104599
92.922325
93.733421
94.537895
95.339912
96.143616
96.949036
97.756157
98.564980
99.375511
100.187744
101.001678
101.817322
102.634674
103.453720
104.274475
105.096939
105.921104
106.746971
107.574547
108.403824
109.234802
110.067482
110.901878
111.737976
112.575768
113.415276
114.256477
115.099396
115.944008
116.790329
117.638351
118.488083
119.339516
120.192650
121.047493
121.904037
122.762291
123.622246
124.483902
125.347267
126.212334
127.079102
127.947586
128.817764
129.689651
130.563248
131.438538
132.315521
133.194229
134.074631
134.956757
135.840561
136.726089
137.613312
138.502228
139.392868
140.285202
141.179245
142.074982
142.972443
143.871582
144.772461
145.675018
146.579300
147.485260
148.392929
149.302322
150.213409
151.126190
152.040680
152.956863
153.874786
154.794388
155.715683
156.638702
157.563431
158.489853
159.417984
160.347809
161.279343
162.212601
163.147522
164.084183
165.022537
165.962601
166.904358
167.847809
168.792999
169.739868
170.688446
171.638733
172.590729
173.544403
174.499817
175.456924
176.415710
177.376251
178.338440
179.302383
180.267975
181.235321
182.204346
183.175079
184.147507
185.121658
186.097504
187.075073
188.054321
189.035294
190.017960
191.002319
191.988403
192.976166
193.965668
194.956833
195.949738
196.944351
197.940643
198.938644
199.938339
200.939774
201.942886
202.947708
203.954239
204.962463
205.972397
206.984039
207.997375
209.012436
210.029190
211.047638
212.067795
213.089645
214.113220
215.138504
216.165482
217.194153
218.224548
219.256653
220.290436
221.325928
222.363129
223.402054
224.442673
225.484970
226.529007
227.574738
228.622147
229.671295
230.722137
231.774673
232.828918
233.884872
234.942520
236.001907
237.062958
238.125717
