0.949265
0.025367
0.025367
0.025367
0.949265
0.025367
0.025367
0.025367
0.949265
0.000000
1.071077
2.133282
3.186616
4.231078
5.266669
6.293388
7.311236
8.320214
9.320318
10.311551
11.293915
12.267405
13.232022
14.187772
15.134646
16.072651
17.001787
17.922049
18.839113
19.758667
20.680702
21.605221
22.532225
23.461712
24.393684
25.328140
26.265079
27.204504
28.146408
29.090799
30.037676
30.987034
31.938879
32.893200
33.850014
34.809307
35.771088
36.735348
37.702095
38.671326
39.643036
40.617237
41.593922
42.573082
43.554737
44.538868
45.525486
46.514587
47.506176
48.500244
49.496799
50.495831
51.497353
52.501362
53.507847
54.516823
55.528278
56.542217
57.558643
58.577549
59.598942
60.622822
61.649181
62.678028
63.709354
64.743172
65.779465
66.818245
67.859512
68.903252
69.949486
70.998199
72.049088
73.100288
74.151482
75.202660
76.253845
77.305023
78.356194
79.407364
80.458534
81.509689
82.560844
83.612007
84.663147
85.714294
86.765434
87.816574
88.867699
89.918831
90.969955
92.021065
93.072189
94.123299
95.174408
96.225502
97.276604
98.327698
99.378792
100.429871
101.480949
102.532028
103.583092
104.634163
105.685234
106.736290
107.787338
108.838394
109.889442
110.940491
111.991524
113.042557
114.093590
115.144615
116.195641
117.246651
118.297668
119.348679
120.399689
121.450676
122.501671
123.552666
124.603653
125.654640
126.705612
127.756592
128.807556
129.857117
130.903870
131.947815
132.988937
134.027267
135.062775
136.095474
137.125366
138.152451
139.176727
140.198196
141.216843
142.232681
143.245697
144.255920
145.263336
146.267929
147.269714
148.268692
149.264862
150.258224
151.248764
152.236511
153.221420
154.203537
155.182846
156.159332
157.133026
158.103912
159.071976
160.037231
160.999664
161.959305
162.916122
163.870132
164.821335
165.769730
166.715317
167.658081
168.598053
169.535202
170.469543
171.401062
172.329788
173.255707
174.178787
175.099091
176.016571
176.931229
177.843094
178.752136
179.658371
180.561813
181.462418
182.360733
183.259628
184.159592
185.060669
185.962830
186.866074
187.770386
188.675812
189.582321
190.489899
191.398575
192.308350
193.219193
194.131134
195.044159
195.958267
196.873474
197.789749
198.707108
199.625580
200.545120
201.465775
202.387482
203.310287
204.234177
205.159164
206.085236
207.012390
207.940628
208.869965
209.800369
210.731873
211.664459
212.598145
213.532913
214.468765
215.405701
216.343719
217.282822
218.223038
219.164322
220.106689
221.050156
221.994690
222.940323
223.887054
224.834869
225.783768
226.733749
227.684799
228.636948
229.590195
230.544525
231.499954
232.456451
233.417572
234.386887
235.364380
236.350052
237.343918
238.345947
239.356171
240.374557
241.401123
242.435883
243.478821
244.529938
245.589233
246.656693
247.732346
248.816177
249.908203
251.008392
252.116760
0.000000
1.027963
2.051833
3.071611
4.087297
5.098889
6.106390
7.109799
8.109117
9.104340
10.095471
11.082512
12.065458
13.044312
14.019076
14.989747
15.956325
16.918810
17.877205
18.831505
19.781713
20.727831
21.669853
22.610975
23.554388
24.500092
25.448084
26.398367
27.350941
28.305801
29.262955
30.222397
31.184128
32.148151
33.114464
34.083065
35.053955
36.027138
37.002609
37.980370
38.960423
39.942764
40.927395
41.914314
42.903526
43.895023
44.888817
45.884899
46.883266
47.883930
48.886883
49.892120
50.899651
51.909470
52.921577
53.935978
54.952667
55.971645
56.992916
58.016476
59.042328
60.070465
61.100891
62.133614
63.168625
64.205925
65.245506
66.287392
67.331558
68.378014
69.426765
70.477798
71.531128
72.586746
73.644653
74.704857
75.767342
76.830414
77.892372
78.953217
80.012947
81.071564
82.129059
83.185440
84.240707
85.294861
86.347900
87.399818
88.450623
89.500313
90.548889
91.596352
92.642693
93.687927
94.732040
95.775040
96.816917
97.857689
98.897339
99.935875
100.973297
102.009605
103.044800
104.078880
105.111839
106.143677
107.174416
108.204025
109.232529
110.259918
111.286179
112.311333
113.335373
114.358299
115.380104
116.400795
117.420372
118.438835
119.456184
120.472412
121.487518
122.501526
123.514412
124.526184
125.536835
126.546371
127.554794
128.562103
129.568298
130.573380
131.577332
132.580338
133.582520
134.583862
135.584412
136.584137
137.583054
138.581131
139.578400
140.574844
141.570480
142.565292
143.559296
144.552460
145.544815
146.536362
147.527084
148.516998
149.506073
150.494339
151.481796
152.468414
153.454239
154.439224
155.423401
156.406754
157.389297
158.371017
159.351929
160.332001
161.311264
162.289719
163.267365
164.244171
165.220154
166.195328
167.169693
168.143234
169.115952
170.087860
171.058945
172.029205
172.998657
173.967285
174.935089
175.902069
176.868256
177.833618
178.798157
179.761871
180.724777
181.686859
182.648132
183.608582
184.568192
185.527512
186.487015
187.446716
188.406631
189.366714
190.327011
191.287491
192.248154
193.209045
194.170105
195.131363
196.092819
197.054459
198.016312
198.978348
199.940567
200.903000
201.865631
202.828430
203.791458
204.754654
205.718048
206.681641
207.645432
208.609421
209.573593
210.537949
211.502518
212.467270
213.432236
214.397369
215.362717
216.328247
217.293991
218.259903
219.226013
220.192337
221.158829
222.125549
223.092438
224.059540
225.026810
225.994308
226.961975
227.929825
228.897888
229.866150
230.834610
231.803253
232.772095
233.741119
234.710342
235.679764
236.649384
237.620285
238.593521
239.569122
240.547058
241.527359
242.510010
243.495026
244.482376
245.472092
246.464157
247.458557
248.455338
249.454453
250.455933
251.459763
252.465927
253.474472
0.000000
1.365480
2.695786
3.990919
5.250879
6.475664
7.665277
8.819715
9.938980
11.023071
12.071990
13.085734
14.064303
15.007701
15.915925
16.809071
17.707235
18.610420
19.518625
20.431849
21.350094
22.273355
23.201637
24.134937
25.073259
26.016600
26.964960
27.918339
28.876738
29.840155
30.808592
31.782045
32.760525
33.744019
34.732533
35.726067
36.724621
37.728195
38.736786
39.750397
40.769028
41.792675
42.821346
43.855034
44.893745
45.937473
46.986217
48.039986
49.098774
50.162579
51.231403
52.305248
53.384109
54.467995
55.556896
56.650818
57.749756
58.853718
59.962696
61.076698
62.195717
63.319756
64.448807
65.582886
66.721977
67.866096
69.015236
70.169197
71.323837
72.477440
73.630020
74.781570
75.932083
77.081566
78.230026
79.377449
80.523849
81.669212
82.813553
83.956863
85.099136
86.240387
87.380608
88.519791
89.657951
90.795082
91.931183
93.066246
94.200287
95.333298
96.465271
97.596222
98.726135
99.855026
100.982887
102.109718
103.235512
104.360283
105.484016
106.606728
107.728416
108.849068
109.968681
111.087265
112.204834
113.321365
114.436867
115.551331
116.664764
117.777184
118.888557
119.998917
121.108223
122.216522
123.323784
124.430008
125.535210
126.639374
127.742516
128.844635
129.945251
131.041672
132.133438
133.220535
134.302994
135.380783
136.453903
137.522369
138.586182
139.645340
140.699829
141.749649
142.794830
143.835342
144.871201
145.902405
146.928940
147.950806
148.968033
149.980591
150.988495
151.991745
152.990326
153.984253
154.973526
155.958130
156.938080
157.913376
158.884003
159.849976
160.811295
161.767944
162.719940
163.667282
164.609970
165.547989
166.481354
167.410049
168.334076
169.253464
170.168198
171.078262
171.983688
172.884430
173.780518
174.671951
175.558716
176.440826
177.318283
178.191071
179.059219
179.922699
180.781509
181.637177
182.493225
183.349854
184.207077
185.064880
185.923264
186.782227
187.641785
188.501923
189.362640
190.223953
191.085831
191.948303
192.811356
193.674988
194.539215
195.404007
196.269394
197.135361
198.001923
198.869049
199.736771
200.605072
201.473953
202.343430
203.213470
204.084106
204.955322
205.827133
206.699509
207.572479
208.446030
209.320160
210.194870
211.070175
211.946060
212.822525
213.699570
214.577209
215.455429
216.334213
217.213608
218.093567
218.974121
219.855240
220.736969
221.619263
222.502136
223.385605
224.269653
225.154282
226.039505
226.925308
227.810135
228.692398
229.572144
230.449341
231.323990
232.196106
233.065659
233.932693
234.797180
235.659119
236.518524
237.375381
238.229706
239.081482
239.930710
240.777405
241.621552
242.463165
243.302231
244.138748
244.972748
245.804184
246.633087
247.459457
248.283264
249.104538
249.923279
250.739471
251.553131
252.364227
