0.922167
0.038916
0.038916
0.038916
0.922167
0.038916
0.038916
0.038916
0.922167
0.000000
0.623279
1.505859
2.388958
3.272577
4.156715
5.041372
5.926548
6.812244
7.698460
8.585194
9.472448
10.360221
11.248513
12.137326
13.026657
13.916509
14.806878
15.697767
16.589176
17.481104
18.373550
19.266518
20.160004
21.054010
21.948534
22.843578
23.739143
24.635225
25.531828
26.427763
27.321836
28.214054
29.104412
29.992914
30.879557
31.764341
32.647266
33.528336
34.407547
35.284901
36.160397
37.034027
37.905807
38.775726
39.643791
40.509991
41.374340
42.236828
43.097454
43.956226
44.813137
45.668198
46.521393
47.372734
48.222218
49.069836
49.915604
50.759510
51.601559
52.441753
53.280079
54.116558
54.951176
55.783939
56.614838
57.443882
58.271065
59.096394
59.919857
60.741470
61.561222
62.379116
63.195282
64.012604
64.832260
65.654243
66.478561
67.305206
68.134186
68.965492
69.799141
70.635117
71.473419
72.314064
73.157036
74.002335
74.849976
75.699936
76.552238
77.406860
78.263824
79.123123
79.984741
80.848701
81.714996
82.583611
83.454567
84.327850
85.203468
86.081413
86.961693
87.844299
88.729248
89.616524
90.506126
91.398071
92.292343
93.188942
94.087875
94.989143
95.892746
96.798676
97.706940
98.617531
99.530457
100.445709
101.363113
102.281578
103.200928
104.121155
105.042259
105.964256
106.887115
107.810860
108.735489
109.660995
110.587379
111.514648
112.442795
113.371819
114.301720
115.232506
116.164169
117.096703
118.030136
118.964424
119.899612
120.835678
121.772614
122.710434
123.649132
124.588715
125.529167
126.470512
127.412727
128.355835
129.299805
130.244675
131.190399
132.137009
133.084518
134.032883
134.982132
135.932281
136.883286
137.835190
138.787964
139.741608
140.696152
141.651566
142.607407
143.562607
144.517120
145.470901
146.424011
147.376419
148.328110
149.279129
150.229416
151.179031
152.127945
153.076157
154.023651
154.970459
155.916580
156.861984
157.806702
158.750702
159.694031
160.636658
161.578568
162.519791
163.460297
164.400131
165.339233
166.277664
167.215378
168.152405
169.088745
170.024353
170.959290
171.893509
172.827042
173.759872
174.691986
175.623428
176.554153
177.484192
178.413528
179.342163
180.270111
181.197342
182.123871
183.049713
183.978577
184.914185
185.856537
186.805634
187.761490
188.724060
189.693405
190.669479
191.652313
192.641861
193.638184
194.641235
195.651047
196.667603
197.690887
198.720917
199.757706
200.801224
201.851501
202.908539
203.972290
205.042801
206.120056
207.204056
208.294785
209.392273
210.496521
211.607498
212.725220
213.849701
214.980896
216.118866
217.263565
218.415009
219.573212
220.738144
221.909836
223.088257
224.273438
225.465378
226.664017
227.869431
229.081589
230.300491
231.526138
232.758514
233.997665
235.243530
236.496170
237.755539
239.021637
0.000000
0.000000
0.000000
0.967941
3.145892
5.263686
7.321322
9.318799
11.256119
13.133279
14.950284
16.707130
18.403816
20.040346
21.616718
23.132933
24.588987
25.984886
27.320629
28.623482
29.920732
31.212378
32.498417
33.778847
35.053673
36.322891
37.586502
38.844509
40.096912
41.343704
42.584888
43.820473
45.050442
46.274815
47.493576
48.706730
49.914272
51.116219
52.312553
53.503281
54.688400
55.867916
57.041828
58.210129
59.372826
60.529915
61.681400
62.827278
63.967545
65.102211
66.231270
67.354713
68.472572
69.584801
70.696312
71.811974
72.931778
74.055740
75.183846
76.316101
77.452507
78.593063
79.737762
80.886620
82.039619
83.196770
84.358070
85.523514
86.693115
87.866867
89.044762
90.226814
91.413010
92.603355
93.797844
94.996490
96.199287
97.406219
98.617317
99.832558
101.051949
102.275497
103.503181
104.735008
105.971001
107.211143
108.455421
109.703857
110.956444
112.210556
113.463547
114.715416
115.966171
117.215828
118.464355
119.711777
120.958092
122.203285
123.447357
124.690323
125.932175
127.172913
128.412521
129.651047
130.888443
132.124710
133.359894
134.593948
135.826889
137.058716
138.289429
139.519028
140.747513
141.974899
143.201157
144.426300
145.650330
146.873245
148.095047
149.315750
150.535324
151.753799
152.971146
154.187378
155.398773
156.601593
157.795853
158.981537
160.158661
161.327194
162.487183
163.638580
164.781433
165.915695
167.041397
168.158539
169.267090
170.367081
171.458496
172.541351
173.615646
174.681351
175.738510
176.787079
177.827087
178.858536
179.881393
180.895691
181.901428
182.898575
183.887161
184.867188
185.838638
186.801529
187.755829
188.701584
189.638748
190.567352
191.487396
192.400940
193.310043
194.214706
195.114929
196.010712
196.902069
197.789001
198.671494
199.549545
200.423157
201.292343
202.157089
203.017410
203.873291
204.724731
205.571732
206.414307
207.252441
208.086151
208.915421
209.740250
210.560638
211.376602
212.188141
212.995224
213.797882
214.596100
215.389893
216.179245
216.964157
217.744644
218.520691
219.292297
220.059479
220.822220
221.580521
222.334396
223.083847
223.828827
224.569412
225.305542
226.037231
226.764496
227.487320
228.205704
228.919662
229.629181
230.334259
231.034912
231.731140
232.422913
233.110260
233.793167
234.471649
235.145691
235.815292
236.480469
237.141205
237.797501
238.449371
239.096786
239.739792
240.378357
241.012482
241.642166
242.267410
242.888245
243.504608
244.116577
244.724091
245.327179
245.925812
246.520020
247.109802
247.695129
248.276031
248.852509
249.424545
249.992142
250.555298
251.114044
251.668320
252.218185
252.763611
253.304596
253.841156
254.373276
254.900955
255.000000
255.000000
255.000000
255.000000
255.000000
255.000000
255.000000
255.000000
255.000000
0.000000
3.075895
5.967035
8.673421
11.195052
13.531929
15.684051
17.651417
19.434031
21.031887
22.444988
23.673338
24.812986
25.960012
27.114410
28.276178
29.445320
30.621830
31.805710
32.996967
34.195587
35.401585
36.614948
37.835686
39.063793
40.299271
41.542122
42.792343
44.049934
45.314896
46.587231
47.866932
49.154011
50.448456
51.750275
53.059464
54.376026
55.699955
57.031258
58.368195
59.700356
61.026012
62.345161
63.657799
64.963928
66.263550
67.556664
68.843269
70.123367
71.396957
72.664040
73.924606
75.178680
76.426224
77.667274
78.901817
80.129852
81.351372
82.566383
83.774887
84.976883
86.172379
87.361359
88.543831
89.719788
90.889244
92.052193
93.215874
94.387535
95.567184
96.754807
97.950417
99.153999
100.365562
101.585114
102.812645
104.048149
105.291641
106.543121
107.802574
109.070000
110.345421
111.628815
112.920181
114.219543
115.526878
116.842194
118.165497
119.496780
120.836029
122.183273
123.538490
124.901703
126.272881
127.650925
129.029251
130.406708
131.783310
133.159058
134.533951
135.907990
137.281189
138.653534
140.025009
141.395645
142.765411
144.134338
145.502396
146.869614
148.235977
149.601486
150.966141
152.329956
153.692886
155.054977
156.416214
157.776611
159.136139
160.494812
161.852646
163.209625
164.565750
165.916382
167.256897
168.587296
169.907578
171.217743
172.517792
173.807739
175.087540
176.357239
177.616821
178.866287
180.105621
181.334854
182.553970
183.762970
184.961838
186.150604
187.329254
188.497757
189.656189
190.804474
191.942642
193.070709
194.188644
195.296478
196.394180
197.481750
198.559235
199.626587
200.683823
201.730957
202.767960
203.794846
204.811615
205.818268
206.814804
207.801208
208.777512
209.743698
210.699768
211.645721
212.581558
213.507263
214.422852
215.328354
216.223724
217.108963
217.984085
218.849106
219.703995
220.548767
221.383438
222.207977
223.022400
223.826721
224.620911
225.404984
226.178940
226.942795
227.696503
228.440125
229.173599
229.897003
230.610229
231.313385
232.006393
232.689301
233.362091
234.024765
234.677322
235.319763
235.952072
236.574265
237.186371
237.788315
238.380173
238.961914
239.533524
240.095047
240.646408
241.187683
241.718826
242.239853
242.750763
243.251556
243.742233
244.222809
244.693253
245.153580
245.603806
246.043884
246.473862
246.893723
247.303467
247.703079
248.092606
248.471985
248.841263
249.200424
249.549469
249.888397
250.217178
250.535873
250.844452
251.142899
251.431244
251.709473
251.977570
252.235550
252.483414
252.721191
252.948807
253.166336
253.373718
253.570999
253.758179
253.935242
254.102158
254.258972
254.405685
254.542267
254.668716
254.785049
254.891296
254.987411
255.000000
255.000000
255.000000
255.000000
255.000000
255.000000
255.000000
255.000000
255.000000
