0.988836
0.005582
0.005582
0.005582
0.988836
0.005582
0.005582
0.005582
0.988836
0.000000
1.235894
2.457003
3.663327
4.854866
6.031618
7.193585
8.340767
9.473166
10.590776
11.693604
12.781644
13.854900
14.913370
15.957056
16.985956
18.000071
18.999399
19.983942
20.953703
21.908674
22.848864
23.781830
24.715145
25.648806
26.582815
27.517170
28.451872
29.386921
30.322315
31.258057
32.194145
33.130581
34.067360
35.004490
35.941963
36.879784
37.817955
38.756470
39.695332
40.634533
41.574089
42.513992
43.454239
44.394833
45.335773
46.277061
47.218693
48.160675
49.103004
50.045677
50.988701
51.932068
52.875778
53.819839
54.764244
55.709000
56.654102
57.599548
58.545341
59.491482
60.437969
61.384800
62.331982
63.279514
64.227394
65.175606
66.124176
67.073090
68.022346
68.971954
69.921906
70.872200
71.822845
72.773849
73.725182
74.676880
75.628906
76.581284
77.534348
78.488930
79.445068
80.402756
81.362007
82.322807
83.285172
84.249077
85.214546
86.181572
87.150146
88.120277
89.091965
90.065208
91.040009
92.016357
92.994263
93.973724
94.954742
95.937309
96.921440
97.907120
98.894356
99.883141
100.873489
101.865387
102.858849
103.853851
104.850418
105.848541
106.848213
107.849449
108.852234
109.856575
110.862473
111.869919
112.878922
113.889481
114.901596
115.915276
116.930489
117.947266
118.965607
119.985497
121.006935
122.029938
123.054489
124.080605
125.108261
126.137482
127.168259
128.200592
129.234467
130.269897
131.306900
132.345444
133.385544
134.426941
135.468033
136.508560
137.548508
138.587906
139.626724
140.664993
141.702682
142.739807
143.776367
144.812363
145.847794
146.882660
147.916946
148.950668
149.983826
151.016418
152.048447
153.079910
154.110794
155.141129
156.170883
157.200089
158.228714
159.256760
160.284256
161.311188
162.337570
163.363358
164.388565
165.413239
166.437332
167.460876
168.483841
169.506226
170.528061
171.549316
172.570023
173.590149
174.609726
175.628708
176.647141
177.664993
178.682297
179.699036
180.715179
181.730774
182.745819
183.760284
184.774185
185.787506
186.800293
187.812469
188.824112
189.835175
190.845673
191.855591
192.865005
193.874725
194.885147
195.896240
196.908005
197.920441
198.933548
199.947357
200.961823
201.976974
202.992813
204.009323
205.026505
206.044373
207.062912
208.082123
209.102020
210.122589
211.143845
212.165771
213.188370
214.211655
215.235626
216.260254
217.285568
218.311554
219.338226
220.365570
221.393600
222.422302
223.451675
224.481735
225.512466
226.543884
227.575974
228.608749
229.642181
230.676300
231.711105
232.746582
233.782730
234.819565
235.857086
236.895264
237.934128
238.973679
240.013885
241.054794
242.096359
243.138611
244.181534
245.225143
246.269440
247.314392
248.360031
249.406357
250.453354
251.501022
252.444260
253.177856
253.701874
254.016266
254.121063
0.000000
0.643873
1.865094
3.074296
4.271481
5.456646
6.629793
7.790921
8.940031
10.077122
11.202194
12.315249
13.416284
14.505300
15.582299
16.647278
17.700241
18.741182
19.770103
20.787010
21.791895
22.784765
23.765614
24.734446
25.691257
26.642075
27.592920
28.543795
29.494699
30.445631
31.396593
32.347580
33.298603
34.249645
35.200722
36.151825
37.102962
38.054123
39.005314
39.956532
40.907776
41.859055
42.810360
43.761696
44.713058
45.664448
46.615868
47.567318
48.518799
49.470306
50.421841
51.373402
52.324993
53.276615
54.228264
55.179943
56.131649
57.083382
58.035149
58.986938
59.938763
60.890614
61.842495
62.794399
63.746342
64.698311
65.650299
66.602325
67.554375
68.506454
69.458572
70.410698
71.362869
72.315056
73.267288
74.219543
75.171822
76.124130
77.076469
78.028839
78.981232
79.933655
80.886360
81.839951
82.794456
83.749886
84.706230
85.663490
86.621674
87.580772
88.540787
89.501717
90.463577
91.426346
92.390030
93.354630
94.320152
95.286591
96.253952
97.222221
98.191414
99.161522
100.132545
101.104492
102.077347
103.051132
104.025833
105.001434
105.977966
106.955421
107.933784
108.913071
109.893280
110.874397
111.856438
112.839386
113.823257
114.808052
115.793755
116.780380
117.767914
118.756378
119.745758
120.736053
121.727264
122.719391
123.712440
124.706406
125.701294
126.697090
127.693802
128.691437
129.689987
130.689453
131.689850
132.691162
133.693375
134.696518
135.700577
136.705383
137.710022
138.714310
139.718246
140.721832
141.725082
142.727982
143.730545
144.732742
145.734604
146.736115
147.737289
148.738129
149.738602
150.738739
151.738525
152.737961
153.737061
154.735794
155.734207
156.732254
157.729980
158.727341
159.724365
160.721039
161.717361
162.713348
163.708984
164.704269
165.699234
166.693817
167.688080
168.681976
169.675552
170.668747
171.661621
172.654144
173.646332
174.638153
175.629639
176.620789
177.611588
178.602036
179.592133
180.581894
181.571289
182.560364
183.549088
184.537460
185.525482
186.513168
187.500519
188.487488
189.474136
190.460434
191.446396
192.431992
193.417328
194.403931
195.392456
196.382919
197.375275
198.369553
199.365753
200.363876
201.363907
202.365860
203.369720
204.375519
205.383224
206.392822
207.404373
208.417831
209.433197
210.450485
211.469696
212.490829
213.513870
214.538834
215.565704
216.594498
217.625198
218.657837
219.692383
220.728851
221.767227
222.807541
223.849747
224.893875
225.939941
226.987900
228.037781
229.089600
230.143311
231.198959
232.256500
233.315994
234.377380
235.440689
236.505905
237.573044
238.642120
239.713089
240.785980
241.860794
242.937531
244.016174
245.096741
246.179214
247.263611
248.349930
249.438171
250.528320
251.620392
252.714371
253.794708
254.845703
0.000000
1.314295
2.610677
3.889147
5.149705
6.392351
7.617083
8.823904
10.012813
11.183807
12.336891
13.472063
14.589322
15.688668
16.770102
17.833624
18.879234
19.906931
20.916716
21.917784
22.919344
23.921394
24.923931
25.926956
26.930470
27.934471
28.938963
29.943939
30.949408
31.955362
32.961803
33.968739
34.976158
35.984066
36.992458
38.001343
39.010719
40.020576
41.030930
42.041763
43.053089
44.064907
45.077206
46.090000
47.103275
48.117039
49.131294
50.146038
51.161274
52.176991
53.193203
54.209896
55.227081
56.244751
57.262913
58.281563
59.300705
60.320328
61.340443
62.361046
63.382133
64.403709
65.425781
66.448334
67.471382
68.494911
69.518936
70.543442
71.568436
72.593918
73.619896
74.646355
75.673309
76.700745
77.728889
78.758255
79.788872
80.820740
81.853844
82.888214
83.923820
84.960693
85.998802
87.038162
88.078773
89.120628
90.163742
91.208099
92.253716
93.300575
94.348679
95.398041
96.448647
97.500504
98.553612
99.607964
100.663567
101.720421
102.778526
103.837883
104.898476
105.960335
107.023430
108.087784
109.153381
110.220230
111.288338
112.357689
113.428284
114.500137
115.573227
116.647575
117.723167
118.800018
119.878120
120.957466
122.038048
123.119896
124.202995
125.287331
126.372932
127.459770
128.547867
129.637207
130.727783
131.819641
132.912720
134.007065
135.102646
136.198883
137.292358
138.382477
139.469208
140.552582
141.632599
142.709244
143.782516
144.852417
145.918976
146.982162
148.041977
149.098419
150.151489
151.201218
152.247574
153.290558
154.330185
155.366440
156.399338
157.428848
158.455002
159.477814
160.497238
161.513275
162.525986
163.535309
164.541275
165.543884
166.543106
167.538971
168.531479
169.520615
170.506378
171.488785
172.467819
173.443481
174.415802
175.384735
176.350311
177.312531
178.271393
179.226852
180.178970
181.127701
182.073090
183.015106
183.953766
184.889053
185.820969
186.749527
187.674713
188.596527
189.514984
190.430084
191.341934
192.253586
193.166245
194.079910
194.994598
195.910278
196.826996
197.744705
198.663452
199.583191
200.503952
201.425720
202.348511
203.272293
204.197113
205.122940
206.049759
206.977615
207.906479
208.836349
209.767242
210.699127
211.632050
212.565979
213.500916
214.436874
215.373825
216.311813
217.250809
218.190796
219.131805
220.073837
221.016891
221.960938
222.906006
223.852081
224.799179
225.747284
226.696396
227.646530
228.597687
229.549835
230.503006
231.457199
232.412384
233.368576
234.325806
235.284042
236.243301
237.203552
238.164825
239.127106
240.090408
241.054718
242.020035
242.986389
243.929260
244.824326
245.671524
246.470871
247.222366
247.925995
248.581772
249.189682
249.749741
250.261963
250.726303
251.142792
251.511444
251.832214
252.105133
252.330200
