0.993713
0.003143
0.003143
0.003143
0.993713
0.003143
0.003143
0.003143
0.993713
0.000000
0.947692
1.915226
2.902603
3.909824
4.936886
5.983792
7.050539
8.137132
9.243566
10.369842
11.503346
12.631469
13.754207
14.871562
15.983535
17.090122
18.191326
19.287146
20.377584
21.462639
22.542307
23.616596
24.685497
25.749018
26.807156
27.859907
28.907272
29.949259
30.985863
32.017078
33.042912
34.063366
35.078434
36.088116
37.092415
38.091335
39.084866
40.073017
41.055782
42.033161
43.005165
43.971775
44.933006
45.888859
46.839317
47.784401
48.724102
49.658413
50.587345
51.510895
52.429054
53.341835
54.249229
55.151245
56.047874
56.939114
57.824978
58.705688
59.586380
60.469162
61.354023
62.240967
63.129997
64.021118
64.914314
65.809593
66.706963
67.606415
68.507942
69.411560
70.317261
71.225052
72.134918
73.046867
73.960915
74.877029
75.795235
76.715523
77.637901
78.562347
79.488892
80.417519
81.348221
82.281013
83.215889
84.152855
85.091896
86.033020
86.976242
87.921532
88.868912
89.818375
90.769920
91.723549
92.679260
93.637070
94.596939
95.558914
96.522964
97.489105
98.457321
99.427620
100.400009
101.374474
102.351036
103.329247
104.306633
105.282761
106.257645
107.231262
108.203636
109.174759
110.144630
111.113251
112.080612
113.046722
114.011581
114.975189
115.937538
116.898636
117.858490
118.817085
119.774422
120.730515
121.685349
122.638939
123.591263
124.542343
125.492172
126.440735
127.388062
128.334137
129.278946
130.222504
131.164810
132.105865
133.045685
133.984238
134.921539
135.857574
136.792374
137.725922
138.658203
139.589233
140.519012
141.447540
142.374832
143.300858
144.225616
145.149139
146.071411
146.992416
147.912186
148.831039
149.749832
150.668610
151.587341
152.506058
153.424744
154.343414
155.262054
156.180679
157.099274
158.017838
158.936386
159.854904
160.773407
161.691879
162.610321
163.528732
164.447128
165.365494
166.283844
167.202164
168.120453
169.038727
169.956970
170.875198
171.793396
172.711578
173.629715
174.547852
175.465958
176.384033
177.302078
178.220093
179.138092
180.056076
180.974014
181.891953
182.809845
183.727722
184.645569
185.563400
186.481201
187.398987
188.316742
189.234467
190.152161
191.069839
191.987488
192.905029
193.822357
194.739456
195.656372
196.573044
197.489517
198.405792
199.321838
200.237671
201.153305
202.068726
202.983917
203.898911
204.813690
205.728256
206.642609
207.556747
208.470673
209.384399
210.297913
211.211197
212.124283
213.037155
213.949799
214.862259
215.774490
216.686508
217.598312
218.509918
219.421295
220.332474
221.243439
222.154190
223.064713
223.975052
224.885162
225.795059
226.704742
227.614212
228.523483
229.432541
230.341370
231.250000
232.158417
233.066620
233.974609
234.882385
235.789948
236.697311
237.604462
238.511383
239.418106
240.324615
241.230911
0.000000
1.076547
2.184563
3.324049
4.495006
5.697432
6.931327
8.196694
9.493530
10.821836
12.181610
13.551593
14.910528
16.258413
17.595249
18.921034
20.235767
21.539452
22.832087
24.113670
25.384203
26.643688
27.892122
29.129505
30.355839
31.571123
32.775352
33.968536
35.150669
36.321754
37.481785
38.630772
39.768703
40.895588
42.011421
43.116199
44.209930
45.292610
46.364246
47.424831
48.474358
49.512840
50.540268
51.556644
52.569748
53.587337
54.609413
55.635967
56.667015
57.702553
58.742573
59.787083
60.836075
61.889561
62.947525
64.009979
65.076927
66.148354
67.224266
68.304672
69.389565
70.478935
71.572807
72.671150
73.773994
74.881310
75.993126
77.109428
78.230209
79.355484
80.485245
81.619484
82.758217
83.901436
85.049141
86.201340
87.358009
88.514603
89.666512
90.813744
91.956299
93.094185
94.227379
95.355911
96.479767
97.598930
98.713440
99.823257
100.928406
102.028870
103.124672
104.215782
105.302231
106.383995
107.461075
108.533493
109.601227
110.664291
111.722672
112.776375
113.825409
114.869759
115.909439
116.944443
117.974762
119.000412
120.021393
121.037689
122.049309
123.056244
124.062675
125.072784
126.086548
127.103981
128.125076
129.149841
130.178284
131.210373
132.246140
133.285568
134.328659
135.375427
136.425842
137.479935
138.537689
139.599121
140.664215
141.732956
142.805374
143.881470
144.961212
146.044632
147.131729
148.222458
149.316879
150.414963
151.516708
152.622116
153.731186
154.843933
155.960342
157.080414
158.204147
159.324768
160.435379
161.536072
162.626770
163.707520
164.778305
165.839142
166.889999
167.930893
168.961853
169.982834
170.993851
171.994919
172.986023
173.967163
174.938339
175.899551
176.850815
177.792114
178.723434
179.644821
180.556229
181.457687
182.349182
183.230713
184.102280
184.963898
185.815552
186.657227
187.488968
188.310715
189.122543
189.924393
190.716263
191.498184
192.270157
193.032150
193.784195
194.526276
195.258392
195.980560
196.692749
197.395004
198.087265
198.769577
199.441940
200.104324
200.756775
201.399246
202.031754
202.654297
203.266907
203.869522
204.462189
205.044907
205.617630
206.180435
206.733261
207.276123
207.809021
208.331970
208.844940
209.347977
209.841034
210.324127
210.797272
211.260452
211.713669
212.156921
212.590210
213.013565
213.426910
213.830338
214.223801
214.607285
214.980820
215.344391
215.697998
216.041626
216.375336
216.699051
217.012833
217.316635
217.610458
217.894348
218.168274
218.432236
218.686234
218.930283
219.164368
219.388474
219.602631
219.806839
220.001068
220.185349
220.359665
220.524002
220.678406
220.822845
220.957306
221.081818
221.196381
221.300964
221.395584
221.480255
221.554962
221.619705
221.674500
221.719315
221.754181
221.779083
221.794022
221.798996
0.000000
1.971100
3.807716
5.509848
7.077496
8.568169
10.039374
11.491115
12.923388
14.336196
15.729536
17.103411
18.457819
19.792761
21.108238
22.404247
23.680794
24.937868
26.175480
27.393625
28.592300
29.771515
30.931261
32.071541
33.192360
34.293705
35.375584
36.438000
37.480946
38.504429
39.508450
40.492996
41.471592
42.457733
43.451424
44.452663
45.461456
46.477798
47.501690
48.533127
49.572121
50.618660
51.672752
52.734390
53.803581
54.880322
55.964615
57.056454
58.155842
59.262783
60.377270
61.499313
62.628906
63.766045
64.910728
66.062973
67.222763
68.390099
69.564987
70.740105
71.908142
73.069077
74.222923
75.369682
76.509354
77.641930
78.767418
79.885818
80.997131
82.101341
83.198471
84.288513
85.371460
86.447319
87.516090
88.577766
89.632355
90.679855
91.720261
92.753578
93.779808
94.798950
95.810989
96.815956
97.813820
98.804604
99.795990
100.795731
101.803818
102.820244
103.845009
104.878113
105.919556
106.969337
108.027458
109.093925
110.168724
111.251877
112.343361
113.443184
114.551353
115.667862
116.792709
117.925896
119.067421
120.217285
121.375496
122.542046
123.716942
124.900162
126.091736
127.291641
128.499893
129.708099
130.907791
132.099014
133.281769
134.456024
135.621826
136.779129
137.927963
139.068314
140.200195
141.323578
142.438507
143.544937
144.642899
145.732391
146.813385
147.885925
148.949966
150.005539
151.052628
152.091232
153.121368
154.143036
155.156189
156.160904
157.157120
158.144852
159.124115
160.094910
161.057220
162.011047
162.956390
163.893265
164.821655
165.741562
166.653015
167.555954
168.450439
169.336426
170.213959
171.082993
171.943558
172.795639
173.639252
174.474380
175.301041
176.119217
176.928909
177.730118
178.522858
179.307114
180.082886
180.850189
181.609009
182.359360
183.101227
183.834610
184.559509
185.275940
185.983902
186.683380
187.374359
188.056900
188.730911
189.396484
190.053543
190.702164
191.342285
191.973938
192.597107
193.211792
193.817993
194.415726
195.004990
195.585754
196.158066
196.721878
197.277206
197.824066
198.362457
198.892365
199.413788
199.926743
200.431213
200.927200
201.414719
201.893753
202.364304
202.826370
203.279968
203.725098
204.161743
204.589905
205.009583
205.420792
205.823517
206.217758
206.603531
206.980820
207.349640
207.709976
208.061813
208.405197
208.740097
209.066513
209.384460
209.693939
209.994904
210.287415
210.571442
210.847000
211.114090
211.372650
211.622772
211.864426
212.097580
212.322250
212.538467
212.746170
212.945435
213.136185
213.318481
213.492279
213.657608
213.814468
213.962845
214.102737
214.234146
214.357086
214.471558
214.577530
214.675034
214.764053
214.844604
214.916687
214.980255
215.035370
215.081985
215.120148
215.149841
215.171021
215.183731
215.187988
