0.981878
0.009061
0.009061
0.009061
0.981878
0.009061
0.009061
0.009061
0.981878
0.000000
0.894569
1.796320
2.705253
3.621370
4.544669
5.475150
6.412814
7.357661
8.309690
9.268902
10.235295
11.208871
12.189631
13.177573
14.172697
15.175005
16.184494
17.201166
18.225021
19.256058
20.294277
21.339678
22.387472
23.432873
24.475882
25.516493
26.554712
27.590534
28.623962
29.654997
30.683638
31.709883
32.733730
33.755192
34.774254
35.790916
36.805191
37.817066
38.826553
39.833641
40.838341
41.840633
42.840542
43.838051
44.833168
45.825890
46.816216
47.804150
48.789684
49.772835
50.753582
51.731937
52.707893
53.681461
54.652626
55.621407
56.587788
57.551773
58.513371
59.472561
60.429375
61.383778
62.335793
63.285416
64.232643
65.177467
66.119911
67.059952
67.998169
68.936005
69.873520
70.810707
71.747566
72.684097
73.620308
74.556183
75.491737
76.426964
77.361862
78.296440
79.230690
80.164612
81.098206
82.031471
82.964417
83.897034
84.829323
85.761284
86.692924
87.624229
88.555222
89.485878
90.416206
91.346214
92.275887
93.205246
94.134270
95.062973
95.991348
96.919395
97.847115
98.774506
99.701576
100.628319
101.554733
102.480820
103.406586
104.332024
105.257133
106.181915
107.106369
108.030502
108.954308
109.877792
110.801323
111.727234
112.655899
113.587326
114.521507
115.458435
116.398132
117.340584
118.285789
119.233757
120.184471
121.137947
122.094185
123.053177
124.014915
124.979431
125.946686
126.916702
127.889481
128.865005
129.843292
130.824341
131.808151
132.794693
133.784012
134.776093
135.770905
136.768494
137.768845
138.771942
139.777802
140.786407
141.797775
142.811905
143.828781
144.848419
145.870834
146.895981
147.923889
148.954559
149.987976
151.024155
152.063095
153.104782
154.149231
155.196442
156.246231
157.294662
158.340103
159.382599
160.422119
161.458649
162.492233
163.522842
164.550476
165.575150
166.596848
167.615570
168.631317
169.644119
170.653931
171.660782
172.664658
173.665558
174.663513
175.658463
176.650467
177.639496
178.625565
179.608643
180.588760
181.565918
182.540085
183.511307
184.479553
185.444824
186.407120
187.366440
188.322800
189.276199
190.226624
191.174072
192.118561
193.060074
193.998611
194.934174
195.866776
196.796417
197.723068
198.646759
199.567474
200.485245
201.400009
202.316864
203.240677
204.171539
205.109436
206.054337
207.006271
207.965225
208.931198
209.904205
210.884232
211.871277
212.865372
213.866455
214.874573
215.889725
216.911911
217.941101
218.977325
220.020569
221.070831
222.128128
223.192459
224.263779
225.342148
226.427536
227.519943
228.619400
229.725861
230.839340
231.959854
233.087387
234.221954
235.363541
236.512131
237.667755
238.830429
240.000107
241.176819
242.360535
243.551270
244.749069
245.953873
247.165680
248.384537
249.610397
250.843292
252.083221
253.330170
0.000000
1.028389
2.056091
3.083107
4.109437
5.135081
6.160038
7.184310
8.207896
9.230793
10.253007
11.274533
12.295374
13.315528
14.334995
15.353776
16.371874
17.389282
18.406006
19.421886
20.436773
21.450665
22.463558
23.475460
24.486362
25.496271
26.505186
27.513102
28.520025
29.525951
30.530882
31.534815
32.537758
33.539700
34.540649
35.540604
36.539562
37.537521
38.534485
39.530457
40.525433
41.519409
42.512394
43.504383
44.495377
45.485371
46.474380
47.462379
48.449390
49.435410
50.420429
51.404446
52.387478
53.369511
54.350544
55.330585
56.309635
57.287685
58.264744
59.240799
60.215862
61.189926
62.162998
63.135078
64.106163
65.076248
66.047058
67.020317
67.996025
68.974182
69.954781
70.937828
71.923332
72.911270
73.901665
74.894508
75.889793
76.887527
77.887711
78.890343
79.895416
80.902946
81.912918
82.925339
83.940208
84.957527
85.977287
86.999504
88.024162
89.051270
90.080826
91.112823
92.147278
93.184174
94.223511
95.265312
96.309547
97.356232
98.405373
99.456955
100.510986
101.567467
102.626381
103.687759
104.751587
105.817856
106.886566
107.957733
109.031349
110.107407
111.185913
112.266861
113.350266
114.433563
115.514259
116.592339
117.667793
118.740623
119.810837
120.878433
121.943405
123.005760
124.065491
125.122604
126.177101
127.228973
128.278229
129.324860
130.368881
131.410263
132.449036
133.485184
134.518707
135.549622
136.577927
137.603592
138.626633
139.647064
140.664886
141.680069
142.692627
143.702591
144.709915
145.714630
146.716721
147.716187
148.713028
149.707260
150.698883
151.687866
152.674225
153.657974
154.639099
155.617615
156.593506
157.566772
158.537399
159.505432
160.470840
161.433640
162.395126
163.356674
164.318268
165.279877
166.241562
167.203278
168.165039
169.126846
170.088699
171.050583
172.012512
172.974503
173.936523
174.898590
175.860703
176.822861
177.785065
178.747299
179.709579
180.671921
181.634277
182.596710
183.559174
184.521667
185.484222
186.446808
187.409439
188.372131
189.334854
190.297623
191.260422
192.223297
193.186172
194.149124
195.112106
196.075150
197.038208
198.001343
198.964493
199.927704
200.890961
201.854248
202.817581
203.780960
204.744385
205.707855
206.671371
207.634903
208.598328
209.561722
210.525024
211.488281
212.451462
213.414581
214.377640
215.340637
216.303558
217.266434
218.229233
219.191986
220.154648
221.117264
222.079819
223.042297
224.004730
224.967087
225.929382
226.891617
227.853790
228.815887
229.777924
230.739914
231.701828
232.663681
233.625458
234.587189
235.548843
236.510452
237.471985
238.433456
239.394867
240.356216
241.317474
242.278702
243.239853
244.200943
245.161957
246.122925
247.083832
248.044678
249.005447
249.966156
250.926804
251.887375
252.847885
253.808334
0.000000
0.923842
1.857263
2.800264
3.752843
4.715001
5.686738
6.668053
7.658947
8.659420
9.669473
10.689104
11.718313
12.757101
13.805469
14.863416
15.930942
17.002008
18.070597
19.136702
20.200323
21.261459
22.320110
23.376282
24.429964
25.481165
26.529882
27.576113
28.619864
29.661127
30.699905
31.736204
32.770016
33.801346
34.830189
35.856548
36.880424
37.901817
38.920727
39.937149
40.951092
41.962547
42.971523
43.978008
44.982018
45.983536
46.982571
47.979126
48.973190
49.964775
50.953880
51.940495
52.924629
53.906277
54.885441
55.862122
56.836315
57.808029
58.777256
59.744003
60.708263
61.670158
62.632149
63.595245
64.559456
65.524773
66.491188
67.458725
68.427368
69.397118
70.367981
71.339958
72.313042
73.287231
74.262520
75.238937
76.216446
77.195076
78.174820
79.155655
80.137619
81.120674
82.104851
83.090134
84.076523
85.064026
86.052635
87.042358
88.033180
89.025116
90.018173
91.012321
92.007591
93.003960
94.001457
95.000038
95.999748
97.000557
98.002480
99.005508
100.009651
101.014908
102.021255
103.028717
104.037300
105.046989
106.057762
107.069542
108.082306
109.096054
110.110779
111.126488
112.143188
113.160858
114.179520
115.199165
116.219788
117.241394
118.263985
119.287560
120.312119
121.337654
122.364182
123.391693
124.420174
125.449646
126.480103
127.511536
128.543976
129.577362
130.611755
131.647125
132.683487
133.720810
134.759125
135.798431
136.838730
137.879990
138.922241
139.965469
141.009705
142.054886
143.101074
144.148239
145.196396
146.245514
147.295639
148.346741
149.398819
150.451889
151.505920
152.560181
153.612656
154.663269
155.712006
156.758911
157.803970
158.847168
159.888504
160.927994
161.965607
163.001389
164.035309
165.067368
166.097580
167.125946
168.152435
169.177078
170.199875
171.220825
172.239899
173.257111
174.272491
175.286011
176.297668
177.307465
178.315430
179.321533
180.325775
181.328156
182.328690
183.327377
184.324188
185.319168
186.312286
187.303543
188.292953
189.280487
190.266190
191.250031
192.232025
193.212158
194.190430
195.166855
196.141418
197.114136
198.084198
199.050781
200.013916
200.973572
201.929779
202.882523
203.831802
204.777634
205.720001
206.658905
207.594330
208.526306
209.454819
210.379883
211.301468
212.219604
213.134262
214.045456
214.953217
215.857498
216.758316
217.655670
218.549576
219.440002
220.326981
221.210480
222.090546
222.967133
223.840256
224.709915
225.576111
226.438858
227.298141
228.153961
229.006317
229.855209
230.700638
231.542618
232.381119
233.216171
234.047760
234.875885
235.700546
236.521744
237.339478
238.153763
238.964569
239.771927
240.575821
241.376236
242.173233
242.966721
243.756775
244.543350
245.326477
246.106140
246.882324
247.655075
248.424347
249.190155
