0.998476
0.000762
0.000762
0.000762
0.998476
0.000762
0.000762
0.000762
0.998476
0.000001
1.261734
2.509265
3.742591
4.961714
6.166634
7.357348
8.533860
9.696170
10.844275
11.978176
13.097874
14.203368
15.294659
16.371744
17.434631
18.483311
19.517786
20.544416
21.569555
22.593204
23.615364
24.636032
25.655210
26.672901
27.689096
28.703806
29.717024
30.728752
31.738991
32.747738
33.754993
34.760761
35.765038
36.767822
37.769123
38.768925
39.767246
40.764069
41.759411
42.753254
43.745609
44.736473
45.725849
46.713737
47.700134
48.685032
49.668449
50.650375
51.630810
52.609749
53.587837
54.568783
55.553223
56.541161
57.532589
58.527512
59.525925
60.527832
61.533237
62.542133
63.554520
64.570396
65.589775
66.612648
67.639008
68.668869
69.702217
70.739059
71.779396
72.823219
73.870544
74.921364
75.975677
77.033478
78.094780
79.159561
80.227844
81.299622
82.374901
83.453659
84.535919
85.621674
86.710915
87.803650
88.895752
89.983101
91.065689
92.143509
93.216576
94.284882
95.348419
96.407211
97.461235
98.510506
99.555008
100.594757
101.629745
102.659966
103.685432
104.706131
105.722076
106.733261
107.739693
108.741356
109.738266
110.730415
111.717796
112.700424
113.678291
114.651398
115.619743
116.583336
117.542160
118.496231
119.445534
120.390083
121.329865
122.266304
123.207848
124.155899
125.110458
126.071526
127.039116
128.013214
128.993820
129.980927
130.974564
131.974701
132.981354
133.994522
135.014191
136.040375
137.073074
138.112289
139.157990
140.210220
141.268967
142.334229
143.405975
144.484253
145.569046
146.660339
147.758148
148.862473
149.973297
151.090652
152.214493
153.344864
154.481750
155.625137
156.775024
157.926208
159.073410
160.216644
161.355911
162.491196
163.622528
164.749893
165.873276
166.992691
168.108154
169.219635
170.327148
171.430695
172.530273
173.625870
174.717514
175.805176
176.888885
177.968613
179.044388
180.116180
181.184006
182.247879
183.307755
184.363678
185.415619
186.463608
187.507629
188.547684
189.583740
190.615860
191.643997
192.668182
193.688370
194.704605
195.716873
196.725174
197.729507
198.729858
199.726257
200.718674
201.707108
202.691589
203.672104
204.648651
205.621246
206.589844
207.554489
208.515152
209.471863
210.424591
211.373352
212.318146
213.258987
214.195847
215.128723
216.057648
216.982605
217.903595
218.820602
219.733643
220.642731
221.547821
222.448975
223.346146
224.239349
225.128586
226.013855
226.895142
227.772476
228.645828
229.515228
230.380630
231.242096
232.099579
232.953094
233.802643
234.648209
235.489822
236.327469
237.161148
237.990829
238.816574
239.638336
240.456146
241.269958
242.079819
242.885696
243.687622
244.485565
245.279572
246.069580
246.855637
247.637695
248.415802
249.189957
249.960129
250.726318
251.488556
252.246826
253.001129
253.751450
254.497818
255.000000
0.000000
0.883625
1.795963
2.737011
3.706772
4.705243
5.732427
6.788322
7.872930
8.986248
10.128278
11.299021
12.498473
13.706648
14.903554
16.089191
17.263559
18.426657
19.578485
20.719046
21.848337
22.966358
24.073114
25.168598
26.252813
27.325758
28.387438
29.437845
30.476982
31.504852
32.521450
33.526787
34.520851
35.503647
36.475170
37.435425
38.386032
39.336697
40.289047
41.243076
42.198792
43.156185
44.115261
45.076019
46.038460
47.002579
47.968380
48.935860
49.905025
50.875874
51.848400
52.822609
53.798496
54.776070
55.755325
56.736259
57.718876
58.703171
59.689152
60.676811
61.665215
62.653446
63.641502
64.629372
65.617065
66.604584
67.591911
68.579071
69.566048
70.552841
71.539459
72.525894
73.512154
74.498230
75.484138
76.469849
77.455391
78.440750
79.425926
80.410934
81.395752
82.380402
83.364861
84.349426
85.335754
86.324120
87.314537
88.306992
89.301476
90.298019
91.296600
92.297226
93.299889
94.304604
95.311348
96.320152
97.330986
98.343857
99.358788
100.375748
101.394753
102.415802
103.438896
104.464035
105.491211
106.520432
107.551697
108.584007
109.616417
110.648911
111.681480
112.714134
113.746872
114.779686
115.812592
116.845573
117.878639
118.911797
119.945030
120.978348
122.011749
123.045227
124.078796
125.112434
126.146164
127.179977
128.213882
129.247849
130.281906
131.316055
132.350266
133.384583
134.418976
135.453445
136.488007
137.522644
138.557358
139.592163
140.627045
141.662018
142.697067
143.732208
144.767426
145.802719
146.838104
147.873566
148.909119
149.944748
150.980453
152.016251
153.052139
154.088104
155.124130
156.160263
157.196472
158.232773
159.269135
160.305588
161.342133
162.378754
163.415466
164.452255
165.489120
166.526062
167.563110
168.600220
169.637436
170.674713
171.712067
172.749527
173.787048
174.824661
175.862350
176.900131
177.937988
178.975937
180.013977
181.052078
182.090271
183.128525
184.166901
185.205353
186.243866
187.282471
188.321152
189.359924
190.398773
191.437714
192.476730
193.515839
194.555023
195.594284
196.633636
197.673065
198.712585
199.752182
200.791870
201.831604
202.871460
203.911377
204.951401
205.991501
207.031662
208.071930
209.112259
210.152679
211.193207
212.233780
213.274460
214.315216
215.356049
216.396957
217.437958
218.479050
219.520203
220.561462
221.602798
222.644226
223.685699
224.727295
225.768936
226.810699
227.852524
228.894424
229.936417
230.978516
232.020660
233.062912
234.105225
235.147644
236.190125
237.232697
238.275360
239.318085
240.360901
241.403809
242.446777
243.489838
244.533020
245.576233
246.619568
247.662964
248.706436
249.749985
250.793625
251.837387
252.881180
253.925079
254.969055
255.000000
255.000000
255.000000
255.000000
255.000000
255.000000
255.000000
0.000000
1.554583
2.815819
3.783707
4.618842
5.481822
6.372646
7.291314
8.237826
9.212181
10.214380
11.244422
12.302309
13.388041
14.501614
15.641548
16.775204
17.889223
18.983610
20.058365
21.113487
22.148975
23.164829
24.161053
25.137642
26.094597
27.031919
27.953686
28.884373
29.828054
30.784733
31.754406
32.737080
33.732742
34.741409
35.763069
36.797726
37.845375
38.906029
39.974121
41.036087
42.091305
43.139786
44.181515
45.216503
46.244747
47.266243
48.280994
49.289005
50.290272
51.284790
52.276253
53.268349
54.261078
55.254440
56.248428
57.243053
58.238308
59.234196
60.230717
61.227871
62.225651
63.224068
64.223114
65.222794
66.223106
67.224045
68.225624
69.227829
70.230675
71.234146
72.238251
73.242989
74.248352
75.254356
76.260979
77.268250
78.276138
79.284668
80.293823
81.303619
82.314041
83.325096
84.336792
85.349106
86.362053
87.375641
88.389854
89.404701
90.420189
91.436295
92.453033
93.470413
94.488419
95.507072
96.526337
97.546234
98.566780
99.587944
100.609749
101.632172
102.655235
103.678940
104.703262
105.728226
106.753815
107.780037
108.806892
109.834381
110.862503
111.891251
112.920639
113.950653
114.981300
116.012581
117.044479
118.077026
119.110207
120.144012
121.178452
122.213516
123.249229
124.285561
125.322533
126.360138
127.398361
128.437225
129.476715
130.516861
131.557617
132.599014
133.641037
134.683685
135.726990
136.770889
137.815445
138.860626
139.906448
140.952896
141.999969
143.047668
144.096024
145.145004
146.194611
147.244858
148.295715
149.347214
150.399368
151.452133
152.505508
153.559555
154.614227
155.669525
156.725449
157.781998
158.839203
159.897034
160.955475
162.014572
163.074265
164.134628
165.195618
166.257233
167.319489
168.382355
169.445877
170.510010
171.574799
172.640213
173.706238
174.772903
175.840210
176.908157
177.976730
179.045898
180.115753
181.186218
182.257309
183.329041
184.401367
185.474365
186.548004
187.622253
188.697144
189.772675
190.848801
191.925598
193.003006
194.081055
195.159744
196.239044
197.319000
198.399612
199.480820
200.562637
201.645111
202.728210
203.811951
204.896317
205.981323
207.066940
208.153229
209.240112
210.327652
211.415787
212.504562
213.594025
214.684067
215.774765
216.866074
217.958008
219.050613
220.143829
221.237686
222.332153
223.427246
224.522995
225.619400
226.716385
227.814011
228.912308
230.011200
231.110748
232.210922
233.311707
234.413132
235.515198
236.617889
237.721237
238.825180
239.929764
241.034988
242.140854
243.247345
244.354462
245.462204
246.570587
247.679611
248.789276
249.899521
251.010452
252.122009
253.234192
254.346985
255.000000
255.000000
255.000000
255.000000
255.000000
255.000000
255.000000
255.000000
255.000000
255.000000
255.000000
255.000000
