0.996332
0.001834
0.001834
0.001834
0.996332
0.001834
0.001834
0.001834
0.996332
0.000000
0.920817
1.865382
2.833695
3.825756
4.841565
5.881122
6.944427
8.031480
9.142281
10.263163
11.380460
12.494171
13.604299
14.710840
15.813796
16.913166
18.008953
19.101152
20.189768
21.274797
22.356241
23.434103
24.508377
25.579067
26.646170
27.709688
28.769621
29.825968
30.878731
31.927908
32.973503
34.015511
35.053932
36.088768
37.120018
38.147690
39.171768
40.192268
41.209175
42.222500
43.232235
44.238396
45.240967
46.239948
47.235348
48.227158
49.215393
50.200035
51.181095
52.158562
53.132450
54.102760
55.069473
56.032608
56.992153
57.948112
58.900486
59.849281
60.794487
61.736107
62.674141
63.608593
64.539459
65.466904
66.394478
67.323624
68.254364
69.186684
70.120575
71.056061
71.993126
72.931770
73.872002
74.813812
75.757210
76.702187
77.648750
78.596893
79.546608
80.497917
81.450813
82.405281
83.361343
84.318970
85.278191
86.238991
87.201378
88.165344
89.130890
90.098022
91.066734
92.037033
93.008919
93.982376
94.957413
95.934044
96.912247
97.892052
98.873413
99.856377
100.840912
101.827026
102.814728
103.804016
104.794891
105.787338
106.781372
107.776993
108.774178
109.772964
110.773331
111.775276
112.778801
113.783905
114.790604
115.798874
116.808731
117.820175
118.832939
119.845467
120.857506
121.869057
122.880127
123.890694
124.900780
125.910370
126.919472
127.928085
128.936203
129.943848
130.950974
131.957626
132.963806
133.969467
134.974655
135.979355
136.983551
137.987259
138.990479
139.993210
140.995453
141.997208
142.998474
143.999252
144.999527
145.999329
146.998627
147.997437
148.995758
149.993591
150.990936
151.987793
152.984131
153.980026
154.975403
155.970291
156.964691
157.958603
158.952042
159.944977
160.937408
161.929367
162.920822
163.911804
164.902267
165.892273
166.881775
167.870789
168.859299
169.847351
170.834885
171.821930
172.808502
173.793808
174.776031
175.755066
176.730927
177.703598
178.673111
179.639435
180.602570
181.562546
182.519318
183.472931
184.423340
185.370590
186.314651
187.255539
188.193253
189.127762
190.059113
190.987274
191.912262
192.834061
193.752701
194.668152
195.580399
196.489487
197.395401
198.298126
199.197662
200.094040
200.987213
201.877243
202.764069
203.647720
204.528168
205.405472
206.279572
207.150513
208.018250
208.882812
209.744217
210.602417
211.457474
212.309311
213.157990
214.003464
214.845795
215.684921
216.520859
217.353638
218.183228
219.009659
219.832886
220.652939
221.469803
222.283508
223.107010
223.953323
224.822479
225.714432
226.629196
227.566772
228.527176
229.510391
230.516418
231.545258
232.596924
233.671387
234.768677
235.888779
237.031677
238.197403
239.385956
240.597321
241.831482
243.088470
244.368271
245.670898
246.996323
248.344559
249.715622
251.109497
252.526184
0.000000
0.706018
1.492096
2.358233
3.304430
4.330686
5.437002
6.623378
7.889814
9.191292
10.482800
11.764336
13.035902
14.297497
15.549119
16.790771
18.022449
19.244158
20.455894
21.657661
22.849457
24.031279
25.203133
26.365013
27.516920
28.658857
29.790825
30.912819
32.024841
33.126896
34.218975
35.301086
36.373230
37.435394
38.487587
39.529816
40.562069
41.584351
42.596657
43.598999
44.591362
45.573757
46.546185
47.508636
48.461117
49.403629
50.336170
51.258739
52.171337
53.078278
53.990120
54.907341
55.829948
56.757931
57.691292
58.630039
59.574165
60.523670
61.478550
62.438816
63.404461
64.375481
65.351891
66.333679
67.320847
68.313385
69.311310
70.314621
71.323303
72.337372
73.356812
74.381638
75.411850
76.447433
77.488396
78.534752
79.586472
80.643585
81.706062
82.773941
83.847183
84.925804
86.009811
87.099197
88.193977
89.294121
90.399651
91.510559
92.626846
93.747635
94.867661
95.986046
97.102791
98.217903
99.331367
100.443192
101.553383
102.661926
103.768829
104.874092
105.977715
107.079697
108.180046
109.278740
110.375801
111.471222
112.565010
113.657143
114.747643
115.836502
116.923714
118.009293
119.093231
120.175537
121.256187
122.335205
123.412575
124.488312
125.562408
126.634865
127.705673
128.774841
129.842377
130.908264
131.972519
133.035126
134.096115
135.155441
136.213120
137.269089
138.321762
139.370438
140.415146
141.455856
142.492615
143.525375
144.554169
145.578995
146.599823
147.616684
148.629578
149.638474
150.643402
151.644363
152.641342
153.634323
154.623337
155.608383
156.589462
157.566544
158.539658
159.508789
160.473953
161.435135
162.392334
163.345551
164.294800
165.240067
166.181366
167.118683
168.052017
168.981369
169.906754
170.828156
171.745590
172.659058
173.568512
174.474014
175.375549
176.273087
177.166168
178.054306
178.937531
179.815826
180.689178
181.557602
182.421097
183.279648
184.133270
184.981964
185.825729
186.664551
187.498444
188.327408
189.151428
189.970535
190.784698
191.593918
192.398209
193.197556
193.991989
194.781494
195.566055
196.345688
197.120377
197.890137
198.654984
199.414886
200.169846
200.919876
201.664963
202.405136
203.140366
203.870667
204.596039
205.316483
206.031982
206.742538
207.448181
208.148880
208.844650
209.535507
210.221390
210.902359
211.578400
212.249512
212.915680
213.576920
214.233215
214.884598
215.531036
216.172546
216.809113
217.440750
218.067474
218.689240
219.306076
219.917984
220.524963
221.126999
221.724121
222.316299
222.903549
223.485855
224.063232
224.635681
225.203186
225.765762
226.323410
226.876129
227.423904
227.966766
228.504669
229.037643
229.565704
230.088806
230.606995
231.120255
231.628571
232.131943
232.630402
233.123917
233.612503
234.096146
234.574875
235.048676
0.000000
0.559551
1.300745
2.223583
3.236490
4.247892
5.257787
6.266177
7.273062
8.278441
9.282313
10.284680
11.285542
12.284898
13.282748
14.279091
15.273931
16.267262
17.259090
18.249411
19.238228
20.225536
21.211340
22.195639
23.178429
24.159719
25.139496
26.117773
27.094542
28.069805
29.043564
30.015818
30.986563
31.955803
32.923965
33.892075
34.860195
35.828316
36.796444
37.764568
38.732700
39.700832
40.668972
41.637108
42.605251
43.573402
44.541550
45.509701
46.477856
47.446014
48.414173
49.382339
50.350510
51.318680
52.286854
53.255032
54.223213
55.191391
56.159580
57.127769
58.095963
59.064159
60.032356
61.000557
61.968754
62.936859
63.904865
64.872772
65.840569
66.808273
67.775887
68.743385
69.710785
70.678093
71.645302
72.612404
73.579407
74.546310
75.513115
76.479813
77.446419
78.412918
79.379318
80.345627
81.311829
82.277924
83.243935
84.209831
85.175636
86.141342
87.106934
88.072441
89.037842
90.003151
90.968208
91.929787
92.886566
93.838539
94.785713
95.728096
96.665672
97.598457
98.526436
99.449608
100.367981
101.281563
102.190338
103.094322
103.993500
104.887878
105.777458
106.662231
107.542206
108.417397
109.287766
110.153351
111.014130
111.870110
112.721283
113.567665
114.409248
115.246025
116.078003
116.905182
117.727562
118.544411
119.355003
120.159332
120.957405
121.749222
122.534767
123.314072
124.087097
124.853874
125.614388
126.368652
127.116646
127.858383
128.593857
129.323074
130.046036
130.762726
131.473175
132.177353
132.875290
133.566940
134.252350
134.931488
135.604370
136.270996
136.931366
137.585464
138.233307
138.874908
139.510223
140.139297
140.762115
141.378647
141.988937
142.592972
143.190750
143.782257
144.367508
144.946503
145.519241
146.085709
146.645920
147.199890
147.747574
148.289017
148.824203
149.353119
149.875778
150.392181
150.902328
151.406189
151.903809
152.395172
152.880280
153.359131
153.831711
154.298035
154.758102
155.211914
155.659454
156.100739
156.535767
156.964539
157.387039
157.803284
158.213287
158.617020
159.014481
159.405701
159.790649
160.169342
160.541779
160.907944
161.267868
161.621521
161.968918
162.310059
162.644928
162.973541
163.295898
163.612000
163.921829
164.225418
164.522751
164.813812
165.098602
165.377151
165.649429
165.915451
166.175217
166.428726
166.675980
166.916962
167.151688
167.380157
167.602371
167.818314
168.028000
168.231430
168.428604
168.619507
168.804169
168.982559
169.154709
169.320572
169.480179
169.633545
169.780640
169.921478
170.056046
170.184357
170.306427
170.422226
170.531769
170.635040
170.732056
170.822815
170.907318
170.985565
171.057556
171.123276
171.182724
171.235947
171.282898
171.323578
171.358002
171.386169
171.408066
171.423721
171.433121
171.436249
