0.959960
0.020020
0.020020
0.020020
0.959960
0.020020
0.020020
0.020020
0.959960
0.000000
0.355299
1.375903
2.388208
3.392215
4.387923
5.375332
6.354444
7.325257
8.287771
9.241987
10.187905
11.125524
12.054844
12.975864
13.888589
14.793015
15.689141
16.576969
17.461227
18.346640
19.233206
20.120926
21.009802
21.899834
22.791019
23.683361
24.576857
25.471508
26.367315
27.264275
28.162392
29.061663
29.962088
30.863668
31.766405
32.670296
33.575340
34.481541
35.388901
36.297409
37.207077
38.117897
39.029873
39.943001
40.857288
41.772728
42.689327
43.607075
44.525982
45.446041
46.367256
47.289627
48.213154
49.137833
50.063671
50.990662
51.918804
52.848103
53.778561
54.710171
55.642937
56.576855
57.511932
58.448166
59.385551
60.323612
61.260399
62.195698
63.129501
64.061821
64.992638
65.921974
66.849823
67.776176
68.701035
69.624413
70.546295
71.466690
72.385582
73.303001
74.218925
75.133354
76.046295
76.957748
77.867706
78.776176
79.683159
80.588654
81.492653
82.395157
83.296181
84.195717
85.093750
85.990295
86.885361
87.778931
88.671005
89.561600
90.450699
91.338295
92.224419
93.109047
93.992180
94.873825
95.753990
96.632652
97.509834
98.385521
99.259720
100.132416
101.003632
101.873352
102.741623
103.609596
104.477837
105.346336
106.215111
107.084145
107.953438
108.822998
109.692833
110.562927
111.433281
112.303902
113.174789
114.045944
114.917366
115.789047
116.660988
117.533203
118.405685
119.278427
120.151436
121.024704
121.898239
122.772049
123.646111
124.520447
125.395042
126.269905
127.145027
128.020416
128.896072
129.772003
130.648193
131.524643
132.401352
133.278336
134.155579
135.033096
135.910873
136.788925
137.667221
138.545792
139.424637
140.303726
141.183090
142.062729
142.942627
143.822800
144.702362
145.579498
146.454132
147.326309
148.195999
149.063217
149.927963
150.790222
151.650009
152.507324
153.362152
154.214508
155.064392
155.911789
156.756714
157.599152
158.439133
159.276611
160.111633
160.944168
161.774216
162.601822
163.426926
164.249542
165.069687
165.887360
166.702560
167.515289
168.325531
169.133286
169.938583
170.741394
171.541718
172.339584
173.134964
173.927856
174.718292
175.506226
176.291702
177.074692
177.855225
178.633255
179.408813
180.181900
180.952499
181.720627
182.486282
183.251389
184.033752
184.837738
185.663345
186.510544
187.379379
188.269806
189.181854
190.115509
191.070755
192.047638
193.046112
194.066223
195.107925
196.171249
197.256165
198.362717
199.490875
200.640640
201.812012
203.004990
204.219589
205.455795
206.713608
207.993027
209.294083
210.616730
211.960983
213.326843
214.714340
216.123428
217.554138
219.006439
220.480377
221.975906
223.493057
225.031830
226.592178
228.174164
229.777756
231.402969
233.049774
234.718201
236.408234
238.119873
239.853134
241.608002
243.384476
0.000000
1.749094
3.469943
5.162547
6.826907
8.463022
10.070892
11.650518
13.201901
14.725039
16.219931
17.686581
19.124985
20.546438
21.962229
23.372364
24.776836
26.175648
27.568802
28.956297
30.338131
31.714304
33.084816
34.449673
35.808872
37.162407
38.510284
39.852501
41.189056
42.519955
43.845192
45.164768
46.478687
47.786949
49.089546
50.386490
51.677765
52.963387
54.243347
55.517647
56.786289
58.049271
59.306591
60.558254
61.804253
63.044594
64.279282
65.508301
66.731667
67.949371
69.161423
70.367798
71.568527
72.763596
73.953003
75.136742
76.314835
77.487259
78.654030
79.815140
80.970581
82.120369
83.264488
84.402969
85.535782
86.663132
87.789665
88.917259
90.045914
91.175629
92.306404
93.438240
94.571144
95.705101
96.840118
97.976204
99.113350
100.251556
101.390816
102.531143
103.672539
104.814987
105.958496
107.103073
108.248711
109.395409
110.543167
111.691978
112.841858
113.992805
115.144814
116.297874
117.452003
118.607185
119.763435
120.920746
122.079117
123.238548
124.399048
125.560600
126.723213
127.886894
129.051636
130.217438
131.384308
132.552231
133.721207
134.891251
136.062363
137.234528
138.407761
139.582062
140.757401
141.933807
143.111298
144.289841
145.469437
146.650085
147.830994
149.007217
150.177933
151.343140
152.502838
153.657059
154.805756
155.948959
157.086639
158.218842
159.345535
160.466705
161.582397
162.692581
163.797256
164.896423
165.990097
167.078262
168.160934
169.238083
170.309753
171.375900
172.436554
173.491699
174.541336
175.585480
176.624130
177.657257
178.684891
179.707016
180.723633
181.734756
182.740387
183.740494
184.735107
185.724213
186.707809
187.685928
188.658524
189.625610
190.587219
191.543320
192.493896
193.438980
194.378555
195.312637
196.241211
197.164276
198.081848
198.993912
199.900482
200.801529
201.697083
202.587280
203.472519
204.352829
205.228180
206.098572
206.964020
207.824539
208.680099
209.530716
210.376373
211.217102
212.052887
212.883713
213.709595
214.530533
215.346512
216.157547
216.963638
217.764801
218.560989
219.352249
220.138550
220.919907
221.696320
222.467789
223.234299
223.995865
224.752502
225.504181
226.250900
226.992691
227.729523
228.461426
229.188354
229.910355
230.627411
231.339508
232.046661
232.748871
233.446121
234.138458
234.825821
235.508224
236.185699
236.858231
237.525818
238.188446
238.846130
239.498871
240.146652
240.789505
241.427399
242.060364
242.685013
243.298096
243.899612
244.489517
245.067841
245.634567
246.189697
246.733261
247.265213
247.785583
248.294357
248.791565
249.277161
249.751160
250.213577
250.664398
251.103638
251.531281
251.947357
252.351822
252.744705
253.125977
253.495682
253.853790
254.200302
254.535217
254.858551
255.000000
255.000000
255.000000
255.000000
255.000000
0.000000
3.089897
5.950925
8.583083
10.986372
13.160793
15.106343
16.823025
18.421034
20.010569
21.591629
23.164215
24.728327
26.283964
27.831127
29.369814
30.900030
32.421768
33.935032
35.439823
36.936138
38.423985
39.903351
41.374241
42.836658
44.290607
45.736076
47.173069
48.601589
50.021633
51.433208
52.836304
54.230927
55.617077
56.994751
58.363949
59.724674
61.076923
62.420700
63.755997
65.082832
66.401176
67.711060
69.012459
70.305389
71.589844
72.865829
74.133339
75.392365
76.642921
77.884995
79.118607
80.343742
81.560402
82.768585
83.969414
85.169655
86.370438
87.571739
88.773590
89.975960
91.178864
92.382309
93.586281
94.790787
95.995827
97.201401
98.407509
99.614151
100.821312
102.029015
103.237251
104.446030
105.655327
106.865166
108.075531
109.286438
110.497871
111.709839
112.922340
114.135384
115.348953
116.563049
117.777672
118.992851
120.208542
121.424782
122.641533
123.858841
125.076675
126.295036
127.513924
128.733353
129.953323
131.173828
132.394852
133.616425
134.838501
136.061142
137.284286
138.507996
139.732208
140.956985
142.179657
143.397690
144.611038
145.819733
147.023727
148.223083
149.417755
150.607758
151.793106
152.973755
154.149765
155.321091
156.487732
157.649719
158.807037
159.959702
161.107681
162.250977
163.389618
164.523590
165.652893
166.777527
167.897476
169.012772
170.123398
171.229340
172.330627
173.427246
174.519180
175.606445
176.689056
177.766998
178.840256
179.908859
180.972778
182.032028
183.086624
184.136536
185.181793
186.222366
187.258270
188.289520
189.316086
190.337982
191.355209
192.367783
193.375671
194.378220
195.371536
196.354935
197.328430
198.292007
199.245697
200.189468
201.123322
202.047272
202.961304
203.865448
204.759659
205.643982
206.518372
207.382874
208.237457
209.082138
209.916916
210.741776
211.556717
212.361755
213.156891
213.942108
214.717422
215.482819
216.238312
216.983902
217.719574
218.445358
219.161209
219.867142
220.563187
221.249329
221.925537
222.591858
223.248260
223.894760
224.531357
225.158035
225.774796
226.381653
226.978607
227.565643
228.142761
228.710007
229.267303
229.814713
230.352219
230.886673
231.425018
231.967239
232.513321
233.063278
233.617096
234.174805
234.736374
235.301819
235.871124
236.444305
237.021362
237.602280
238.187088
238.775757
239.368271
239.964691
240.564972
241.169113
241.777130
242.389023
243.004776
243.624420
244.247910
244.875275
245.506531
246.141647
246.780609
247.423477
248.070206
248.720795
249.375275
250.033600
250.695801
251.361893
252.031845
252.705658
253.383347
254.064911
254.750336
255.000000
255.000000
255.000000
255.000000
255.000000
255.000000
255.000000
255.000000
255.000000
255.000000
255.000000
255.000000
255.000000
255.000000
255.000000
255.000000
255.000000
255.000000
