0.993359
0.003320
0.003320
0.003320
0.993359
0.003320
0.003320
0.003320
0.993359
0.000000
0.786801
1.580805
2.382011
3.190419
4.006030
4.828843
5.658858
6.496076
7.340497
8.192119
9.050944
9.916972
10.790201
11.670634
12.558269
13.453106
14.355145
15.264387
16.180832
17.104479
18.035326
18.973377
19.918633
20.871086
21.830746
22.797606
23.771669
24.752935
25.741404
26.737074
27.739946
28.750023
29.767300
30.791780
31.823465
32.858032
33.891182
34.922913
35.953220
36.982105
38.009567
39.035606
40.060223
41.083420
42.105194
43.125546
44.144478
45.161983
46.178070
47.192734
48.205978
49.217793
50.228191
51.237167
52.244720
53.250851
54.255562
55.258850
56.260715
57.261162
58.260181
59.257782
60.253956
61.248711
62.242043
63.233955
64.224442
65.213509
66.201157
67.187370
68.172180
69.155563
70.137520
71.118050
72.097160
73.074852
74.051117
75.025963
75.999390
76.971390
77.941963
78.911125
79.878860
80.845177
81.810066
82.773544
83.735588
84.696205
85.655411
86.613266
87.571350
88.530319
89.490158
90.450890
91.412491
92.374977
93.338341
94.302589
95.267715
96.233711
97.200600
98.168365
99.137009
100.106522
101.076935
102.048210
103.020378
103.993423
104.967346
105.942146
106.917824
107.894386
108.871834
109.850151
110.829353
111.809433
112.790398
113.772232
114.754959
115.738556
116.723030
117.708397
118.694641
119.681763
120.669762
121.658638
122.648392
123.639038
124.630554
125.622948
126.616226
127.610390
128.605423
129.601349
130.598145
131.595810
132.594376
133.593811
134.594131
135.595322
136.597412
137.600357
138.604187
139.608917
140.613968
141.615906
142.614212
143.608856
144.599854
145.587219
146.570923
147.550980
148.527374
149.500137
150.469254
151.434708
152.396515
153.354691
154.309204
155.260071
156.207291
157.150864
158.090775
159.027039
159.959686
160.888657
161.813980
162.735657
163.653687
164.568054
165.478790
166.385880
167.289322
168.189102
169.085236
169.977737
170.866577
171.751755
172.633316
173.511200
174.385437
175.256058
176.123001
176.986298
177.845947
178.701950
179.554306
180.403015
181.248077
182.089478
182.927231
183.761353
184.591812
185.418625
186.241791
187.061310
187.877182
188.689392
189.497955
190.306229
191.122314
191.946625
192.779160
193.619904
194.468857
195.326004
196.191391
197.064987
197.946793
198.836807
199.735031
200.641479
201.556137
202.479004
203.410095
204.349380
205.296890
206.252609
207.216553
208.188705
209.169067
210.157639
211.154419
212.159424
213.172638
214.194061
215.223709
216.261551
217.307617
218.361893
219.424393
220.495087
221.574020
222.661133
223.756485
224.860046
225.971802
227.091797
228.219986
229.356400
230.501007
231.653854
232.814896
233.984146
235.161636
236.347321
237.541214
238.743332
239.953659
241.172195
242.398956
243.633911
244.877106
246.128479
249.256256
0.000000
1.251032
2.496088
3.735169
4.968274
6.195404
7.416557
8.631736
9.840938
11.044166
12.241417
13.432693
14.617992
15.797318
16.970667
18.138041
19.299438
20.454861
21.604307
22.747778
23.885273
25.016794
26.142338
27.261906
28.375498
29.483116
30.584757
31.680424
32.773003
33.865387
34.957577
36.049568
37.141369
38.232975
39.324383
40.415596
41.506615
42.597435
43.688065
44.778496
45.868732
46.958775
48.048618
49.138271
50.227726
51.316982
52.406052
53.494919
54.583591
55.672073
56.760353
57.848446
58.936337
60.024033
61.111534
62.198841
63.285954
64.372864
65.459587
66.546112
67.632439
68.718575
69.804512
70.890259
71.975815
73.061157
74.146317
75.231285
76.316048
77.400620
78.484993
79.569176
80.653168
81.736954
82.820549
83.903954
84.987190
86.071098
87.156006
88.241913
89.328819
90.416733
91.505638
92.595558
93.686462
94.778381
95.871300
96.965218
98.060127
99.156052
100.252968
101.350891
102.449814
103.549736
104.650658
105.752579
106.855499
107.959427
109.064354
110.170288
111.277214
112.385139
113.494072
114.604012
115.714943
116.826874
117.939804
119.053734
120.168678
121.284622
122.401558
123.519501
124.638435
125.758369
126.879326
128.001266
129.124222
130.248154
131.373108
132.499039
133.626007
134.753952
135.882904
137.012833
138.143799
139.275024
140.402191
141.524582
142.642181
143.755020
144.863068
145.966324
147.064819
148.158524
149.247437
150.331573
151.410934
152.485519
153.555313
154.620331
155.680542
156.736008
157.786667
158.832565
159.873672
160.910004
161.941544
162.968307
163.990295
165.007477
166.019897
167.027542
168.030411
169.028473
170.021774
171.010284
171.994019
172.972946
173.947128
174.916519
175.881134
176.840942
177.795990
178.746262
179.691742
180.632431
181.568344
182.499481
183.425842
184.347412
185.264191
186.176208
187.083450
187.985886
188.884567
189.781937
190.678131
191.573151
192.466965
193.359604
194.251053
195.141312
196.030380
196.918274
197.804977
198.690491
199.574814
200.457977
201.339935
202.220688
203.100281
203.978699
204.855896
205.731934
206.606766
207.480438
208.352890
209.224182
210.094284
210.963196
211.830917
212.697449
213.562820
214.426971
215.289963
216.151749
217.012360
217.871780
218.730026
219.587067
220.442917
221.297607
222.151093
223.003403
223.854538
224.704453
225.553207
226.400757
227.247147
228.092331
228.936325
229.779144
230.620789
231.458694
232.290390
233.115860
233.935104
234.748108
235.554886
236.355438
237.149765
237.937851
238.719727
239.495361
240.264771
241.027954
241.784897
242.535614
243.280106
244.018372
244.750412
245.476227
246.195801
246.909134
247.616272
248.317169
249.011826
249.700256
250.382462
251.058441
251.728195
252.391708
253.048996
253.700058
254.344894
254.983490
0.000000
1.426713
2.833085
4.219117
5.584809
6.930160
8.255171
9.559840
10.844172
12.108160
13.351810
14.575119
15.778088
16.960714
18.123003
19.274899
20.426359
21.577377
22.727957
23.878096
25.027796
26.177057
27.325878
28.474262
29.622204
30.769709
31.916771
33.063393
34.209579
35.355324
36.500629
37.645496
38.789925
39.933910
41.077461
42.220573
43.363239
44.505470
45.647263
46.788612
47.929523
49.069996
50.210026
51.349621
52.488773
53.627487
54.765762
55.903595
57.040997
58.177952
59.314468
60.450546
61.586185
62.721382
63.856152
64.990463
66.124344
67.257790
68.390587
69.522209
70.652641
71.781883
72.909927
74.036781
75.162445
76.286919
77.410202
78.532288
79.653191
80.772888
81.891403
83.008728
84.124863
85.239807
86.353554
87.466110
88.577469
89.687645
90.796631
91.904419
93.011024
94.116425
95.220642
96.323669
97.425499
98.526138
99.625595
100.723846
101.820915
102.916794
104.011467
105.104958
106.197266
107.288368
108.378288
109.467010
110.554550
111.640892
112.726044
113.810005
114.892761
115.974213
117.053650
118.130951
119.206108
120.279129
121.350006
122.418755
123.485359
124.549820
125.612144
126.672333
127.730392
128.786285
129.840073
130.891693
131.941208
132.988541
134.033768
135.076859
136.117783
137.156586
138.193253
139.227783
140.260162
141.290405
142.318527
143.344482
144.368317
145.389999
146.409546
147.426971
148.442245
149.455368
150.466385
151.475235
152.481964
153.486526
154.488983
155.489288
156.487442
157.483475
158.477371
159.469116
160.458725
161.446182
162.431427
163.414520
164.395416
165.374130
166.350662
167.325027
168.297195
169.267197
170.235001
171.200638
172.164078
173.125351
174.084442
175.041351
175.996078
176.948639
177.898987
178.847183
179.793167
180.737000
181.678650
182.618103
183.555389
184.490479
185.423386
186.354141
187.282700
188.209076
189.133270
190.055283
190.975128
191.892776
192.808243
193.721527
194.632645
195.541565
196.448318
197.352890
198.255280
199.155472
200.053497
200.949341
201.841217
202.727402
203.607880
204.482651
205.351715
206.215057
207.072693
207.924606
208.770813
209.611313
210.446121
211.275177
212.098557
212.916214
213.728165
214.534393
215.334915
216.129730
216.918839
217.702240
218.479919
219.251877
220.018143
220.778702
221.533539
222.282654
223.026077
223.763794
224.495789
225.222076
225.942642
226.657501
227.366669
228.070099
228.767838
229.459854
230.146179
230.826767
231.501648
232.170837
232.834305
233.492065
234.144104
234.790436
235.431061
236.065979
236.695160
237.318665
237.936447
238.548523
239.154877
239.755524
240.350464
240.939697
241.523209
242.101013
242.673111
243.239487
243.800156
244.355133
244.904388
245.447922
245.985748
246.517868
247.044281
247.564972
248.079956
248.589233
