0.957229
0.021386
0.021386
0.021386
0.957229
0.021386
0.021386
0.021386
0.957229
0.000000
1.163853
2.307906
3.432159
4.536613
5.621267
6.686121
7.731177
8.756433
9.761889
10.747543
11.713402
12.659458
13.585716
14.502934
15.421874
16.342535
17.264917
18.189022
19.114845
20.042393
20.971661
21.902649
22.835361
23.769794
24.705946
25.643822
26.583416
27.524733
28.467772
29.412531
30.359011
31.307215
32.257141
33.208786
34.162155
35.117241
36.074047
37.032581
37.992832
38.954807
39.918499
40.883919
41.851051
42.819912
43.790493
44.762791
45.736813
46.712563
47.690029
48.669212
49.650124
50.632751
51.617104
52.603172
53.590969
54.580479
55.571716
56.564678
57.559353
58.555756
59.553879
60.553719
61.555283
62.558571
63.563580
64.570267
65.577721
66.585556
67.593781
68.602394
69.611389
70.620781
71.630554
72.640724
73.651283
74.662216
75.673546
76.685265
77.697365
78.709862
79.722740
80.736008
81.749664
82.763710
83.778137
84.792961
85.808167
86.823761
87.839752
88.856117
89.872879
90.890030
91.907562
92.925491
93.943794
94.962502
95.981590
97.001060
98.020920
99.041176
100.061806
101.082848
102.104256
103.126053
104.148247
105.170822
106.193794
107.217148
108.240883
109.265015
110.289536
111.314438
112.339737
113.365417
114.391487
115.417938
116.444786
117.472015
118.499626
119.527550
120.555756
121.584274
122.613083
123.642189
124.671585
125.701286
126.731277
127.761566
128.792160
129.823044
130.854218
131.885696
132.917480
133.949524
134.981903
136.014572
137.047516
138.080795
139.114334
140.148178
141.182343
142.216782
143.251511
144.286545
145.321884
146.357513
147.393433
148.429657
149.466187
150.502991
151.540100
152.577499
153.615204
154.653229
155.691513
156.730103
157.768997
158.808182
159.847672
160.887436
161.927521
162.967911
164.008560
165.049545
166.090790
167.132355
168.174225
169.216370
170.258820
171.301559
172.344620
173.387634
174.429825
175.471176
176.511673
177.551331
178.590118
179.628052
180.665146
181.701385
182.736771
183.771301
184.804993
185.837830
186.869812
187.900940
188.931213
189.960632
190.989212
192.016937
193.043808
194.069824
195.095001
196.119324
197.142792
198.165405
199.187149
200.208069
201.228134
202.247345
203.265686
204.283188
205.299850
206.315643
207.330597
208.344696
209.357941
210.370331
211.381866
212.392563
213.402405
214.411392
215.419525
216.426804
217.433243
218.438828
219.443558
220.447433
221.450455
222.452637
223.453949
224.454422
225.454041
226.452820
227.445648
228.427429
229.398193
230.357910
231.306595
232.244232
233.170853
234.086441
234.990982
235.884506
236.766983
237.638412
238.498825
239.348206
240.186539
241.013840
241.830109
242.635345
243.429550
244.212708
244.984833
245.745926
246.496002
247.235016
247.963013
248.679962
249.385880
250.080765
250.764618
251.437439
252.099213
0.000000
1.032120
2.208542
3.375697
4.533584
5.682205
6.821558
7.951643
9.072461
10.184012
11.286295
12.379311
13.463060
14.537541
15.602756
16.658701
17.710289
18.762430
19.815119
20.868361
21.922153
22.976498
24.031393
25.086836
26.142834
27.199381
28.256477
29.314127
30.372330
31.431080
32.490379
33.550232
34.610641
35.671597
36.733101
37.795158
38.857765
39.920925
40.984634
42.048893
43.113701
44.179066
45.244980
46.311443
47.378464
48.446030
49.514149
50.582813
51.652039
52.721806
53.792130
54.863003
55.934429
57.006401
58.078926
59.152004
60.225632
61.299805
62.374535
63.449818
64.525642
65.602028
66.678955
67.756447
68.834480
69.913071
70.992203
72.071892
73.151421
74.230057
75.307808
76.384682
77.460670
78.535767
79.609985
80.683319
81.755768
82.827332
83.898010
84.967804
86.036713
87.104744
88.171890
89.238152
90.303528
91.368019
92.431625
93.494347
94.556190
95.617142
96.677216
97.736412
98.794708
99.852127
100.908661
101.964317
103.019081
104.072968
105.125961
106.178085
107.229309
108.279655
109.329117
110.377693
111.425385
112.472198
113.518127
114.563171
115.607330
116.650604
117.692993
118.734497
119.775124
120.814850
121.853706
122.891685
123.928772
124.964966
126.000282
127.034706
128.068619
129.102371
130.135986
131.169418
132.202713
133.235840
134.268814
135.301636
136.334320
137.366806
138.399170
139.431366
140.463394
141.495285
142.527023
143.558594
144.590012
145.621262
146.652374
147.683319
148.714111
149.744751
150.775223
151.805542
152.835724
153.865738
154.895584
155.925293
156.954834
157.984207
159.013443
160.042511
161.071442
162.100220
163.128815
164.157272
165.185562
166.213684
167.241684
168.269501
169.297180
170.324707
171.352066
172.379257
173.406311
174.433197
175.459930
176.486511
177.512924
178.539200
179.565323
180.591263
181.615097
182.634842
183.650513
184.662094
185.669586
186.673004
187.672333
188.667603
189.658752
190.645828
191.628830
192.607742
193.582581
194.553314
195.519974
196.482544
197.441040
198.395447
199.345764
200.292007
201.234161
202.172241
203.106232
204.036133
204.961960
205.883698
206.801346
207.714905
208.624405
209.529800
210.431122
211.328354
212.221497
213.110565
213.995544
214.876450
215.753265
216.625992
217.494644
218.359207
219.219681
220.076080
220.928391
221.776627
222.620758
223.460815
224.296799
225.128677
225.956482
226.780212
227.599854
228.415405
229.236221
230.071564
230.921448
231.785889
232.664871
233.558426
234.466492
235.389130
236.326324
237.278061
238.244339
239.225174
240.220551
241.230499
242.254974
243.293991
244.347595
245.415710
246.498398
247.595627
248.707397
249.833740
250.974625
252.130051
253.300018
254.484543
255.000000
255.000000
255.000000
255.000000
255.000000
255.000000
0.000000
1.916973
3.705448
5.365427
6.896908
8.299891
9.574379
10.720368
11.737863
12.693050
13.652132
14.615103
15.581964
16.552717
17.527361
18.505896
19.488321
20.474640
21.464848
22.458944
23.456932
24.458813
25.464584
26.474245
27.487797
28.505241
29.526573
30.551802
31.580919
32.613922
33.650822
34.691608
35.736294
36.784866
37.837326
38.893677
39.953918
41.018055
42.086079
43.157993
44.233799
45.313496
46.397083
47.484566
48.575932
49.671196
50.770344
51.873390
52.980324
54.091152
55.205868
56.324474
57.446968
58.573360
59.703636
60.837807
61.975864
63.117126
64.257439
65.396133
66.533180
67.668602
68.802391
69.934547
71.065063
72.193954
73.321213
74.446838
75.570831
76.693184
77.813911
78.933006
80.050461
81.166290
82.280479
83.393044
84.503967
85.613266
86.720940
87.826965
88.931366
90.034134
91.135269
92.234764
93.332626
94.428864
95.523468
96.616425
97.707764
98.797462
99.885544
100.971977
102.056778
103.139954
104.221489
105.301392
106.379677
107.456322
108.531326
109.604698
110.676445
111.746544
112.815033
113.881882
114.947083
116.010666
117.074440
118.140236
119.208069
120.277916
121.349800
122.423706
123.499634
124.577591
125.657578
126.739594
127.823624
128.909698
129.997772
131.087891
132.180038
133.274200
134.370392
135.468613
136.568863
137.671143
138.775436
139.881760
140.990112
142.100494
143.212891
144.327316
145.443771
146.562256
147.682755
148.805283
149.929840
151.056442
152.185059
153.315689
154.448349
155.583054
156.719757
157.858505
158.999283
160.142075
161.286896
162.433731
163.582611
164.733505
165.886444
167.041382
168.198349
169.357361
170.516998
171.669022
172.812057
173.946060
175.071075
176.187073
177.294083
178.392075
179.481064
180.561035
181.632019
182.693985
183.746948
184.790924
185.825882
186.851822
187.868774
188.876709
189.875641
190.865585
191.846512
192.818420
193.781326
194.735245
195.680145
196.616058
197.542953
198.460846
199.369720
200.269592
201.160477
202.042328
202.915192
203.779053
204.633911
205.479752
206.316605
207.144440
207.963272
208.773087
209.573914
210.365723
211.148529
211.922348
212.687149
213.442932
214.189728
214.927505
215.656281
216.385468
217.124390
217.873062
218.631500
219.399689
220.177643
220.965347
221.762833
222.570068
223.387054
224.213791
225.050308
225.896576
226.752609
227.618393
228.493942
229.379242
230.274307
231.179138
232.093719
233.018051
233.952164
234.896027
235.849655
236.813019
237.786163
238.769058
239.761719
240.764145
241.776321
242.798248
243.829956
244.871399
245.922623
246.983597
248.054337
249.134811
250.225082
251.325073
252.434860
253.554398
254.683670
255.000000
255.000000
255.000000
255.000000
255.000000
255.000000
255.000000
255.000000
255.000000
255.000000
255.000000
