0.998650
0.000675
0.000675
0.000675
0.998650
0.000675
0.000675
0.000675
0.998650
0.000000
0.892393
1.804940
2.737641
3.690496
4.663505
5.656668
6.669984
7.703456
8.757081
9.830861
10.924794
12.038881
13.173122
14.327518
15.502068
16.696774
17.897736
19.091064
20.276762
21.454826
22.625256
23.788054
24.943216
26.090748
27.230642
28.362906
29.487539
30.604534
31.713896
32.815624
33.909721
34.996185
36.075012
37.146210
38.209778
39.265701
40.313999
41.354664
42.387691
43.413090
44.430847
45.440979
46.443474
47.438339
48.425568
49.405163
50.377129
51.341454
52.298149
53.247208
54.188641
55.122433
56.048595
56.967121
57.878014
58.781281
59.676907
60.564899
61.445267
62.317993
63.183090
64.040550
64.890381
65.732582
66.567139
67.395561
68.226837
69.062439
69.902405
70.746696
71.595329
72.448318
73.305634
74.167305
75.033310
75.903664
76.778351
77.657387
78.540764
79.428482
80.320549
81.216949
82.117691
83.022781
83.932205
84.845978
85.764099
86.686554
87.613350
88.544487
89.479980
90.419807
91.363968
92.312477
93.265327
94.222527
95.184059
96.149940
97.120155
98.094727
99.073631
100.056877
101.044464
102.036392
103.032669
104.033287
105.038254
106.047554
107.061188
108.079178
109.101509
110.128166
111.159187
112.194542
113.234238
114.275589
115.315964
116.355324
117.393692
118.431053
119.467407
120.502769
121.537125
122.570480
123.602837
124.634193
125.664543
126.693893
127.722244
128.749588
129.775940
130.801300
131.825623
132.848969
133.871323
134.892654
135.912994
136.932343
137.950668
138.968018
139.984329
140.999680
142.014008
143.027328
144.039673
145.050995
146.061325
147.070648
148.078964
149.086288
150.092621
151.097931
152.102249
153.105576
154.107895
155.109192
156.109512
157.108826
158.107147
159.104462
160.100754
161.096085
162.090378
163.083679
164.075912
165.066727
166.056076
167.043930
168.030319
169.015198
169.998627
170.980545
171.960999
172.939972
173.917465
174.893463
175.867981
176.841019
177.812576
178.782654
179.751251
180.718369
181.683990
182.648163
183.610825
184.572006
185.531723
186.489929
187.446671
188.401947
189.355728
190.308014
191.258835
192.208176
193.156021
194.102386
195.047272
195.990692
196.932617
197.873047
198.812027
199.749496
200.685501
201.620010
202.553040
203.484604
204.414673
205.343262
206.270370
207.195999
208.120132
209.042801
209.963974
210.883682
211.797424
212.700729
213.593582
214.475967
215.347931
216.209442
217.060516
217.901138
218.731308
219.551056
220.360352
221.159180
221.947601
222.725555
223.493057
224.250122
224.996750
225.732925
226.458664
227.173935
227.878784
228.573196
229.257156
229.930664
230.593735
231.246353
231.888535
232.520248
233.141556
233.752396
234.352783
234.942749
235.522263
236.091339
236.649948
237.198120
237.735855
238.263138
238.779999
239.286377
239.782333
0.000000
0.943290
2.055133
3.178185
4.312447
5.457917
6.614598
7.782488
8.961587
10.151896
11.353415
12.566141
13.790078
15.025224
16.271580
17.529146
18.797922
20.077904
21.358038
22.627254
23.885553
25.132938
26.369408
27.594961
28.809599
30.013321
31.206129
32.388020
33.558994
34.719055
35.868202
37.006432
38.133743
39.250141
40.355625
41.450191
42.533848
43.606579
44.668400
45.719303
46.759296
47.788368
48.806526
49.813770
50.810097
51.795506
52.770004
53.733585
54.686256
55.627998
56.558834
57.478756
58.387756
59.285847
60.173016
61.049271
61.914616
62.769035
63.614658
64.464096
65.319450
66.180733
67.047935
67.921066
68.800117
69.685089
70.575989
71.472809
72.375557
73.284233
74.198830
75.119347
76.045792
76.978157
77.916443
78.860657
79.810791
80.766853
81.728836
82.696739
83.670578
84.650330
85.636002
86.627617
87.625137
88.628586
89.637955
90.653259
91.674477
92.701622
93.734695
94.773682
95.818588
96.869431
97.926201
98.988884
100.057495
101.132027
102.212494
103.296104
104.380165
105.464638
106.549553
107.634880
108.720634
109.806801
110.893410
111.980431
113.067879
114.155754
115.244057
116.332779
117.421921
118.511490
119.601494
120.691910
121.782753
122.874023
123.965721
125.057831
126.150375
127.243340
128.336731
129.430542
130.524780
131.619431
132.714523
133.810028
134.905975
136.002335
137.099106
138.196320
139.293961
140.392014
141.490479
142.589401
143.688721
144.788483
145.888657
146.988831
148.086578
149.181458
150.273483
151.362625
152.448929
153.532364
154.612930
155.690643
156.765503
157.837479
158.906601
159.972870
161.036270
162.096802
163.154495
164.209320
165.261276
166.310379
167.356613
168.399979
169.440491
170.478134
171.512939
172.544846
173.573929
174.600128
175.623474
176.643951
177.661560
178.676315
179.688217
180.697266
181.703445
182.706757
183.707214
184.704803
185.699524
186.691406
187.680405
188.666550
189.645355
190.612396
191.567627
192.511078
193.442734
194.362610
195.270691
196.166962
197.051468
197.924179
198.785080
199.634216
200.471558
201.297104
202.110855
202.912827
203.703003
204.481369
205.247971
206.002777
206.745789
207.477020
208.196457
208.904099
209.599945
210.283997
210.956268
211.616760
212.265442
212.902344
213.527466
214.140778
214.742294
215.332047
215.909988
216.476151
217.030518
217.573090
218.103882
218.622879
219.130096
219.625504
220.109131
220.580963
221.041016
221.489258
221.925720
222.350403
222.763290
223.164383
223.553696
223.931198
224.296921
224.650864
224.992996
225.323349
225.641907
225.948669
226.243652
226.526855
226.798264
227.057861
227.305695
227.541718
227.765945
227.978409
228.179062
228.367935
228.544998
228.710297
228.863785
229.005508
229.135406
229.253540
229.359879
229.454422
0.000000
1.585894
3.144498
4.675811
6.179834
7.656568
9.106010
10.528164
11.928378
13.311999
14.679030
16.029469
17.363316
18.680574
19.981239
21.265314
22.532799
23.783691
25.017994
26.235704
27.436823
28.621353
29.789288
30.940634
32.075394
33.193554
34.295128
35.380108
36.448498
37.500298
38.535507
39.554127
40.556152
41.541588
42.510433
43.462685
44.405025
45.353775
46.309677
47.272732
48.242943
49.220303
50.204815
51.196476
52.195297
53.201263
54.214390
55.234665
56.262093
57.296673
58.338406
59.387295
60.443333
61.506523
62.576866
63.654358
64.739014
65.830803
66.929764
68.035866
69.149132
70.269539
71.397102
72.531815
73.673096
74.817421
75.964203
77.113426
78.265114
79.419250
80.575836
81.734886
82.896385
84.060333
85.226738
86.395599
87.566910
88.740677
89.916893
91.095566
92.276695
93.460274
94.646309
95.834793
97.025742
98.219139
99.414978
100.613281
101.814041
103.017242
104.222916
105.431030
106.641251
107.845963
109.042046
110.229492
111.408318
112.578514
113.740074
114.893005
116.037308
117.172981
118.300026
119.418442
120.528229
121.629379
122.721901
123.805801
124.881058
125.947701
127.005707
128.055069
129.095825
130.127945
131.151443
132.166290
133.172516
134.170105
135.159088
136.139420
137.111130
138.074921
139.031555
139.981033
140.923355
141.858505
142.786484
143.707306
144.620956
145.527435
146.426758
147.318893
148.203888
149.081696
149.952362
150.815857
151.672180
152.521317
153.363312
154.198135
155.025803
155.846298
156.659622
157.465775
158.264771
159.056610
159.841263
160.618759
161.389084
162.152252
162.908264
163.657089
164.398758
165.133255
165.860596
166.580765
167.293777
167.999603
168.698288
169.389786
170.074127
170.751312
171.421326
172.084167
172.739838
173.388351
174.029694
174.663879
175.290894
175.910736
176.523422
177.128937
177.727280
178.318466
178.902481
179.479340
180.049026
180.611542
181.166901
181.715103
182.256119
182.789978
183.316666
183.836182
184.348557
184.853745
185.351776
185.842636
186.326324
186.802872
187.272217
187.734436
188.189468
188.637314
189.078033
189.511566
189.937927
190.357132
190.769180
191.174057
191.571747
191.962296
192.345657
192.721878
193.090927
193.452789
193.807510
194.155045
194.495422
194.828644
195.154678
195.473587
195.785278
196.089844
196.387222
196.677429
196.960480
197.236359
197.505096
197.766647
198.021042
198.268250
198.508316
198.741211
198.966934
199.185501
199.396881
199.601120
199.798172
199.988068
200.170792
200.346359
200.514755
200.675980
200.830048
200.976959
201.116699
201.249268
201.374664
201.492905
201.603973
201.707870
201.804611
201.894180
201.976593
202.051834
202.119904
202.180832
202.234573
202.281143
202.320557
202.352798
202.377869
202.395798
202.406540
202.410126
