0.984195
0.007903
0.007903
0.007903
0.984195
0.007903
0.007903
0.007903
0.984195
0.000000
1.162597
2.317677
3.465240
4.605288
5.737817
6.862832
7.980330
9.092552
10.201739
11.307891
12.411009
13.511093
14.608141
15.702154
16.793131
17.881077
18.965984
20.047859
21.126698
22.202501
23.275270
24.345005
25.411705
26.475372
27.536003
28.593599
29.648159
30.699684
31.748177
32.793633
33.836052
34.875443
35.911789
36.945107
37.975391
39.002636
40.026855
41.048027
42.066166
43.081284
44.093357
45.102394
46.108398
47.111362
48.111301
49.108200
50.102058
51.092888
52.080688
53.065453
54.047176
55.025867
56.002350
56.978634
57.954819
58.930901
59.906879
60.882755
61.858528
62.834198
63.809772
64.785233
65.760597
66.735855
67.711014
68.686073
69.661026
70.635880
71.610626
72.585274
73.559814
74.534256
75.508591
76.482826
77.456963
78.430992
79.404915
80.378746
81.352463
82.326088
83.299599
84.273018
85.246330
86.219543
87.192642
88.165649
89.138550
90.111359
91.084045
92.056641
93.029137
94.001526
94.973816
95.945999
96.918083
97.890068
98.861938
99.833542
100.803864
101.772736
102.740158
103.706123
104.670639
105.633705
106.595329
107.555496
108.514214
109.471474
110.427292
111.381653
112.334564
113.286026
114.236038
115.184593
116.131699
117.077354
118.021561
118.964317
119.905624
120.845474
121.783875
122.720833
123.656334
124.590385
125.522980
126.454132
127.383827
128.312073
129.238861
130.164200
131.088104
132.010544
132.931534
133.851074
134.769165
135.685791
136.600998
137.514725
138.427017
139.337860
140.247223
141.155167
142.061859
142.971741
143.886688
144.806641
145.731644
146.661682
147.596756
148.536865
149.482025
150.432190
151.387421
152.347672
153.312958
154.283295
155.258652
156.239044
157.224487
158.214951
159.210449
160.210999
161.216583
162.227188
163.242828
164.263519
165.289230
166.319992
167.355789
168.396606
169.442474
170.493378
171.549301
172.610275
173.676300
174.747330
175.823410
176.904526
177.990677
179.081848
180.178085
181.279327
182.385620
183.496964
184.613327
185.734711
186.861160
187.992630
189.120621
190.236664
191.340759
192.432877
193.513031
194.581238
195.637466
196.681747
197.714066
198.734406
199.742798
200.739212
201.723679
202.696182
203.656723
204.605316
205.541931
206.466568
207.379272
208.279999
209.168777
210.045578
210.910416
211.763306
212.604218
213.433182
214.250183
215.055206
215.848282
216.629379
217.398544
218.155731
218.900955
219.634216
220.355515
221.064850
221.762222
222.447647
223.121094
223.782578
224.432114
225.069672
225.695282
226.308929
226.910599
227.500336
228.078079
228.643875
229.197708
229.739578
230.269485
230.787430
231.293411
231.787445
232.269501
232.739594
233.197723
233.643906
234.078110
234.500351
234.910645
235.308975
235.695328
236.069733
236.432190
236.782654
237.121170
0.000000
0.778405
1.587238
2.426500
3.296191
4.196311
5.126859
6.087837
7.079243
8.101080
9.153344
10.236037
11.349159
12.492709
13.666689
14.871099
16.087162
17.296116
18.497955
19.692678
20.880291
22.060789
23.234173
24.400444
25.559601
26.711643
27.856571
28.994387
30.125088
31.248676
32.365150
33.474510
34.576759
35.671894
36.759907
37.840813
38.914604
39.981285
41.040844
42.093296
43.138634
44.176857
45.207970
46.231960
47.248837
48.258610
49.261265
50.256802
51.245228
52.226540
53.200741
54.167828
55.127800
56.080658
57.026398
57.965031
58.896542
59.820950
60.738235
61.653023
62.569942
63.488991
64.410164
65.333466
66.258888
67.186447
68.116119
69.047920
69.981850
70.917908
71.856087
72.796394
73.738838
74.683395
75.630081
76.578896
77.529831
78.482895
79.438087
80.395401
81.354851
82.316422
83.280113
84.245934
85.213882
86.183960
87.156158
88.130486
89.106934
90.085518
91.066216
92.049049
93.034012
94.021088
95.010300
96.001633
96.995102
97.990685
98.988396
99.988243
100.990204
101.994293
102.998566
104.001060
105.001770
106.000717
106.997871
107.993263
108.986877
109.978706
110.968765
111.957047
112.943550
113.928284
114.911240
115.892410
116.871819
117.849434
118.825294
119.799362
120.771652
121.742180
122.710922
123.677895
124.643082
125.606499
126.568138
127.528000
128.486099
129.442398
130.396927
131.349701
132.300674
133.249878
134.197311
135.142975
136.086838
137.028946
137.969269
138.907822
139.844589
140.779587
141.712814
142.644257
143.573929
144.504288
145.437790
146.374466
147.314301
148.257278
149.203415
150.152725
151.105164
152.060791
153.019547
153.981476
154.946564
155.914795
156.886200
157.860748
158.838455
159.819321
160.803345
161.790512
162.780853
163.774338
164.770981
165.770798
166.773743
167.779877
168.789154
169.801575
170.817154
171.835907
172.857819
173.882858
174.911087
175.942459
176.976974
178.014679
179.055511
180.099503
181.146667
182.196976
183.250427
184.307053
185.366837
186.429779
187.491089
188.545944
189.594360
190.636322
191.671860
192.700943
193.723587
194.739792
195.749557
196.752884
197.749771
198.740204
199.724197
200.701767
201.672882
202.637543
203.595779
204.547577
205.492935
206.431839
207.364319
208.290344
209.209930
210.123077
211.029785
211.930038
212.823853
213.711243
214.592178
215.466675
216.334732
217.196350
218.051529
218.900253
219.742538
220.578384
221.407791
222.230774
223.047302
223.857391
224.661026
225.458221
226.248978
227.033310
227.811188
228.582626
229.347626
230.106171
230.858292
231.603958
232.343185
233.075974
233.802322
234.522232
235.235703
235.942719
236.643311
237.337433
238.025146
238.706406
239.381210
240.049591
240.711517
241.367020
242.016068
242.658691
243.294846
243.924576
0.000000
1.015662
2.077738
3.186226
4.341129
5.542445
6.790174
8.057710
9.318445
10.572380
11.819513
13.059848
14.293382
15.520113
16.740044
17.953176
19.159506
20.359037
21.551767
22.737700
23.916824
25.089153
26.254681
27.413408
28.565336
29.710461
30.848789
31.980310
33.105038
34.222961
35.334084
36.438408
37.535927
38.626652
39.710571
40.787693
41.858009
42.921532
43.978249
45.028164
46.071289
47.107605
48.137119
49.159840
50.175755
51.184868
52.188080
53.190781
54.193874
55.197350
56.201218
57.205475
58.210117
59.215149
60.220566
61.226376
62.232574
63.239159
64.246132
65.253487
66.261238
67.269379
68.277908
69.286819
70.296120
71.305809
72.315887
73.326355
74.337204
75.348450
76.360077
77.372101
78.384514
79.397301
80.410484
81.424057
82.438019
83.452370
84.467102
85.482224
86.497734
87.513634
88.529930
89.546600
90.563675
91.581131
92.598869
93.616814
94.634941
95.653252
96.671768
97.690468
98.709366
99.728447
100.747726
101.767197
102.786858
103.806709
104.826752
105.846985
106.867409
107.888031
108.908844
109.929840
110.951035
111.972420
112.993996
114.015770
115.037735
116.059875
117.082222
118.104759
119.127487
120.150406
121.173515
122.196823
123.220314
124.244003
125.267876
126.291946
127.316200
128.340668
129.365311
130.390121
131.415161
132.440460
133.466660
134.493835
135.521973
136.551086
137.581177
138.612259
139.644302
140.677307
141.711319
142.746292
143.782227
144.819153
145.857056
146.895920
147.935776
148.976578
150.018387
151.061172
152.104904
153.149643
154.195328
155.242004
156.289658
157.338272
158.387894
159.438461
160.490005
161.542542
162.596039
163.650513
164.705963
165.762390
166.819794
167.878174
168.937531
169.997864
171.059158
172.121429
173.184692
174.246246
175.303467
176.356384
177.404938
178.449173
179.489075
180.524612
181.555832
182.582733
183.605270
184.623474
185.637344
186.646881
187.652084
188.652939
189.649475
190.641663
191.629517
192.613052
193.592224
194.567078
195.537582
196.503769
197.465607
198.423096
199.376266
200.325104
201.269592
202.209732
203.145569
204.077042
205.004181
205.927002
206.845474
207.759613
208.669418
209.574875
210.476013
211.372803
212.265259
213.153381
214.037170
214.916611
215.791718
216.662491
217.528931
218.391037
219.248795
220.102219
220.951324
221.796082
222.636505
223.472580
224.304337
225.131744
225.954819
226.773560
227.587952
228.398026
229.203766
230.005157
230.802200
231.594925
232.383316
233.167358
233.947083
234.722443
235.493484
236.260193
237.022552
237.780579
238.534271
239.283630
240.028656
240.769333
241.505692
242.237701
242.965378
243.688721
244.407715
245.122391
245.832718
246.538712
247.240356
247.937698
248.630676
249.319336
250.003632
250.683609
251.359253
252.030563
