0.837935
0.081032
0.081032
0.081032
0.837935
0.081032
0.081032
0.081032
0.837935
0.000000
1.350301
2.687090
4.010368
5.320137
6.616393
7.899139
9.168374
10.424098
11.666311
12.895014
14.110205
15.311885
16.500053
17.674711
18.835859
19.983496
21.117622
22.238237
23.345343
24.438936
25.519016
26.585587
27.638647
28.678198
29.704235
30.716761
31.715776
32.701286
33.673279
34.631763
35.576736
36.508202
37.426147
38.330593
39.221519
40.098938
40.962845
41.813236
42.650124
43.473503
44.283360
45.079716
45.862560
46.631889
47.387711
48.130020
48.858814
49.574100
50.275879
50.978546
51.696548
52.429867
53.178513
53.942474
54.721760
55.516361
56.326290
57.151531
57.992100
58.847984
59.719196
60.605721
61.507572
62.424736
63.357231
64.305046
65.268173
66.246620
67.240395
68.249489
69.273903
70.313629
71.368690
72.439072
73.524765
74.625778
75.740044
76.855103
77.968872
79.081375
80.192589
81.302536
82.411194
83.518570
84.624664
85.729485
86.833031
87.935295
89.036278
90.135971
91.234398
92.331535
93.427399
94.521980
95.615280
96.707306
97.798042
98.887505
99.975693
101.062599
102.148224
103.232567
104.315628
105.397415
106.478760
107.560486
108.642593
109.725090
110.807976
111.891243
112.974899
114.058945
115.143372
116.228195
117.313393
118.398979
119.484962
120.571312
121.658066
122.745201
123.832726
124.920631
126.008919
127.097603
128.186676
129.276123
130.365952
131.456177
132.546799
133.637802
134.729172
135.821198
136.915329
138.011826
139.110703
140.211929
141.315506
142.421463
143.529770
144.640457
145.753510
146.868896
147.986679
149.106812
150.229294
151.354156
152.481384
153.610977
154.742920
155.877243
157.013916
158.152954
159.294357
160.438126
161.584259
162.732758
163.883606
165.036835
166.192413
167.343155
168.481857
169.608505
170.723083
171.825638
172.916122
173.994583
175.060974
176.115311
177.157608
178.187851
179.206039
180.212189
181.206284
182.188339
183.158340
184.116272
185.062180
185.996017
186.917816
187.827576
188.725266
189.610916
190.484528
191.346069
192.195572
193.033020
193.858429
194.671783
195.473083
196.262329
197.039536
197.804672
198.557785
199.298843
200.027847
200.744812
201.449707
202.142563
202.823364
203.492126
204.148819
204.793472
205.426102
206.046646
206.655151
207.251617
207.836014
208.408371
208.968689
209.516953
210.053162
210.577316
211.089432
211.589493
212.077499
212.553452
213.017365
213.469238
213.909042
214.336807
214.752533
215.156189
215.547791
215.927368
216.294876
216.650345
216.993759
217.325119
217.644440
217.951706
218.246918
218.530090
218.801193
219.060287
219.307297
219.542267
219.765167
219.976044
220.174866
220.361633
220.536346
220.699020
220.849655
220.988205
221.114731
221.229202
221.331635
221.422012
221.500336
221.566605
221.620834
221.662994
221.693115
221.711197
221.717224
0.000000
1.331210
2.650867
3.958971
5.255521
6.540518
7.813962
9.075851
10.326189
11.564971
12.792202
14.007878
15.212001
16.404572
17.585585
18.755051
19.912960
21.059315
22.194118
23.317368
24.429064
25.529207
26.617796
27.694834
28.760313
29.814243
30.856621
31.887440
32.906712
33.914425
34.910587
35.895199
36.868256
37.829758
38.779705
39.718102
40.644943
41.560230
42.463966
43.356144
44.236778
45.105850
45.963371
46.809341
47.643753
48.466618
49.277927
50.077679
50.865883
51.642529
52.419048
53.206871
54.005997
54.816422
55.638145
56.471172
57.315502
58.171127
59.038059
59.916290
60.805824
61.706657
62.618790
63.542225
64.476959
65.422997
66.380333
67.348976
68.328911
69.320152
70.322701
71.336540
72.361687
73.398132
74.445877
75.504929
76.575272
77.655563
78.737701
79.820312
80.903397
81.986969
83.071014
84.155540
85.240555
86.326042
87.412010
88.498451
89.585381
90.672783
91.760674
92.849045
93.937889
95.027214
96.117020
97.207314
98.298073
99.389320
100.481041
101.573250
102.665932
103.759102
104.852745
105.946861
107.041473
108.134666
109.224541
110.311096
111.394341
112.474274
113.550896
114.624199
115.694183
116.760864
117.824226
118.884277
119.941002
120.994431
122.044533
123.091324
124.134811
125.174965
126.211815
127.245354
128.275589
129.302490
130.326080
131.346359
132.363327
133.376984
134.387314
135.394333
136.398895
137.406006
138.416550
139.430496
140.447861
141.468643
142.492844
143.520447
144.551468
145.585892
146.623734
147.665009
148.709671
149.757767
150.809250
151.864166
152.922501
153.984238
155.049408
156.117966
157.189957
158.265335
159.344162
160.426376
161.512009
162.601059
163.693527
164.789398
165.881271
166.961700
168.030701
169.088272
170.134415
171.169113
172.192383
173.204224
174.204620
175.193588
176.171127
177.137222
178.091904
179.035126
179.966949
180.887299
181.796249
182.693756
183.579819
184.454453
185.317673
186.169434
187.009781
187.838684
188.656158
189.462189
190.256790
191.039978
191.811707
192.572006
193.320892
194.058319
194.784348
195.498901
196.202042
196.893768
197.574036
198.242874
198.900284
199.546265
200.180801
200.803909
201.415573
202.015823
202.604630
203.181992
203.747955
204.302444
204.845535
205.377167
205.897385
206.406158
206.903503
207.389404
207.863892
208.326935
208.778549
209.218719
209.647476
210.064789
210.470657
210.865097
211.248108
211.619705
211.979828
212.328552
212.665833
212.991669
213.306091
213.609070
213.900620
214.180725
214.449402
214.706665
214.952454
215.186844
215.409790
215.621307
215.821396
216.010040
216.187241
216.353027
216.507385
216.650299
216.781769
216.901810
217.010422
217.107605
217.193359
217.267685
217.330566
217.382019
217.422043
217.450623
217.467773
217.473480
0.000000
1.144756
2.696193
4.228207
5.740795
7.233959
8.707698
10.162013
11.596906
13.012372
14.408414
15.785031
17.142223
18.479994
19.798338
21.097258
22.376755
23.636826
24.877474
26.098696
27.300493
28.482866
29.645815
30.789343
31.913443
33.018120
34.103367
35.169201
36.215603
37.242580
38.250134
39.238258
40.206970
41.156250
42.086109
42.996540
43.887547
44.759136
45.611294
46.444027
47.257336
48.051224
48.825680
49.580723
50.316334
51.032520
51.748047
52.481689
53.233437
54.003296
54.791264
55.597340
56.421528
57.263821
58.124222
59.002735
59.899364
60.814091
61.746929
62.697884
63.666939
64.654106
65.659386
66.682777
67.724266
68.783875
69.861588
70.957405
72.071342
73.202774
74.338631
75.473526
76.607475
77.740471
78.872505
80.003593
81.133720
82.262894
83.391113
84.518387
85.644699
86.770065
87.894478
89.017929
90.140427
91.261978
92.382576
93.502205
94.620895
95.738632
96.855408
97.971237
99.086105
100.200264
101.315216
102.431206
103.548218
104.666283
105.785362
106.905495
108.026649
109.148849
110.272072
111.396332
112.521629
113.647964
114.775330
115.903732
117.033165
118.163635
119.295135
120.427673
121.561256
122.695854
123.831505
124.968178
126.105888
127.245201
128.387527
129.532928
130.681366
131.832901
132.987518
134.145172
135.305908
136.469727
137.636597
138.806534
139.979568
141.155640
142.334793
143.517029
144.702316
145.890671
147.082092
148.276596
149.474167
150.674805
151.878510
153.085281
154.295135
155.501266
156.696838
157.881897
159.056396
160.220383
161.373825
162.516739
163.649124
164.770950
165.882278
166.983047
168.073288
169.153000
170.222168
171.280807
172.328918
173.366486
174.393524
175.410034
176.416000
177.411453
178.396347
179.370712
180.334549
181.287857
182.230637
183.162857
184.084579
184.995728
185.896378
186.786469
187.666046
188.535080
189.393570
190.241547
191.078979
191.905869
192.722244
193.528076
194.323364
195.108124
195.882355
196.646057
197.399231
198.141846
198.873947
199.595505
200.306519
201.007019
201.696976
202.376404
203.045303
203.703659
204.351486
204.988785
205.615540
206.231766
206.837448
207.432602
208.017227
208.591309
209.154861
209.707886
210.250381
210.782333
211.303757
211.814651
212.314987
212.804810
213.284103
213.752853
214.211075
214.658752
215.095901
215.522522
215.938599
216.344162
216.739151
217.123627
217.497589
217.861008
218.213882
218.556213
218.888046
219.209320
219.520050
219.820267
220.109970
220.389099
220.657715
220.915787
221.163330
221.400330
221.626816
221.842758
222.048172
222.243027
222.427368
222.601181
222.764450
222.917191
223.059402
223.191055
223.312210
223.422806
223.522888
223.612411
223.691406
223.759888
223.817810
223.865234
223.902084
223.928436
223.944214
223.949493
