0.870565
0.064718
0.064718
0.064718
0.870565
0.064718
0.064718
0.064718
0.870565
0.000000
0.000000
0.000000
0.000000
0.000000
0.000000
0.000000
0.000000
0.000000
0.000000
0.000000
0.000000
0.000000
0.000000
0.000000
0.000000
1.957735
3.927572
5.869788
7.784380
9.671355
11.530702
13.362428
15.166536
16.943022
18.691877
20.413120
22.106739
23.772738
25.411106
27.021862
28.604994
30.160509
31.688393
33.188660
34.661308
36.106323
37.523731
38.913506
40.275658
41.610191
42.917110
44.196392
45.448063
46.672112
47.868538
49.037350
50.178528
51.292080
52.378025
53.436344
54.467030
55.470100
56.445553
57.393383
58.313595
59.206173
60.071129
60.923473
61.778191
62.635288
63.494759
64.356606
65.220840
66.087448
66.956429
67.827782
68.701523
69.577637
70.456123
71.336990
72.220238
73.105865
73.993874
74.884247
75.777000
76.672134
77.569649
78.469528
79.371796
80.276436
81.183464
82.092865
83.004631
83.918785
84.835312
85.754227
86.675507
87.599159
88.525200
89.453613
90.384415
91.317581
92.253128
93.191055
94.131363
95.074043
96.019096
96.966522
97.916344
98.868538
99.823006
100.777618
101.731483
102.684624
103.637024
104.588692
105.539619
106.489807
107.439262
108.387993
109.335968
110.283226
111.229736
112.175514
113.120552
114.064857
115.008423
115.951256
116.893349
117.834709
118.775337
119.715218
120.654373
121.592789
122.530464
123.467407
124.403618
125.339088
126.273819
127.207817
128.141083
129.073608
130.005402
130.936462
131.866776
132.796356
133.725189
134.653320
135.580673
136.507324
137.433212
138.358383
139.282822
140.206512
141.130341
142.059479
142.994797
143.936310
144.883972
145.837845
146.797882
147.764130
148.736526
149.715134
150.699905
151.690857
152.687988
153.691299
154.700790
155.716476
156.738342
157.766373
158.800613
159.841019
160.887604
161.940384
162.999329
164.064468
165.135757
166.213272
167.296936
168.386810
169.482849
170.585068
171.693466
172.808060
173.928833
175.055771
176.188904
177.328217
178.473709
179.625381
180.783234
181.947266
183.117493
184.293884
185.476471
186.665222
187.856842
189.043121
190.223740
191.398651
192.567871
193.731400
194.889267
196.041428
197.187897
198.328690
199.463776
200.593201
201.716919
202.834946
203.947296
205.053955
206.154922
207.250214
208.339798
209.423706
210.501923
211.574463
212.641296
213.702469
214.757919
215.807709
216.851791
217.890198
218.922913
219.949936
220.971283
221.986923
222.996887
224.001175
224.999756
225.992661
226.979874
227.961395
228.937225
229.907379
230.871841
231.830612
232.783707
233.731094
234.662613
235.568054
236.447403
237.300705
238.127899
238.929031
239.704086
240.453079
241.175980
241.872803
242.543549
243.188232
243.806839
244.399353
244.965805
245.506165
246.020462
246.508682
246.970825
247.406876
247.816879
248.200790
248.558624
0.000000
0.000000
0.000000
0.000000
0.000000
0.000000
0.000000
0.000000
0.000000
0.000000
0.000000
0.000000
0.000000
0.000000
0.000000
1.850706
3.944933
6.005681
8.032944
10.026727
11.987031
13.913854
15.807194
17.667053
19.493437
21.286329
23.045752
24.771681
26.464140
28.123104
29.748604
31.340605
32.899151
34.424191
35.915764
37.373844
38.798458
40.189575
41.547222
42.871384
44.162067
45.419258
46.642982
47.833218
48.989975
50.113247
51.203041
52.259357
53.282185
54.271538
55.227406
56.149792
57.038700
57.894127
58.716076
59.523285
60.334511
61.149746
61.968994
62.792255
63.619530
64.450821
65.286110
66.125427
66.968758
67.816086
68.667435
69.522804
70.382179
71.245560
72.112961
72.984375
73.859802
74.739235
75.622688
76.510155
77.401634
78.297127
79.196617
80.100136
81.007660
81.919205
82.834755
83.754318
84.677895
85.605484
86.537086
87.472702
88.412331
89.355965
90.303619
91.255287
92.210968
93.170662
94.134354
95.102074
96.073807
97.049545
98.029305
99.013069
99.998604
100.983635
101.968163
102.952194
103.935730
104.918770
105.901306
106.883347
107.864899
108.845940
109.826492
110.806549
111.786102
112.765160
113.743721
114.721786
115.699356
116.676414
117.652992
118.629066
119.604645
120.579720
121.554306
122.528389
123.501976
124.475067
125.447655
126.419746
127.391350
128.362442
129.333054
130.303162
131.272766
132.241867
133.210480
134.178604
135.146225
136.113342
137.079971
138.046097
139.011719
139.976852
140.941483
141.905624
142.869263
143.834396
144.803024
145.775146
146.750748
147.729874
148.712463
149.698563
150.688156
151.681229
152.677795
153.677872
154.681427
155.688477
156.699036
157.713058
158.730606
159.751617
160.776138
161.804153
162.835663
163.870651
164.909134
165.951111
166.996582
168.045563
169.098022
170.153976
171.213409
172.276352
173.342789
174.412720
175.486130
176.563065
177.643448
178.727356
179.814743
180.905640
182.000000
183.097870
184.199234
185.304092
186.412430
187.524292
188.639618
189.758438
190.876755
191.990479
193.099640
194.204239
195.304276
196.399734
197.490646
198.576981
199.658768
200.735977
201.808624
202.876709
203.940231
204.999176
206.053558
207.103394
208.148651
209.189362
210.225479
211.257050
212.284058
213.306488
214.324371
215.337677
216.346420
217.350601
218.350220
219.345261
220.335770
221.321671
222.303040
223.279831
224.252060
225.219727
226.182831
227.141373
228.095352
229.044754
229.989594
230.929871
231.865585
232.796722
233.723312
234.645340
235.562790
236.463608
237.335587
238.178787
238.993179
239.778793
240.535599
241.263611
241.962860
242.633286
243.274918
243.887772
244.471832
245.027100
245.553574
246.051239
246.520126
246.960205
247.371521
247.754013
248.107727
248.432648
0.000000
0.000000
0.000000
0.000000
0.000000
0.000000
0.000000
0.000000
0.511114
2.121070
3.717128
5.299291
6.867556
8.421922
9.962391
11.488965
13.001640
14.500419
15.985301
17.456285
18.913374
20.356564
21.785858
23.201252
24.602749
25.990351
27.364054
28.723864
30.069775
31.401785
32.719898
34.024120
35.314442
36.590866
37.853397
39.102028
40.336758
41.557590
42.764530
43.957573
45.136715
46.301968
47.453316
48.590767
49.714321
50.823978
51.919739
53.001602
54.069580
55.123642
56.163815
57.190094
58.202465
59.200943
60.185532
61.156219
62.113010
63.062561
64.011513
64.959869
65.907646
66.854820
67.801414
68.747398
69.692802
70.637619
71.581833
72.525459
73.468498
74.410934
75.352783
76.294044
77.234711
78.174789
79.114273
80.053162
80.991463
81.929169
82.866280
83.802811
84.738739
85.674080
86.608826
87.542984
88.476547
89.409523
90.341904
91.273689
92.204880
93.135490
94.065506
94.994919
95.923752
96.851982
97.779633
98.706680
99.633148
100.559021
101.484879
102.412163
103.340950
104.271217
105.202980
106.136223
107.070969
108.007195
108.944916
109.884132
110.824829
111.767021
112.710709
113.655876
114.602539
115.550697
116.500343
117.451477
118.404099
119.358215
120.313820
121.270920
122.229500
123.189583
124.151138
125.114197
126.078751
127.044785
128.012314
128.981323
129.951843
130.923843
131.897324
132.872299
133.848770
134.826736
135.806183
136.787125
137.769562
138.753479
139.738907
140.726227
141.718079
142.714859
143.716583
144.723267
145.734879
146.751419
147.772934
148.799362
149.830750
150.867081
151.908340
152.954544
154.005692
155.061798
156.122818
157.188797
158.259720
159.335571
160.416382
161.502121
162.592819
163.688431
164.789017
165.894516
167.004974
168.120377
169.240707
170.365997
171.496231
172.631393
173.771500
174.916565
176.066544
177.221481
178.381348
179.546173
180.715927
181.890640
183.070282
184.254883
185.443970
186.627975
187.802963
188.968933
190.125885
191.273834
192.412750
193.542664
194.663559
195.775421
196.878296
197.972122
199.056961
200.132767
201.199570
202.257339
203.306122
204.345856
205.376572
206.398300
207.411011
208.414688
209.409348
210.395004
211.371643
212.339249
213.297867
214.247452
215.188019
216.119568
217.042099
217.955643
218.860138
219.755630
220.642090
221.519562
222.387985
223.247437
224.097839
224.939240
225.771606
226.594971
227.405136
228.197937
228.973358
229.731400
230.472076
231.195374
231.901291
232.589844
233.261017
233.914825
234.551254
235.170303
235.772003
236.356308
236.923248
237.472809
238.004990
238.519791
239.017242
239.497299
239.959991
240.405319
240.833267
241.243820
241.637024
242.012848
242.371307
242.712372
243.036087
243.342407
243.631363
243.902939
244.157150
244.393982
