0.941405
0.029298
0.029298
0.029298
0.941405
0.029298
0.029298
0.029298
0.941405
0.000000
1.245765
2.479316
3.700653
4.909777
6.106688
7.291384
8.463866
9.624136
10.772191
11.908031
13.031660
14.143074
15.242274
16.329264
17.404036
18.466595
19.516943
20.555073
21.580992
22.594696
23.596188
24.585464
25.562529
26.527380
27.486300
28.445589
29.405239
30.365255
31.325634
32.286373
33.247478
34.208950
35.170780
36.132977
37.095531
38.058453
39.021740
39.985390
40.949402
41.913780
42.878517
43.843620
44.809090
45.774914
46.741108
47.707664
48.674583
49.641865
50.609516
51.577522
52.545895
53.514633
54.483730
55.453194
56.423019
57.393208
58.363762
59.334679
60.305962
61.277603
62.249607
63.221981
64.194710
65.167809
66.141273
67.115097
68.089294
69.063835
70.038757
71.014023
71.989670
72.965675
73.942039
74.918976
75.897758
76.878586
77.861458
78.846367
79.833336
80.822350
81.813400
82.806511
83.801659
84.798859
85.798103
86.799393
87.802734
88.808121
89.815544
90.825020
91.836548
92.850121
93.865738
94.883400
95.903114
96.924881
97.948685
98.974533
100.002434
101.032379
102.064369
103.098412
104.134491
105.172623
106.212807
107.255028
108.299301
109.345619
110.393990
111.444405
112.496857
113.551361
114.607918
115.666512
116.727158
117.789848
118.854599
119.921371
120.990211
122.061096
123.134018
124.208984
125.286011
126.362404
127.435493
128.505280
129.571777
130.634949
131.694824
132.751404
133.804688
134.854660
135.901321
136.944702
137.984756
139.021530
140.054993
141.085159
142.112015
143.135574
144.155807
145.172760
146.186432
147.196777
148.203812
149.207550
150.207993
151.205139
152.198959
153.189499
154.176727
155.160660
156.141281
157.118607
158.092636
159.063354
160.030762
160.994888
161.955704
162.913208
163.867416
164.818314
165.765930
166.710236
167.651230
168.588928
169.523315
170.454422
171.382202
172.306702
173.227875
174.145767
175.061279
175.979996
176.902893
177.829956
178.761169
179.696518
180.636047
181.579727
182.527573
183.479553
184.435699
185.396011
186.360489
187.329102
188.301880
189.278809
190.259888
191.245132
192.234543
193.228104
194.225815
195.227692
196.233719
197.243912
198.258255
199.276749
200.299408
201.326218
202.357193
203.392319
204.431595
205.475037
206.522644
207.574402
208.630310
209.690384
210.754593
211.822983
212.895523
213.972214
215.053070
216.138077
217.227234
218.320572
219.418045
220.519684
221.625458
222.735413
223.849518
224.967773
226.080627
227.178421
228.261200
229.328949
230.381653
231.419327
232.441986
233.449615
234.442184
235.419754
236.382294
237.329788
238.262283
239.179718
240.082138
240.969528
241.841888
242.699219
243.541519
244.368790
245.181046
245.978256
246.760437
247.527588
248.279724
249.016815
249.738892
250.445923
251.137939
251.814926
252.476868
253.123795
253.755692
0.000000
0.000000
0.624914
1.941731
3.249304
4.547630
5.836710
7.116545
8.387135
9.648478
10.900577
12.143429
13.377036
14.601397
15.816513
17.022381
18.219009
19.406387
20.584520
21.753407
22.913050
24.063446
25.204599
26.336502
27.459162
28.572577
29.676744
30.775162
31.871340
32.965267
34.056957
35.146393
36.233585
37.318535
38.401234
39.481689
40.559902
41.635864
42.709583
43.781052
44.850285
45.917263
46.981998
48.044487
49.104729
50.162727
51.218479
52.271984
53.323246
54.372253
55.419022
56.463551
57.505825
58.545853
59.583637
60.619175
61.652466
62.683517
63.712315
64.738869
65.763176
66.785240
67.805061
68.822632
69.837959
70.851036
71.861870
72.870461
73.876808
74.880905
75.882751
76.882355
77.879707
78.874832
79.867691
80.858315
81.847824
82.838966
83.831886
84.826569
85.823021
86.821243
87.821228
88.822983
89.826508
90.831810
91.838867
92.847702
93.858299
94.870667
95.884796
96.900703
97.918373
98.937813
99.959023
100.982002
102.006752
103.033264
104.061546
105.091591
106.123413
107.156998
108.192352
109.229477
110.268364
111.309029
112.351456
113.395660
114.441620
115.489365
116.538849
117.590126
118.643158
119.697968
120.754539
121.812889
122.873001
123.934875
124.998528
126.063942
127.131134
128.200073
129.270813
130.343292
131.417542
132.492874
133.565002
134.633286
135.697678
136.758194
137.814819
138.867569
139.916458
140.961456
142.002579
143.039825
144.073196
145.102676
146.128281
147.150024
148.167877
149.181854
150.191940
151.198151
152.200500
153.198959
154.193558
155.184250
156.171082
157.154037
158.133102
159.108307
160.079620
161.047043
162.010620
162.970291
163.926086
164.878021
165.826065
166.770218
167.710526
168.646927
169.579453
170.508118
171.432892
172.353790
173.270813
174.183960
175.093216
175.998611
176.900116
177.797745
178.691498
179.581360
180.467545
181.354401
182.243713
183.135468
184.029694
184.926346
185.825470
186.727020
187.631042
188.537506
189.446426
190.357788
191.271591
192.187866
193.106583
194.027756
194.951370
195.877441
196.805954
197.736923
198.670334
199.606201
200.544510
201.485275
202.428513
203.374176
204.322281
205.272858
206.225876
207.181351
208.139267
209.099655
210.062454
211.027725
211.995453
212.965622
213.938248
214.913300
215.890839
216.870804
217.853226
218.838104
219.825424
220.815216
221.807434
222.802109
223.799225
224.798798
225.800812
226.805298
227.807404
228.802292
229.789993
230.770493
231.743790
232.709900
233.668777
234.620483
235.564972
236.502274
237.432373
238.355270
239.270950
240.179443
241.080734
241.974838
242.861725
243.741425
244.613907
245.479202
246.337280
247.188187
248.031876
248.868362
249.697647
250.519730
251.334625
252.142303
252.942795
253.736084
254.522171
255.000000
0.000000
1.528197
3.035572
4.522122
5.987851
7.432755
8.856836
10.260095
11.642530
13.004143
14.344932
15.664896
16.964039
18.242357
19.499855
20.736526
21.952377
23.147404
24.321608
25.474989
26.607546
27.719278
28.810190
29.890726
30.971334
32.052017
33.132774
34.213604
35.294506
36.375477
37.456528
38.537651
39.618843
40.700111
41.781456
42.862869
43.944359
45.025921
46.107552
47.189259
48.271038
49.352890
50.434822
51.516823
52.598896
53.681042
54.763264
55.845554
56.927921
58.010361
59.092880
60.175465
61.258121
62.340855
63.423656
64.506538
65.589485
66.672516
67.755615
68.838783
69.922035
71.005348
72.088745
73.172203
74.255745
75.339355
76.423050
77.506821
78.591042
79.675835
80.761230
81.847206
82.933762
84.020920
85.108650
86.196976
87.285881
88.375374
89.465462
90.556129
91.647392
92.739227
93.831657
94.924675
96.018280
97.112465
98.207245
99.302605
100.398552
101.495094
102.592216
103.689926
104.788216
105.887093
106.986565
108.086624
109.187263
110.288490
111.390312
112.492706
113.595695
114.699280
115.803436
116.908180
118.013519
119.119446
120.225945
121.333046
122.440727
123.548988
124.657845
125.767296
126.876816
127.983467
129.086731
130.186615
131.283112
132.376221
133.465958
134.552307
135.635269
136.714859
137.791061
138.863876
139.933319
140.999374
142.062042
143.121323
144.177246
145.229752
146.278900
147.324661
148.367035
149.406021
150.441635
151.473877
152.502716
153.528183
154.550262
155.568954
156.584274
157.596207
158.604752
159.609924
160.611694
161.610107
162.605133
163.596756
164.585022
165.569885
166.551376
167.529480
168.504211
169.475540
170.443497
171.408081
172.369263
173.327850
174.285675
175.242828
176.199310
177.155121
178.110275
179.064758
180.018585
180.971725
181.924194
182.875992
183.827148
184.777603
185.727402
186.676544
187.625015
188.572815
189.519943
190.466400
191.412201
192.357315
193.301788
194.245575
195.188690
196.131149
197.072922
198.014053
198.954498
199.894272
200.833389
201.771835
202.709610
203.646713
204.583145
205.518936
206.454041
207.388458
208.322235
209.255341
210.187759
211.119522
212.050613
212.981033
213.910797
214.839890
215.765457
216.684738
217.597702
218.504333
219.404633
220.298615
221.186279
222.067642
222.942657
223.811371
224.673752
225.529816
226.379562
227.222977
228.060074
228.890839
229.715302
230.533432
231.345245
232.150726
232.949905
233.742752
234.529282
235.309494
236.083389
236.850937
237.612198
238.367111
239.115707
239.858002
240.593948
241.323593
242.046906
242.763901
243.474579
244.178925
244.876968
245.568665
246.254059
246.933121
247.605865
248.272293
248.932404
249.586182
250.233658
250.874786
251.509613
252.138123
252.760300
253.376144
253.985687
254.588898
255.000000
255.000000
