0.913588
0.043206
0.043206
0.043206
0.913588
0.043206
0.043206
0.043206
0.913588
0.000000
0.945226
1.880238
2.805035
3.719618
4.623986
5.518140
6.402079
7.275805
8.139316
8.992612
9.835693
10.668560
11.491213
12.303652
13.105876
13.897886
14.679681
15.451262
16.212627
16.970551
17.731806
18.496389
19.264301
20.035545
20.810120
21.588022
22.369255
23.153818
23.941711
24.732935
25.527489
26.325371
27.126585
27.931128
28.738998
29.550201
30.364733
31.182596
32.003792
32.828308
33.656162
34.487343
35.321857
36.159695
37.000874
37.845367
38.693203
39.544365
40.398853
41.256676
42.117828
42.982307
43.850117
44.721260
45.595730
46.473530
47.354664
48.239120
49.126915
50.018036
50.912483
51.810265
52.711376
53.615814
54.523590
55.434685
56.347477
57.258560
58.167839
59.075310
59.980976
60.884834
61.786892
62.687141
63.585587
64.482224
65.377060
66.270088
67.161308
68.050713
68.938324
69.824135
70.708130
71.590324
72.470711
73.349289
74.226067
75.101036
75.974205
76.845558
77.715118
78.582863
79.448807
80.312943
81.175262
82.035789
82.894516
83.751427
84.606537
85.459831
86.311333
87.161026
88.008904
88.854980
89.699257
90.541725
91.382393
92.221252
93.058296
93.893539
94.726982
95.558609
96.388443
97.217323
98.048737
98.883087
99.720375
100.560577
101.403717
102.249786
103.098770
103.950699
104.805542
105.663322
106.524025
107.387657
108.254219
109.123711
109.996124
110.871475
111.749748
112.630951
113.515076
114.402138
115.292122
116.185036
117.080887
117.979660
118.881348
119.785973
120.693535
121.604019
122.517426
123.433769
124.353043
125.275230
126.200356
127.128410
128.059387
128.993286
129.930130
130.869904
131.812592
132.758209
133.706757
134.658234
135.612640
136.569977
137.530228
138.493423
139.459167
140.424149
141.387543
142.349319
143.309509
144.268112
145.225113
146.180511
147.134323
148.086533
149.037155
149.986176
150.933594
151.879440
152.823685
153.766312
154.707382
155.646820
156.584686
157.520935
158.455612
159.388687
160.320175
161.250061
162.178345
163.105026
164.030136
164.953644
165.875549
166.795868
167.714584
168.631699
169.547241
170.461166
171.373505
172.284241
173.193405
174.100937
175.006912
175.911270
176.814026
177.715195
178.614777
179.512772
180.409149
181.303940
182.197159
183.089111
183.992538
184.913544
185.852127
186.808304
187.782028
188.773346
189.782227
190.808685
191.852737
192.914368
193.993561
195.090332
196.204697
197.336624
198.486115
199.653198
200.837875
202.040115
203.259918
204.497314
205.752289
207.024826
208.314941
209.622650
210.947937
212.290771
213.651215
215.029221
216.424805
217.837967
219.268707
220.717026
222.182922
223.666397
225.167435
226.686081
228.222275
229.776047
231.347412
232.936340
234.542862
236.166931
237.808594
239.467850
241.144669
242.839050
244.551025
0.000000
0.000000
0.785582
2.934376
5.007821
7.005913
8.928656
10.776046
12.548086
14.244776
15.866115
17.412098
18.882736
20.313200
21.738680
23.159166
24.574665
25.985176
27.390697
28.791231
30.186775
31.577332
32.962898
34.343475
35.719063
37.089664
38.455276
39.815903
41.171535
42.522182
43.867832
45.208504
46.544182
47.874878
49.200573
50.521290
51.837009
53.147747
54.453495
55.754250
57.050026
58.340801
59.626591
60.907394
62.183208
63.454025
64.719864
65.980705
67.236580
68.487442
69.733330
70.974220
72.210121
73.441032
74.666962
75.887894
77.103844
78.314804
79.520775
80.721756
81.917755
83.108757
84.294769
85.475800
86.652115
87.829689
89.010986
90.195992
91.384712
92.577141
93.773293
94.973152
96.176727
97.384026
98.595032
99.809753
101.028191
102.250343
103.476196
104.705780
105.939072
107.176086
108.416809
109.661247
110.909401
112.161263
113.416847
114.676147
115.939148
117.205872
118.476311
119.750465
121.028336
122.309921
123.595207
124.884224
126.176949
127.473389
128.773544
130.077423
131.385010
132.696304
134.011322
135.330048
136.652481
137.978638
139.308502
140.642090
141.979385
143.320404
144.665131
146.013580
147.365723
148.721603
150.081192
151.444489
152.809708
154.166153
155.512024
156.847321
158.172012
159.486160
160.789719
162.082718
163.365143
164.636978
165.898239
167.148926
168.389038
169.618576
170.837540
172.045929
173.243744
174.430984
175.607635
176.773727
177.929230
179.074173
180.208557
181.332336
182.445541
183.548172
184.640244
185.721725
186.792648
187.852982
188.902740
189.941925
190.970551
191.988571
192.996033
193.992920
194.979248
195.954971
196.920135
197.874710
198.818726
199.752167
200.675034
201.587296
202.489029
203.380157
204.260712
205.130707
205.990112
206.838959
207.677200
208.504883
209.323532
210.136902
210.945175
211.748352
212.546432
213.339386
214.127243
214.910019
215.687683
216.460251
217.227707
217.990067
218.747314
219.499466
220.246521
220.988449
221.725311
222.457047
223.183685
223.905228
224.621658
225.333008
226.039230
226.740372
227.436401
228.127319
228.813141
229.493866
230.169495
230.840012
231.505432
232.165741
232.820953
233.471069
234.116074
234.755997
235.390808
236.020508
236.645096
237.264603
237.878998
238.488297
239.092484
239.691574
240.285568
240.874451
241.458237
242.036926
242.610504
243.178986
243.742355
244.300644
244.852432
245.396332
245.932327
246.460464
246.980682
247.493027
247.997482
248.494049
248.982727
249.463516
249.936417
250.401443
250.858566
251.307816
251.749161
252.182632
252.608215
253.025894
253.435699
253.837616
254.231628
254.617767
254.996033
255.000000
255.000000
255.000000
255.000000
255.000000
255.000000
255.000000
255.000000
255.000000
255.000000
255.000000
255.000000
255.000000
0.000000
4.467845
7.871381
10.722744
13.534056
16.305321
19.036539
21.727713
24.378841
26.989922
29.560955
32.091942
34.582886
37.033783
39.444630
41.815437
44.146194
46.436905
48.687565
50.898186
53.068760
55.199287
57.289768
59.340199
61.350590
63.320930
65.251221
67.141472
68.991676
70.801826
72.571938
74.302002
75.992027
77.641991
79.251923
80.821800
82.351639
83.841431
85.291168
86.700859
88.070511
89.400116
90.689667
91.967834
93.263260
94.575943
95.905899
97.253105
98.617577
99.999313
101.398293
102.814552
104.248070
105.698845
107.166878
108.652184
110.154747
111.674561
113.211647
114.765991
116.337601
117.926468
119.532593
121.155983
122.796646
124.454552
126.129723
127.822159
129.531860
131.258820
133.003036
134.764511
136.543259
138.339249
140.152527
141.983047
143.830826
145.695892
147.578186
149.477768
151.394592
153.328690
155.280029
157.223801
159.135117
161.013977
162.860397
164.674393
166.455917
168.205017
169.921646
171.605865
173.257614
174.876923
176.463776
178.018204
179.540176
181.029709
182.486786
183.911423
185.303604
186.663361
187.990662
189.285522
190.547913
191.777893
192.975418
194.140488
195.273117
196.373291
197.441040
198.476334
199.479172
200.449585
201.387543
202.293045
203.166122
204.006729
204.814911
205.590637
206.333923
207.044769
207.723160
208.383698
209.040924
209.694855
210.345474
210.992798
211.636841
212.277573
212.915009
213.549149
214.179993
214.807526
215.431763
216.052719
216.670364
217.284714
217.895767
218.503525
219.107971
219.709137
220.306976
220.901535
221.492798
222.080765
222.665436
223.246811
223.824875
224.399643
224.971130
225.539307
226.104172
226.665756
227.224045
227.779022
228.330719
228.879105
229.424194
229.965988
230.504471
231.039673
231.571564
232.098969
232.620667
233.136658
233.646942
234.151535
234.650421
235.143600
235.631104
236.112885
236.588974
237.059341
237.524017
237.983002
238.436279
238.883850
239.325729
239.761902
240.192383
240.617126
241.036209
241.449570
241.857239
242.259186
242.655457
243.046005
243.430862
243.810028
244.183487
244.551224
244.913284
245.269638
245.620285
245.965225
246.304474
246.638016
246.965866
247.287994
247.604446
247.915176
248.220200
248.519547
248.813171
249.101105
249.383347
249.659851
249.930679
250.195816
250.455231
250.708954
250.956970
251.199295
251.435898
251.666824
251.892029
252.111542
252.325348
252.533463
252.735870
252.932571
253.123566
253.308884
253.488464
253.662384
253.830582
253.993073
254.149857
254.300964
254.446335
254.586029
254.720016
254.848312
254.970886
255.000000
255.000000
255.000000
255.000000
255.000000
255.000000
255.000000
255.000000
255.000000
255.000000
255.000000
255.000000
255.000000
255.000000
255.000000
255.000000
255.000000
255.000000
255.000000
255.000000
255.000000
