0.957222
0.021389
0.021389
0.021389
0.957222
0.021389
0.021389
0.021389
0.957222
0.000000
2.164211
3.858692
5.083444
6.072770
7.060987
8.048091
9.034081
10.018958
11.002722
11.985373
12.966910
13.947334
14.926646
15.904842
16.881927
17.857899
18.832756
19.806499
20.779131
21.750650
22.721054
23.690346
24.658524
25.625589
26.591541
27.556377
28.520103
29.482718
30.444214
31.404598
32.363869
33.322029
34.279079
35.235008
36.189823
37.143532
38.098503
39.057133
40.019409
40.985340
41.954929
42.928162
43.905052
44.885590
45.869781
46.857628
47.849121
48.844273
49.843075
50.845528
51.851631
52.861389
53.874798
54.891857
55.912571
56.936935
57.964954
58.996624
60.031944
61.070923
62.113548
63.159828
64.209763
65.263336
66.320580
67.381454
68.445999
69.514191
70.586029
71.659698
72.733345
73.806999
74.880630
75.954247
77.027863
78.101463
79.175049
80.248642
81.322205
82.395767
83.469315
84.542847
85.616386
86.689903
87.763405
88.836906
89.910385
90.983871
92.057335
93.130783
94.204231
95.277672
96.351097
97.424507
98.497902
99.571304
100.644684
101.718056
102.791412
103.864769
104.938110
106.011436
107.084175
108.155746
109.226166
110.295418
111.363503
112.430428
113.496185
114.560783
115.624214
116.686478
117.747589
118.807526
119.866302
120.923920
121.980370
123.035652
124.089775
125.142731
126.194527
127.245155
128.294632
129.342926
130.390060
131.436035
132.480850
133.524506
134.566986
135.608292
136.648453
137.687454
138.725266
139.761948
140.797440
141.831741
142.864792
143.896606
144.927170
145.956497
146.984558
148.011398
149.037003
150.061340
151.084457
152.106308
153.126923
154.146301
155.164429
156.181320
157.196960
158.211349
159.224518
160.236435
161.247101
162.256516
163.264694
164.271652
165.277328
166.281784
167.284988
168.286957
169.287674
170.287170
171.285385
172.282379
173.278122
174.272629
175.265884
176.257904
177.248672
178.238205
179.226486
180.213531
181.199326
182.183884
183.167191
184.149261
185.130081
186.109665
187.088013
188.065109
189.040955
190.015549
190.988907
191.961014
192.931900
193.901535
194.869934
195.837067
196.802963
197.767624
198.731033
199.693207
200.654129
201.613815
202.572250
203.529449
204.485397
205.440109
206.393585
207.345795
208.296783
209.246521
210.195007
211.142258
212.088257
213.033020
213.976532
214.918808
215.859833
216.799622
217.738159
218.675476
219.611526
220.546341
221.479904
222.412216
223.343292
224.273148
225.201721
226.129089
227.055191
227.980042
228.903671
229.826050
230.747177
231.667068
232.585724
233.503128
234.419266
235.334198
236.247849
237.160294
238.071472
238.981415
239.890106
240.797562
241.703766
242.608749
243.512451
244.414932
245.316177
246.216171
247.114899
248.012421
248.908676
249.803696
250.697479
251.589996
252.481277
253.371338
254.260132
255.000000
255.000000
0.000000
0.959935
1.937424
2.932468
3.945068
4.975223
6.022933
7.088199
8.171019
9.271396
10.389326
11.512994
12.630585
13.742097
14.847530
15.946885
17.040163
18.127361
19.208481
20.283522
21.352486
22.415369
23.472172
24.522900
25.567551
26.606121
27.638611
28.665024
29.685358
30.699615
31.707792
32.709892
33.705914
34.695854
35.679722
36.657501
37.629208
38.594833
39.554382
40.507854
41.455242
42.396873
43.339767
44.286789
45.237946
46.193230
47.152641
48.116192
49.083866
50.055676
51.031616
52.011684
52.995884
53.984215
54.976677
55.973270
56.973999
57.978851
58.987839
60.000954
61.018200
62.039577
63.065086
64.094727
65.128494
66.166397
67.208435
68.254601
69.304893
70.359322
71.417877
72.480560
73.546967
74.614647
75.683189
76.752602
77.822861
78.893997
79.965988
81.038841
82.112564
83.187141
84.262589
85.338898
86.416061
87.494095
88.572990
89.652748
90.733368
91.814850
92.897202
93.980400
95.064476
96.149406
97.235199
98.321861
99.409386
100.497765
101.587013
102.677116
103.768089
104.859924
105.952629
107.045128
108.134872
109.221725
110.305702
111.386795
112.465004
113.540329
114.612778
115.682335
116.749016
117.812813
118.873726
119.931755
120.986908
122.039177
123.088562
124.135063
125.178673
126.219406
127.257263
128.292221
129.324326
130.353531
131.379852
132.403290
133.423843
134.441513
135.456299
136.468216
137.477249
138.483383
139.487442
140.490219
141.491730
142.491974
143.490921
144.488617
145.485016
146.480133
147.473999
148.466568
149.457870
150.447876
151.436615
152.424088
153.410278
154.395203
155.378830
156.361206
157.342270
158.322098
159.300613
160.277878
161.253845
162.228561
163.201965
164.174133
165.144989
166.114594
167.082901
168.049957
169.015717
169.980194
170.943420
171.905365
172.866013
173.825394
174.783508
175.740326
176.695877
177.650162
178.603149
179.554886
180.505325
181.454483
182.402390
183.349014
184.294357
185.238419
186.181198
187.122711
188.062943
189.001892
189.939590
190.875977
191.811111
192.744965
193.677536
194.608841
195.538849
196.467590
197.395065
198.321259
199.246170
200.169815
201.092178
202.013260
202.933060
203.851593
204.768860
205.684830
206.599533
207.512955
208.425110
209.335983
210.245575
211.153900
212.060944
212.966705
213.871185
214.774399
215.676331
216.577011
217.476379
218.374496
219.271301
220.166870
221.061142
221.954147
222.845886
223.736313
224.625488
225.513382
226.399994
227.285355
228.169403
229.052200
229.933701
230.813934
231.692902
232.570572
233.446976
234.322098
235.195969
236.068527
236.939850
237.809845
238.678604
239.546082
240.412247
241.277176
242.140823
243.003174
243.864258
244.724075
245.582596
246.439850
247.295837
248.150528
249.003967
249.856110
250.706985
251.556580
0.000000
2.665591
4.270255
5.342629
6.411345
7.476406
8.537809
9.595558
10.649652
11.700089
12.746869
13.789993
14.829463
15.865276
16.897432
17.925934
18.950781
19.971968
20.989500
22.003376
23.013599
24.020166
25.023073
26.022327
27.017923
28.009867
28.998154
29.982782
30.963755
31.941071
32.914734
33.884743
34.852005
35.822006
36.795666
37.772980
38.753944
39.738567
40.726845
41.718773
42.714359
43.713596
44.716488
45.723038
46.733238
47.747093
48.764603
49.785763
50.810585
51.839062
52.871185
53.906967
54.946400
55.989494
57.036240
58.086636
59.140686
60.198399
61.259758
62.324772
63.393444
64.465759
65.540413
66.616051
67.692688
68.770325
69.848946
70.928558
72.009178
73.090782
74.173378
75.256973
76.341568
77.427155
78.513725
79.601295
80.689865
81.779427
82.869980
83.961525
85.054070
86.147598
87.242134
88.337662
89.434174
90.531685
91.630188
92.729691
93.830193
94.931671
96.034157
97.137207
98.238235
99.336815
100.432945
101.526627
102.617859
103.706635
104.792969
105.876846
106.958290
108.037277
109.113815
110.187904
111.259537
112.328728
113.395470
114.459763
115.521606
116.580994
117.637939
118.692436
119.744484
120.794090
121.841240
122.885941
123.928185
124.967979
126.005341
127.040237
128.072708
129.102524
130.129547
131.153778
132.175171
133.193787
134.209595
135.222565
136.232773
137.240143
138.244720
139.246490
140.245438
141.241608
142.234955
143.225494
144.213242
145.198181
146.180298
147.159622
148.136139
149.109848
150.080765
151.048859
152.014160
152.976624
153.936325
154.893188
155.847260
156.798523
157.746979
158.692627
159.635468
160.575516
161.512756
162.447174
163.378799
164.307617
165.233612
166.156830
167.077225
167.994827
168.909607
169.821579
170.730774
171.637146
172.540695
173.441452
174.339401
175.234558
176.126892
177.016418
177.903152
178.787064
179.668198
180.546509
181.422012
182.294708
183.164597
184.031677
184.895966
185.757446
186.616104
187.471970
188.325027
189.175278
190.022720
190.867355
191.709198
192.548218
193.384445
194.217850
195.048477
195.876282
196.701279
197.523468
198.342850
199.159439
199.973206
200.784180
201.592346
202.397705
203.200256
204.000000
204.796936
205.591064
206.382401
207.170929
207.956635
208.739548
209.519669
210.296951
211.071442
211.843124
212.612015
213.378098
214.141357
214.901810
215.659485
216.414337
217.166367
217.915619
218.662048
219.405670
220.146500
220.884521
221.619736
222.352127
223.081726
223.808502
224.532501
225.253693
225.972061
226.687622
227.400391
228.110367
228.817505
229.521851
230.223389
230.922119
231.618057
232.311172
233.001495
233.688995
234.373703
235.055603
235.734695
236.410980
237.084457
237.755127
238.423004
239.088058
239.750320
240.409775
241.066422
241.720261
