0.984852
0.007574
0.007574
0.007574
0.984852
0.007574
0.007574
0.007574
0.984852
0.000000
0.000000
0.000000
0.351399
1.224944
2.098165
2.971063
3.843637
4.715889
5.587817
6.459422
7.330702
8.201660
9.072294
9.942606
10.812594
11.682259
12.551600
13.420619
14.289313
15.157683
16.025732
16.893457
17.760859
18.627934
19.494690
20.361122
21.227228
22.093014
22.958475
23.823614
24.688427
25.552919
26.417089
27.280933
28.144453
29.007652
29.870525
30.733076
31.595306
32.457211
33.318794
34.180046
35.040981
35.901600
36.761879
37.621849
38.481491
39.340809
40.199799
41.058475
41.916821
42.774845
43.632549
44.494087
45.363636
46.241192
47.126751
48.020317
48.921894
49.831470
50.749054
51.674648
52.608246
53.549847
54.499458
55.457069
56.422691
57.396320
58.377953
59.367588
60.365234
61.370888
62.384544
63.406204
64.435875
65.473549
66.519234
67.572922
68.634613
69.704308
70.782013
71.867729
72.961449
74.063171
75.172905
76.290634
77.416374
78.550125
79.691879
80.841637
81.999405
83.165161
84.338951
85.517845
86.689919
87.853897
89.009773
90.157555
91.297241
92.428833
93.552315
94.667709
95.775002
96.874199
97.965294
99.048286
100.123192
101.190002
102.248695
103.299309
104.341812
105.376236
106.402542
107.420753
108.430878
109.432899
110.426819
111.412636
112.390366
113.359993
114.321526
115.274963
116.220291
117.157532
118.086678
119.007713
119.920654
120.825493
121.722244
122.610893
123.491440
124.363892
125.228256
126.084755
126.941277
127.801643
128.665848
129.533890
130.405792
131.281525
132.161118
133.044540
133.931808
134.822922
135.717880
136.616684
137.519333
138.425812
139.336151
140.250320
141.168335
142.090210
143.015915
143.945465
144.878876
145.816116
146.757187
147.702118
148.650879
149.603500
150.559967
151.520264
152.484406
153.452393
154.424225
155.399918
156.379425
157.362793
158.349991
159.341049
160.335953
161.334686
162.337280
163.343704
164.350677
165.351379
166.345581
167.333313
168.314545
169.289307
170.257568
171.219360
172.174667
173.123505
174.065826
175.001694
175.931061
176.853958
177.770355
178.680283
179.583725
180.480682
181.371155
182.255157
183.132645
184.003662
184.868210
185.726273
186.577850
187.422943
188.261536
189.093658
189.919296
190.738449
191.551132
192.357315
193.157013
193.950241
194.736984
195.517227
196.291000
197.058289
197.819107
198.573425
199.323669
200.092133
200.884201
201.699905
202.539246
203.402206
204.288788
205.198990
206.132828
207.090286
208.071381
209.076096
210.104416
211.156387
212.231979
213.331192
214.454025
215.600510
216.770599
217.964310
219.181656
220.422638
221.687241
222.975449
224.287292
225.622772
226.981888
228.364594
229.770950
231.200928
232.654541
234.131760
235.632614
237.157104
238.705215
240.276947
241.872314
243.491302
245.133911
246.800125
248.490005
0.000000
0.985095
1.974707
2.968835
3.967480
4.970641
5.978320
6.990514
8.007226
9.028453
10.054198
11.084458
12.119236
13.158530
14.202341
15.250669
16.303513
17.360874
18.422750
19.489145
20.560057
21.635483
22.715427
23.799891
24.888866
25.982359
27.080370
28.182896
29.289940
30.401501
31.517576
32.638168
33.763283
34.892910
36.027050
37.165710
38.308887
39.456577
40.608791
41.765511
42.926758
44.092514
45.262794
46.437588
47.616898
48.800724
49.986267
51.170765
52.354195
53.536572
54.717880
55.898132
57.077324
58.255455
59.432526
60.608532
61.783485
62.957378
64.130211
65.301971
66.472687
67.642326
68.810921
69.978447
71.144913
72.310318
73.474663
74.637955
75.800171
76.961334
78.121437
79.280479
80.438461
81.595390
82.751251
83.906052
85.059799
86.212479
87.364090
88.514656
89.664154
90.812599
91.959976
93.106300
94.251556
95.395752
96.538887
97.680962
98.821983
99.961937
101.100830
102.238670
103.375443
104.511154
105.645805
106.779411
107.911850
109.042671
110.171783
111.299171
112.424850
113.548813
114.671066
115.791595
116.910423
118.027534
119.142929
120.256607
121.368576
122.478828
123.587364
124.694183
125.799301
126.902695
128.004379
129.104355
130.202591
131.299149
132.393967
133.487076
134.578491
135.668167
136.756134
137.842392
138.926941
140.009781
141.090881
142.170288
143.247986
144.323944
145.398209
146.470749
147.541580
148.610703
149.678116
150.743805
151.807785
152.870056
153.930588
154.989426
156.046555
157.101959
158.155655
159.207626
160.257889
161.306458
162.353287
163.397354
164.437637
165.474121
166.506805
167.535706
168.560791
169.582092
170.599594
171.613297
172.623199
173.629303
174.631607
175.630112
176.624832
177.615753
178.602859
179.586197
180.565704
181.541428
182.513351
183.481506
184.445831
185.406357
186.363098
187.316040
188.265182
189.210526
190.152069
191.089813
192.023773
192.953934
193.880280
194.802841
195.721603
196.636581
197.547729
198.455109
199.358673
200.258453
201.154434
202.046600
202.934982
203.819580
204.700348
205.577347
206.450531
207.319931
208.185532
209.047333
209.905334
210.759949
211.613602
212.466736
213.319336
214.171387
215.022903
215.873886
216.724319
217.574234
218.423584
219.272415
220.120712
220.968460
221.815674
222.662369
223.508499
224.354111
225.199173
226.043701
226.887695
227.731140
228.574066
229.416443
230.258301
231.099594
231.940353
232.780579
233.620285
234.459442
235.298050
236.136139
236.973694
237.810699
238.647171
239.483093
240.318481
241.153351
241.987656
242.821442
243.654694
244.487396
245.319565
246.151199
246.982300
247.812851
248.642868
249.472366
250.301300
251.129715
251.957581
252.784897
253.560272
254.232254
254.800873
255.000000
255.000000
255.000000
255.000000
255.000000
0.000000
0.723021
1.470010
2.240968
3.035895
3.854790
4.697655
5.564487
6.455289
7.370059
8.308798
9.271504
10.258181
11.268826
12.303439
13.362021
14.444572
15.551092
16.681580
17.836037
19.014462
20.216858
21.443218
22.693550
23.967850
25.266117
26.588356
27.934563
29.304737
30.698879
32.101967
33.498981
34.889915
36.274776
37.653561
39.026260
40.392891
41.753445
43.107918
44.456322
45.798641
47.134892
48.465057
49.789154
51.107166
52.419106
53.724968
55.024754
56.318466
57.606094
58.887653
60.163132
61.432533
62.695862
63.953106
65.204277
66.449371
67.688400
68.921341
70.148201
71.368996
72.583702
73.792336
74.994896
76.191383
77.381790
78.566116
79.744377
80.916542
82.082649
83.242668
84.396606
85.544479
86.686279
87.821991
88.951630
90.075195
91.192673
92.304085
93.409958
94.513512
95.615295
96.715302
97.813530
98.909981
100.004669
101.097572
102.188698
103.278046
104.365623
105.451431
106.535461
107.617706
108.698181
109.776886
110.853806
111.928955
113.002327
114.073921
115.143745
116.211792
117.278069
118.342567
119.405289
120.466225
121.525398
122.582787
123.638412
124.692253
125.744324
126.794624
127.843140
128.889877
129.934845
130.978027
132.019440
133.059082
134.096954
135.133026
136.167343
137.199890
138.230652
139.259644
140.286850
141.312286
142.335938
143.357819
144.377930
145.396271
146.412369
147.425858
148.436676
149.444855
150.450394
151.453278
152.453506
153.451096
154.446045
155.438339
156.427979
157.414978
158.399338
159.381027
160.360092
161.336502
162.310272
163.281372
164.249847
165.215668
166.178833
167.139359
168.097229
169.052460
170.005035
170.954987
171.902252
172.846909
173.788910
174.728241
175.664932
176.598984
177.530396
178.459137
179.385239
180.308701
181.229507
182.147675
183.063202
183.976059
184.886292
185.793854
186.698792
187.601074
188.500702
189.397675
190.292007
191.183701
192.072754
192.959503
193.846100
194.732910
195.619919
196.507141
197.394562
198.282196
199.170029
200.058060
200.946304
201.834763
202.723419
203.612289
204.501358
205.390640
206.280121
207.169815
208.059708
208.949799
209.840103
210.730621
211.621338
212.512283
213.403397
214.294724
215.186279
216.078033
216.969986
217.862152
218.754501
219.647095
220.539856
221.432846
222.326035
223.219437
224.113037
225.006836
225.900864
226.795090
227.689514
228.584152
229.478989
230.374023
231.269272
232.164734
233.060410
233.956268
234.852341
235.748627
236.645096
237.547455
238.461258
239.386536
240.323273
241.271484
242.231201
243.202362
244.184998
245.179108
246.184708
247.201752
248.230286
249.270294
250.321762
251.384720
252.459152
253.545059
254.642426
255.000000
255.000000
255.000000
255.000000
255.000000
255.000000
255.000000
255.000000
255.000000
255.000000
