0.970453
0.014773
0.014773
0.014773
0.970453
0.014773
0.014773
0.014773
0.970453
0.000000
1.612782
3.182178
4.708188
6.190812
7.630051
9.025903
10.378368
11.687449
12.953144
14.175453
15.354376
16.489912
17.582064
18.630827
19.657219
20.682257
21.705938
22.728262
23.749229
24.768839
25.787094
26.803991
27.819534
28.833719
29.846548
30.858019
31.868134
32.876892
33.884293
34.890339
35.895023
36.898361
37.900337
38.900951
39.900219
40.898125
41.894676
42.889866
43.883701
44.876186
45.867310
46.857071
47.845482
48.832531
49.818230
50.802574
51.785557
52.767189
53.747456
54.726368
55.703926
56.680130
57.654976
58.628464
59.600594
60.571369
61.540787
62.508846
63.475552
64.440903
65.404884
66.367531
67.328804
68.288727
69.247299
70.204498
71.160355
72.114998
73.068832
74.021858
74.974083
75.925499
76.876114
77.825920
78.774925
79.723129
80.670525
81.617111
82.562904
83.507881
84.452065
85.395439
86.338013
87.279785
88.220741
89.160904
90.100258
91.038803
91.976547
92.913490
93.849632
94.784958
95.719490
96.653206
97.586136
98.518250
99.449562
100.380066
101.309769
102.238678
103.166771
104.094063
105.020546
105.946236
106.871101
107.795181
108.718452
109.640915
110.562576
111.483437
112.403488
113.322731
114.241180
115.158821
116.075653
116.991692
117.906914
118.821342
119.734962
120.647781
121.560204
122.474770
123.391891
124.311562
125.233788
126.158562
127.085892
128.015778
128.948227
129.883224
130.820770
131.760864
132.703522
133.648727
134.596481
135.546799
136.499664
137.455093
138.413055
139.373581
140.336685
141.302322
142.270508
143.241241
144.214539
145.190399
146.168793
147.149765
148.133270
149.119339
150.107956
151.099136
152.092865
153.089127
154.087967
155.089340
156.093292
157.099792
158.108841
159.120438
160.134598
161.151291
162.170578
163.192398
164.216766
165.243683
166.273148
167.305191
168.339767
169.376907
170.416595
171.458832
172.503647
173.550842
174.596909
175.640442
176.681396
177.719818
178.755676
179.789001
180.819763
181.847946
182.873611
183.896713
184.917267
185.935257
186.950684
187.963577
188.973907
189.981689
190.986923
191.989594
192.989716
193.987289
194.982300
195.974762
196.964676
197.952042
198.936829
199.919083
200.898773
201.875931
202.850525
203.822556
204.792053
205.758972
206.723358
207.685181
208.644470
209.601196
210.555344
211.506973
212.456024
213.402542
214.346497
215.287903
216.226761
217.163040
218.096786
219.027985
219.956619
220.882706
221.806244
222.727219
223.645645
224.561539
225.474854
226.388916
227.306900
228.228851
229.154770
230.084656
231.018494
231.956314
232.898087
233.843826
234.793533
235.747192
236.704819
237.666428
238.631973
239.601486
240.574982
241.552429
242.533844
243.519226
244.508545
245.501862
246.499130
247.500351
248.505554
249.514709
250.527832
251.544922
252.565979
0.000000
1.259416
2.510879
3.754387
4.989942
6.217543
7.437190
8.648882
9.852621
11.048408
12.236239
13.416117
14.588040
15.752010
16.908026
18.056087
19.196198
20.328350
21.452551
22.571009
23.685940
24.797340
25.905212
27.009558
28.110371
29.207657
30.301416
31.391644
32.478344
33.561512
34.641155
35.717270
36.789852
37.858910
38.924435
39.986431
41.044903
42.099842
43.151253
44.199139
45.243488
46.284313
47.321613
48.355377
49.385616
50.412323
51.435505
52.455158
53.471283
54.483875
55.492939
56.498478
57.500484
58.498962
59.493912
60.485332
61.473225
62.457588
63.438419
64.415726
65.389503
66.359756
67.326477
68.289665
69.249321
70.205460
71.158066
72.107132
73.052689
73.994705
74.933197
75.869225
76.805382
77.741821
78.678520
79.615479
80.552696
81.490181
82.427925
83.365936
84.304207
85.242744
86.181541
87.120598
88.059921
88.999512
89.939346
90.879463
91.819839
92.760468
93.701378
94.642532
95.583954
96.525642
97.467590
98.409805
99.352280
100.295013
101.238014
102.181274
103.124802
104.068588
105.012642
105.956955
106.901535
107.846367
108.791466
109.736832
110.682457
111.628349
112.574501
113.520912
114.467598
115.414536
116.361732
117.309196
118.256927
119.204926
120.153168
121.101692
122.050468
122.999504
123.948814
124.898575
125.849983
126.803223
127.758308
128.715240
129.673996
130.634583
131.597031
132.561310
133.527435
134.495377
135.465179
136.436813
137.410294
138.385590
139.362747
140.341751
141.322571
142.305237
143.289734
144.276077
145.264282
146.254303
147.246155
148.239868
149.235397
150.232788
151.232010
152.233063
153.235962
154.240692
155.247269
156.255676
157.265930
158.278015
159.291946
160.307709
161.325333
162.344772
163.366058
164.389175
165.414139
166.440948
167.469589
168.500076
169.532394
170.566544
171.602539
172.640381
173.680054
174.721558
175.764923
176.809952
177.853210
178.893280
179.930145
180.963837
181.994308
183.021606
184.045715
185.066605
186.084335
187.098846
188.110168
189.118317
190.123260
191.125000
192.123550
193.118927
194.111099
195.100082
196.085861
197.068451
198.047852
199.024048
199.997070
200.966888
201.933517
202.896957
203.857193
204.814240
205.768112
206.718750
207.666245
208.610504
209.551590
210.489487
211.424179
212.355698
213.284012
214.209122
215.131058
216.049789
216.965332
217.877701
218.786850
219.692810
220.595581
221.495163
222.391541
223.284729
224.174728
225.061539
225.945145
226.825577
227.706924
228.593369
229.484848
230.381409
231.283035
232.189728
233.101501
234.018326
234.940231
235.867203
236.799240
237.736343
238.678513
239.625748
240.578049
241.535431
242.497864
243.465378
244.437958
245.415604
246.398315
247.386093
248.378952
249.376846
250.379837
251.387894
252.401016
253.419189
0.000000
1.641255
3.240471
4.797647
6.312784
7.785881
9.216937
10.605954
11.952931
13.257870
14.520766
15.741623
16.920443
18.057220
19.151957
20.204657
21.236477
22.268585
23.300980
24.333664
25.366632
26.399891
27.433434
28.467264
29.501381
30.535788
31.570480
32.605457
33.640724
34.676277
35.712116
36.748241
37.784657
38.821358
39.858349
40.895618
41.933182
42.971031
44.009171
45.047592
46.086304
47.125294
48.164581
49.204151
50.244011
51.284153
52.324589
53.365303
54.406311
55.447605
56.489185
57.531055
58.573208
59.615646
60.658375
61.701393
62.744694
63.788288
64.832153
65.876320
66.920769
67.965508
69.010536
70.055855
71.101433
72.145691
73.186951
74.225235
75.260529
76.292831
77.322159
78.348495
79.371849
80.392220
81.409607
82.424004
83.435425
84.443848
85.449287
86.451752
87.451225
88.447716
89.441223
90.431740
91.419281
92.403824
93.385384
94.363968
95.339569
96.312172
97.281799
98.248444
99.212090
100.172760
101.130447
102.085144
103.036865
103.985603
104.931335
105.874100
106.813881
107.750664
108.684471
109.615295
110.543129
111.467979
112.389847
113.308723
114.224625
115.137527
116.047462
116.954399
117.858353
118.759331
119.660789
120.566292
121.475784
122.389297
123.306816
124.228348
125.153885
126.083427
127.016975
127.954544
128.896103
129.841690
130.791275
131.744873
132.702484
133.664108
134.629730
135.599350
136.572998
137.550659
138.532318
139.517975
140.507660
141.501343
142.499039
143.500748
144.506454
145.516174
146.529907
147.547653
148.569397
149.595139
150.624924
151.658691
152.696472
153.738266
154.784073
155.833878
156.887695
157.945511
159.007355
160.073212
161.143066
162.216919
163.294800
164.376678
165.462555
166.552460
167.646362
168.739380
169.826569
170.907928
171.983490
173.053207
174.117096
175.175171
176.227448
177.273895
178.314499
179.349319
180.378296
181.401459
182.418808
183.430328
184.436020
185.435913
186.429977
187.418228
188.400635
189.377243
190.348038
191.313004
192.272125
193.225464
194.172974
195.114655
196.050507
196.980560
197.904785
198.823196
199.735779
200.642548
201.543488
202.438599
203.327911
204.211411
205.089066
205.960907
206.826950
207.687164
208.541534
209.390106
210.232834
211.069778
211.900894
212.726181
213.545639
214.359283
215.173019
215.992691
216.818344
217.649948
218.487534
219.331055
220.180573
221.036026
221.897446
222.764847
223.638184
224.517502
225.402786
226.294037
227.191238
228.094406
229.003525
229.918625
230.839676
231.766708
232.699692
233.638641
234.583542
235.534424
236.491257
237.454056
238.422821
239.397552
240.378250
241.364899
242.357513
243.356094
244.360626
245.371140
246.387604
247.410049
248.438431
249.472809
250.513107
251.559402
252.611664
253.669861
254.734039
255.000000
