0.957706
0.021147
0.021147
0.021147
0.957706
0.021147
0.021147
0.021147
0.957706
0.000000
0.000000
0.000000
0.487808
1.598822
2.708393
3.816520
4.923203
6.028444
7.132241
8.234594
9.335505
10.434973
11.532996
12.629577
13.724714
14.818410
15.910661
17.001467
18.090834
19.178753
20.265230
21.350266
22.433855
23.516003
24.596708
25.675968
26.753784
27.830162
28.905090
29.978577
31.050625
32.121227
33.190384
34.258099
35.324368
36.389194
37.452583
38.514519
39.575016
40.634079
41.691685
42.747852
43.802578
44.855858
45.907700
46.958092
48.007046
49.054554
50.100620
51.145241
52.188419
53.230156
54.270443
55.309296
56.346699
57.382660
58.417179
59.450253
60.481884
61.512077
62.540817
63.568123
64.593987
65.618408
66.641373
67.662910
68.682983
69.701630
70.718834
71.734589
72.748894
73.761772
74.773193
75.783180
76.791710
77.798813
78.804466
79.808678
80.811432
81.812767
82.812645
83.811073
84.808075
85.803619
86.797722
87.790390
88.781609
89.771378
90.759720
91.746605
92.732048
93.716057
94.698608
95.679726
96.659401
97.637627
98.614410
99.589767
100.564522
101.539604
102.514992
103.490700
104.466713
105.443031
106.419662
107.396606
108.373863
109.351425
110.329292
111.307465
112.285950
113.264748
114.243858
115.223267
116.202995
117.183029
118.163368
119.144028
120.124992
121.106255
122.087837
123.069725
124.051926
125.034431
126.017250
127.000381
127.983818
128.967560
129.951614
130.935974
131.920654
132.905640
133.890930
134.876526
135.862442
136.848648
137.834015
138.815582
139.793228
140.766953
141.736786
142.702698
143.664703
144.622787
145.576965
146.527237
147.473587
148.416016
149.354553
150.289169
151.219879
152.146683
153.069565
153.988525
154.903580
155.814728
156.721970
157.625290
158.524704
159.420181
160.311768
161.199448
162.083206
162.963058
163.839005
164.711029
165.579147
166.443329
167.303619
168.160004
169.012466
169.861023
170.705658
171.546387
172.384338
173.226303
174.073425
174.925720
175.783173
176.645767
177.513535
178.386459
179.264526
180.147766
181.036163
181.929703
182.828400
183.732269
184.641281
185.555481
186.474808
187.399307
188.328949
189.263748
190.203720
191.148834
192.099121
193.054550
194.015152
194.980896
195.951813
196.927872
197.909103
198.895477
199.887009
200.883713
201.885574
202.892578
203.904755
204.922073
205.944550
206.972183
208.004990
209.042999
210.086243
211.134720
212.188431
213.247360
214.311523
215.380920
216.455551
217.535431
218.620514
219.710831
220.806396
221.907181
223.013199
224.124451
225.240936
226.362656
227.489594
228.621765
229.759171
230.901810
232.049683
233.202789
234.361115
235.524689
236.693481
237.867508
239.046768
240.231277
241.420990
242.615952
243.816116
245.021545
246.232193
247.448074
248.669174
249.895523
251.127090
252.207016
252.978378
253.441208
253.595474
0.000000
0.000000
0.000000
0.000000
0.000000
0.740395
1.981374
3.218856
4.452841
5.683329
6.910319
8.133813
9.353810
10.570309
11.783312
12.992816
14.198828
15.401338
16.600351
17.795870
18.987888
20.176414
21.361439
22.542971
23.721001
24.895535
26.066574
27.234116
28.398159
29.558708
30.715754
31.869312
33.019371
34.165928
35.308990
36.448555
37.584621
38.717190
39.846268
40.971844
42.093925
43.212509
44.327591
45.439182
46.547272
47.651871
48.752964
49.850571
50.944672
52.035275
53.122387
54.205997
55.286118
56.362732
57.435852
58.505482
59.571606
60.634243
61.693367
62.749004
63.801144
64.849792
65.894936
66.936584
67.974739
69.009392
70.040550
71.068207
72.092369
73.113037
74.130203
75.143875
76.154053
77.160736
78.163918
79.163597
80.159790
81.152473
82.141670
83.127365
84.111214
85.094894
86.078392
87.061714
88.044853
89.027817
90.010597
90.993202
91.975632
92.957878
93.939941
94.921829
95.903542
96.885071
97.866425
98.847603
99.828590
100.809402
101.790039
102.770500
103.750771
104.730881
105.710793
106.690529
107.670097
108.649475
109.628677
110.607704
111.586555
112.565216
113.543701
114.522011
115.500137
116.478088
117.455864
118.433456
119.410873
120.388107
121.365158
122.342033
123.318733
124.295250
125.271584
126.247757
127.223930
128.200180
129.176529
130.152939
131.129440
132.106018
133.082687
134.059418
135.036255
136.013153
136.990143
137.967209
138.944351
139.921585
140.898880
141.876282
142.853745
143.831299
144.808945
145.786652
146.764450
147.742325
148.720276
149.698318
150.676437
151.654633
152.632919
153.611267
154.589706
155.568222
156.546829
157.525513
158.504288
159.483124
160.462051
161.441055
162.420151
163.399323
164.378571
165.357895
166.337326
167.316818
168.296387
169.276093
170.256363
171.237259
172.218765
173.200897
174.183640
175.166992
176.150986
177.135559
178.120789
179.106613
180.093063
181.080139
182.067810
183.056107
184.045029
185.034561
186.024719
187.015472
188.006866
188.998886
189.991501
190.984741
191.978607
192.973068
193.968155
194.963882
195.960190
196.957153
197.954712
198.952881
199.951691
200.951111
201.951141
202.951797
203.953049
204.954956
205.957443
206.960571
207.964294
208.968658
209.973633
210.979233
211.985428
212.991501
213.995605
214.997665
215.997650
216.995590
217.991470
218.985291
219.977066
220.966782
221.954453
222.940063
223.923599
224.905106
225.884537
226.861923
227.837250
228.810532
229.781738
230.750916
231.718033
232.683075
233.646072
234.607010
235.565903
236.522751
237.477509
238.430237
239.380905
240.329514
241.276077
242.220581
243.163025
244.103409
245.041748
245.978043
246.912262
247.844437
248.774536
249.702591
250.628601
251.552551
252.474457
253.394302
254.312088
254.975998
0.000000
0.000000
0.097952
1.269772
2.439691
3.607710
4.773830
5.938050
7.100370
8.260790
9.419310
10.575931
11.730651
12.883472
14.034392
15.183414
16.330538
17.475760
18.619080
19.760504
20.900023
22.037647
23.173368
24.307192
25.439114
26.569136
27.697262
28.823483
29.947805
31.070229
32.190750
33.309372
34.426102
35.540924
36.653851
37.764874
38.874001
39.981224
41.086548
42.189972
43.291500
44.391121
45.488850
46.584671
47.678604
48.770626
49.860752
50.948982
52.035305
53.119736
54.202259
55.282887
56.361610
57.438442
58.513367
59.586399
60.657524
61.726753
62.794079
63.859509
64.923035
65.984665
67.044395
68.102226
69.158157
70.212189
71.264320
72.314552
73.362877
74.409309
75.453835
76.496468
77.537201
78.576027
79.612961
80.647987
81.681122
82.712349
83.741692
84.769119
85.794655
86.818283
87.840019
88.859810
89.877625
90.893463
91.907318
92.919197
93.929100
94.937019
95.942963
96.946930
97.948906
98.948906
99.946930
100.942986
101.937057
102.929146
103.919258
104.907387
105.893539
106.877716
107.859909
108.840126
109.818359
110.794624
111.768906
112.741203
113.711525
114.679871
115.646233
116.610619
117.573036
118.533455
119.491905
120.448380
121.402870
122.355377
123.305923
124.254471
125.201050
126.145645
127.088264
128.028900
128.967575
129.904861
130.842194
131.779663
132.717270
133.654999
134.592865
135.530853
136.468979
137.407242
138.345627
139.284134
140.222778
141.161560
142.100464
143.039490
143.978668
144.917969
145.857391
146.796951
147.736633
148.676453
149.616409
150.556473
151.496689
152.437027
153.377502
154.318115
155.258850
156.199707
157.140686
158.081818
159.023071
159.964462
160.905975
161.847626
162.789398
163.731293
164.673340
165.615509
166.557800
167.500244
168.442795
169.385712
170.330383
171.277069
172.225739
173.176407
174.129059
175.083710
176.040359
176.998993
177.959625
178.922241
179.886856
180.853485
181.822083
182.792694
183.765274
184.739853
185.716431
186.695023
187.675583
188.658127
189.642685
190.629242
191.617767
192.608307
193.600830
194.595352
195.591858
196.590378
197.590866
198.593369
199.597855
200.604340
201.612808
202.623276
203.635742
204.650192
205.666641
206.685089
207.705521
208.727951
209.752380
210.778625
211.803421
212.825394
213.844559
214.860901
215.874420
216.885132
217.893005
218.898056
219.900314
220.899734
221.896332
222.890106
223.881073
224.869232
225.854538
226.837051
227.816727
228.793594
229.767639
230.738861
231.707260
232.672852
233.635620
234.595566
235.552689
236.507004
237.458481
238.407150
239.352997
240.296036
241.236237
242.173615
243.108200
244.039948
244.968872
245.894989
246.818283
247.738739
248.656387
249.571228
250.483246
251.392426
252.186707
252.754059
253.094482
253.207962
