0.939569
0.030216
0.030216
0.030216
0.939569
0.030216
0.030216
0.030216
0.939569
0.000000
1.183187
2.360055
3.530606
4.694837
5.852749
7.004343
8.149618
9.288576
10.421214
11.547534
12.667535
13.781218
14.888581
15.989628
17.084354
18.172762
19.255486
20.333158
21.405783
22.473358
23.535881
24.593355
25.645781
26.693155
27.735479
28.772755
29.804979
30.832153
31.854280
32.871353
33.883377
34.890354
35.892281
36.889156
37.880981
38.867756
39.849480
40.826157
41.797787
42.764362
43.725887
44.682362
45.633789
46.580166
47.521492
48.457767
49.388996
50.315166
51.236298
52.155102
53.078251
54.006042
54.938477
55.875565
56.817295
57.763672
58.714695
59.670364
60.630680
61.595642
62.565250
63.539501
64.518402
65.501945
66.490143
67.482979
68.480469
69.482590
70.489365
71.500793
72.516861
73.537575
74.562935
75.592941
76.627594
77.666893
78.710838
79.759430
80.812668
81.870552
82.933083
84.000252
85.071762
86.145760
87.221931
88.300285
89.380814
90.463509
91.548386
92.635445
93.724678
94.816078
95.909668
97.005417
98.103355
99.203468
100.305748
101.410210
102.516853
103.625664
104.736656
105.849815
106.965157
108.082680
109.202370
110.324234
111.448288
112.574509
113.702911
114.833488
115.966232
117.101158
118.238266
119.377541
120.518990
121.662369
122.801804
123.934929
125.061745
126.182243
127.296440
128.404327
129.505875
130.601135
131.690079
132.772705
133.849014
134.919022
135.982712
137.040085
138.091156
139.135910
140.174347
141.206467
142.232300
143.251801
144.264984
145.271866
146.272415
147.266693
148.254623
149.236252
150.211563
151.180573
152.143265
153.099655
154.049728
154.993469
155.930908
156.860794
157.781860
158.694107
159.597549
160.492172
161.377975
162.254974
163.123154
163.982529
164.833069
165.674820
166.507736
167.331848
168.147156
168.953629
169.751297
170.540161
171.320190
172.091415
172.853836
173.607422
174.352219
175.088196
175.815338
176.533676
177.243210
177.943924
178.635834
179.318909
179.993179
180.658646
181.315277
181.963120
182.602142
183.232346
183.853729
184.466293
185.070053
185.664993
186.251144
186.828445
187.396957
187.956635
188.507523
189.049591
189.582825
190.107269
190.622879
191.129700
191.627686
192.116867
192.597229
193.068787
193.531525
193.985428
194.430557
194.866837
195.294327
195.712982
196.122833
196.523880
196.916107
197.299500
197.674103
198.039886
198.396851
198.745010
199.084351
199.414886
199.736588
200.049469
200.353561
200.648834
200.935287
201.212921
201.481750
201.741776
201.992966
202.235367
202.468933
202.693680
202.909622
203.116760
203.315079
203.504578
203.685257
203.857147
204.020187
204.174438
204.319870
204.456482
204.584290
204.703278
204.813446
204.914810
205.007355
205.091095
205.166031
205.232132
205.289413
205.337891
205.377548
205.408401
205.430450
205.443665
205.448074
0.000000
1.038524
2.081104
3.127740
4.178433
5.233182
6.291987
7.354849
8.421767
9.492742
10.567772
11.646859
12.730001
13.817201
14.908457
16.003769
17.103136
18.206564
19.314043
20.425579
21.541174
22.660824
23.779163
24.890829
25.995817
27.094131
28.185766
29.270729
30.349014
31.420624
32.485558
33.543816
34.595398
35.640308
36.678539
37.710094
38.734974
39.753178
40.764706
41.769558
42.767738
43.759235
44.744061
45.722214
46.693687
47.658485
48.616604
49.568050
50.512825
51.450920
52.382339
53.307079
54.225151
55.136543
56.041260
56.944962
57.853294
58.766262
59.683868
60.606113
61.532993
62.464512
63.400661
64.341454
65.286880
66.236946
67.191643
68.150978
69.114944
70.083557
71.056808
72.034691
73.017212
74.004364
74.996155
75.992584
76.993652
77.999359
79.009689
80.024666
81.044289
82.068527
83.097412
84.130936
85.169090
86.211884
87.259323
88.311386
89.366058
90.421326
91.477173
92.533615
93.590645
94.648254
95.706451
96.765236
97.824600
98.884567
99.945107
101.006241
102.067955
103.130257
104.193146
105.256622
106.320686
107.385338
108.450577
109.516396
110.582809
111.649803
112.717377
113.785545
114.854309
115.923645
116.993576
118.064087
119.135193
120.206879
121.279160
122.352005
123.425453
124.497826
125.567421
126.634277
127.698364
128.759689
129.818268
130.874084
131.927139
132.977448
134.024994
135.069794
136.111816
137.151093
138.187592
139.221359
140.252365
141.280594
142.306091
143.328827
144.348801
145.365997
146.380463
147.392166
148.401108
149.407303
150.410721
151.411392
152.409302
153.404449
154.396851
155.386505
156.373367
157.357513
158.336090
159.306320
160.268188
161.221725
162.166901
163.103745
164.032242
164.952377
165.864166
166.767609
167.662720
168.549469
169.427872
170.297928
171.159637
172.013000
172.858017
173.694687
174.522995
175.342957
176.154602
176.957870
177.752792
178.539383
179.317612
180.087494
180.849030
181.602234
182.347076
183.083572
183.811722
184.531525
185.242966
185.946075
186.640839
187.327240
188.005310
188.675034
189.336395
189.989410
190.634079
191.270416
191.898392
192.518021
193.129303
193.732239
194.326828
194.913071
195.490967
196.060516
196.621689
197.174545
197.719055
198.255219
198.783020
199.302475
199.813583
200.316360
200.810776
201.296844
201.774567
202.243958
202.704971
203.157654
203.601974
204.037964
204.465622
204.884903
205.295837
205.698441
206.092682
206.478577
206.856140
207.225342
207.586212
207.938705
208.282867
208.618683
208.946152
209.265274
209.576050
209.878464
210.172562
210.458267
210.735657
211.004700
211.265381
211.517731
211.761719
211.997375
212.224655
212.443604
212.654205
212.856461
213.050369
213.235947
213.413147
213.582016
213.742523
213.894684
214.038513
214.173981
0.000000
1.210480
2.420579
3.630295
4.839629
6.048582
7.257152
8.465340
9.673146
10.880569
12.087612
13.294271
14.500550
15.706447
16.911959
18.117092
19.321842
20.526209
21.730196
22.929436
24.119579
25.300621
26.472561
27.635399
28.789137
29.933771
31.069307
32.195740
33.313072
34.421299
35.520428
36.610458
37.691380
38.763203
39.825928
40.879547
41.924068
42.959488
43.985806
45.003021
46.011135
47.010151
48.000057
48.980869
49.952576
50.915184
51.868690
52.820850
53.779415
54.744385
55.715759
56.693542
57.677731
58.668327
59.665325
60.668732
61.678543
62.694763
63.717388
64.746414
65.781853
66.823692
67.871941
68.926590
69.987656
71.055115
72.128990
73.209267
74.295952
75.389038
76.488533
77.594437
78.706741
79.825455
80.950577
82.078674
83.206345
84.333595
85.460403
86.586777
87.712723
88.838226
89.963310
91.087959
92.212173
93.335953
94.459305
95.582222
96.704704
97.826752
98.948380
100.069557
101.190315
102.310646
103.430534
104.549988
105.669014
106.787613
107.905777
109.023499
110.140800
111.257668
112.374092
113.487549
114.595474
115.697868
116.794746
117.886093
118.971909
120.052193
121.126953
122.196190
123.259895
124.318085
125.370728
126.417862
127.459465
128.495529
129.526077
130.551102
131.570587
132.584549
133.592987
134.595886
135.593277
136.585144
137.571472
138.552277
139.527542
140.497299
141.461517
142.419128
143.369049
144.311264
145.245789
146.172638
147.091797
148.003265
148.907013
149.803101
150.691498
151.572174
152.445175
153.310501
154.168106
155.018036
155.860275
156.694824
157.521667
158.340836
159.152298
159.956085
160.752167
161.540543
162.321259
163.094269
163.859573
164.617218
165.367157
166.109390
166.843933
167.570816
168.289978
169.001450
169.705231
170.401337
171.089737
171.770447
172.443466
173.108795
173.766418
174.416367
175.058624
175.693176
176.320053
176.939240
177.550720
178.154510
178.750610
179.339020
179.919739
180.492783
181.058105
181.615753
182.165710
182.707962
183.242538
183.769424
184.288605
184.800095
185.303894
185.800018
186.288422
186.769165
187.242188
187.707535
188.165192
188.615158
189.057434
189.492004
189.918884
190.338074
190.749588
191.153397
191.549515
191.937943
192.318680
192.691711
193.057083
193.414749
193.764709
194.106995
194.441574
194.768478
195.087677
195.399185
195.703003
195.999130
196.287567
196.568314
196.841370
197.106735
197.364395
197.614365
197.856659
198.091263
198.318161
198.537369
198.748901
198.952713
199.148865
199.337311
199.518051
199.691116
199.856491
200.014175
200.164154
200.306442
200.441055
200.567963
200.687180
200.798706
200.902542
200.998703
201.087158
201.167923
201.240982
201.306351
201.364044
201.414047
201.456345
201.490967
201.517883
201.537109
201.548645
201.552490
