0.985680
0.007160
0.007160
0.007160
0.985680
0.007160
0.007160
0.007160
0.985680
0.000000
1.288628
2.556398
3.803309
5.029361
6.234554
7.418889
8.582365
9.724981
10.846741
11.947639
13.027679
14.086862
15.125185
16.142649
17.139256
18.115002
19.069889
20.003918
20.917089
21.821558
22.729492
23.640892
24.555752
25.474075
26.395859
27.321108
28.249819
29.181993
30.117628
31.056726
31.999287
32.945312
33.894798
34.847748
35.804161
36.764034
37.727371
38.694172
39.664429
40.638157
41.615345
42.595997
43.580109
44.567688
45.558723
46.553226
47.551189
48.552616
49.557503
50.565857
51.577663
52.592945
53.611679
54.633888
55.659550
56.688675
57.721268
58.757320
59.796837
60.839813
61.886253
62.936157
63.989525
65.046356
66.106651
67.170395
68.237610
69.308296
70.382439
71.460045
72.541100
73.625641
74.713631
75.805084
76.900002
77.998375
79.100220
80.202713
81.303062
82.401245
83.497284
84.591164
85.682899
86.772476
87.859901
88.945168
90.028290
91.109253
92.188072
93.264717
94.339226
95.411583
96.481781
97.549828
98.615715
99.679443
100.741028
101.800461
102.857742
103.912865
104.965843
106.016655
107.065323
108.111832
109.156189
110.198395
111.238441
112.276344
113.312096
114.345680
115.377113
116.406403
117.433533
118.458504
119.481339
120.502007
121.520523
122.536888
123.551102
124.563156
125.573059
126.580811
127.586411
128.589859
129.591156
130.590286
131.587280
132.582108
133.574783
134.565308
135.553680
136.539902
137.523956
138.505859
139.485626
140.464020
141.441879
142.419205
143.395966
144.372177
145.347855
146.322968
147.297546
148.271576
149.245041
150.217987
151.190369
152.162216
153.133499
154.104248
155.074432
156.044083
157.013184
157.981735
158.949738
159.917206
160.884109
161.850479
162.816299
163.781555
164.746277
165.710449
166.674072
167.637161
168.599686
169.561661
170.523102
171.483994
172.444321
173.404114
174.363373
175.322067
176.280212
177.237808
178.194870
179.151367
180.107346
181.062744
182.017624
182.971924
183.925690
184.878922
185.831604
186.783722
187.735306
188.686340
189.636826
190.586746
191.536133
192.485001
193.433289
194.381027
195.328232
196.275497
197.223404
198.171936
199.121124
200.070953
201.021439
201.972549
202.924316
203.876724
204.829788
205.783493
206.737839
207.692825
208.648468
209.604752
210.561676
211.519257
212.477463
213.436340
214.395828
215.356003
216.316803
217.278244
218.240326
219.203064
220.166443
221.130478
222.095154
223.060471
224.026428
224.993042
225.960281
226.928192
227.896729
228.865921
229.835739
230.806229
231.777344
232.749130
233.721542
234.694595
235.668304
236.642654
237.617645
238.593292
239.569580
240.546509
241.524078
242.502304
243.481171
244.460693
245.440842
246.421646
247.403076
248.385193
249.367920
250.351318
251.335342
252.271912
253.112900
253.858292
254.508102
0.000000
0.000000
0.000000
0.591789
1.900430
3.193809
4.471925
5.734778
6.982370
8.214700
9.431767
10.633572
11.820114
12.991395
14.147410
15.288166
16.413660
17.523891
18.618860
19.698566
20.763010
21.812189
22.846111
23.864767
24.875864
25.887114
26.898518
27.910069
28.921770
29.933624
30.945625
31.957779
32.970081
33.982533
34.995136
36.007893
37.020798
38.033855
39.047058
40.060413
41.073917
42.087574
43.101383
44.115337
45.129448
46.143707
47.158115
48.172668
49.187382
50.202236
51.217247
52.232407
53.247719
54.263180
55.278790
56.294548
57.310459
58.326519
59.342731
60.359097
61.375607
62.392269
63.409081
64.426048
65.443161
66.460426
67.477844
68.495407
69.513123
70.530991
71.549004
72.567169
73.585480
74.603951
75.622566
76.641342
77.660248
78.679321
79.698532
80.717911
81.737427
82.756996
83.776070
84.794563
85.812454
86.829758
87.846458
88.862579
89.878105
90.893036
91.907379
92.921127
93.934280
94.946846
95.958809
96.970200
97.980980
98.991180
100.000778
101.009789
102.018211
103.026039
104.033272
105.039917
106.045967
107.051430
108.056290
109.060562
110.064240
111.067337
112.069832
113.071732
114.073059
115.073769
116.073906
117.073433
118.072388
119.070740
120.068497
121.065666
122.062248
123.058228
124.053619
125.048416
126.042625
127.036240
128.029266
129.021698
130.013535
131.004776
131.995438
132.985504
133.974976
134.963867
135.952148
136.939835
137.926941
138.913452
139.899368
140.884659
141.869278
142.853226
143.836502
144.819138
145.801086
146.782349
147.762970
148.742905
149.722198
150.700806
151.678741
152.656021
153.632629
154.608566
155.583832
156.558441
157.532379
158.505630
159.478226
160.450165
161.421432
162.392029
163.361954
164.331207
165.299805
166.267731
167.234985
168.201584
169.167496
170.132736
171.097336
172.061249
173.024506
173.987076
174.948990
175.910233
176.870819
177.830734
178.789963
179.748535
180.706451
181.663696
182.620255
183.576157
184.531387
185.485947
186.439850
187.393082
188.345642
189.297546
190.248764
191.199326
192.149231
193.098450
194.046997
194.994904
195.942398
196.891281
197.841843
198.794052
199.747955
200.703491
201.660721
202.619598
203.580154
204.542374
205.506256
206.471817
207.439026
208.407913
209.378464
210.350677
211.324570
212.300110
213.277328
214.256210
215.236755
216.218979
217.202866
218.188416
219.175629
220.164505
221.155060
222.147263
223.141159
224.136703
225.133911
226.132797
227.133347
228.135559
229.139435
230.144989
231.152191
232.161072
233.171616
234.183838
235.197708
236.213242
237.230469
238.249344
239.269882
240.292084
241.315964
242.341507
243.368713
244.397598
245.428146
246.460358
247.494217
248.529770
249.566971
250.605850
251.646393
252.688599
253.728760
254.763214
0.000000
1.253771
2.491453
3.713046
4.918551
6.107967
7.281295
8.438533
9.579684
10.704744
11.813717
12.906601
13.983396
15.044103
16.088718
17.117247
18.129690
19.134794
20.141323
21.149269
22.158640
23.169430
24.181641
25.195272
26.210325
27.226799
28.244694
29.264008
30.284746
31.306904
32.330482
33.355480
34.381901
35.409740
36.439003
37.469685
38.501793
39.535313
40.570259
41.606628
42.644413
43.683620
44.724255
45.766304
46.809772
47.854664
48.900974
49.948711
50.997860
52.048439
53.100437
54.153854
55.208691
56.264954
57.322632
58.381737
59.442257
60.504200
61.567562
62.632347
63.698555
64.766182
65.835220
66.905701
67.977592
69.050896
70.125633
71.201782
72.279358
73.358345
74.438766
75.520599
76.603859
77.687553
78.769310
79.848999
80.926643
82.002220
83.075745
84.147217
85.216629
86.283981
87.349289
88.412521
89.473709
90.532837
91.589912
92.644928
93.697891
94.748787
95.797630
96.844421
97.889153
98.931831
99.972450
101.011017
102.047523
103.081963
104.114357
105.144699
106.172974
107.199203
108.223366
109.245476
110.265526
111.283516
112.299461
113.313347
114.325180
115.334938
116.342659
117.348312
118.351913
119.353447
120.352943
121.350365
122.345741
123.339058
124.330315
125.319527
126.306664
127.291756
128.274796
129.255768
130.234695
131.211548
132.186371
133.159119
134.129791
135.098618
136.066727
137.034317
138.001373
138.967896
139.933884
140.899353
141.864304
142.828705
143.792603
144.755951
145.718796
146.681076
147.642853
148.604095
149.564819
150.525009
151.484680
152.443802
153.402405
154.360489
155.318039
156.275070
157.231552
158.187515
159.142960
160.097855
161.052246
162.006104
162.959427
163.912216
164.864487
165.816238
166.767441
167.718140
168.668289
169.617920
170.567017
171.515594
172.463638
173.411163
174.358139
175.304596
176.250534
177.195938
178.140823
179.085159
180.028992
180.972275
181.915054
182.857285
183.798996
184.740173
185.680832
186.620956
187.560547
188.499695
189.439285
190.379745
191.321075
192.263275
193.206329
194.150284
195.095093
196.040771
196.987305
197.934723
198.882996
199.832153
200.782181
201.733078
202.684845
203.637466
204.590973
205.545349
206.500595
207.456711
208.413681
209.371536
210.330246
211.289856
212.250305
213.211639
214.173813
215.136902
216.100830
217.065628
218.031311
218.997864
219.965271
220.933548
221.902710
222.872726
223.843613
224.815399
225.788025
226.761520
227.735901
228.711136
229.687241
230.664215
231.642075
232.620804
233.600388
234.580841
235.562180
236.544357
237.527435
238.511383
239.496185
240.481842
241.468399
242.455811
243.427185
244.365662
245.271179
246.143799
246.983475
247.790237
248.564072
249.304993
250.012970
250.688019
251.330139
251.939362
252.515625
253.058975
