0.556021
0.221990
0.221990
0.221990
0.556021
0.221990
0.221990
0.221990
0.556021
0.000000
1.171826
2.293275
3.364346
4.385041
5.355357
6.275296
7.144859
7.964044
8.761909
9.567524
10.380881
11.201985
12.030832
12.867426
13.711763
14.563848
15.423675
16.291248
17.166567
18.049627
18.940435
19.838987
20.745287
21.659328
22.581116
23.510647
24.447924
25.392944
26.345713
27.306227
28.274483
29.250484
30.234230
31.225723
32.224960
33.231941
34.246666
35.269138
36.299355
37.337315
38.383018
39.436474
40.497669
41.566608
42.643295
43.727722
44.817650
45.899517
46.971077
48.032330
49.083275
50.123913
51.154247
52.174267
53.183983
54.183392
55.172493
56.151287
57.119770
58.077946
59.025822
59.963383
60.890636
61.807583
62.714226
63.610554
64.496582
65.372299
66.237709
67.092819
67.937614
68.772102
69.596275
70.410156
71.213715
72.006973
72.789925
73.562561
74.324898
75.076927
75.818657
76.550064
77.271164
77.981972
78.682457
79.382477
80.091858
80.810616
81.538727
82.276215
83.023064
83.779289
84.544868
85.319824
86.104149
86.897835
87.700882
88.513298
89.335091
90.166245
91.006760
91.856644
92.715897
93.584518
94.462502
95.349846
96.246574
97.152657
98.068108
98.992928
99.927116
100.870667
101.823586
102.785866
103.757523
104.738541
105.728928
106.728676
107.737793
108.756279
109.784134
110.821350
111.867935
112.922058
113.972824
115.018402
116.058784
117.093987
118.124001
119.148827
120.168457
121.182915
122.192177
123.196251
124.195137
125.188843
126.177353
127.160675
128.138809
129.111755
130.079514
131.042099
131.999481
132.951675
133.898697
134.840500
135.777145
136.708588
137.634842
138.555923
139.471802
140.382507
141.288010
142.188339
143.083466
143.973404
144.858170
145.737747
146.612122
147.481323
148.345337
149.204147
150.061722
150.922043
151.785126
152.650909
153.519455
154.390732
155.264725
156.141479
157.020966
157.903168
158.788132
159.675827
160.566238
161.459396
162.355301
163.253937
164.155289
165.059402
165.966248
166.875824
167.788132
168.703186
169.620972
170.541473
171.464737
172.390732
173.319458
174.250931
175.185120
176.122055
177.061722
178.004120
178.949265
179.897156
180.847763
181.801117
182.757217
183.716019
184.677582
185.641876
186.608917
187.578674
188.551178
189.526413
190.504395
191.485107
192.468552
193.454727
194.443634
195.435287
196.429688
197.426819
198.426682
199.429276
200.434616
201.442657
202.453476
203.467010
204.483292
205.502304
206.524063
207.548538
208.575760
209.605728
210.638412
211.673843
212.712006
213.752914
214.796539
215.842926
216.892029
217.943878
218.998444
220.055756
221.115799
222.178589
223.244110
224.312378
225.383377
226.457108
227.533569
228.612778
229.694717
230.779388
231.866791
232.956940
234.049820
235.145447
236.243790
237.344879
238.448715
239.555267
240.664566
0.000000
0.611244
1.373642
2.287193
3.351898
4.567756
5.934768
7.452932
9.122252
10.942723
12.822420
14.669415
16.483709
18.265301
20.014187
21.730373
23.413857
25.064636
26.682716
28.268093
29.820766
31.340736
32.828007
34.282574
35.704437
37.093597
38.450062
39.773819
41.064873
42.323227
43.548874
44.741825
45.902073
47.029617
48.124454
49.186592
50.216030
51.212765
52.176796
53.121719
54.061153
54.995090
55.923531
56.846470
57.763916
58.675858
59.582306
60.483257
61.378716
62.268669
63.153130
64.032089
64.905548
65.773521
66.635994
67.492958
68.344429
69.190414
70.030891
70.865860
71.695351
72.519333
73.337830
74.150818
74.958313
75.760307
76.556801
77.347809
78.149773
78.979187
79.836044
80.720337
81.632072
82.571251
83.537872
84.531929
85.553429
86.602371
87.678741
88.782570
89.913834
91.072533
92.258675
93.472267
94.713295
95.981758
97.277672
98.601013
99.951805
101.330040
102.735710
104.168816
105.629372
107.117371
108.632805
110.175682
111.746002
113.319290
114.871078
116.401375
117.910164
119.397469
120.863258
122.307564
123.730362
125.131660
126.511467
127.869766
129.206573
130.521881
131.815704
133.088013
134.338821
135.568130
136.775955
137.962280
139.127106
140.270416
141.392242
142.492569
143.571411
144.628723
145.664566
146.678894
147.671722
148.643051
149.601349
150.555099
151.504272
152.448898
153.388947
154.324463
155.255402
156.181793
157.103607
158.020874
158.933563
159.841705
160.745285
161.644302
162.538757
163.428650
164.313995
165.194763
166.070984
166.942642
167.809723
168.672272
169.530243
170.383652
171.232498
172.076797
172.916519
173.751694
174.582306
175.408340
176.229828
177.046753
177.859131
178.666931
179.470169
180.268860
181.062988
181.852554
182.637543
183.417999
184.193863
184.965195
185.731949
186.494156
187.251801
188.004868
188.753387
189.497345
190.236740
190.971588
191.701859
192.427567
193.148727
193.865326
194.577347
195.284821
195.987732
196.686081
197.379883
198.069107
198.753784
199.433884
200.109421
200.780411
201.446838
202.108704
202.766022
203.418777
204.066956
204.710587
205.349625
205.984131
206.614075
207.239471
207.860275
208.476547
209.088257
209.695374
210.297958
210.895981
211.489426
212.078323
212.662674
213.242432
213.817657
214.388306
214.954407
215.515945
216.072906
216.625305
217.173172
217.716461
218.255188
218.789368
219.318970
219.844009
220.364502
220.880432
221.391800
221.898605
222.400848
222.898529
223.391647
223.880219
224.364227
224.843658
225.318542
225.788864
226.254639
226.715836
227.172470
227.624542
228.072067
228.515030
228.953415
229.387253
229.816528
230.241241
230.661392
231.076996
231.488022
231.894485
232.296402
232.693756
233.086548
233.474762
233.858444
234.237549
234.612106
234.982086
0.000000
4.788006
9.283381
13.617491
17.790331
21.801899
25.652199
29.341232
32.868996
36.235485
39.440712
42.484665
45.367352
48.088764
50.648911
53.047787
55.285397
57.361732
59.276802
61.030602
62.623131
64.054398
65.324387
66.433105
67.396561
68.310791
69.191803
70.039597
70.854164
71.635521
72.383652
73.098564
73.780251
74.428726
75.043983
75.626015
76.174820
76.690414
77.172783
77.621933
78.037865
78.420570
78.770065
79.086334
79.369385
79.619209
79.835823
80.035828
80.235832
80.435829
80.635834
80.835831
81.035835
81.235832
81.435829
81.635834
81.835838
82.035835
82.235832
82.435829
82.635841
82.835838
83.035835
83.235840
83.435837
83.635841
83.835838
84.035843
84.235840
84.441292
84.684921
84.972198
85.303108
85.677650
86.095833
86.557655
87.063110
87.612198
88.204926
88.841286
89.521286
90.244919
91.012199
91.823105
92.677650
93.575829
94.517647
95.503105
96.532196
97.604919
98.721283
99.881279
101.059486
102.230492
103.394295
104.550888
105.700279
106.842461
107.977440
109.105209
110.225777
111.339134
112.445282
113.544228
114.635971
115.720505
116.797829
117.867950
118.930870
119.986572
121.035080
122.076378
123.110466
124.137344
125.157028
126.169502
127.174767
128.172821
129.163666
130.147339
131.123764
132.093002
133.055023
134.009842
134.957458
135.897888
136.831085
137.757080
138.675873
139.587448
140.491837
141.388992
142.278976
143.161728
144.037292
144.905624
145.766769
146.620697
147.467438
148.306961
149.139282
149.964386
150.782288
151.592987
152.396484
153.192764
153.981842
154.763718
155.538376
156.305847
157.066086
157.819138
158.564972
159.303619
160.035034
160.759277
161.476288
162.186111
162.888702
163.584106
164.272293
164.953278
165.627060
166.293640
166.953003
167.605179
168.250122
168.887863
169.518417
170.141739
170.757889
171.366791
171.968521
172.563034
173.150345
173.730453
174.303329
174.869019
175.427490
175.978775
176.522842
177.059708
177.589371
178.111816
178.627045
179.135101
179.635925
180.129547
180.615967
181.095184
181.567184
182.031982
182.489578
182.939972
183.383148
183.819122
184.247894
184.669449
185.083817
185.490967
185.890900
186.283630
186.669174
187.047501
187.418625
187.782532
188.139236
188.488739
188.831039
189.166138
189.494003
189.814682
190.128143
190.434418
190.733475
191.025330
191.309982
191.587402
191.857635
192.120667
192.376465
192.625107
192.866501
193.100708
193.327698
193.547501
193.760086
193.965454
194.163620
194.354584
194.538345
194.714905
194.884247
195.046387
195.201309
195.349045
195.489563
195.622879
195.748993
195.867889
195.979584
196.084076
196.181366
196.271439
196.354309
196.429977
196.498428
196.559677
196.613739
196.660568
196.700211
196.732635
196.757843
196.775879
196.786682
196.790283
