0.974085
0.012957
0.012957
0.012957
0.974085
0.012957
0.012957
0.012957
0.974085
0.000000
0.909593
1.823866
2.742821
3.666456
4.594771
5.527769
6.465446
7.407805
8.354843
9.306563
10.262964
11.224047
12.189811
13.160254
14.135376
15.115184
16.099670
17.088837
18.082684
19.081211
20.084421
21.089846
22.095020
23.099947
24.104624
25.109051
26.113228
27.117157
28.120836
29.124268
30.127447
31.130377
32.133060
33.135490
34.137672
35.139603
36.141289
37.142723
38.143902
39.144836
40.145527
41.145962
42.146145
43.146084
44.145771
45.145210
46.144398
47.143341
48.142029
49.140469
50.138660
51.136600
52.134289
53.131729
54.128925
55.125870
56.122562
57.119007
58.115208
59.111149
60.106846
61.102295
62.097404
63.090195
64.079865
65.066406
66.049828
67.030128
68.007301
68.981346
69.952271
70.920074
71.884750
72.846298
73.804733
74.760040
75.712219
76.661285
77.607208
78.550026
79.489716
80.426270
81.359711
82.290024
83.217216
84.141289
85.062225
85.980049
86.894737
87.806313
88.714760
89.620087
90.522285
91.421364
92.317307
93.210136
94.099846
94.986420
95.869881
96.750214
97.627426
98.501503
99.372467
100.240311
101.106010
101.975471
102.849678
103.728645
104.612350
105.500816
106.394028
107.291985
108.194695
109.102150
110.014359
110.931305
111.853020
112.779465
113.710678
114.646629
115.587326
116.532776
117.482979
118.437927
119.397629
120.362076
121.331276
122.305222
123.283913
124.267365
125.255554
126.248497
127.246185
128.248642
129.255829
130.267776
131.284454
132.305893
133.332077
134.363007
135.398712
136.439148
137.484329
138.534256
139.588943
140.648376
141.709641
142.765594
143.815903
144.860580
145.899612
146.933029
147.960785
148.982925
149.999420
151.010284
152.015488
153.015091
154.009033
154.997345
155.980042
156.957062
157.928482
158.894257
159.854385
160.808868
161.757736
162.700958
163.638550
164.570511
165.496811
166.417496
167.332535
168.241943
169.145706
170.043839
170.936356
171.823212
172.704422
173.580017
174.449982
175.314301
176.172958
177.026016
177.873413
178.715179
179.551331
180.381821
181.211334
182.044571
182.881516
183.722153
184.566498
185.414536
186.266281
187.121735
187.980881
188.843735
189.710312
190.580566
191.454529
192.332199
193.213562
194.098648
194.987411
195.879898
196.776077
197.675964
198.579544
199.486847
200.397842
201.312531
202.230927
203.153030
204.078842
205.008347
205.941559
206.878464
207.819092
208.763397
209.711426
210.663162
211.618576
212.577713
213.540543
214.507080
215.477310
216.451263
217.428909
218.410248
219.395309
220.384048
221.376511
222.372665
223.372528
224.376083
225.383362
226.394333
227.409012
228.427383
229.449463
230.475235
231.504715
232.537918
233.574799
234.615402
235.659698
236.707687
237.759384
238.814804
239.873886
240.936707
242.003220
243.073441
244.147354
0.000000
1.017402
2.256481
3.491838
4.723474
5.951387
7.175578
8.396048
9.612796
10.825820
12.035123
13.240704
14.442563
15.640700
16.835117
18.025806
19.212780
20.396029
21.575558
22.751362
23.923685
25.092764
26.258602
27.421198
28.580549
29.736660
30.889526
32.039150
33.185535
34.328674
35.468571
36.605221
37.738632
38.868805
39.995728
41.119411
42.239853
43.357048
44.471004
45.581715
46.689186
47.793415
48.894402
49.992138
51.086639
52.177895
53.265907
54.350681
55.432209
56.510494
57.585537
58.657333
59.725895
60.791210
61.853283
62.912109
63.967697
65.020042
66.069206
67.116508
68.162491
69.207153
70.250504
71.292526
72.333237
73.372627
74.410698
75.447449
76.482887
77.517006
78.549797
79.581276
80.611443
81.640274
82.667801
83.694008
84.718895
85.742462
86.764709
87.785637
88.805244
89.823547
90.840515
91.856178
92.870514
93.883530
94.895233
95.905617
96.914673
97.922417
98.928848
99.933952
100.937737
101.940208
102.941360
103.941185
104.939713
105.937515
106.938309
107.942688
108.950661
109.962219
110.977371
111.996117
113.018456
114.044380
115.073898
116.107010
117.143715
118.184006
119.227898
120.275375
121.326439
122.381104
123.439354
124.501198
125.566643
126.635666
127.708290
128.784500
129.864288
130.947693
132.034683
133.125244
134.219421
135.317184
136.418533
137.523468
138.632004
139.744125
140.859848
141.979172
143.102066
144.228561
145.358643
146.492310
147.627640
148.759918
149.888916
151.014633
152.137070
153.256256
154.372147
155.484756
156.594101
157.700150
158.802948
159.902451
160.998703
162.091660
163.181335
164.267746
165.350861
166.430725
167.507309
168.580597
169.650620
170.717377
171.780853
172.841049
173.897980
174.951614
176.001968
177.049072
178.092880
179.133423
180.170670
181.204666
182.235382
183.262817
184.286972
185.307846
186.325455
187.339783
188.350830
189.355972
190.352524
191.340485
192.319870
193.290695
194.252930
195.206589
196.151657
197.088181
198.016098
198.935440
199.846222
200.748413
201.642014
202.527069
203.403503
204.271393
205.130707
205.981430
206.823578
207.657150
208.482132
209.298553
210.106400
210.905655
211.696335
212.478439
213.251968
214.016922
214.773285
215.521088
216.260300
216.990936
217.712997
218.426483
219.131378
219.827713
220.515472
221.194641
221.865234
222.527252
223.180695
223.825562
224.461823
225.089539
225.708679
226.319229
226.921188
227.514587
228.099426
228.675644
229.243317
229.802399
230.352905
230.894836
231.428192
231.952957
232.469162
232.976776
233.475815
233.966278
234.448166
234.921463
235.386215
235.842361
236.289932
236.728943
237.159348
237.581192
237.994446
238.399139
238.795258
239.182785
239.561737
239.932114
240.293915
240.647141
240.991760
241.327835
241.655334
241.974243
0.000000
1.128530
2.256695
3.384493
4.511927
5.638995
6.765698
7.892035
9.018008
10.143615
11.268856
12.393732
13.518242
14.642387
15.766166
16.889580
18.012741
19.135763
20.258646
21.381386
22.503988
23.626448
24.748768
25.870949
26.992990
28.114889
29.236650
30.358269
31.479750
32.601089
33.722286
34.843346
35.964264
37.085045
38.205685
39.326183
40.446541
41.566761
42.686836
43.806774
44.926579
46.046234
47.165752
48.285126
49.404366
50.523460
51.642418
52.761234
53.879913
54.998451
56.116844
57.233055
58.345024
59.452770
60.556274
61.655544
62.750584
63.841385
64.927956
66.010284
67.088387
68.162254
69.231888
70.297287
71.358444
72.415375
73.468071
74.516533
75.560753
76.600746
77.636505
78.668030
79.695312
80.718369
81.737183
82.751770
83.762123
84.768234
85.770119
86.767769
87.761185
88.750366
89.735306
90.716011
91.692497
92.664742
93.638435
94.619316
95.607361
96.602577
97.604958
98.614510
99.631233
100.655121
101.686188
102.724411
103.769806
104.822365
105.882103
106.949005
108.023071
109.104324
110.192726
111.288307
112.391052
113.500961
114.618042
115.742302
116.873718
118.012314
119.158066
120.310989
121.471092
122.638359
123.812790
124.994392
126.183159
127.379097
128.582214
129.792496
131.009933
132.226898
133.435745
134.636505
135.829132
137.013641
138.190063
139.358337
140.518509
141.670578
142.814529
143.950363
145.078079
146.197693
147.309189
148.412552
149.507828
150.594971
151.674011
152.744934
153.807755
154.862457
155.909027
156.947495
157.977859
159.000092
160.014221
161.020233
162.018143
163.007919
163.989594
164.963150
165.928589
166.885925
167.835144
168.776245
169.713837
170.652466
171.592148
172.532883
173.474670
174.417511
175.361404
176.306366
177.252350
178.199417
179.147522
180.096695
181.046921
181.998199
182.950516
183.903900
184.858337
185.813812
186.770355
187.727951
188.686615
189.646301
190.607071
191.568878
192.531754
193.495667
194.460632
195.426666
196.393738
197.361877
198.331055
199.301315
200.272598
201.244949
202.218353
203.192810
204.168320
205.144882
206.122498
207.101166
208.080902
209.061676
210.043518
211.026398
212.010345
212.995331
213.981384
214.968491
215.956635
216.945862
217.936127
218.927444
219.919815
220.913223
221.907715
222.903244
223.899826
224.897461
225.896179
226.895920
227.896729
228.898575
229.901489
230.905457
231.910461
232.916550
233.923676
234.931854
235.941071
236.951370
237.962723
238.975098
239.988556
241.003052
242.018600
243.035217
244.052872
245.071594
246.091370
247.112198
248.134079
249.157013
250.181000
251.206039
252.232132
253.259262
254.287476
255.000000
255.000000
255.000000
255.000000
255.000000
255.000000
255.000000
255.000000
255.000000
255.000000
255.000000
255.000000
255.000000
