0.986571
0.006715
0.006715
0.006715
0.986571
0.006715
0.006715
0.006715
0.986571
0.000000
1.020504
2.038910
3.055219
4.069431
5.081546
6.091564
7.099483
8.105307
9.109032
10.110661
11.110192
12.107627
13.102963
14.096205
15.087345
16.076391
17.063339
18.048189
19.030945
20.011600
20.990160
21.966621
22.940987
23.913254
24.883423
25.851498
26.817471
27.781351
28.744711
29.709135
30.674623
31.641174
32.608788
33.577461
34.547199
35.518002
36.489868
37.462795
38.436783
39.411839
40.387959
41.365135
42.343376
43.322681
44.303047
45.284477
46.266972
47.250530
48.235149
49.220829
50.207573
51.195381
52.184254
53.174187
54.165180
55.157238
56.150364
57.144550
58.139797
59.136105
60.133480
61.131916
62.131416
63.131981
64.133614
65.136292
66.140045
67.144859
68.150742
69.157677
70.165680
71.174744
72.184875
73.196068
74.208313
75.221634
76.236015
77.251457
78.267967
79.285538
80.304161
81.323860
82.344620
83.366318
84.386536
85.404251
86.419472
87.432190
88.442421
89.450150
90.455376
91.458122
92.458359
93.456100
94.451347
95.444099
96.434357
97.422104
98.407372
99.390137
100.370399
101.348167
102.323448
103.296227
104.266502
105.234291
106.199577
107.162369
108.122658
109.080460
110.035759
110.988564
111.938881
112.886681
113.831993
114.774818
115.715141
116.652962
117.588295
118.521126
119.451454
120.379295
121.304634
122.227478
123.147835
124.065681
124.981041
125.893898
126.804260
127.712120
128.617493
129.520370
130.420731
131.318619
132.213989
133.106888
133.997269
134.885162
135.770554
136.654190
137.540512
138.430237
139.323364
140.219910
141.119873
142.023239
142.930023
143.840210
144.753830
145.670837
146.591263
147.515106
148.442352
149.373032
150.307083
151.244583
152.185486
153.129791
154.077499
155.028641
155.983185
156.941147
157.902512
158.867279
159.835495
160.807083
161.782089
162.760529
163.742371
164.727615
165.716278
166.708359
167.703842
168.702744
169.705048
170.710770
171.719894
172.732437
173.748398
174.767761
175.790543
176.816727
177.846344
178.879349
179.915787
180.955627
181.998871
183.045532
184.095612
185.149094
186.205978
187.266296
188.330002
189.397141
190.467682
191.540665
192.613724
193.686707
194.759644
195.832535
196.905396
197.978195
199.050934
200.123642
201.196304
202.268906
203.341446
204.413971
205.486420
206.558838
207.631195
208.703506
209.775772
210.847992
211.920166
212.992279
214.064346
215.136368
216.208344
217.280273
218.352158
219.423965
220.495758
221.567474
222.639175
223.710800
224.782379
225.853928
226.925400
227.996857
229.068253
230.139587
231.210876
232.282135
233.353317
234.424469
235.495575
236.566620
237.637619
238.708572
239.779495
240.850357
241.921158
242.991913
244.062637
245.133301
246.203918
247.274460
248.344971
249.415451
250.485870
251.452881
252.213120
252.766571
253.113266
0.000000
0.832232
1.998359
3.157097
4.308448
5.452408
6.588980
7.718163
8.839958
9.954365
11.061381
12.161009
13.253250
14.338100
15.415564
16.485636
17.548321
18.603619
19.651525
20.692045
21.725172
22.750914
23.769268
24.780230
25.783804
26.779991
27.768787
28.754000
29.739428
30.725071
31.710932
32.697010
33.683304
34.669815
35.656544
36.643486
37.630642
38.618019
39.605614
40.593422
41.581451
42.569695
43.558151
44.546825
45.535721
46.524826
47.514153
48.503689
49.493454
50.483429
51.473618
52.464027
53.454651
54.445492
55.436546
56.427822
57.419312
58.411018
59.402943
60.395081
61.387436
62.380005
63.372795
64.365799
65.359032
66.352463
67.346123
68.339996
69.334084
70.328392
71.322899
72.317642
73.312599
74.307770
75.303162
76.298767
77.294586
78.290619
79.286873
80.283340
81.280022
82.276924
83.274048
84.271393
85.268929
86.266663
87.264595
88.262726
89.261047
90.259560
91.258278
92.257179
93.256287
94.255577
95.255066
96.254745
97.254623
98.254700
99.254974
100.255440
101.256104
102.256950
103.258003
104.259247
105.260681
106.262314
107.264137
108.266159
109.268379
110.270798
111.273407
112.276207
113.279205
114.282394
115.285782
116.289360
117.293137
118.297104
119.301270
120.305634
121.310196
122.314949
123.319893
124.325027
125.330360
126.335892
127.341621
128.347534
129.353653
130.359970
131.366455
132.373169
133.380066
134.387146
135.394424
136.401901
137.409576
138.417450
139.425507
140.433777
141.442215
142.451050
143.460480
144.470505
145.481110
146.492310
147.504105
148.516479
149.529434
150.542984
151.557129
152.571854
153.587173
154.603088
155.619583
156.636673
157.654343
158.672607
159.691452
160.710892
161.730927
162.751541
163.772751
164.794540
165.816910
166.839890
167.863449
168.887604
169.912338
170.937653
171.963577
172.990082
174.017181
175.044861
176.073135
177.101990
178.131439
179.161469
180.192093
181.223312
182.255112
183.287491
184.320480
185.354034
186.388214
187.422943
188.458267
189.494186
190.530716
191.567810
192.605499
193.643784
194.682648
195.722092
196.762131
197.802765
198.843979
199.885803
200.926346
201.963760
202.998032
204.029175
205.057190
206.082047
207.103806
208.122421
209.137894
210.150253
211.159454
212.165558
213.168503
214.168335
215.165024
216.158569
217.149002
218.136292
219.120453
220.101486
221.079391
222.054153
223.025787
223.994308
224.959656
225.921906
226.881027
227.836990
228.789825
229.739548
230.686127
231.629578
232.569901
233.507080
234.441132
235.372040
236.299835
237.224487
238.146027
239.064423
239.979675
240.891800
241.800797
242.706650
243.609390
244.509003
245.405472
246.298798
247.189011
248.076080
248.960022
249.840836
250.718506
251.593063
252.464478
253.332748
254.197906
254.923874
0.000000
1.306685
2.597698
3.873039
5.132710
6.376708
7.605034
8.817689
10.014674
11.195985
12.361626
13.511594
14.645891
15.764516
16.867470
17.954752
19.026363
20.082302
21.122570
22.147165
23.164629
24.183512
25.203810
26.225525
27.248655
28.273201
29.299164
30.326542
31.355331
32.385540
33.417168
34.450207
35.484661
36.520531
37.557819
38.596519
39.636639
40.678173
41.721123
42.765488
43.811268
44.858463
45.907078
46.957104
48.008545
49.061405
50.115677
51.171368
52.228477
53.286995
54.346931
55.408283
56.471054
57.535236
58.600838
59.667854
60.736282
61.806129
62.877392
63.950066
65.024162
66.099670
67.176598
68.254929
69.334694
70.415878
71.498451
72.582458
73.667877
74.754707
75.842957
76.932632
78.023705
79.116211
80.210121
81.305443
82.402199
83.500351
84.598274
85.694305
86.788467
87.880737
88.971107
90.059608
91.146217
92.230942
93.313774
94.394722
95.473793
96.550972
97.626259
98.699677
99.771194
100.840828
101.908577
102.974442
104.038414
105.100510
106.160721
107.219032
108.275467
109.330017
110.382675
111.433456
112.482338
113.529350
114.574463
115.617706
116.659042
117.698502
118.736076
119.771767
120.805573
121.837486
122.867516
123.895668
124.921921
125.946297
126.968773
127.989380
129.008087
130.024918
131.039856
132.052917
133.064087
134.073380
135.080780
136.086288
137.089920
138.091660
139.091522
140.089478
141.085556
142.079773
143.072083
144.062500
145.052017
146.041641
147.031357
148.021164
149.011078
150.001083
150.991180
151.981369
152.971649
153.962021
154.952515
155.943069
156.933731
157.924500
158.915344
159.906281
160.897339
161.888474
162.879700
163.871033
164.862442
165.853958
166.845566
167.837265
168.829056
169.820938
170.812927
171.805008
172.797180
173.789444
174.781815
175.774277
176.766830
177.759476
178.752228
179.745056
180.737991
181.731003
182.724121
183.717346
184.710648
185.704041
186.697540
187.691147
188.684814
189.678604
190.672455
191.666443
192.660492
193.654663
194.648895
195.643265
196.637695
197.632233
198.626862
199.621582
200.616409
201.611313
202.603958
203.591904
204.575165
205.553741
206.527649
207.496857
208.461411
209.421265
210.376450
211.326950
212.272781
213.213913
214.150391
215.082169
216.009277
216.931702
217.849442
218.762497
219.670883
220.574570
221.473602
222.367966
223.257614
224.142593
225.022903
225.898529
226.769470
227.635742
228.497314
229.354233
230.206451
231.054001
231.896881
232.735046
233.568558
234.397385
235.221527
236.041000
236.855789
237.665894
238.471313
239.272064
240.068146
240.859528
241.646225
242.428253
243.205597
243.978271
244.746262
245.509567
246.268188
247.022141
247.771423
248.515991
249.255905
249.991135
250.721695
251.447556
252.080673
252.532883
252.804199
252.894653
