0.996151
0.001924
0.001924
0.001924
0.996151
0.001924
0.001924
0.001924
0.996151
0.000000
1.239398
2.463483
3.672255
4.865716
6.043863
7.206698
8.354220
9.486429
10.603327
11.704912
12.791184
13.868780
14.944345
16.017876
17.089373
18.158834
19.226263
20.291660
21.355021
22.416348
23.475641
24.532902
25.588127
26.641319
27.692474
28.741598
29.788689
30.833744
31.876762
32.917751
33.956707
34.993629
36.028519
37.061367
38.092190
39.120968
40.147720
41.172436
42.195118
43.215767
44.234383
45.250961
46.265507
47.278019
48.288498
49.296944
50.303352
51.307739
52.310078
53.310390
54.308666
55.304909
56.299114
57.291286
58.281425
59.269585
60.256878
61.243767
62.230251
63.216339
64.202019
65.187286
66.172157
67.156624
68.140686
69.124352
70.107605
71.090454
72.072906
73.054947
74.036591
75.017822
75.998650
76.979080
77.959099
78.938728
79.917946
80.896751
81.875168
82.853172
83.830765
84.807968
85.784760
86.761147
87.737129
88.712715
89.687889
90.662659
91.637032
92.610992
93.584557
94.557716
95.530464
96.502815
97.474762
98.446304
99.417450
100.388184
101.358513
102.328430
103.298126
104.268494
105.239723
106.211792
107.184723
108.158501
109.133133
110.108604
111.084938
112.062119
113.040146
114.019028
114.998772
115.979355
116.960785
117.943069
118.926216
119.910194
120.895042
121.880730
122.867271
123.854668
124.842911
125.832001
126.821953
127.812737
128.804398
129.796890
130.790237
131.784439
132.779480
133.775391
134.772141
135.769760
136.768204
137.767502
138.767654
139.768661
140.770523
141.773239
142.776794
143.781219
144.786469
145.792587
146.799545
147.806793
148.812958
149.817993
150.821884
151.824631
152.826248
153.826721
154.826035
155.824234
156.821259
157.817169
158.811935
159.805542
160.798019
161.789368
162.779556
163.768616
164.756516
165.743286
166.728912
167.713409
168.696747
169.678955
170.660019
171.639938
172.618713
173.596359
174.572845
175.548203
176.522415
177.495499
178.467422
179.438217
180.407852
181.376373
182.343735
183.309952
184.275040
185.238968
186.201767
187.163422
188.123932
189.083313
190.041550
190.998642
191.947830
192.882263
193.802002
194.707031
195.597321
196.472900
197.333771
198.179932
199.011353
199.828079
200.630081
201.417374
202.189941
202.947815
203.690964
204.419373
205.133087
205.832077
206.516357
207.185928
207.840775
208.480927
209.106339
209.717026
210.313019
210.894287
211.460846
212.012680
212.549805
213.072220
213.579895
214.072861
214.551147
215.014679
215.463501
215.897614
216.317017
216.721710
217.111649
217.486908
217.847443
218.193253
218.524368
218.840759
219.142426
219.429382
219.701630
219.959152
220.201950
220.430054
220.643433
220.842087
221.026016
221.195251
221.349762
221.489563
221.614655
221.725021
221.820663
221.901596
221.967819
222.019333
222.056122
222.078186
222.085541
0.000000
0.748923
1.538346
2.368269
3.238694
4.149618
5.101043
6.092969
7.125395
8.198322
9.311749
10.465675
11.635968
12.798495
13.953255
15.100247
16.239471
17.370928
18.494617
19.610540
20.718697
21.819082
22.911703
23.996555
25.073643
26.142960
27.204512
28.258293
29.304308
30.342558
31.373039
32.395752
33.410698
34.417877
35.417286
36.408932
37.392811
38.368919
39.337261
40.297832
41.250641
42.195679
43.132957
44.062454
44.984196
45.898460
46.811775
47.726810
48.643562
49.562027
50.482216
51.404121
52.327744
53.253082
54.180138
55.108913
56.039410
56.971619
57.905548
58.841190
59.778557
60.717636
61.658432
62.600948
63.545185
64.491135
65.438805
66.388191
67.339294
68.292114
69.246658
70.202911
71.160889
72.120583
73.081993
74.045120
75.009964
75.976524
76.944809
77.914978
78.888130
79.864410
80.843849
81.826424
82.812149
83.801018
84.793030
85.788185
86.786491
87.787933
88.792526
89.800262
90.811142
91.825172
92.842346
93.862663
94.886124
95.912735
96.942482
97.975380
99.011421
100.050606
101.092934
102.138412
103.187035
104.238800
105.293716
106.351768
107.412971
108.477318
109.544807
110.615448
111.689224
112.763718
113.832947
114.896667
115.954865
117.007538
118.054695
119.096336
120.132446
121.163033
122.188110
123.207657
124.221695
125.230202
126.233192
127.230659
128.222610
129.209045
130.189957
131.165329
132.135208
133.099533
134.058350
135.011658
135.959457
136.901718
137.838455
138.769684
139.695374
140.615555
141.530212
142.439346
143.342957
144.241058
145.133636
146.019363
146.896942
147.766327
148.627579
149.480667
150.325577
151.162338
151.990921
152.811340
153.623611
154.427704
155.223648
156.011398
156.791016
157.562469
158.325745
159.080872
159.827820
160.566620
161.297241
162.019699
162.734009
163.440140
164.138123
164.827927
165.509567
166.183044
166.848373
167.505524
168.154526
168.795364
169.428009
170.052521
170.668854
171.277039
171.877060
172.468903
173.052582
173.628113
174.195465
174.754654
175.305695
175.848557
176.383270
176.909805
177.428192
177.938400
178.440460
178.934341
179.420059
179.897629
180.367020
180.828247
181.281326
181.726242
182.162979
182.591553
183.011978
183.424225
183.828323
184.224243
184.612015
184.991608
185.363052
185.726334
186.081421
186.428375
186.767151
187.097778
187.420227
187.734512
188.040665
188.338623
188.628418
188.910049
189.183533
189.448853
189.705994
189.954987
190.195801
190.428452
190.652954
190.869293
191.077454
191.277451
191.469299
191.652969
191.828476
191.995834
192.155014
192.306046
192.448914
192.583603
192.710129
192.828506
192.938721
193.040756
193.134644
193.220367
193.297913
193.367294
193.428513
193.481567
193.526474
193.563202
193.591782
193.612198
193.624451
193.628525
0.000000
1.930672
3.595531
4.994577
6.127810
7.128295
8.129103
9.130231
10.131680
11.133451
12.135542
13.137955
14.140688
15.143742
16.147118
17.150812
18.154831
19.159170
20.163830
21.168810
22.174109
23.179733
24.185675
25.191942
26.198526
27.205435
28.212662
29.220211
30.228081
31.235975
32.242123
33.246223
34.248283
35.248299
36.246273
37.242203
38.236088
39.227928
40.217728
41.205482
42.191196
43.174866
44.156487
45.136066
46.113602
47.089096
48.062550
49.033951
50.003319
50.970638
51.935909
52.899143
53.860332
54.819477
55.779121
56.741814
57.707550
58.676334
59.648159
60.623035
61.600952
62.581917
63.565926
64.552979
65.543076
66.536232
67.532417
68.531654
69.533936
70.539261
71.547638
72.559059
73.573524
74.591034
75.611588
76.635185
77.661835
78.691528
79.722946
80.748169
81.765877
82.776062
83.778740
84.773903
85.761551
86.741676
87.714294
88.679398
89.636986
90.587059
91.529610
92.464653
93.392181
94.312195
95.224686
96.129677
97.027138
97.917084
98.799522
99.674446
100.541855
101.401741
102.254120
103.099976
103.940277
104.775032
105.604240
106.427895
107.246010
108.058571
108.865593
109.667068
110.462990
111.253380
112.038208
112.817497
113.591240
114.359428
115.122078
115.879181
116.630737
117.376740
118.117210
118.852119
119.581490
120.305313
121.023590
121.736320
122.443504
123.145134
123.841232
124.531769
125.216766
125.896210
126.570122
127.238472
127.901291
128.558548
129.210266
129.856430
130.497070
131.132141
131.761673
132.385651
133.004089
133.616989
134.224335
134.826126
135.422379
136.013092
136.598251
137.177872
137.751923
138.320435
138.883408
139.440842
139.992722
140.539062
141.079834
141.615082
142.144775
142.668930
143.187515
143.700562
144.208084
144.710052
145.206451
145.697327
146.182648
146.662430
147.136642
147.605331
148.068481
148.526062
148.978088
149.424591
149.865540
150.300949
150.730804
151.155121
151.573868
151.987106
152.394760
152.796890
153.193466
153.584488
153.969971
154.349915
154.724304
155.093140
155.456451
155.814194
156.166412
156.513062
156.854187
157.189758
157.519760
157.844223
158.163147
158.476532
158.784378
159.086655
159.383392
159.674591
159.960236
160.240326
160.514877
160.783905
161.047348
161.305267
161.557632
161.804459
162.045731
162.281464
162.511642
162.736267
162.955353
163.168900
163.376892
163.579346
163.776245
163.967606
164.153412
164.333679
164.508392
164.677567
164.841171
164.999268
165.151779
165.298782
165.440201
165.576096
165.706436
165.831238
165.950485
166.064194
166.172348
166.274963
166.372025
166.463531
166.549515
166.629929
166.704803
166.774139
166.837936
166.896164
166.948853
166.996002
167.037613
167.073654
167.104172
167.129120
167.148529
167.162415
167.170715
167.173508
