0.993962
0.003019
0.003019
0.003019
0.993962
0.003019
0.003019
0.003019
0.993962
0.000000
1.225474
2.426459
3.602957
4.754968
5.882490
6.985524
8.064070
9.118130
10.147700
11.152782
12.133379
13.101939
14.070926
15.040338
16.010174
16.980433
17.951117
18.922224
19.893755
20.865709
21.838089
22.810894
23.784122
24.757774
25.731852
26.706350
27.681274
28.656622
29.632395
30.608591
31.585211
32.562256
33.539726
34.517616
35.495934
36.474674
37.453838
38.433426
39.413437
40.393875
41.374741
42.356022
43.337730
44.319862
45.302418
46.285400
47.268806
48.252644
49.236893
50.221569
51.206673
52.192196
53.178146
54.164520
55.151318
56.138538
57.126183
58.114258
59.102745
60.091667
61.081009
62.070808
63.061672
64.053856
65.047356
66.042191
67.038338
68.035805
69.034592
70.034706
71.036133
72.038887
73.042961
74.048363
75.055077
76.063110
77.072464
78.083153
79.095146
80.108475
81.123116
82.139084
83.156364
84.174965
85.194893
86.216141
87.238724
88.262604
89.287819
90.314354
91.342201
92.371376
93.401878
94.433685
95.466835
96.501297
97.537071
98.574173
99.612595
100.652344
101.693413
102.735794
103.779503
104.824532
105.870880
106.918556
107.967545
109.017853
110.069481
111.122452
112.176720
113.232323
114.289108
115.346367
116.403969
117.461914
118.520203
119.578827
120.637794
121.697113
122.756760
123.816757
124.877098
125.937775
126.998802
128.060165
129.121872
130.183914
131.246292
132.309036
133.372116
134.435532
135.499283
136.563385
137.627823
138.692596
139.757736
140.823196
141.889008
142.955154
144.021652
145.088486
146.155655
147.223175
148.291046
149.359238
150.427780
151.496674
152.565903
153.635468
154.705383
155.775635
156.846237
157.917175
158.988449
160.060074
161.132019
162.204346
163.276993
164.349976
165.423309
166.496979
167.571014
168.644043
169.712921
170.777496
171.837753
172.893707
173.945328
174.992661
176.035675
177.074387
178.108780
179.138870
180.164627
181.186081
182.203232
183.216080
184.224609
185.228806
186.228714
187.224319
188.215591
189.202560
190.185211
191.163559
192.137604
193.107330
194.072739
195.033844
195.990631
196.943100
197.891266
198.835129
199.774673
200.709915
201.640839
202.567429
203.489746
204.407730
205.321411
206.230774
207.135818
208.036575
208.932999
209.825134
210.712936
211.596436
212.475632
213.350494
214.221069
215.087326
215.949265
216.806900
217.663803
218.523514
219.386047
220.251419
221.119598
221.990616
222.864456
223.741119
224.620605
225.502914
226.388046
227.276016
228.166794
229.060410
229.956848
230.856110
231.758194
232.663116
233.570847
234.481400
235.394791
236.311005
237.230042
238.151901
239.076584
240.004089
240.934433
241.867599
242.803589
243.742386
244.684021
245.628494
246.575760
247.525879
248.478806
249.434570
250.393158
251.354568
252.318802
253.285858
254.255737
0.000000
1.081669
2.156664
3.224983
4.286628
5.341599
6.389895
7.431516
8.466463
9.494735
10.519514
11.543978
12.568127
13.591963
14.615483
15.638691
16.661583
17.684164
18.706427
19.728378
20.750013
21.771336
22.792343
23.813040
24.833420
25.853485
26.873236
27.892675
28.911797
29.930609
30.949102
31.967281
32.985153
34.002705
35.019943
36.036873
37.053474
38.069778
39.085758
40.101429
41.116779
42.131821
43.146545
44.160957
45.175053
46.188839
47.202305
48.215466
49.228310
50.240837
51.253044
52.265209
53.277985
54.291405
55.305462
56.320160
57.335499
58.351482
59.368099
60.385361
61.403259
62.421803
63.440987
64.460808
65.481270
66.502373
67.524109
68.546501
69.569527
70.593193
71.617493
72.642433
73.668022
74.694252
75.721115
76.748619
77.776764
78.805550
79.834976
80.865051
81.895760
82.927109
83.959091
84.991730
86.024994
87.058907
88.093452
89.128647
90.164482
91.200951
92.238060
93.275818
94.314095
95.352158
96.389893
97.427292
98.464355
99.501091
100.537491
101.573563
102.609306
103.644714
104.679794
105.714539
106.748955
107.783043
108.816788
109.850204
110.883293
111.916046
112.948479
113.980568
115.012337
116.043770
117.074867
118.105629
119.136070
120.166168
121.195938
122.225380
123.254486
124.283264
125.311714
126.339828
127.367615
128.395065
129.422180
130.448975
131.475418
132.501556
133.527344
134.552795
135.577942
136.602692
137.626404
138.648819
139.669907
140.689667
141.708099
142.725235
143.741043
144.755508
145.768677
146.780518
147.791031
148.800247
149.808121
150.814682
151.819916
152.823837
153.826431
154.827713
155.827667
156.826294
157.823624
158.819611
159.814285
160.807648
161.799667
162.790375
163.779770
164.767853
165.754593
166.740021
167.724136
168.706940
169.688400
170.668549
171.647369
172.624893
173.601074
174.575928
175.549484
176.521698
177.492615
178.461349
179.427063
180.389740
181.349380
182.306015
183.259613
184.210175
185.157730
186.102249
187.043747
187.982208
188.917648
189.850067
190.779449
191.705811
192.629150
193.549438
194.466721
195.380966
196.292206
197.200409
198.105576
199.007721
199.906845
200.802933
201.695999
202.586044
203.473068
204.357040
205.238007
206.115936
206.990860
207.862717
208.731583
209.597412
210.460205
211.319977
212.176727
213.030441
213.881149
214.728821
215.573456
216.415070
217.253662
218.089218
218.921753
219.751266
220.577744
221.401199
222.221619
223.039032
223.853409
224.664749
225.473083
226.278381
227.080643
227.879883
228.676102
229.469284
230.259445
231.046585
231.830704
232.611786
233.389832
234.164871
234.936859
235.705856
236.471802
237.234711
237.994598
238.751480
239.505325
240.256134
241.003922
241.748688
242.490433
243.229141
243.964828
244.697479
245.427109
246.153717
0.000000
1.641418
2.848384
3.838135
4.827911
5.817711
6.807535
7.797383
8.787256
9.777153
10.767072
11.757016
12.746987
13.736979
14.726997
15.717038
16.707104
17.697191
18.687304
19.677443
20.667604
21.657789
22.648001
23.638235
24.628492
25.618773
26.609079
27.599409
28.589766
29.580143
30.570545
31.560970
32.551422
33.541893
34.532784
35.525043
36.518707
37.513783
38.510273
39.508171
40.507484
41.508202
42.510334
43.513874
44.518826
45.525188
46.532963
47.542149
48.552738
49.564747
50.578167
51.592995
52.609226
53.626877
54.645935
55.666405
56.688286
57.711578
58.736275
59.762386
60.789909
61.818844
62.849190
63.880939
64.914108
65.948662
66.984520
68.021660
69.060089
70.099785
71.140770
72.183037
73.226585
74.271416
75.317528
76.364929
77.413597
78.463554
79.514801
80.567322
81.621124
82.676208
83.732582
84.790230
85.849159
86.909370
87.970863
89.033646
90.097694
91.163033
92.229660
93.297562
94.366753
95.437218
96.508972
97.582001
98.656174
99.728355
100.797272
101.862923
102.925308
103.984428
105.040276
106.092857
107.142181
108.188232
109.231018
110.270546
111.306793
112.339783
113.369507
114.395966
115.419159
116.439072
117.455734
118.469116
119.479248
120.486099
121.489693
122.490013
123.487076
124.480865
125.471390
126.458641
127.442635
128.423370
129.400818
130.375015
131.347000
132.317856
133.287567
134.256119
135.223541
136.189819
137.154953
138.118942
139.081787
140.043503
141.004059
141.963501
142.921783
143.878922
144.834915
145.789764
146.743484
147.696060
148.647476
149.597778
150.546921
151.494919
152.441772
153.387497
154.332062
155.275513
156.217789
157.158951
158.098938
159.037811
159.975540
160.912109
161.847549
162.781830
163.715012
164.647003
165.577881
166.507599
167.436188
168.363632
169.289932
170.215088
171.139099
172.061966
172.983719
173.904297
174.823746
175.742050
176.659210
177.575211
178.490097
179.403839
180.316422
181.227875
182.138184
183.047348
183.955383
184.862259
185.767990
186.672577
187.576050
188.478348
189.379532
190.279556
191.178436
192.076202
192.972794
193.868240
194.762558
195.655746
196.547760
197.438660
198.328415
199.217010
200.104477
200.990799
201.875977
202.760010
203.642914
204.524658
205.405273
206.284744
207.163055
208.040253
208.916290
209.791183
210.664948
211.537567
212.409027
213.279358
214.148544
215.016602
215.883499
216.749268
217.613876
218.477356
219.339691
220.200897
221.060913
221.919830
222.777603
223.634232
224.489700
225.344055
226.197235
227.049301
227.900223
228.749969
229.598602
230.446075
231.292435
232.137634
232.981705
233.824615
234.666382
235.507019
236.346497
237.184860
238.022049
238.858124
239.693039
240.526825
241.359467
242.190948
243.021317
243.850510
244.678574
245.505493
