0.899047
0.050476
0.050476
0.050476
0.899047
0.050476
0.050476
0.050476
0.899047
0.000000
0.731127
1.474622
2.230483
2.998712
3.779308
4.572271
5.377601
6.195298
7.025362
7.867793
8.722591
9.589757
10.469290
11.361190
12.259102
13.156673
14.053903
14.950792
15.847341
16.743547
17.639414
18.534939
19.430120
20.324963
21.219463
22.113625
23.007442
23.900919
24.794056
25.686850
26.579304
27.471418
28.363188
29.254620
30.145708
31.036457
31.926863
32.816933
33.706654
34.596035
35.485081
36.373779
37.262138
38.150158
39.037834
39.925167
40.812160
41.698818
42.585133
43.471104
44.356735
45.242020
46.126972
47.011574
47.895840
48.779770
49.663349
50.546589
51.429493
52.312050
53.194267
54.076149
54.957546
55.838196
56.718090
57.597221
58.475594
59.353207
60.230061
61.106152
61.981483
62.856060
63.729877
64.602936
65.475220
66.346756
67.217537
68.087547
68.956810
69.825302
70.693047
71.560028
72.426239
73.291695
74.156395
75.020340
75.883514
76.745941
77.607597
78.468506
79.328644
80.188026
81.046646
81.904510
82.761612
83.617958
84.473541
85.328369
86.182434
87.035736
87.888283
88.740074
89.591087
90.441360
91.290871
92.139618
92.987610
93.834831
94.681297
95.527008
96.372414
97.219345
98.068008
98.918411
99.770546
100.624413
101.480003
102.337341
103.196411
104.057213
104.919739
105.784012
106.650009
107.517738
108.387207
109.258408
110.131348
111.006012
111.882416
112.760544
113.640411
114.522018
115.405350
116.290421
117.177216
118.065750
118.956024
119.848022
120.741760
121.637230
122.534424
123.433365
124.334030
125.236435
126.140572
127.046440
127.954048
128.863388
129.774445
130.687256
131.601791
132.518051
133.436066
134.355804
135.277267
136.200470
137.125412
138.052094
138.980301
139.908371
140.835922
141.762894
142.689331
143.615219
144.540558
145.465347
146.389572
147.313263
148.236404
149.158997
150.081039
151.002533
151.923462
152.843872
153.763702
154.682999
155.601746
156.519943
157.437576
158.354675
159.271225
160.187210
161.102661
162.017563
162.931915
163.845718
164.758957
165.671661
166.583817
167.495422
168.406479
169.316971
170.226929
171.136337
172.045197
172.953491
173.861252
174.768463
175.675125
176.581223
177.486771
178.391800
179.296249
180.200165
181.103531
182.006348
182.908890
183.820724
184.746475
185.686172
186.639786
187.607300
188.588745
189.584106
190.593399
191.616608
192.653732
193.704788
194.769760
195.848648
196.941452
198.048203
199.168854
200.303421
201.451920
202.614334
203.790665
204.980927
206.185104
207.403214
208.635223
209.881165
211.141022
212.414810
213.702515
215.004135
216.319672
217.649124
218.992523
220.349823
221.721054
223.106216
224.505264
225.918259
227.345169
228.785995
230.240738
231.709427
233.192017
234.688522
236.198975
237.723312
239.261597
240.813782
242.379898
0.000000
1.776887
3.518004
5.223351
6.892929
8.526737
10.124775
11.687043
13.213544
14.704272
16.159231
17.592562
19.018410
20.436769
21.847647
23.251038
24.646944
26.035362
27.416298
28.789747
30.155714
31.514191
32.865185
34.208691
35.544716
36.873257
38.194305
39.507874
40.813957
42.112553
43.403664
44.687290
45.963432
47.232090
48.493256
49.746941
50.993141
52.231853
53.463081
54.686825
55.903084
57.111855
58.313141
59.506943
60.693256
61.872089
63.043438
64.207298
65.363678
66.512566
67.653969
68.787888
69.914314
71.033264
72.144737
73.248718
74.345207
75.434219
76.515732
77.589767
78.656326
79.715393
80.766975
81.817429
82.873131
83.934059
85.000244
86.071663
87.148323
88.230225
89.317368
90.409752
91.507370
92.610237
93.718338
94.831680
95.950264
97.074089
98.203156
99.337463
100.477005
101.621796
102.771820
103.927094
105.087601
106.253349
107.424339
108.600563
109.782036
110.968742
112.160698
113.357887
114.560326
115.767990
116.980904
118.199059
119.422455
120.651093
121.884964
123.124077
124.368439
125.618034
126.872864
128.132950
129.398254
130.668823
131.944626
133.225647
134.511948
135.803467
137.100220
138.402222
139.709473
141.021957
142.339661
143.656174
144.964981
146.266098
147.559540
148.845261
150.123322
151.393677
152.656357
153.911316
155.158615
156.398209
157.630112
158.854340
160.070877
161.279709
162.480865
163.674316
164.860092
166.038177
167.208572
168.371262
169.526276
170.673584
171.813217
172.945160
174.069412
175.185989
176.294861
177.396042
178.489517
179.575317
180.653427
181.723846
182.786575
183.841629
184.888992
185.928650
186.960602
187.984894
189.001495
190.010391
191.011597
192.005127
192.990967
193.969101
194.939560
195.902313
196.857407
197.804779
198.744476
199.676468
200.600800
201.518173
202.429321
203.334229
204.232941
205.125458
206.011734
206.891800
207.765640
208.633270
209.494690
210.349884
211.198868
212.041641
212.878189
213.708527
214.532654
215.350555
216.162231
216.967712
217.766968
218.560013
219.346832
220.127441
220.901825
221.670013
222.431976
223.187714
223.937241
224.680557
225.417648
226.148529
226.873199
227.591644
228.303879
229.009888
229.709686
230.403259
231.090637
231.771790
232.446716
233.115433
233.777939
234.434219
235.084290
235.728165
236.365799
236.997223
237.622421
238.241409
238.854202
239.460754
240.061081
240.653107
241.234711
241.805893
242.366653
242.916977
243.456909
243.986404
244.505478
245.014114
245.512344
246.000168
246.477554
246.944519
247.401062
247.847183
248.282883
248.708160
249.123016
249.527451
249.921463
250.305069
250.678238
251.040985
251.393326
251.735229
252.066711
252.387772
252.698425
252.998642
253.288437
253.567810
253.836777
254.095322
254.343430
254.581116
254.808380
255.000000
0.000000
4.117690
7.325699
10.478951
13.577452
16.621199
19.610199
22.544445
25.423939
28.248680
31.018679
33.733917
36.394405
39.000141
41.551128
44.047367
46.488850
48.875576
51.207565
53.484795
55.707264
57.874992
59.987965
62.046192
64.049667
65.998383
67.892357
69.731567
71.516037
73.245750
74.920715
76.540924
78.106392
79.617104
81.073067
82.474274
83.820717
85.112434
86.349380
87.531578
88.697807
89.886818
91.098625
92.333221
93.590607
94.870789
96.173752
97.499512
98.848068
100.219406
101.613548
103.030479
104.470200
105.932701
107.417999
108.926094
110.456978
112.010658
113.587120
115.186378
116.808434
118.453270
120.120903
121.811325
123.524536
125.260544
127.019341
128.800934
130.605316
132.432480
134.282455
136.155212
138.050751
139.969086
141.910233
143.874146
145.860855
147.870361
149.875473
151.849014
153.791000
155.701401
157.580231
159.427505
161.243195
163.027298
164.779861
166.500839
168.190247
169.848083
171.474350
173.069077
174.632187
176.163742
177.663742
179.132156
180.569000
181.974289
183.347992
184.690125
186.000687
187.279678
188.527115
189.742966
190.927261
192.079971
193.201126
194.290695
195.348694
196.375122
197.369980
198.333282
199.264999
200.165161
201.033737
201.870728
202.687759
203.496445
204.296738
205.088654
205.872208
206.647385
207.414200
208.172638
208.922699
209.664383
210.397720
211.122681
211.839249
212.547455
213.247299
213.938766
214.621841
215.296570
215.962921
216.620911
217.270508
217.911743
218.544601
219.169113
219.785217
220.392975
220.992340
221.583344
222.165985
222.740250
223.306137
223.863663
224.412811
224.953583
225.485977
226.010025
226.525681
227.032974
227.533615
228.029327
228.520096
229.005951
229.486847
229.962830
230.433868
230.899979
231.361160
231.817398
232.268723
232.715088
233.156555
233.593079
234.024658
234.451294
234.873032
235.289810
235.701675
236.108582
236.510574
236.907639
237.299759
237.686966
238.069214
238.446533
238.818939
239.186401
239.548935
239.906525
240.259186
240.606934
240.949738
241.287598
241.620544
241.948547
242.271606
242.589752
242.902969
243.211243
243.514587
243.812988
244.106476
244.395020
244.678635
244.957306
245.231064
245.499878
245.763763
246.022705
246.276718
246.525818
246.769958
247.009186
247.243469
247.472839
247.697250
247.916748
248.131302
248.340927
248.545624
248.745377
248.940216
249.130127
249.315079
249.495117
249.670212
249.840378
250.005630
250.165924
250.321289
250.471741
250.617233
250.757812
250.893448
251.024170
251.149933
251.270782
251.386703
251.497665
251.603714
251.704834
251.801010
251.892273
251.978592
252.059967
252.136414
252.207947
252.274521
252.336182
252.392899
252.444702
252.491562
252.533478
252.570465
252.602539
252.629654
252.651855
252.669113
252.681458
252.688843
252.691315
