0.987764
0.006118
0.006118
0.006118
0.987764
0.006118
0.006118
0.006118
0.987764
0.000000
1.107691
2.210889
3.309596
4.403810
5.493532
6.578761
7.659498
8.735743
9.807497
10.874757
11.937525
12.995800
14.049584
15.098877
16.143677
17.183983
18.219799
19.251120
20.277950
21.300291
22.318136
23.331490
24.340349
25.344717
26.344599
27.339981
28.330873
29.317274
30.299181
31.276594
32.249523
33.217953
34.181892
35.141338
36.096291
37.046753
37.992729
38.934204
39.871189
40.803680
41.731682
42.657799
43.584652
44.512241
45.440563
46.369617
47.299404
48.229931
49.161186
50.093170
51.025898
51.959351
52.893539
53.828461
54.764118
55.700504
56.637627
57.575485
58.514072
59.453396
60.393452
61.334236
62.275764
63.218018
64.161003
65.104729
66.049179
66.994370
67.940292
68.886955
69.834343
70.782463
71.731323
72.680908
73.631233
74.582291
75.534081
76.486595
77.439857
78.393852
79.348572
80.304024
81.260223
82.217148
83.174805
84.133186
85.092316
86.052170
87.012764
87.974083
88.936127
89.898911
90.862411
91.826630
92.791565
93.757233
94.723610
95.690704
96.658531
97.627068
98.596321
99.566299
100.536995
101.508423
102.480553
103.453415
104.426994
105.401283
106.376305
107.352036
108.328491
109.305679
110.283569
111.262184
112.241524
113.221581
114.202354
115.183853
116.166069
117.148994
118.132652
119.117027
120.102127
121.087936
122.074471
123.061729
124.049698
125.038391
126.027809
127.017944
128.008789
129.000366
129.992661
130.985672
131.979416
132.973862
133.969025
134.964920
135.961533
136.958862
137.956818
138.954742
139.952560
140.950241
141.947815
142.945267
143.942566
144.939774
145.936859
146.933807
147.930649
148.927368
149.923965
150.920441
151.916794
152.913025
153.909134
154.905121
155.900986
156.896729
157.892349
158.887848
159.883224
160.878494
161.873627
162.868637
163.863525
164.858307
165.852951
166.847504
167.841904
168.836182
169.830353
170.824387
171.818329
172.812134
173.805801
174.799362
175.792801
176.786118
177.779312
178.772385
179.765350
180.758163
181.750870
182.743454
183.735931
184.728271
185.720490
186.712601
187.704636
188.696747
189.688934
190.681213
191.673553
192.665985
193.658493
194.651093
195.643753
196.636505
197.629318
198.622223
199.615219
200.608292
201.601440
202.594650
203.587952
204.581345
205.574799
206.568344
207.561966
208.555664
209.549454
210.543320
211.537247
212.531281
213.525360
214.519562
215.513809
216.508148
217.502563
218.497055
219.491638
220.486298
221.481033
222.475845
223.470734
224.465714
225.460770
226.455902
227.451111
228.446396
229.441788
230.437225
231.432755
232.428360
233.424057
234.419815
235.415665
236.411606
237.406754
238.400223
239.392029
240.382187
241.370682
242.357498
243.342667
244.326157
245.307999
246.288177
247.266693
248.243546
249.218735
250.192276
251.164139
0.000000
0.000000
0.000000
1.074748
2.339034
3.594907
4.842366
6.081410
7.312043
8.534261
9.748065
10.953455
12.150433
13.338995
14.519145
15.690881
16.854204
18.009115
19.155611
20.293690
21.423361
22.544617
23.657455
24.761885
25.857893
26.945494
28.024681
29.095453
30.157812
31.211761
32.257294
33.294411
34.323112
35.343407
36.355286
37.358753
38.353798
39.340435
40.318661
41.288471
42.249863
43.202847
44.147419
45.083572
46.016266
46.950459
47.886150
48.823345
49.762039
50.702229
51.643917
52.587105
53.531788
54.477974
55.425659
56.374840
57.325520
58.277702
59.231377
60.186550
61.143227
62.101402
63.061073
64.022247
64.984909
65.949081
66.914742
67.881912
68.850571
69.820740
70.792397
71.765556
72.740211
73.716370
74.694031
75.673180
76.653831
77.635979
78.619637
79.604782
80.591423
81.579567
82.569214
83.560356
84.552994
85.547134
86.542770
87.539909
88.538544
89.538673
90.540314
91.543442
92.548073
93.554199
94.561081
95.567947
96.574821
97.581688
98.588562
99.595421
100.602287
101.609146
102.616005
103.622864
104.629723
105.636566
106.643417
107.650261
108.657104
109.663956
110.670792
111.677635
112.684471
113.691307
114.698135
115.704964
116.711792
117.718620
118.725441
119.732262
120.739082
121.745895
122.752716
123.759529
124.766335
125.773148
126.779945
127.786751
128.793549
129.800354
130.807144
131.813934
132.820740
133.827530
134.834305
135.841095
136.847885
137.854660
138.861435
139.868210
140.875000
141.881775
142.888535
143.895294
144.901901
145.908188
146.914139
147.919800
148.925125
149.930115
150.934799
151.939163
152.943207
153.946930
154.950317
155.953400
156.956161
157.958603
158.960709
159.962509
160.963989
161.965149
162.965988
163.966492
164.966690
165.966568
166.966110
167.965347
168.964264
169.962845
170.961121
171.959076
172.956696
173.953995
174.950989
175.947662
176.944016
177.940033
178.935745
179.931122
180.926178
181.920929
182.915359
183.909470
184.903229
185.896698
186.889847
187.882645
188.875153
189.867325
190.859192
191.850739
192.841949
193.832840
194.822647
195.810562
196.796585
197.780731
198.762970
199.743332
200.721832
201.698425
202.673126
203.645966
204.616913
205.585968
206.553131
207.518433
208.481827
209.443344
210.402985
211.360718
212.316589
213.270569
214.222656
215.172867
216.121185
217.067627
218.012177
218.954849
219.895630
220.834534
221.771545
222.706665
223.639908
224.571259
225.500732
226.428329
227.354019
228.277847
229.199783
230.119812
231.037979
231.954269
232.868652
233.781143
234.691772
235.600525
236.507370
237.412323
238.315414
239.216599
240.115921
241.013351
241.927002
242.875015
243.857422
244.874176
245.925293
247.010788
248.130646
249.284866
250.473434
251.696396
252.953705
254.245392
0.000000
1.315899
2.619724
3.911475
5.191153
6.458758
7.714290
8.957747
10.189133
11.408443
12.615681
13.810844
14.993935
16.164951
17.323896
18.470766
19.605562
20.728289
21.838936
22.937513
24.024017
25.098448
26.160803
27.211086
28.249296
29.275431
30.289492
31.291483
32.281395
33.259243
34.225010
35.178703
36.120327
37.049877
37.967350
38.872753
39.774059
40.679249
41.588329
42.501293
43.418140
44.338879
45.263496
46.192005
47.124397
48.060677
49.000839
49.944889
50.892818
51.844643
52.800346
53.759941
54.723415
55.690777
56.662029
57.637161
58.616180
59.599083
60.585873
61.576550
62.571114
63.569557
64.571892
65.578110
66.588211
67.602203
68.620079
69.641838
70.667480
71.697014
72.730431
73.767738
74.808929
75.853989
76.902954
77.955795
79.012535
80.073151
81.137657
82.206032
83.278305
84.354469
85.434509
86.517731
87.599953
88.680458
89.759247
90.836319
91.911690
92.985344
94.057281
95.127518
96.196022
97.262825
98.327919
99.391289
100.452950
101.512909
102.571144
103.627670
104.682480
105.735580
106.786964
107.836639
108.884598
109.930847
110.975388
112.018211
113.059319
114.098709
115.136398
116.172363
117.206627
118.239174
119.270004
120.299126
121.326530
122.352234
123.376213
124.398483
125.419037
126.437881
127.455009
128.470444
129.484131
130.496124
131.506409
132.514969
133.521820
134.526978
135.530396
136.532257
137.532700
138.531708
139.529297
140.525467
141.520218
142.513535
143.505447
144.495926
145.484985
146.472626
147.458832
148.443619
149.426987
150.408936
151.389450
152.368561
153.346237
154.322495
155.297318
156.270737
157.242722
158.213303
159.182419
160.150162
161.116440
162.081314
163.044785
164.006821
164.967422
165.926605
166.884369
167.840698
168.795624
169.749115
170.701187
171.651840
172.601074
173.548874
174.495270
175.440216
176.383759
177.325882
178.266571
179.205826
180.143677
181.080109
182.015366
182.951004
183.887268
184.824173
185.761734
186.699905
187.638718
188.578171
189.518250
190.458969
191.400314
192.342316
193.284943
194.228210
195.172089
196.116623
197.061783
198.007584
198.954010
199.901093
200.848785
201.797119
202.746094
203.695709
204.645950
205.596848
206.548355
207.500504
208.453293
209.406708
210.360764
211.315445
212.270782
213.226746
214.183334
215.140564
216.098434
217.056931
218.016068
218.975830
219.936249
220.897293
221.858948
222.821259
223.784225
224.747787
225.712021
226.676865
227.634186
228.575821
229.501755
230.412003
231.306549
232.185410
233.048584
233.896057
234.727844
235.543930
236.344345
237.129044
237.898056
238.651382
239.389008
240.110947
240.817184
241.507736
242.182587
242.841766
243.485229
244.113022
244.725113
245.321503
245.902206
246.467224
247.016541
247.550171
248.068115
248.570343
