0.960725
0.019638
0.019638
0.019638
0.960725
0.019638
0.019638
0.019638
0.960725
0.000000
1.103562
2.199532
3.287908
4.368690
5.441880
6.507476
7.565480
8.615891
9.658708
10.693931
11.721561
12.741598
13.754042
14.762476
15.770483
16.778063
17.785215
18.791943
19.798241
20.804115
21.809561
22.814579
23.819170
24.823334
25.827074
26.830385
27.833267
28.835726
29.837755
30.839359
31.840534
32.841286
33.841606
34.841503
35.840977
36.840015
37.838627
38.836819
39.834576
40.831909
41.828819
42.825298
43.821354
44.816978
45.812176
46.806953
47.801296
48.795223
49.788708
50.781776
51.774414
52.766624
53.758411
54.749767
55.740700
56.731197
57.721279
58.710926
59.700150
60.688946
61.677315
62.665257
63.652771
64.639862
65.626518
66.612755
67.599152
68.587112
69.576706
70.567947
71.560822
72.555328
73.551483
74.549271
75.548691
76.549759
77.552452
78.556793
79.562767
80.570381
81.579628
82.590523
83.603050
84.617218
85.633018
86.650459
87.669533
88.690254
89.712601
90.736595
91.762222
92.789482
93.818390
94.848930
95.881104
96.914925
97.950378
98.987473
100.026199
101.066566
102.108574
103.152214
104.197495
105.244415
106.292969
107.343163
108.394989
109.448463
110.503563
111.560310
112.618690
113.678703
114.740364
115.803658
116.868591
117.935150
119.003365
120.073204
121.144699
122.217186
123.287064
124.353699
125.417091
126.477242
127.534134
128.587799
129.638214
130.685379
131.729324
132.770020
133.807449
134.841644
135.872604
136.900314
137.924789
138.946014
139.964005
140.978729
141.990234
142.998489
144.003494
145.005249
146.003769
146.999069
147.991104
148.979889
149.965424
150.947739
151.926788
152.902618
153.875183
154.844513
155.810608
156.773468
157.733063
158.689407
159.642532
160.592392
161.539032
162.482407
163.422562
164.359451
165.293106
166.223526
167.150696
168.074615
168.995300
169.912735
170.826920
171.737869
172.645569
173.550034
174.451370
175.351913
176.252594
177.153473
178.054504
178.955704
179.857056
180.758591
181.660294
182.562149
183.464172
184.366364
185.268723
186.171234
187.073929
187.976791
188.879807
189.782990
190.686356
191.589874
192.493546
193.397400
194.301422
195.205582
196.109940
197.014465
197.919128
198.823959
199.728989
200.634155
201.539505
202.445007
203.350677
204.256516
205.162521
206.068710
206.975037
207.881531
208.788208
209.695038
210.602020
211.509201
212.416534
213.324020
214.231689
215.139511
216.047516
216.955673
217.863998
218.772491
219.681137
220.589981
221.498962
222.408112
223.327820
224.268356
225.229782
226.212082
227.215240
228.239288
229.284195
230.349976
231.436630
232.544159
233.672562
234.821838
235.991989
237.183014
238.394913
239.627670
240.881317
242.155823
243.451202
244.767471
246.104584
247.462601
248.841476
250.241226
251.661850
253.103333
254.565704
255.000000
255.000000
0.000000
1.090739
2.186033
3.285882
4.390285
5.499242
6.612753
7.730819
8.853439
9.980615
11.112343
12.248628
13.389465
14.534858
15.684805
16.835484
17.983068
19.127560
20.268959
21.407265
22.542480
23.674599
24.803627
25.929562
27.052404
28.172153
29.288809
30.402370
31.512842
32.620216
33.724506
34.825695
35.923798
37.018799
38.110710
39.199532
40.285255
41.367893
42.447430
43.523884
44.597233
45.667500
46.734669
47.798744
48.859730
49.917618
50.972420
52.024120
53.072735
54.118256
55.160679
56.200020
57.236252
58.269398
59.299458
60.326416
61.350288
62.371063
63.388748
64.403336
65.414825
66.423233
67.428551
68.430771
69.430031
70.429565
71.430672
72.433357
73.437607
74.443436
75.450844
76.459824
77.470375
78.482498
79.496201
80.511475
81.528328
82.546745
83.566750
84.588318
85.611465
86.636185
87.662483
88.690346
89.719795
90.750809
91.783409
92.817566
93.853310
94.890617
95.929512
96.969978
98.012009
99.055626
100.100807
101.147568
102.195908
103.245811
104.297287
105.350349
106.404984
107.461189
108.518967
109.578323
110.639252
111.701752
112.765823
113.831482
114.898705
115.967499
117.037872
118.109825
119.183350
120.258438
121.334595
122.408707
123.480255
124.549248
125.615685
126.679550
127.740860
128.799606
129.855804
130.909439
131.960510
133.009018
134.054962
135.098358
136.139191
137.177475
138.213181
139.246323
140.276917
141.304947
142.330429
143.353348
144.373688
145.391495
146.406723
147.419403
148.429504
149.437057
150.442047
151.444489
152.444351
153.441681
154.436417
155.428619
156.418259
157.405334
158.389847
159.371796
160.351181
161.328033
162.302307
163.274017
164.243179
165.209763
166.173813
167.135284
168.094193
169.050552
170.004349
170.955597
171.904892
172.853729
173.802170
174.750244
175.697952
176.645264
177.592194
178.538742
179.484924
180.430710
181.376114
182.321136
183.265778
184.210037
185.153931
186.097412
187.040543
187.983276
188.925629
189.867599
190.809189
191.750397
192.691238
193.631683
194.571747
195.511429
196.450729
197.389648
198.328201
199.266357
200.204132
201.141525
202.078537
203.015167
203.951431
204.887299
205.822800
206.757889
207.692627
208.626968
209.560928
210.494507
211.427704
212.360535
213.292969
214.225021
215.156693
216.087997
217.018890
217.949432
218.878601
219.805466
220.729996
221.652206
222.572083
223.489639
224.404877
225.317780
226.228363
227.136627
228.042572
228.946182
229.847473
230.746429
231.643082
232.537399
233.429398
234.319061
235.206406
236.091446
236.974136
237.854507
238.732559
239.608292
240.481689
241.352768
242.221527
243.087952
243.952072
244.813858
245.673325
246.530457
247.385269
248.237762
249.087906
249.935760
250.781281
251.624481
252.465332
253.303879
254.140106
254.973999
0.000000
1.591519
3.118258
4.580217
5.977396
7.309794
8.577415
9.780253
10.950162
12.118993
13.286744
14.453416
15.619009
16.783524
17.946957
19.109312
20.270586
21.430782
22.589899
23.747936
24.904896
26.060772
27.215572
28.369293
29.521938
30.673496
31.823980
32.973385
34.121708
35.268951
36.415119
37.560204
38.704208
39.847141
40.988987
42.129757
43.269444
44.408054
45.545582
46.682034
47.817410
48.951702
50.084915
51.217052
52.348106
53.478085
54.606979
55.734798
56.861534
57.987190
59.111771
60.236198
61.362724
62.491455
63.622387
64.755524
65.890869
67.028419
68.168167
69.310127
70.454285
71.600655
72.749222
73.900002
75.052971
76.208153
77.365547
78.525131
79.686928
80.850929
82.017143
83.185547
84.356155
85.528976
86.703995
87.881226
89.060654
90.242294
91.426132
92.612175
93.800430
94.990883
96.183540
97.378395
98.575462
99.774734
100.976204
102.179893
103.385780
104.593864
105.804153
107.016655
108.231354
109.448265
110.666290
111.878990
113.085289
114.285187
115.478668
116.665749
117.846420
119.020691
120.188553
121.350006
122.505051
123.653702
124.795937
125.931770
127.061203
128.184204
129.300827
130.411041
131.514832
132.612228
133.703217
134.787796
135.865982
136.937744
138.003113
139.062073
140.114624
141.160767
142.200516
143.233841
144.260773
145.281296
146.295425
147.303131
148.304428
149.299316
150.287811
151.269913
152.245575
153.214859
154.177734
155.134186
156.084259
157.028061
157.969284
158.909424
159.848434
160.786362
161.723190
162.658905
163.593536
164.527069
165.459488
166.390808
167.321045
168.250168
169.178192
170.105118
171.030945
171.955673
172.879303
173.801819
174.723251
175.643585
176.562820
177.480942
178.397980
179.313904
180.228745
181.142471
182.055099
182.966629
183.877060
184.786392
185.694626
186.601761
187.507782
188.412720
189.316559
190.219284
191.120926
192.021454
192.920883
193.819229
194.716446
195.612595
196.507629
197.400635
198.290695
199.177780
200.061890
200.943069
201.821274
202.696518
203.568802
204.438141
205.304489
206.167892
207.028351
207.885834
208.740356
209.591919
210.440536
211.286179
212.128860
212.968582
213.805359
214.639160
215.470001
216.297897
217.122833
217.944778
218.763794
219.579834
220.392929
221.203064
222.010223
222.814438
223.615677
224.413971
225.209290
226.001663
226.791061
227.577515
228.360992
229.141525
229.919098
230.693710
231.465332
232.234024
232.999756
233.762527
234.522339
235.279175
236.033081
236.784012
237.531967
238.276978
239.019028
239.758102
240.494232
241.227417
241.957611
242.684860
243.409149
244.130493
244.848846
245.564255
246.276703
246.986206
247.692719
248.396286
249.096893
249.794556
250.489227
251.180969
251.869720
252.555542
253.238388
253.918274
254.595215
255.000000
