0.957278
0.021361
0.021361
0.021361
0.957278
0.021361
0.021361
0.021361
0.957278
0.000000
1.066384
2.132138
3.197263
4.261757
5.325622
6.388857
7.451462
8.513438
9.574784
10.635500
11.695587
12.755042
13.813869
14.872066
15.929634
16.986572
18.042879
19.098558
20.153606
21.208025
22.261814
23.314972
24.367502
25.419399
26.470669
27.521311
28.571320
29.620197
30.667437
31.713037
32.757000
33.799332
34.840019
35.879074
36.916489
37.952267
38.986408
40.018913
41.049778
42.079010
43.106602
44.132557
45.156876
46.179554
47.200596
48.220001
49.237774
50.253906
51.268398
52.281258
53.292473
54.302059
55.309998
56.316307
57.320980
58.324013
59.325409
60.325169
61.323288
62.319771
63.314617
64.307823
65.299400
66.289345
67.277641
68.264297
69.249313
70.232704
71.214455
72.194611
73.174316
74.154007
75.133713
76.113403
77.093102
78.072784
79.052475
80.032158
81.011841
81.991531
82.971207
83.950890
84.930565
85.910233
86.889908
87.869583
88.849251
89.828911
90.808586
91.788246
92.767906
93.747566
94.727219
95.706879
96.686523
97.666176
98.645821
99.625473
100.605118
101.584763
102.564400
103.544044
104.523682
105.503311
106.482948
107.462578
108.442207
109.421829
110.401459
111.381081
112.360703
113.340317
114.320190
115.301819
116.285469
117.271141
118.258820
119.248520
120.240242
121.233978
122.229729
123.227493
124.227280
125.229080
126.232903
127.238731
128.246582
129.256470
130.268356
131.282242
132.298172
133.316101
134.336060
135.358017
136.382004
137.408020
138.436035
139.466080
140.498123
141.532196
142.568283
143.606400
144.646515
145.688644
146.732803
147.778976
148.827164
149.877365
150.929596
151.983841
153.040085
154.098358
155.158661
156.220963
157.285278
158.349808
159.410172
160.466156
161.517731
162.564941
163.607773
164.646225
165.680298
166.709961
167.735245
168.756180
169.772705
170.784851
171.792618
172.796005
173.794998
174.789612
175.779846
176.765717
177.747177
178.724258
179.696960
180.665283
181.629242
182.588791
183.543945
184.494751
185.441162
186.383194
187.320831
188.254089
189.182968
190.107468
191.027573
191.943314
192.854660
193.761627
194.664200
195.562408
196.456207
197.345642
198.230713
199.111374
199.988342
200.862274
201.733170
202.601028
203.465836
204.327637
205.186386
206.042114
206.894806
207.744461
208.591080
209.434662
210.275223
211.112747
211.947235
212.778687
213.607101
214.432495
215.254852
216.074158
216.890442
217.703690
218.513916
219.321106
220.125244
220.926361
221.724442
222.519485
223.311493
224.100479
224.886414
225.669327
226.449219
227.226044
227.999863
228.770630
229.538376
230.303085
231.064758
231.823395
232.579010
233.331589
234.081116
234.827621
235.571091
236.311539
237.048920
237.783310
238.514633
239.242950
239.968201
240.690445
241.409653
242.125809
242.838928
243.549042
244.256088
0.000000
1.029726
2.065465
3.107217
4.154983
5.208761
6.268553
7.334357
8.406175
9.484006
10.567850
11.657706
12.753576
13.855459
14.963357
16.077267
17.197187
18.323124
19.455074
20.593035
21.737009
22.886997
24.042999
25.205015
26.373039
27.547079
28.721060
29.888901
31.050608
32.206181
33.355614
34.498913
35.636078
36.767101
37.891991
39.010746
40.123367
41.229847
42.330193
43.424404
44.512478
45.594414
46.670219
47.739887
48.803413
49.860806
50.912067
51.957188
52.996174
54.029022
55.055740
56.076313
57.090759
58.099060
59.101231
60.097263
61.087162
62.070923
63.048550
64.020035
64.985390
65.944603
66.897682
67.844627
68.785446
69.720108
70.648651
71.571053
72.488380
73.407089
74.328247
75.251854
76.177902
77.106400
78.037338
78.970718
79.906555
80.844841
81.785568
82.728737
83.674362
84.622421
85.572937
86.525894
87.481300
88.439148
89.399445
90.362183
91.327370
92.295013
93.265091
94.237617
95.212593
96.190018
97.169876
98.152184
99.136948
100.124153
101.113808
102.105904
103.100449
104.097435
105.096870
106.098747
107.103081
108.109856
109.119080
110.130745
111.144859
112.161407
113.180420
114.201378
115.223785
116.247658
117.272980
118.299751
119.327980
120.357666
121.388802
122.421394
123.455452
124.490959
125.527916
126.566330
127.606194
128.647522
129.690292
130.734543
131.780228
132.827362
133.875961
134.926010
135.977524
137.030487
138.084900
139.140762
140.198105
141.256866
142.317123
143.378799
144.441956
145.506546
146.572601
147.640121
148.709091
149.779510
150.851379
151.924713
152.999496
154.075729
155.153427
156.232574
157.313171
158.394440
159.471603
160.543884
161.611267
162.673767
163.731369
164.784088
165.831924
166.874847
167.912888
168.946045
169.974304
170.997681
172.016159
173.029755
174.038437
175.042252
176.041183
177.035202
178.024338
179.008591
179.987946
180.962418
181.931992
182.896683
183.856476
184.811386
185.761398
186.706528
187.646744
188.582092
189.512558
190.438110
191.358780
192.274567
193.185455
194.091446
194.992554
195.888779
196.780106
197.666550
198.548080
199.424744
200.298691
201.172104
202.044968
202.917267
203.789062
204.660309
205.531006
206.401169
207.270798
208.139862
209.008408
209.876419
210.743866
211.610794
212.477188
213.343018
214.208328
215.073074
215.937302
216.800980
217.664108
218.526733
219.388779
220.250305
221.111298
221.971725
222.831619
223.690994
224.549820
225.408096
226.265839
227.123032
227.979691
228.835815
229.691391
230.546448
231.400940
232.254913
233.108322
233.961212
234.813553
235.665359
236.516602
237.367340
238.217514
239.067154
239.916260
240.764816
241.612854
242.460327
243.307266
244.153671
244.999527
245.844849
246.689636
247.533875
248.377579
249.220734
250.063370
250.905441
0.000000
1.403908
2.795774
4.175599
5.543382
6.899123
8.242823
9.574479
10.894095
12.201669
13.497201
14.780689
16.052135
17.311544
18.558907
19.794228
21.017511
22.228750
23.427946
24.615103
25.794867
26.971891
28.146179
29.317726
30.486536
31.652607
32.815941
33.976536
35.134388
36.289505
37.441883
38.591518
39.738419
40.882580
42.024006
43.162685
44.298630
45.431835
46.562305
47.690033
48.815022
49.937271
51.056782
52.173557
53.287594
54.398891
55.507442
56.613262
57.716347
58.816689
59.914288
61.009151
62.101276
63.190662
64.277306
65.361221
66.442383
67.520844
68.596649
69.669807
70.740318
71.808182
72.873398
73.935959
74.995880
76.053146
77.107765
78.159737
79.209068
80.255745
81.299774
82.341156
83.379890
84.415977
85.449409
86.480202
87.508347
88.533844
89.556686
90.576889
91.594437
92.609337
93.621597
94.631203
95.638161
96.642464
97.644127
98.643150
99.639519
100.633224
101.624298
102.612717
103.598495
104.581619
105.563278
106.550545
107.544609
108.545471
109.553123
110.567566
111.588806
112.616844
113.651665
114.693291
115.741699
116.796906
117.858910
118.927704
120.003288
121.085670
122.174843
123.270813
124.373573
125.483131
126.599480
127.722626
128.852554
129.989273
131.132797
132.283127
133.440231
134.604126
135.774826
136.952316
138.136597
139.327667
140.525543
141.730209
142.941666
144.159912
145.384964
146.616241
147.840714
149.053101
150.253403
151.441635
152.617783
153.781830
154.933807
156.073685
157.201508
158.317230
159.420868
160.512421
161.591888
162.659286
163.714584
164.757812
165.788956
166.808014
167.814972
168.809860
169.792679
170.763382
171.722031
172.668579
173.603043
174.525436
175.435730
176.333954
177.220108
178.094147
178.956131
179.806015
180.643814
181.469543
182.283173
183.084732
183.874191
184.658340
185.443939
186.230972
187.019455
187.809372
188.600754
189.393555
190.187820
190.983521
191.780670
192.579254
193.379288
194.180771
194.983673
195.788055
196.593857
197.401108
198.209808
199.019943
199.831543
200.644562
201.459030
202.274948
203.092300
203.911118
204.731354
205.553055
206.376205
207.200775
208.026794
208.854263
209.683182
210.513535
211.345322
212.178574
213.013260
213.849396
214.686981
215.525986
216.366455
217.208359
218.051712
218.896515
219.742752
220.590424
221.439560
222.290146
223.142151
223.995605
224.850525
225.706848
226.564651
227.423889
228.284576
229.146683
230.010254
230.875275
231.741730
232.609619
233.478973
234.349747
235.221985
236.095657
236.970795
237.847351
238.725357
239.604813
240.485703
241.368027
242.251831
243.137054
244.023727
244.911850
245.801392
246.692398
247.584854
248.478729
249.374084
250.270844
251.169083
252.068741
252.969849
253.872406
254.776398
255.000000
255.000000
255.000000
