0.929602
0.035199
0.035199
0.035199
0.929602
0.035199
0.035199
0.035199
0.929602
0.000000
1.012200
2.024544
3.037032
4.049663
5.062438
6.075356
7.088418
8.101624
9.114974
10.128467
11.142103
12.155883
13.169807
14.183874
15.198087
16.212444
17.226942
18.241585
19.256369
20.271301
21.286373
22.301590
23.316950
24.332455
25.348101
26.363894
27.379826
28.395906
29.412128
30.428495
31.445007
32.461662
33.478462
34.495396
35.512486
36.529709
37.547085
38.564598
39.582260
40.600060
41.618008
42.636093
43.654331
44.672707
45.691231
46.709892
47.728699
48.747658
49.766747
50.785988
51.805367
52.824898
53.844566
54.864384
55.884335
56.904438
57.924683
58.945076
59.965599
60.986279
62.007103
63.028061
64.049171
65.070419
66.091820
67.113350
68.133186
69.149506
70.162292
71.171547
72.177284
73.179489
74.178162
75.173309
76.164932
77.153023
78.137581
79.118614
80.096123
81.070099
82.040550
83.007477
83.970863
84.930733
85.887062
86.839874
87.789154
88.734909
89.677124
90.615822
91.550987
92.482628
93.410736
94.335320
95.256371
96.173897
97.087891
97.998360
98.905304
99.808716
100.708595
101.604950
102.497780
103.387077
104.272850
105.155083
106.033806
106.908997
107.780647
108.648781
109.513374
110.374458
111.232910
112.094254
112.959389
113.828323
114.701065
115.577591
116.457924
117.342041
118.229965
119.121689
120.017197
120.916519
121.819626
122.726540
123.637238
124.551735
125.470039
126.392136
127.318039
128.247726
129.181213
130.118500
131.059570
132.004456
132.953140
133.905609
134.861877
135.821945
136.785828
137.753479
138.724945
139.700195
140.679260
141.662109
142.648758
143.639191
144.633453
145.631485
146.633331
147.638962
148.648392
149.661621
150.678650
151.699478
152.724091
153.752518
154.784729
155.819183
156.854279
157.890030
158.926422
159.963501
161.001205
162.039581
163.078613
164.118286
165.158630
166.199615
167.241257
168.283554
169.326523
170.370132
171.414398
172.459320
173.504898
174.551132
175.598022
176.645554
177.693741
178.742584
179.792099
180.842270
181.893082
182.944550
183.996674
185.049454
186.102890
187.156982
188.211716
189.267120
190.323166
191.379883
192.437241
193.495270
194.553940
195.613266
196.673248
197.733887
198.795181
199.857132
200.919739
201.983002
203.046906
204.111115
205.173508
206.233704
207.291748
208.347610
209.401291
210.452789
211.502121
212.549271
213.594223
214.637024
215.677643
216.716080
217.752350
218.786438
219.818344
220.848068
221.875626
222.901016
223.924210
224.945221
225.964066
226.980743
227.995224
229.007538
230.017685
231.025650
232.031418
233.035019
234.036453
235.035706
236.032776
237.027664
238.020386
239.010925
239.999283
240.985474
241.969482
242.951324
243.930969
244.908447
245.883743
246.856873
247.827805
248.796570
249.763184
250.727585
251.646408
252.476349
253.217331
0.000000
1.090973
2.180920
3.269840
4.357734
5.444602
6.530443
7.615259
8.699048
9.781811
10.863546
11.944257
13.023941
14.102598
15.180229
16.256834
17.332415
18.406967
19.480494
20.552992
21.624468
22.694916
23.764338
24.832729
25.900101
26.966440
28.031759
29.096048
30.159313
31.221548
32.282761
33.342945
34.402103
35.460236
36.517345
37.573425
38.628475
39.682507
40.735504
41.787483
42.838425
43.888351
44.937244
45.985119
47.031956
48.077774
49.122562
50.166332
51.209064
52.250782
53.291466
54.331127
55.369762
56.407364
57.443951
58.479500
59.514034
60.547531
61.580009
62.611454
63.641880
64.670845
65.697899
66.723053
67.746315
68.767662
69.787117
70.804672
71.820320
72.834068
73.845924
74.855865
75.863907
76.870056
77.874298
78.876640
79.877083
80.875618
81.872253
82.866989
83.859825
84.850761
85.839798
86.826920
87.812157
88.795486
89.776909
90.756439
91.734062
92.709785
93.683609
94.655533
95.625549
96.593666
97.559883
98.524200
99.486618
100.447128
101.405746
102.362457
103.317261
104.270172
105.221176
106.170288
107.117493
108.062798
109.006195
109.947693
110.887299
111.825470
112.765137
113.706772
114.650368
115.595932
116.543465
117.492966
118.444427
119.397865
120.353256
121.310616
122.269951
123.231255
124.194519
125.159752
126.126953
127.096123
128.067245
129.040344
130.015427
130.992447
131.971451
132.952423
133.935349
134.920258
135.907120
136.895950
137.886765
138.879517
139.874252
140.870972
141.869629
142.870270
143.872864
144.877426
145.883957
146.892456
147.902924
148.915375
149.929764
150.946136
151.964478
152.984772
154.007050
155.031281
156.057480
157.085648
158.115784
159.147888
160.180283
161.211334
162.241013
163.269363
164.296341
165.321976
166.346237
167.369141
168.390717
169.410919
170.429764
171.447235
172.463379
173.478149
174.491577
175.503647
176.514343
177.523697
178.531693
179.538330
180.543625
181.547546
182.550110
183.551331
184.551193
185.549683
186.546829
187.542618
188.537048
189.530136
190.521851
191.512222
192.501221
193.488876
194.475174
195.460114
196.443680
197.425919
198.406799
199.386307
200.364471
201.341263
202.316711
203.290787
204.263535
205.234924
206.204941
207.173599
208.140991
209.107574
210.073380
211.038467
212.002792
212.966400
213.929245
214.891357
215.852737
216.813354
217.773239
218.732376
219.690781
220.648422
221.605347
222.561508
223.516937
224.471619
225.425568
226.378769
227.331223
228.282928
229.233917
230.184143
231.133621
232.082367
233.030365
233.977631
234.924149
235.869919
236.814957
237.759232
238.702774
239.645584
240.587646
241.528961
242.469543
243.409378
244.348465
245.286804
246.224411
247.161285
248.097412
249.032791
249.967407
250.901306
251.834473
252.766876
253.698517
254.935593
0.000000
1.104796
2.208933
3.312410
4.415228
5.517387
6.618886
7.719726
8.819908
9.919430
11.018292
12.116495
13.214038
14.310924
15.407148
16.502714
17.597622
18.691870
19.785456
20.878386
21.970657
23.062265
24.153215
25.243509
26.333141
27.422112
28.510427
29.598082
30.685080
31.771416
32.857086
33.942108
35.026466
36.110168
37.193207
38.275585
39.357307
40.438370
41.518768
42.598515
43.677601
44.756023
45.833790
46.910892
47.987339
49.063129
50.138260
51.212727
52.286537
53.359684
54.432178
55.504013
56.575180
57.645691
58.715546
59.784744
60.853275
61.921154
62.988373
64.054932
65.120827
66.186066
67.249626
68.310493
69.368660
70.424126
71.476898
72.526985
73.574364
74.619041
75.661034
76.700325
77.736923
78.770821
79.802017
80.830521
81.856331
82.879440
83.899857
84.917572
85.932594
86.944923
87.954552
88.961472
89.965714
90.967247
91.966087
92.962234
93.955681
94.946434
95.934486
96.919838
97.902496
98.882462
99.859734
100.834297
101.806175
102.775360
103.741837
104.705612
105.666702
106.625099
107.580795
108.533791
109.484085
110.431694
111.376602
112.318810
113.258324
114.195892
115.136192
116.079979
117.027237
117.977982
118.932213
119.889923
120.851120
121.815796
122.783951
123.755592
124.730705
125.709312
126.691406
127.676964
128.666016
129.658554
130.654556
131.654053
132.657043
133.663513
134.673447
135.686874
136.703796
137.724167
138.748047
139.775406
140.806244
141.840546
142.878372
143.919647
144.964417
146.012665
147.064392
148.119614
149.178299
150.240479
151.306152
152.375290
153.447906
154.524017
155.603592
156.686676
157.773224
158.863266
159.956772
161.053787
162.154266
163.254181
164.349533
165.440292
166.526459
167.608063
168.685059
169.757492
170.825317
171.888565
172.947235
174.001297
175.050797
176.095703
177.136017
178.171768
179.202911
180.229477
181.251465
182.268860
183.281677
184.289902
185.293533
186.292587
187.287048
188.276947
189.262253
190.242966
191.219086
192.190628
193.157593
194.119949
195.077744
196.030945
196.979568
197.923599
198.863037
199.797897
200.728180
201.653870
202.574966
203.491501
204.403442
205.310776
206.213531
207.111710
208.005325
208.894318
209.779266
210.663177
211.546555
212.429413
213.311737
214.193542
215.074844
215.955612
216.835846
217.715561
218.594757
219.473434
220.351608
221.229218
222.106339
222.982925
223.858978
224.734528
225.609543
226.484055
227.358017
228.231476
229.104385
229.976807
230.848679
231.720047
232.590881
233.461212
234.330994
235.200272
236.069016
236.937241
237.804947
238.672119
239.538788
240.404922
241.270554
242.135620
243.000198
243.864243
244.727768
245.590759
246.453262
247.315201
248.176651
249.037537
249.897934
250.757812
251.509949
252.047211
252.369553
252.477005
