0.992974
0.003513
0.003513
0.003513
0.992974
0.003513
0.003513
0.003513
0.992974
0.000000
0.040575
1.427200
2.773844
4.080508
5.347190
6.573892
7.760612
8.907352
10.014111
11.080890
12.107684
13.094501
14.041336
14.948191
15.815063
16.641958
17.428869
18.199141
18.976107
19.759771
20.550133
21.347193
22.150948
22.961401
23.778551
24.602400
25.432943
26.270187
27.114126
27.964764
28.822096
29.686127
30.556854
31.434280
32.318405
33.209221
34.106743
35.010956
35.921867
36.839474
37.763783
38.694786
39.632488
40.576881
41.527981
42.485771
43.450260
44.421448
45.399334
46.383915
47.375195
48.373169
49.377842
50.389214
51.407284
52.432045
53.463509
54.501667
55.546520
56.598076
57.656326
58.721279
59.792923
60.871269
61.956310
63.047752
64.139214
65.228073
66.314346
67.398010
68.479080
69.557556
70.633430
71.706703
72.777382
73.845467
74.910942
75.973831
77.034111
78.091797
79.146889
80.199379
81.249268
82.296570
83.341263
84.383362
85.422867
86.459763
87.494064
88.525772
89.554886
90.581390
91.605301
92.626610
93.645332
94.661446
95.674957
96.685890
97.694214
98.699928
99.703064
100.703590
101.701523
102.696854
103.689583
104.679718
105.667259
106.652191
107.634537
108.614281
109.591423
110.565971
111.537926
112.507263
113.474510
114.442513
115.411751
116.382256
117.353996
118.326981
119.301216
120.276703
121.253433
122.231407
123.210632
124.191101
125.172821
126.155785
127.139999
128.125458
129.112167
130.100128
131.089325
132.079773
133.071472
134.064407
135.058594
136.054047
137.050705
138.048645
139.047821
140.048248
141.049927
142.052856
143.057022
144.062424
145.069092
146.077011
147.086151
148.096573
149.108215
150.121094
151.135254
152.150650
153.167282
154.185165
155.204300
156.224686
157.246307
158.269180
159.293304
160.318680
161.345306
162.372513
163.398804
164.424072
165.448334
166.471573
167.493805
168.515030
169.535233
170.554428
171.572601
172.589783
173.605942
174.621078
175.635193
176.648315
177.660416
178.671509
179.681580
180.690643
181.698700
182.705734
183.711746
184.716751
185.720749
186.723740
187.725708
188.726669
189.726624
190.725555
191.723465
192.720367
193.716263
194.711136
195.705002
196.697861
197.689697
198.680511
199.670349
200.659149
201.646927
202.633698
203.619461
204.604218
205.587936
206.570679
207.552368
208.533066
209.512756
210.491425
211.470016
212.449463
213.429764
214.410904
215.392883
216.375732
217.359436
218.343979
219.329361
220.315613
221.302719
222.290665
223.279465
224.269119
225.259613
226.250977
227.243195
228.236237
229.230148
230.224899
231.220505
232.216965
233.214279
234.212433
235.211456
236.211319
237.212036
238.213608
239.216034
240.219299
241.223419
242.228378
243.234207
244.240875
245.248398
246.256775
247.265991
248.276062
249.286987
250.298767
251.311401
252.324890
253.339218
0.000000
0.000000
0.000000
0.058836
1.936204
3.748077
5.494456
7.175340
8.790730
10.340625
11.825027
13.243931
14.597342
15.885257
17.107679
18.264606
19.356037
20.381977
21.342421
22.237370
23.101852
23.970909
24.844540
25.722738
26.605509
27.492851
28.384762
29.281248
30.182301
31.087925
31.998121
32.912891
33.832230
34.756138
35.684620
36.617668
37.555294
38.497482
39.444248
40.395588
41.351494
42.311970
43.277020
44.246635
45.220825
46.199585
47.182919
48.170822
49.163296
50.160339
51.161961
52.168144
53.178898
54.194225
55.214130
56.238602
57.267639
58.301250
59.339439
60.382195
61.429516
62.481415
63.537880
64.598923
65.664536
66.734718
67.809464
68.888794
69.972679
71.057770
72.140686
73.221436
74.300003
75.376404
76.450630
77.522682
78.592560
79.660263
80.725792
81.789154
82.850327
83.909340
84.966179
86.020844
87.073334
88.123650
89.171791
90.217751
91.261559
92.303169
93.342621
94.379898
95.415001
96.447929
97.478683
98.507256
99.533669
100.557899
101.579964
102.599846
103.617569
104.633102
105.646477
106.657661
107.666679
108.673531
109.678200
110.680702
111.681023
112.679169
113.675156
114.668953
115.660591
116.650047
117.637321
118.622444
119.605377
120.586136
121.565933
122.545975
123.526268
124.506798
125.487564
126.468582
127.449852
128.431366
129.413101
130.395096
131.377350
132.359818
133.342545
134.325516
135.308731
136.292175
137.275894
138.259842
139.244019
140.228455
141.213135
142.198059
143.183212
144.168625
145.154282
146.140167
147.126312
148.112701
149.099335
150.086197
151.073334
152.060684
153.048279
154.036133
155.024231
156.012558
157.001129
157.989960
158.979034
159.968353
160.957901
161.947708
162.937744
163.928040
164.918564
165.909348
166.900360
167.891617
168.883118
169.874100
170.863739
171.852051
172.839066
173.824722
174.809067
175.792099
176.773788
177.754150
178.733215
179.710938
180.687332
181.662415
182.636169
183.608597
184.579681
185.549469
186.517929
187.485062
188.450851
189.415359
190.378510
191.340347
192.300842
193.260025
194.217896
195.174423
196.129654
197.083542
198.036102
198.987335
199.937256
200.885849
201.833115
202.779068
203.723663
204.666977
205.608948
206.549591
207.488922
208.426895
209.363586
210.298935
211.232956
212.165665
213.097031
214.027084
214.955826
215.883224
216.810791
217.740005
218.670868
219.603363
220.537506
221.473297
222.410751
223.349838
224.290558
225.232941
226.176971
227.122650
228.069962
229.018921
229.969528
230.921783
231.875671
232.831223
233.788406
234.747253
235.707733
236.669861
237.633636
238.599060
239.566132
240.534836
241.505188
242.477188
243.450836
244.426147
245.403076
246.381668
247.361893
248.343781
249.327301
250.312485
251.299286
252.287750
253.277863
254.269623
0.000000
1.070577
2.134125
3.190645
4.240136
5.282599
6.318033
7.346439
8.367818
9.382166
10.389487
11.389779
12.383042
13.369277
14.348484
15.325657
16.305792
17.288887
18.274942
19.263960
20.255938
21.250877
22.248775
23.249638
24.253460
25.260242
26.269985
27.282690
28.298355
29.316980
30.338570
31.363115
32.390629
33.421101
34.454529
35.490921
36.530273
37.572590
38.617863
39.666103
40.717297
41.771454
42.828575
43.888653
44.951694
46.017696
47.086655
48.158577
49.233463
50.311314
51.392120
52.475883
53.562611
54.652309
55.744953
56.840565
57.939140
59.040668
60.145164
61.252613
62.363037
63.476406
64.592018
65.705467
66.816017
67.923683
69.028458
70.130341
71.229340
72.325432
73.418648
74.508965
75.596397
76.680931
77.762581
78.841339
79.917206
80.990173
82.060257
83.127449
84.191757
85.253166
86.311684
87.367317
88.420044
89.469902
90.516861
91.560921
92.602097
93.640381
94.675766
95.708267
96.737885
97.764603
98.788429
99.809364
100.827423
101.842575
102.854843
103.864220
104.870697
105.874290
106.874992
107.872803
108.867722
109.859749
110.848885
111.835136
112.818489
113.798950
114.779053
115.761360
116.745865
117.732559
118.721436
119.712517
120.705780
121.701248
122.698898
123.698746
124.700783
125.705017
126.711433
127.720055
128.730865
129.743851
130.759033
131.776428
132.796005
133.817764
134.841736
135.867874
136.896225
137.926758
138.959503
139.994415
141.031525
142.070831
143.112335
144.156021
145.201920
146.249985
147.300247
148.352707
149.407364
150.464203
151.523239
152.584457
153.647888
154.713501
155.781311
156.851303
157.923492
158.997879
160.074432
161.153214
162.234161
163.316299
164.393448
165.464600
166.529739
167.588898
168.642044
169.689194
170.730347
171.765503
172.794647
173.817795
174.834946
175.846100
176.851242
177.850403
178.843552
179.830688
180.811844
181.786987
182.756134
183.719269
184.676422
185.627579
186.572723
187.511871
188.445023
189.372177
190.293320
191.208466
192.117599
193.020752
193.917892
194.809036
195.694199
196.573334
197.446487
198.313644
199.174774
200.029938
200.879059
201.722214
202.559341
203.390503
204.215652
205.034790
205.847931
206.655090
207.456223
208.257095
209.063385
209.875092
210.692230
211.514801
212.342804
213.176224
214.015076
214.859344
215.709061
216.564194
217.424759
218.290756
219.162170
220.039017
220.921295
221.808990
222.702133
223.600693
224.504669
225.414093
226.328934
227.249191
228.174881
229.106018
230.042557
230.984543
231.931961
232.884796
233.843048
234.806747
235.775864
236.750397
237.730377
238.715775
239.706604
240.702866
241.704544
242.711670
243.724213
244.742172
245.765564
246.794388
247.828644
248.868317
249.913422
250.963959
252.019928
253.081314
254.148132
255.000000
