0.960830
0.019585
0.019585
0.019585
0.960830
0.019585
0.019585
0.019585
0.960830
0.000000
1.235933
2.442661
3.620183
4.768499
5.887611
6.977517
8.038218
9.069715
10.072004
11.045091
11.988971
12.903644
13.805610
14.711364
15.620907
16.534237
17.451355
18.372263
19.296959
20.225441
21.157713
22.093775
23.033623
23.977261
24.924685
25.875896
26.830900
27.789688
28.752264
29.718632
30.688786
31.662729
32.640461
33.621979
34.607288
35.596382
36.589268
37.585938
38.586399
39.590645
40.598686
41.610512
42.626122
43.645523
44.668713
45.695690
46.726456
47.761013
48.799355
49.841488
50.887409
51.937115
52.990612
54.047894
55.108967
56.173824
57.242477
58.314911
59.391136
60.471153
61.554955
62.642540
63.733925
64.829086
65.928040
67.030792
68.137321
69.246727
70.353569
71.456932
72.556808
73.653214
74.746132
75.835571
76.921539
78.004021
79.083023
80.158546
81.230591
82.299156
83.364235
84.425842
85.483971
86.538612
87.589783
88.637474
89.681679
90.722404
91.759651
92.793419
93.823715
94.850517
95.873848
96.893700
97.910072
98.922966
99.932373
100.938309
101.940765
102.939728
103.935226
104.927238
105.915771
106.900826
107.882408
108.860504
109.835114
110.806252
111.773903
112.738083
113.698792
114.656006
115.609741
116.559990
117.506783
118.450081
119.389900
120.326241
121.259094
122.188477
123.114380
124.036804
124.955750
125.873833
126.793701
127.715340
128.638763
129.563980
130.490952
131.419708
132.350235
133.282547
134.216644
135.152496
136.090149
137.029572
137.970764
138.913757
139.858505
140.805038
141.753342
142.703430
143.655289
144.608932
145.564346
146.521530
147.480515
148.441269
149.403793
150.368103
151.334183
152.302032
153.271683
154.243088
155.216278
156.191254
157.167984
158.146530
159.126831
160.108902
161.092773
162.078400
163.065811
164.054993
165.045975
166.038712
167.033234
168.029541
169.027603
170.027451
171.029099
172.032501
173.037689
174.044647
175.053391
176.063919
177.076218
178.090271
179.105988
180.122452
181.139496
182.157166
183.175415
184.194290
185.213760
186.233826
187.254501
188.275772
189.297668
190.320145
191.343231
192.366913
193.391220
194.416107
195.441605
196.467697
197.494400
198.521713
199.549622
200.578140
201.607239
202.636978
203.667282
204.698212
205.729736
206.761856
207.794601
208.827927
209.861877
210.896408
211.931564
212.967300
214.003647
215.040604
216.078156
217.116302
218.155075
219.194427
220.234406
221.274979
222.316147
223.357925
224.400299
225.443283
226.486877
227.531067
228.575851
229.621231
230.667236
231.713837
232.761047
233.808838
234.857254
235.906250
236.945923
237.966263
238.967255
239.948959
240.911331
241.854385
242.778122
243.682556
244.567642
245.433426
246.279877
247.107025
247.914841
248.703339
249.472534
250.222382
250.952927
251.664139
252.356064
253.028641
253.681900
0.000000
1.022694
2.044650
3.065868
4.086348
5.106089
6.125093
7.143358
8.160886
9.177674
10.193726
11.209038
12.223613
13.237449
14.250546
15.262907
16.274527
17.285412
18.295557
19.305696
20.316565
21.328157
22.340479
23.353527
24.367306
25.381809
26.397039
27.412998
28.429684
29.447098
30.465239
31.484104
32.503700
33.524021
34.545071
35.566849
36.589355
37.612583
38.636539
39.661228
40.686638
41.712780
42.739651
43.767246
44.795567
45.824615
46.854393
47.884895
48.916126
49.948090
50.980770
52.014187
53.048328
54.083199
55.118793
56.155113
57.192162
58.229939
59.268444
60.307674
61.347633
62.388321
63.429737
64.471878
65.514748
66.558334
67.602669
68.647720
69.693497
70.739998
71.787231
72.835190
73.883881
74.933197
75.980988
77.026390
78.069382
79.109970
80.148155
81.183952
82.217339
83.248322
84.276909
85.303101
86.326874
87.348259
88.367241
89.383820
90.398003
91.409782
92.419159
93.426132
94.430710
95.432884
96.432655
97.430023
98.424995
99.417564
100.407730
101.395493
102.380852
103.363815
104.344383
105.322548
106.298309
107.271667
108.242630
109.211189
110.177338
111.141098
112.102448
113.061401
114.017960
114.972099
115.923851
116.873199
117.820152
118.764694
119.706841
120.646584
121.583923
122.518860
123.451408
124.381546
125.309280
126.234619
127.157555
128.078079
128.996689
129.916122
130.836838
131.758850
132.682159
133.606781
134.532669
135.459854
136.388336
137.318115
138.249176
139.181549
140.115204
141.050156
141.986404
142.923935
143.862778
144.802902
145.744308
146.687027
147.631042
148.576340
149.522934
150.470810
151.419998
152.370468
153.322250
154.275314
155.229660
156.185318
157.142258
158.100494
159.060028
160.020859
160.982971
161.946381
162.911087
163.877090
164.844376
165.812958
166.782837
167.754028
168.726486
169.700241
170.675308
171.651657
172.629303
173.608231
174.588470
175.569992
176.552795
177.536911
178.522324
179.509018
180.497009
181.486420
182.477585
183.470474
184.465149
185.461563
186.459732
187.459656
188.461349
189.464783
190.469971
191.476929
192.485611
193.496078
194.508286
195.522247
196.537964
197.555435
198.574677
199.595657
200.618378
201.642883
202.669128
203.697128
204.726868
205.758392
206.791656
207.826675
208.863449
209.901978
210.942261
211.984299
213.028091
214.073624
215.120926
216.169968
217.220779
218.273361
219.327667
220.383759
221.441574
222.501160
223.562500
224.625580
225.690445
226.757034
227.825394
228.895493
229.967361
231.040985
232.116348
233.193481
234.272354
235.352982
236.435379
237.519547
238.588455
239.625137
240.629593
241.601837
242.541870
243.449646
244.325211
245.168579
245.979691
246.758591
247.505264
248.219727
248.901947
249.551956
250.169739
250.755295
251.308640
251.829742
0.000000
1.286876
2.550468
3.790776
5.007802
6.201543
7.372002
8.519177
9.643067
10.743676
11.821002
12.875043
13.905800
14.913275
15.910951
16.912321
17.917379
18.926132
19.938576
20.954708
21.974537
22.998053
24.025259
25.056160
26.090750
27.129032
28.171005
29.216667
30.266022
31.319067
32.375805
33.436234
34.500355
35.568165
36.639664
37.714863
38.793743
39.876324
40.962585
42.052544
43.146191
44.243534
45.344563
46.449284
47.557701
48.669807
49.785603
50.905090
52.028271
53.155144
54.285702
55.419952
56.557899
57.699535
58.844860
59.993874
61.146584
62.302986
63.463074
64.626854
65.794334
66.965492
68.140343
69.318901
70.500168
71.678383
72.852577
74.022743
75.188889
76.351013
77.509109
78.663185
79.813232
80.959259
82.101265
83.239250
84.373215
85.503151
86.629059
87.750946
88.868813
89.982651
91.092484
92.198265
93.300041
94.397797
95.491524
96.581223
97.666901
98.748558
99.826195
100.899803
101.969391
103.034950
104.096497
105.154007
106.207512
107.256981
108.302429
109.343842
110.381248
111.414627
112.443985
113.469315
114.490623
115.507904
116.521164
117.530396
118.535614
119.536812
120.533981
121.527122
122.516251
123.501343
124.482414
125.461777
126.441727
127.422272
128.403412
129.385132
130.367447
131.350357
132.333878
133.317963
134.302658
135.287918
136.273804
137.260269
138.247314
139.234970
140.223206
141.212036
142.201462
143.191467
144.182083
145.173279
146.165070
147.157455
148.150436
149.143997
150.138153
151.132904
152.128235
153.124176
154.120712
155.117828
156.115540
157.113846
158.112732
159.112244
160.112320
161.112961
162.114243
163.116104
164.118546
165.121582
166.125198
167.129440
168.134247
169.139648
170.145660
171.152237
172.159424
173.167206
174.175568
175.184250
176.191589
177.197327
178.201431
179.203903
180.204773
181.204025
182.201645
183.197662
184.192062
185.184830
186.175995
187.165527
188.153458
189.139755
190.124435
191.107513
192.088943
193.068787
194.046997
195.023590
195.998566
196.971909
197.943665
198.913773
199.882278
200.849167
201.814423
202.778061
203.740097
204.700500
205.659302
206.616470
207.572021
208.525970
209.478287
210.428986
211.378067
212.325531
213.271362
214.215607
215.158203
216.099213
217.038574
217.976318
218.912460
219.846970
220.779877
221.711151
222.640808
223.568863
224.484528
225.376984
226.246262
227.092361
227.915283
228.715027
229.491592
230.244965
230.975159
231.682175
232.366013
233.026657
233.664139
234.278442
234.869553
235.437485
235.982239
236.503799
237.002197
237.477386
237.929413
238.358261
238.763931
239.146408
239.505722
239.841843
240.154785
240.444550
240.711121
240.954529
241.174744
241.371796
241.545639
241.696304
241.823807
241.928131
242.009262
242.067215
242.101974
242.113571
