0.976133
0.011934
0.011934
0.011934
0.976133
0.011934
0.011934
0.011934
0.976133
0.000000
0.897086
1.793641
2.689665
3.585157
4.480119
5.374548
6.268448
7.161816
8.054652
8.946958
9.838732
10.729975
11.620686
12.510867
13.400516
14.289636
15.178223
16.066278
16.953802
17.840797
18.727259
19.613190
20.498589
21.383457
22.267796
23.151602
24.034878
24.917622
25.799833
26.681515
27.562664
28.443285
29.323372
30.202929
31.083149
31.965229
32.849171
33.734966
34.622620
35.512138
36.403511
37.296745
38.191837
39.088791
39.987598
40.888268
41.790794
42.695187
43.601433
44.509537
45.419502
46.331326
47.245007
48.160549
49.077953
49.997211
50.918331
51.841309
52.766144
53.692841
54.621391
55.551811
56.484081
57.418209
58.354206
59.292053
60.231762
61.173328
62.116756
63.062042
64.009193
64.958191
65.909058
66.861778
67.816360
68.772797
69.731094
70.691254
71.653275
72.617142
73.582886
74.550476
75.519928
76.491241
77.464409
78.438591
79.412941
80.387466
81.362160
82.337029
83.312065
84.287270
85.262634
86.238182
87.213890
88.189781
89.165833
90.142052
91.118439
92.095001
93.071732
94.048637
95.025711
96.002953
96.980354
97.957939
98.935684
99.913612
100.891701
101.869957
102.848389
103.826988
104.805756
105.784698
106.763802
107.743080
108.722527
109.702141
110.681938
111.661888
112.642006
113.622307
114.602776
115.583412
116.564217
117.545189
118.526337
119.507645
120.489136
121.470787
122.452606
123.434601
124.416771
125.399101
126.381599
127.364273
128.346069
129.325928
130.303848
131.279846
132.253906
133.226028
134.196228
135.164490
136.130829
137.095230
138.057709
139.018234
139.976837
140.933517
141.888245
142.841064
143.791946
144.740875
145.687897
146.632980
147.576111
148.517334
149.456619
150.393967
151.329391
152.262878
153.194427
154.124054
155.051743
155.977493
156.901321
157.823227
158.743164
159.661194
160.577301
161.491470
162.403702
163.313995
164.222366
165.128799
166.033310
166.935883
167.836502
168.735214
169.632004
170.526840
171.419739
172.310715
173.199783
174.086884
174.972061
175.859512
176.753387
177.653687
178.560425
179.473618
180.393219
181.319275
182.251770
183.190689
184.136047
185.087860
186.046082
187.010757
187.981857
188.959412
189.943390
190.933792
191.930649
192.933929
193.943665
194.959824
195.982422
197.011444
198.046921
199.088821
200.137177
201.191956
202.253159
203.320816
204.394897
205.475418
206.562393
207.655777
208.755600
209.861893
210.974594
212.093735
213.219315
214.351334
215.489777
216.634659
217.785980
218.943741
220.107925
221.278580
222.455643
223.639145
224.829086
226.025467
227.228256
228.437531
229.647171
230.851212
232.049652
233.242493
234.429703
235.611313
236.787308
237.957687
239.122452
240.281616
241.435150
242.583099
243.725433
244.862122
245.993240
247.118729
248.238602
0.000000
1.112695
2.223339
3.331932
4.438473
5.542963
6.645402
7.745790
8.844126
9.940411
11.034644
12.126826
13.216957
14.305037
15.391064
16.475042
17.556969
18.636841
19.714664
20.790436
21.864157
22.935823
24.005444
25.073008
26.138523
27.201984
28.263397
29.322760
30.380070
31.436712
32.494076
33.552151
34.610943
35.670460
36.730686
37.791637
38.853302
39.915684
40.978783
42.042603
43.107136
44.172390
45.238358
46.305046
47.372448
48.440571
49.509415
50.578972
51.649246
52.720242
53.791950
54.864376
55.937519
57.011379
58.085964
59.161259
60.237270
61.314003
62.391460
63.469620
64.548508
65.628113
66.708420
67.789467
68.871223
69.953690
71.036880
72.120789
73.205414
74.290756
75.376816
76.463593
77.551086
78.639297
79.728226
80.817871
81.907539
82.995514
84.081703
85.166130
86.248779
87.329666
88.408768
89.486099
90.561668
91.635452
92.707474
93.777718
94.846184
95.912888
96.977814
98.040962
99.102348
100.161957
101.219788
102.275848
103.330139
104.382660
105.433403
106.482384
107.529579
108.575012
109.618668
110.660553
111.700661
112.738998
113.775558
114.810356
115.843384
116.874634
117.904106
118.931808
119.957741
120.981895
122.004288
123.024895
124.043739
125.060806
126.076096
127.089622
128.101364
129.111359
130.119553
131.125977
132.130722
133.133774
134.135147
135.134827
136.132812
137.129120
138.123749
139.116669
140.107925
141.097458
142.085342
143.071503
144.056000
145.038788
146.019913
146.999344
147.977081
148.953125
149.927490
150.900162
151.871155
152.840439
153.808060
154.773972
155.738220
156.700760
157.661621
158.620789
159.578278
160.534073
161.488174
162.440598
163.391327
164.340378
165.287720
166.233383
167.177383
168.119675
169.060272
169.999191
170.936417
171.871948
172.805801
173.737976
174.668457
175.597244
176.524460
177.452393
178.382034
179.313370
180.246384
181.181091
182.117477
183.055557
183.995331
184.936813
185.879959
186.824799
187.771332
188.719559
189.669464
190.621078
191.574371
192.529343
193.486023
194.444382
195.404434
196.366180
197.329620
198.294724
199.261551
200.230057
201.200241
202.172134
203.145706
204.120956
205.097916
206.076553
207.056885
208.038895
209.022614
210.008011
210.995102
211.983871
212.974350
213.966522
214.960358
215.955902
216.953125
217.952042
218.952652
219.954971
220.958954
221.964630
222.962982
223.944992
224.910660
225.859985
226.792969
227.709610
228.609909
229.493866
230.361481
231.212738
232.047684
232.866257
233.668503
234.454407
235.223984
235.977188
236.714081
237.434601
238.138779
238.826645
239.498138
240.153320
240.792130
241.414612
242.020752
242.610535
243.183990
243.741104
244.281876
244.806305
245.314377
245.806122
246.281509
246.740570
247.183289
247.609650
248.019684
248.413376
0.000000
3.510014
6.746403
9.709163
12.398295
14.813801
16.955677
18.823927
20.418549
21.739542
22.926659
24.119661
25.318548
26.523317
27.733969
28.950502
30.172920
31.401218
32.635399
33.875462
35.121410
36.373241
37.630955
38.894550
40.164028
41.439388
42.720631
44.007755
45.300762
46.599655
47.904427
49.215080
50.531628
51.854046
53.182350
54.516537
55.856609
57.202557
58.554390
59.912106
61.275711
62.645187
64.020554
65.401802
66.788933
68.181946
69.580841
70.985619
72.396286
73.812836
75.231728
76.644402
78.050453
79.449883
80.842690
82.228874
83.608437
84.981361
86.347679
87.707367
89.060425
90.406860
91.746674
93.079865
94.406433
95.726379
97.039703
98.346397
99.646477
100.939919
102.226753
103.506950
104.780533
106.047485
107.307808
108.561531
109.808609
111.049072
112.282906
113.510117
114.730713
115.944679
117.152016
118.352730
119.546829
120.734299
121.915146
123.089363
124.256966
125.417938
126.572990
127.726227
128.878326
130.029312
131.179169
132.327911
133.475525
134.622025
135.767380
136.911636
138.054749
139.196762
140.337646
141.477386
142.616028
143.753540
144.889923
146.025177
147.159317
148.292328
149.424225
150.555008
151.684647
152.813171
153.940582
155.066864
156.192017
157.316055
158.438965
159.560745
160.681412
161.800964
162.919373
164.036667
165.152847
166.267883
167.381821
168.494629
169.606308
170.716873
171.826050
172.928497
174.021988
175.106506
176.182083
177.248688
178.306366
179.355072
180.394821
181.425629
182.447464
183.460358
184.464279
185.459259
186.445282
187.422348
188.390457
189.349609
190.299820
191.241058
192.173355
193.096695
194.011063
194.916504
195.812973
196.700485
197.579041
198.448654
199.309311
200.161011
201.003738
201.837524
202.662354
203.478226
204.285156
205.083115
205.872131
206.652191
207.423279
208.185440
208.938629
209.682938
210.418442
211.145126
211.863007
212.572083
213.272339
213.963806
214.646454
215.320297
215.985336
216.641556
217.288971
217.927582
218.557373
219.178360
219.790543
220.393921
220.988495
221.574249
222.151184
222.719330
223.278671
223.829193
224.370911
224.903824
225.427917
225.943207
226.449692
226.947372
227.436218
227.916290
228.387543
228.849976
229.303604
229.748428
230.184448
230.611649
231.030045
231.439636
231.840424
232.232391
232.615555
232.989914
233.355469
233.712204
234.060135
234.399246
234.729568
235.051071
235.363785
235.667648
235.962753
236.249008
236.526489
236.795135
237.054993
237.306015
237.548248
237.781677
238.006287
238.222092
238.429092
238.627289
238.816666
238.997238
239.169006
239.331955
239.486099
239.631439
239.767975
239.895691
240.014603
240.124710
240.225998
240.318497
240.402176
240.477036
240.543106
240.600372
240.648804
240.688446
240.719269
240.741302
240.754517
240.758911
