0.987425
0.006288
0.006288
0.006288
0.987425
0.006288
0.006288
0.006288
0.987425
0.000000
0.847750
1.697210
2.548380
3.401260
4.255850
5.112150
5.970160
6.829882
7.691313
8.554454
9.419304
10.285866
11.154136
12.024117
12.895809
13.769212
14.644324
15.521145
16.399677
17.279921
18.161873
19.045534
19.930906
20.817989
21.706781
22.597284
23.489498
24.384542
25.283558
26.186541
27.093487
28.004398
28.919275
29.838120
30.760927
31.687700
32.618439
33.553143
34.491814
35.434448
36.381050
37.331615
38.286140
39.244637
40.207100
41.173527
42.143917
43.118279
44.096600
45.078888
46.065140
47.055359
48.049541
49.047691
50.049805
51.055885
52.065929
53.079945
54.097916
55.119858
56.145763
57.175636
58.209473
59.247280
60.289047
61.334782
62.384480
63.438145
64.495781
65.557365
66.622925
67.692459
68.765945
69.843399
70.924820
72.010208
73.099556
74.192871
75.290154
76.391403
77.496613
78.602463
79.705605
80.806038
81.903770
82.998795
84.091118
85.180733
86.267647
87.351852
88.433365
89.512161
90.588257
91.661644
92.732338
93.800323
94.865601
95.928169
96.988045
98.045212
99.099670
100.151421
101.200485
102.246826
103.290474
104.331413
105.369652
106.405182
107.438004
108.468132
109.495544
110.520264
111.542267
112.561569
113.578186
114.592079
115.603264
116.611763
117.617546
118.620621
119.620995
120.618660
121.613632
122.605896
123.595451
124.582306
125.566460
126.547897
127.526642
128.502670
129.476013
130.446640
131.414551
132.379791
133.342300
134.304016
135.266907
136.230942
137.196121
138.162460
139.129929
140.098557
141.068329
142.039246
143.011337
143.984543
144.958908
145.934418
146.911087
147.888901
148.867859
149.847961
150.829224
151.811646
152.795181
153.779892
154.765747
155.752747
156.740891
157.730179
158.720627
159.712204
160.704956
161.698853
162.693878
163.690063
164.687408
165.685883
166.685516
167.686295
168.688217
169.691299
170.695526
171.700882
172.707413
173.715088
174.723892
175.733856
176.744965
177.757233
178.770630
179.785187
180.800888
181.817749
182.835754
183.854919
184.875198
185.896652
186.919250
187.942688
188.966583
189.990967
191.015823
192.041168
193.067001
194.093307
195.120102
196.147369
197.175140
198.203384
199.232117
200.261322
201.291016
202.321198
203.351852
204.382996
205.414627
206.446732
207.479324
208.512405
209.545959
210.580002
211.614532
212.649536
213.685028
214.721008
215.757462
216.794418
217.831833
218.869751
219.908142
220.947021
221.986374
223.026199
224.066544
225.107346
226.148636
227.190414
228.232666
229.275406
230.318619
231.362335
232.406540
233.451202
234.496368
235.542007
236.588135
237.634735
238.681824
239.729401
240.777451
241.825989
242.875015
243.917328
244.945816
245.960434
246.961197
247.948105
248.921143
249.880341
250.825684
251.757141
252.674774
253.578537
254.468445
0.000000
0.947529
1.895746
2.844649
3.794240
4.744518
5.695484
6.647136
7.599477
8.552505
9.506219
10.460620
11.415710
12.371487
13.327950
14.285101
15.242940
16.201464
17.160677
18.120579
19.081165
20.042439
21.004402
21.967051
22.930386
23.894411
24.859123
25.824520
26.790606
27.757380
28.724838
29.692986
30.661823
31.631344
32.601982
33.574165
34.547894
35.523170
36.499989
37.478359
38.458271
39.439732
40.422737
41.407288
42.393383
43.381027
44.370213
45.360947
46.353226
47.347050
48.342422
49.339340
50.337799
51.337811
52.339363
53.342464
54.347107
55.353302
56.361038
57.370323
58.381153
59.393528
60.407448
61.422913
62.439926
63.458485
64.478592
65.500237
66.523430
67.548180
68.574463
69.602295
70.631676
71.662598
72.695061
73.729088
74.764641
75.801750
76.840401
77.880608
78.922348
79.965637
81.010475
82.056854
83.104782
84.154259
85.205284
86.257507
87.308876
88.359047
89.408012
90.455780
91.502350
92.547722
93.591896
94.634865
95.676636
96.717216
97.756584
98.794769
99.831741
100.867516
101.902100
102.935478
103.967667
104.998642
106.028427
107.057007
108.084396
109.110573
110.135559
111.159348
112.181946
113.203331
114.223518
115.242508
116.260300
117.276894
118.292290
119.306488
120.319481
121.331276
122.341866
123.351265
124.359467
125.366470
126.372269
127.376869
128.380280
129.382477
130.383484
131.383286
132.381882
133.379288
134.375504
135.370514
136.364319
137.356934
138.348343
139.338547
140.327560
141.315643
142.303055
143.289764
144.275803
145.261154
146.245850
147.229843
148.213181
149.195831
150.177795
151.159103
152.139709
153.119644
154.098892
155.077469
156.055374
157.032593
158.009140
158.985001
159.960205
160.934708
161.908539
162.881699
163.854172
164.825958
165.797089
166.767517
167.737274
168.706360
169.674759
170.642487
171.609543
172.575912
173.541611
174.506622
175.470947
176.434616
177.397583
178.359894
179.321518
180.282455
181.242722
182.202301
183.161224
184.119461
185.076996
186.033890
186.990067
187.945587
188.900436
189.854599
190.808075
191.760880
192.713455
193.668686
194.627014
195.588455
196.552979
197.520615
198.491364
199.465210
200.442154
201.422211
202.405350
203.391602
204.380951
205.373398
206.368958
207.367630
208.369385
209.374252
210.382217
211.393295
212.407455
213.424728
214.445114
215.468597
216.495178
217.524857
218.557648
219.593536
220.632523
221.674622
222.719803
223.768112
224.819504
225.873993
226.931610
227.992310
229.056122
230.123032
231.193039
232.266159
233.342377
234.421707
235.504120
236.589645
237.678268
238.770004
239.864838
240.962769
242.063797
243.167938
244.275177
245.385513
246.498962
247.615509
248.707047
249.745468
250.730759
251.662933
252.541977
253.367874
254.140686
254.860352
0.000000
0.673326
1.365171
2.075536
2.804421
3.551826
4.317750
5.102193
5.905157
6.726640
7.566643
8.425165
9.302207
10.197768
11.111850
12.044450
12.995572
13.965213
14.953373
15.960052
16.985252
18.028971
19.091209
20.162474
21.233274
22.303610
23.373476
24.442883
25.511820
26.580292
27.648298
28.715839
29.782915
30.849525
31.915672
32.981350
34.046562
35.111309
36.175594
37.239407
38.302761
39.365646
40.428066
41.490025
42.551510
43.612534
44.673088
45.733185
46.792809
47.851971
48.910671
49.968899
51.026665
52.083965
53.140793
54.197159
55.253067
56.308502
57.363468
58.417980
59.472019
60.525593
61.578697
62.631348
63.683525
64.735245
65.786484
66.837265
67.887581
68.937439
69.986816
71.035728
72.084190
73.132179
74.179695
75.226753
76.273354
77.319252
78.363953
79.407425
80.449669
81.490677
82.530464
83.569008
84.606331
85.642410
86.677269
87.710899
88.743294
89.774452
90.804390
91.833092
92.860558
93.886803
94.911812
95.935585
96.958138
97.979454
98.999535
100.018402
101.036018
102.052414
103.067574
104.081505
105.094208
106.105675
107.115921
108.124924
109.132698
110.139252
111.144569
112.148651
113.151497
114.153122
115.153519
116.152679
117.150612
118.147301
119.142776
120.137016
121.130020
122.121796
123.112343
124.101662
125.089737
126.076599
127.062218
128.046600
129.029770
130.011688
130.992386
131.972046
132.951767
133.931732
134.911942
135.892410
136.873138
137.854111
138.835327
139.816803
140.798508
141.780487
142.762695
143.745178
144.727890
145.710876
146.694092
147.677567
148.661285
149.645279
150.629501
151.613968
152.598694
153.583649
154.568893
155.554367
156.540100
157.526062
158.512299
159.498764
160.485504
161.472473
162.459702
163.447174
164.434921
165.422897
166.411133
167.399597
168.388336
169.377304
170.366531
171.356033
172.345749
173.335739
174.325974
175.316452
176.307175
177.298172
178.289398
179.280884
180.272614
181.264603
182.256836
183.249313
184.242050
185.235092
186.229034
187.224228
188.220612
189.218201
190.217010
191.217041
192.218277
193.220749
194.224411
195.229279
196.235382
197.242691
198.251205
199.260941
200.271881
201.284042
202.297424
203.312012
204.327805
205.344833
206.363052
207.382492
208.403152
209.425018
210.448105
211.472397
212.497910
213.524628
214.552567
215.581711
216.612076
217.643661
218.676437
219.710449
220.745667
221.782089
222.819733
223.858597
224.898666
225.939957
226.982452
228.026154
229.071091
230.117233
231.164581
232.213135
233.262924
234.313904
235.366119
236.419540
237.474167
238.530014
239.587067
240.645340
241.685410
242.687866
243.652695
244.579910
245.469498
246.321472
247.135834
247.912567
248.651703
249.353180
250.017075
250.643341
251.231964
251.783005
252.296402
252.772202
