0.976486
0.011757
0.011757
0.011757
0.976486
0.011757
0.011757
0.011757
0.976486
0.000000
0.000000
0.000000
0.374874
1.858277
3.319253
4.757803
6.173928
7.567626
8.938897
10.287742
11.614161
12.918155
14.199721
15.458863
16.695578
17.909868
19.101730
20.271168
21.418179
22.542761
23.644918
24.724649
25.781958
26.816837
27.829288
28.819319
29.786917
30.732094
31.654840
32.555164
33.445019
34.336388
35.229263
36.123642
37.019531
37.916927
38.815830
39.716232
40.618149
41.521564
42.426495
43.332924
44.240864
45.150311
46.061256
46.973713
47.887680
48.803150
49.720127
50.638607
51.558598
52.480091
53.403095
54.327599
55.253609
56.181133
57.110161
58.040691
58.972729
59.906277
60.841328
61.777882
62.715946
63.655521
64.596596
65.539177
66.483269
67.428864
68.375961
69.324577
70.274689
71.226311
72.179436
73.134071
74.090210
75.047859
76.007011
76.967667
77.929832
78.893501
79.858673
80.825363
81.793549
82.763252
83.734451
84.707153
85.681297
86.656898
87.633942
88.612450
89.592400
90.573799
91.556656
92.540962
93.526726
94.513931
95.502594
96.492706
97.484268
98.477287
99.471756
100.467674
101.465042
102.463860
103.464134
104.465858
105.469032
106.473663
107.479744
108.487267
109.496246
110.506683
111.518570
112.531906
113.546692
114.562927
115.580620
116.599754
117.620346
118.642395
119.665886
120.690834
121.717232
122.745087
123.774384
124.805138
125.837349
126.870995
127.906090
128.942657
129.980667
131.020126
132.061050
133.103409
134.147232
135.192490
136.239212
137.287384
138.337006
139.388077
140.440140
141.490723
142.539352
143.586014
144.630737
145.673508
146.714325
147.753189
148.790100
149.825073
150.858093
151.889160
152.918274
153.945435
154.970657
155.993912
157.015228
158.034576
159.052002
160.067459
161.080978
162.092529
163.102142
164.109787
165.115509
166.119263
167.121063
168.120911
169.118820
170.114777
171.108765
172.100815
173.090927
174.079086
175.065292
176.049530
177.031830
178.012177
178.990585
179.967026
180.941513
181.914047
182.884659
183.853302
184.819992
185.784744
186.747513
187.708359
188.667252
189.624191
190.579178
191.532211
192.483292
193.432449
194.379639
195.324997
196.271301
197.219681
198.170135
199.122681
200.077286
201.033981
201.992752
202.953598
203.916534
204.881531
205.848602
206.817749
207.788986
208.762299
209.737686
210.715149
211.694702
212.676300
213.660004
214.645767
215.633621
216.623550
217.615555
218.609634
219.605789
220.604034
221.604355
222.606735
223.611206
224.617737
225.626358
226.637054
227.649841
228.664688
229.681625
230.700638
231.721725
232.744888
233.770111
234.797440
235.826843
236.858292
237.891861
238.927475
239.965179
241.004959
242.046814
243.090759
244.136765
245.184860
246.235031
247.287262
248.341583
249.397980
250.456451
251.474655
252.410278
253.263275
254.033676
0.000000
0.000000
0.002392
1.345508
2.671709
3.980993
5.273362
6.548814
7.807352
9.048971
10.273677
11.481464
12.672339
13.846295
15.003337
16.143461
17.266672
18.372965
19.462343
20.534803
21.590351
22.628979
23.650692
24.655491
25.643372
26.614338
27.568390
28.505522
29.435316
30.367369
31.301670
32.238224
33.177025
34.118076
35.061378
36.006931
36.954739
37.904789
38.857094
39.811649
40.768456
41.727512
42.688816
43.652374
44.618179
45.586239
46.556545
47.529102
48.503910
49.480968
50.460274
51.441837
52.425644
53.411705
54.400017
55.390575
56.383385
57.378445
58.375759
59.375317
60.377125
61.381187
62.387505
63.396065
64.406876
65.419952
66.435257
67.452827
68.472641
69.494698
70.519020
71.545586
72.574402
73.605286
74.636612
75.667969
76.699364
77.730789
78.762260
79.793747
80.825287
81.856857
82.888466
83.920097
84.951775
85.983490
87.015221
88.047005
89.078827
90.110672
91.142563
92.174484
93.206436
94.238434
95.270454
96.302521
97.334618
98.366753
99.398911
100.431122
101.463356
102.495621
103.527939
104.560272
105.592659
106.625069
107.657516
108.690002
109.722519
110.755074
111.787659
112.820290
113.852951
114.885651
115.918373
116.951141
117.983932
119.016769
120.049652
121.082520
122.115402
123.148277
124.181145
125.214005
126.246849
127.279686
128.312515
129.345352
130.378159
131.410965
132.443756
133.476547
134.509323
135.542084
136.574860
137.607605
138.640350
139.673080
140.705811
141.738525
142.771225
143.803940
144.836609
145.869308
146.901978
147.934631
148.967300
149.999939
151.032578
152.065216
153.097824
154.130447
155.163040
156.195633
157.228226
158.260803
159.293365
160.325928
161.358475
162.391022
163.423553
164.456070
165.488602
166.521103
167.553543
168.583862
169.611099
170.635239
171.656265
172.674194
173.689041
174.700775
175.709427
176.714966
177.717407
178.716751
179.712997
180.706161
181.696213
182.683167
183.667038
184.647797
185.625458
186.600021
187.571472
188.539856
189.505112
190.467300
191.426376
192.382339
193.335220
194.285004
195.231689
196.175278
197.115753
198.053162
198.987442
199.918640
200.846741
201.771729
202.693634
203.612442
204.528137
205.440750
206.350250
207.256668
208.159973
209.060196
209.957306
210.851334
211.743256
212.637253
213.533798
214.432861
215.334442
216.238556
217.145187
218.054337
218.966034
219.880234
220.796967
221.716232
222.638016
223.562332
224.489166
225.418533
226.350418
227.284821
228.221756
229.161224
230.103210
231.047729
231.994751
232.944305
233.896408
234.851013
235.808151
236.767822
237.729996
238.694733
239.661957
240.631729
241.604019
242.578827
243.556168
244.536026
245.518433
246.503342
247.490784
248.480728
249.473236
250.468262
251.465790
252.465851
253.468460
254.473557
0.000000
1.178099
2.351156
3.519172
4.682148
5.840082
6.992975
8.140827
9.283638
10.421410
11.554138
12.681826
13.804472
14.922078
16.034643
17.142166
18.244648
19.342093
20.434492
21.521851
22.604170
23.681446
24.753683
25.820877
26.883034
27.940145
28.992216
30.039249
31.081240
32.120716
33.160221
34.199749
35.239300
36.278877
37.318474
38.358093
39.397739
40.437408
41.477100
42.516815
43.556557
44.596317
45.636101
46.675911
47.715744
48.755600
49.795479
50.835381
51.875309
52.915260
53.955235
54.995232
56.035252
57.075294
58.115360
59.155453
60.195568
61.235706
62.275860
63.316048
64.356255
65.396484
66.436737
67.477013
68.517326
69.557648
70.598000
71.638367
72.678764
73.719185
74.759621
75.800087
76.840569
77.881096
78.921631
79.962181
81.002769
82.043373
83.084000
84.124657
85.165329
86.206024
87.246758
88.287506
89.328285
90.369370
91.410881
92.452820
93.495171
94.537941
95.581139
96.624748
97.668785
98.713249
99.758125
100.803413
101.849136
102.895271
103.941826
104.988808
106.036217
107.084030
108.132271
109.180931
110.230019
111.279518
112.329445
113.379784
114.430550
115.481728
116.533340
117.585365
118.637810
119.690681
120.743973
121.797676
122.851799
123.906349
124.961327
126.016708
127.072525
128.128754
129.185410
130.242477
131.299973
132.357895
133.416229
134.474976
135.534164
136.593765
137.653763
138.714203
139.775070
140.836349
141.898041
142.960175
144.022705
145.085663
146.149048
147.212860
148.276535
149.336990
150.393646
151.446533
152.495636
153.540939
154.582489
155.620255
156.654221
157.684418
158.710846
159.733490
160.752350
161.767410
162.778717
163.786224
164.789963
165.789917
166.786102
167.778488
168.767105
169.751938
170.733002
171.710281
172.683777
173.653473
174.619415
175.581558
176.539932
177.494522
178.445343
179.392365
180.335617
181.275085
182.210770
183.142700
184.070816
184.995163
185.915726
186.832504
187.745529
188.654755
189.560181
190.461868
191.359741
192.253845
193.144165
194.030716
194.913483
195.792465
196.667664
197.539093
198.406738
199.270599
200.130676
200.986984
201.840973
202.696259
203.553009
204.411240
205.270905
206.132034
206.994629
207.858688
208.724197
209.591171
210.459610
211.329498
212.200867
213.073669
213.947968
214.823685
215.700897
216.579544
217.459671
218.341248
219.224289
220.108780
220.994751
221.882172
222.771057
223.661392
224.553207
225.446457
226.341187
227.237381
228.135010
229.034134
229.934692
230.836731
231.740219
232.645157
233.551559
234.459442
235.368759
236.279556
237.191818
238.105530
239.020691
239.937317
240.855408
241.774979
242.695984
243.618454
244.542389
245.467789
246.394653
247.322952
248.252731
249.183975
250.116669
251.050827
251.868912
252.453217
252.803787
252.920639
