0.935382
0.032309
0.032309
0.032309
0.935382
0.032309
0.032309
0.032309
0.935382
0.000000
1.112999
2.222560
3.328680
4.431361
5.530602
6.626404
7.718765
8.807688
9.893170
10.975213
12.053816
13.128978
14.200703
15.268985
16.333830
17.395237
18.453201
19.507727
20.558811
21.606825
22.652134
23.694744
24.734650
25.771852
26.806353
27.838150
28.867245
29.893639
30.917326
31.938313
32.956596
33.972176
34.985058
35.995228
37.002705
38.007473
39.009541
40.008904
41.005566
41.999519
42.990780
43.979336
44.965179
45.948326
46.928772
47.906513
48.881554
49.853889
50.823524
51.790455
52.754681
53.716206
54.675030
55.631149
56.584564
57.535275
58.483292
59.428596
60.371197
61.311108
62.248306
63.182804
64.114601
65.043694
65.970085
66.894295
67.819534
68.746323
69.674667
70.604561
71.536003
72.469002
73.403549
74.339653
75.277313
76.216515
77.157280
78.099579
79.043449
79.988861
80.935822
81.884346
82.834412
83.786034
84.739212
85.693947
86.650215
87.608055
88.567436
89.528366
90.490852
91.454887
92.420486
93.387627
94.356323
95.326569
96.298370
97.271729
98.246620
99.223083
100.201088
101.180649
102.161758
103.144417
104.128639
105.114403
106.101723
107.090599
108.081024
109.072998
110.066521
111.061600
112.057892
113.055046
114.053055
115.051918
116.051651
117.052231
118.053680
119.055992
120.059174
121.063202
122.068092
123.073845
124.080460
125.087929
126.096268
127.105461
128.115524
129.126434
130.138214
131.150848
132.164337
133.178711
134.193924
135.209991
136.226944
137.244751
138.263412
139.282928
140.303314
141.324554
142.346649
143.369614
144.393433
145.418137
146.443665
147.470093
148.497345
149.525467
150.554459
151.584305
152.615005
153.646591
154.679016
155.712311
156.746460
157.781479
158.817032
159.851425
160.884308
161.915710
162.945602
163.974014
165.000931
166.026352
167.050278
168.072723
169.093658
170.113098
171.131073
172.147522
173.162506
174.175980
175.187958
176.198456
177.207458
178.214966
179.220978
180.225479
181.228531
182.230057
183.230087
184.228653
185.225693
186.221252
187.215332
188.207901
189.198990
190.188583
191.176682
192.163269
193.148376
194.132004
195.114136
196.094772
197.073898
198.051544
199.027695
200.002365
200.975525
201.947205
202.917374
203.886063
204.853271
205.818268
206.780334
207.739456
208.695663
209.648941
210.599289
211.546738
212.491226
213.432800
214.371445
215.307159
216.239944
217.169830
218.096756
219.020782
219.941864
220.860031
221.775269
222.687561
223.596954
224.503418
225.406937
226.307541
227.205200
228.099960
228.991776
229.880676
230.766647
231.649689
232.529800
233.406982
234.281265
235.152603
236.021011
236.886490
237.749054
238.608673
239.465363
240.319153
241.169998
242.017914
242.862915
243.705002
244.544128
245.380341
246.213638
247.044022
247.871445
248.695953
249.517548
0.000000
1.105419
2.216537
3.333351
4.455864
5.584075
6.717984
7.857590
9.002894
10.153897
11.310596
12.472994
13.641088
14.814881
15.994373
17.179562
18.370451
19.567034
20.769316
21.977297
23.190975
24.404575
25.612339
26.814260
28.010342
29.200581
30.384975
31.563530
32.736244
33.903111
35.064140
36.219326
37.368668
38.512173
39.649830
40.781654
41.907623
43.027760
44.142056
45.250504
46.353111
47.449883
48.540806
49.625889
50.705128
51.778530
52.846081
53.907799
54.963673
56.013706
57.057892
58.096237
59.128742
60.155407
61.176224
62.191208
63.200344
64.203636
65.201088
66.192696
67.178474
68.158401
69.132484
70.100731
71.063133
72.020767
72.980087
73.942177
74.907028
75.874649
76.845024
77.818176
78.794083
79.772758
80.754196
81.738403
82.725372
83.715103
84.707596
85.702858
86.700882
87.701675
88.705223
89.711548
90.720627
91.732475
92.747078
93.764458
94.784599
95.807503
96.833168
97.861603
98.892799
99.926765
100.963493
102.002983
103.045242
104.090263
105.138039
106.188591
107.241905
108.297974
109.356827
110.418427
111.482796
112.549927
113.619835
114.692497
115.767921
116.846115
117.925972
119.006348
120.087250
121.168686
122.250656
123.333160
124.416191
125.499763
126.583862
127.668495
128.753662
129.839355
130.925583
132.012344
133.099640
134.187454
135.275818
136.364716
137.454132
138.544083
139.634567
140.725586
141.817139
142.909225
144.001846
145.094986
146.188675
147.282883
148.377625
149.472900
150.568710
151.665054
152.761932
153.859344
154.957260
156.055740
157.154755
158.254272
159.354340
160.454941
161.556076
162.657745
163.759933
164.862671
165.965057
167.061890
168.152313
169.236328
170.313904
171.385056
172.449799
173.508118
174.560013
175.605499
176.644547
177.677185
178.703415
179.723190
180.736572
181.743515
182.744064
183.738174
184.725876
185.707138
186.681992
187.650421
188.612442
189.568024
190.517197
191.459946
192.396271
193.326172
194.249680
195.166733
196.077377
196.981613
197.879425
198.770813
199.655777
200.534332
201.406448
202.272141
203.131424
203.984299
204.830750
205.670776
206.504364
207.331543
208.152313
208.970398
209.789490
210.609619
211.430786
212.252975
213.076218
213.900467
214.725769
215.552078
216.379440
217.207840
218.037262
218.867691
219.699173
220.531693
221.365250
222.199829
223.035446
223.872086
224.709763
225.548462
226.388199
227.228973
228.070786
228.913605
229.757477
230.602386
231.448318
232.295273
233.143280
233.992310
234.842377
235.693466
236.545593
237.398743
238.252930
239.108139
239.964401
240.821686
241.679993
242.539337
243.399734
244.261139
245.123581
245.987061
246.851562
247.717117
248.583679
249.451294
250.319931
251.189590
252.060303
252.932022
253.804794
254.678604
255.000000
255.000000
0.000001
1.837205
3.625650
5.365337
7.056264
8.698434
10.291844
11.836497
13.332390
14.779525
16.177902
17.527521
18.828377
20.080479
21.283821
22.438404
23.568468
24.698267
25.827793
26.957050
28.086037
29.214754
30.343199
31.471375
32.599277
33.726910
34.854275
35.981369
37.108189
38.234741
39.361019
40.487030
41.612766
42.738235
43.863438
44.988365
46.113026
47.237408
48.361526
49.485367
50.608944
51.732246
52.855282
53.978050
55.100540
56.222759
57.344711
58.466393
59.587807
60.708942
61.829811
62.950413
64.070740
65.190796
66.310585
67.429749
68.547417
69.663574
70.778198
71.891304
73.002884
74.112938
75.221466
76.328476
77.433945
78.537903
79.640335
80.741234
81.840614
82.938477
84.034798
85.129616
86.222893
87.314651
88.404877
89.493591
90.580772
91.666428
92.750557
93.833168
94.914253
95.993805
97.071838
98.148354
99.223328
100.296791
101.368729
102.439133
103.508018
104.575371
105.641220
106.705528
107.768311
108.829567
109.889999
110.953728
112.021454
113.093185
114.168907
115.248627
116.332344
117.420059
118.511772
119.607483
120.707184
121.810883
122.918587
124.030281
125.145973
126.265656
127.389351
128.517044
129.648712
130.784393
131.924057
133.067734
134.215408
135.367065
136.522720
137.682388
138.846039
140.013702
141.185349
142.360992
143.540619
144.724258
145.911911
147.103546
148.299179
149.498795
150.702423
151.910049
153.121658
154.336868
155.546082
156.745453
157.934952
159.114609
160.284378
161.444305
162.594391
163.734604
164.864944
165.985443
167.096085
168.196869
169.287781
170.368851
171.440048
172.501389
173.552872
174.594513
175.626266
176.648193
177.660248
178.662445
179.654770
180.637253
181.609879
182.572632
183.525528
184.468582
185.401764
186.325104
187.238571
188.142181
189.035934
189.919830
190.793854
191.658035
192.512360
193.356827
194.191422
195.019379
195.843964
196.665176
197.483002
198.297440
199.108475
199.916153
200.720413
201.521301
202.318802
203.112915
203.903656
204.690994
205.474945
206.255524
207.032700
207.806488
208.576904
209.343933
210.107574
210.867813
211.624680
212.378159
213.128235
213.874939
214.618256
215.358185
216.094742
216.827896
217.557663
218.284058
219.007050
219.726654
220.442886
221.155731
221.865173
222.571243
223.273926
223.973221
224.669113
225.361649
226.050781
226.736526
227.418884
228.097855
228.773438
229.445648
230.114471
230.779892
231.441940
232.100586
232.755859
233.407730
234.056244
234.701340
235.343063
235.981415
236.616348
237.247910
237.876099
238.500885
239.122299
239.740311
240.354935
240.966171
241.574036
242.178497
242.779587
243.377289
243.971588
244.562515
245.150055
245.734207
246.314987
246.892365
247.466354
248.036972
248.604187
249.168015
249.728470
250.285522
250.839188
251.389481
