0.982782
0.008609
0.008609
0.008609
0.982782
0.008609
0.008609
0.008609
0.982782
0.000000
1.392347
2.728452
4.008316
5.231937
6.399316
7.510454
8.565350
9.564003
10.535750
11.509930
12.486541
13.465581
14.447053
15.430955
16.417290
17.406054
18.397247
19.390873
20.386929
21.385416
22.386333
23.389683
24.395462
25.403673
26.414314
27.427385
28.442890
29.460825
30.481190
31.503984
32.529209
33.556870
34.586960
35.619480
36.654427
37.691807
38.731617
39.773857
40.818535
41.865631
42.915173
43.967133
45.021530
46.078362
47.137615
48.199303
49.263424
50.327236
51.387989
52.445686
53.500332
54.551922
55.600452
56.645931
57.688354
58.727726
59.764046
60.797302
61.827507
62.854660
63.878754
64.899796
65.917786
66.932716
67.944595
68.953407
69.959175
70.961891
71.961548
72.958153
73.951706
74.942200
75.929642
76.914024
77.895348
78.873627
79.848846
80.821007
81.790123
82.756187
83.719185
84.679123
85.636017
86.589859
87.540642
88.488365
89.436371
90.388016
91.343277
92.302170
93.264687
94.230843
95.200615
96.174019
97.151047
98.131699
99.115982
100.103889
101.095421
102.090584
103.089371
104.091782
105.097824
106.107498
107.120789
108.137711
109.158264
110.182434
111.210236
112.241669
113.276726
114.315407
115.357712
116.403656
117.453217
118.506401
119.563225
120.623657
121.687737
122.755432
123.826752
124.901703
125.980278
127.062485
128.148300
129.233887
130.315323
131.392624
132.465759
133.534760
134.599609
135.660324
136.716888
137.769318
138.817581
139.861740
140.901733
141.937576
142.969284
143.996841
145.020264
146.039536
147.054672
148.065674
149.072525
150.075226
151.073776
152.068192
153.058456
154.044601
155.026581
156.004425
156.978119
157.947678
158.913101
159.874359
160.831482
161.784470
162.733307
163.677994
164.618546
165.554962
166.487213
167.415344
168.340088
169.262268
170.181885
171.098907
172.013351
172.925217
173.834503
174.741226
175.645340
176.546906
177.445892
178.342270
179.236115
180.127350
181.016006
181.902084
182.785599
183.666534
184.544876
185.420654
186.293854
187.164459
188.032501
188.897949
189.760849
190.621155
191.478867
192.334015
193.186584
194.036575
194.883987
195.728821
196.571075
197.410751
198.247864
199.082367
199.914307
200.743683
201.570465
202.394684
203.216309
204.035355
204.851822
205.665710
206.477036
207.285782
208.091934
208.895508
209.696518
210.494934
211.290787
212.084061
212.874741
213.662857
214.448395
215.231339
216.011719
216.789520
217.564743
218.337372
219.107452
219.874924
220.639847
221.402176
222.161926
222.919083
223.673691
224.425705
225.175140
225.921997
226.666275
227.407974
228.147110
228.883652
229.617615
230.348999
231.077820
231.804047
232.527695
233.248779
233.967270
234.683197
235.396545
236.107300
236.815475
237.521103
238.224121
238.924576
239.622437
240.317734
241.010452
0.000000
0.768568
1.562858
2.382873
3.228611
4.100071
4.997256
5.920163
6.868794
7.843149
8.843226
9.869028
10.920552
11.997799
13.100771
14.214494
15.323998
16.429285
17.530352
18.627197
19.719826
20.808237
21.892426
22.972399
24.048153
25.119684
26.187002
27.250097
28.308975
29.363630
30.414070
31.460291
32.502293
33.540073
34.573639
35.602982
36.628109
37.649014
38.665699
39.678169
40.686420
41.690453
42.690262
43.685848
44.677227
45.664379
46.647316
47.626030
48.600529
49.570808
50.536869
51.498714
52.456333
53.410900
54.365269
55.319561
56.273781
57.227928
58.182003
59.136005
60.089935
61.043793
61.997578
62.951283
63.904926
64.858482
65.811981
66.765396
67.718742
68.672012
69.625214
70.578339
71.531395
72.484375
73.437294
74.390129
75.342888
76.295570
77.248199
78.200737
79.153214
80.105614
81.057938
82.010185
82.962372
83.914467
84.866508
85.818474
86.770355
87.722168
88.673912
89.625900
90.580070
91.536751
92.495941
93.457634
94.421829
95.388542
96.357742
97.329460
98.303680
99.280411
100.259651
101.241386
102.225632
103.212387
104.201645
105.193405
106.187675
107.184448
108.183731
109.185516
110.189812
111.196609
112.205910
113.217720
114.232040
115.248856
116.268181
117.290024
118.314354
119.341202
120.370560
121.402412
122.436775
123.473648
124.513016
125.554901
126.599281
127.646065
128.692123
129.736252
130.778442
131.818695
132.857010
133.893387
134.927826
135.960327
136.990891
138.019501
139.046204
140.070938
141.093750
142.114624
143.133560
144.150558
145.165619
146.178726
147.189911
148.199158
149.206451
150.211823
151.215256
152.216751
153.216309
154.213913
155.209595
156.203323
157.195129
158.184998
159.172928
160.158920
161.142960
162.125061
163.105240
164.083481
165.059769
166.034134
167.002029
167.958939
168.904877
169.839813
170.763794
171.676773
172.578781
173.469803
174.349838
175.218887
176.076981
176.924057
177.760178
178.585297
179.399445
180.202606
180.994781
181.775986
182.546188
183.305435
184.053665
184.790939
185.517227
186.232544
186.936844
187.630188
188.312546
188.983917
189.644318
190.293716
190.932144
191.559586
192.176056
192.781525
193.376038
193.959534
194.532059
195.093613
195.644196
196.183777
196.712372
197.229996
197.736633
198.232285
198.716965
199.190643
199.653351
200.105072
200.545822
200.975571
201.394363
201.802155
202.198959
202.584793
202.959656
203.323517
203.676392
204.018295
204.349213
204.669144
204.978119
205.276077
205.563065
205.839081
206.104095
206.358139
206.601212
206.833267
207.054367
207.264481
207.463608
207.651764
207.828918
207.995102
208.150314
208.294525
208.427765
208.550018
208.661285
208.761566
208.850876
208.929199
208.996536
209.052917
209.098282
209.132675
209.156082
209.168518
0.000000
1.503222
2.913686
4.231390
5.456334
6.588520
7.627946
8.623503
9.624080
10.629679
11.640298
12.655938
13.676600
14.702281
15.732984
16.768707
17.809450
18.855215
19.906004
20.961807
22.022636
23.088484
24.159355
25.235241
26.316153
27.402084
28.493036
29.589008
30.690002
31.796017
32.907055
34.023109
35.144184
36.270287
37.401405
38.537540
39.678703
40.824883
41.976082
43.132305
44.292141
45.447113
46.595818
47.738247
48.874413
50.004307
51.127930
52.245281
53.356365
54.461174
55.559719
56.651989
57.737991
58.817722
59.891186
60.958382
62.019299
63.073952
64.122337
65.164444
66.200294
67.229858
68.253159
69.270195
70.280952
71.285446
72.283669
73.275620
74.261299
75.240707
76.213844
77.180725
78.141319
79.095650
80.049889
81.010201
81.976601
82.949081
83.927643
84.912277
85.903008
86.899811
87.902695
88.911667
89.926712
90.947845
91.975052
93.008347
94.047722
95.093170
96.144714
97.202324
98.266022
99.335808
100.411667
101.493607
102.581635
103.675735
104.775925
105.882195
106.994537
108.112968
109.237480
110.368073
111.504745
112.647499
113.796341
114.949959
116.100502
117.246696
118.388519
119.525986
120.659073
121.787811
122.912178
124.032181
125.147820
126.259102
127.366013
128.468552
129.566742
130.660568
131.750015
132.835098
133.915833
134.992188
136.064194
137.131836
138.195084
139.253998
140.308533
141.358719
142.404526
143.445984
144.483063
145.515778
146.544144
147.568130
148.587753
149.603012
150.613922
151.618271
152.613815
153.600601
154.578629
155.547882
156.508347
157.460052
158.402985
159.337143
160.262527
161.179138
162.086990
162.986069
163.876373
164.757904
165.630661
166.494644
167.349854
168.196320
169.033997
169.862900
170.683029
171.494370
172.296967
173.090790
173.875824
174.652115
175.419601
176.178329
176.928299
177.669479
178.401901
179.125549
179.840424
180.546524
181.243866
181.932419
182.612213
183.283218
183.945465
184.598938
185.243652
185.879578
186.506729
187.125122
187.734726
188.335587
188.927658
189.510956
190.085480
190.651245
191.208237
191.756454
192.295883
192.826569
193.348465
193.861603
194.365952
194.861542
195.348373
195.826416
196.295670
196.756180
197.207916
197.650864
198.085052
198.510468
198.927124
199.334991
199.734100
200.124420
200.505966
200.878769
201.242783
201.598038
201.944504
202.282211
202.611130
202.931290
203.242676
203.545288
203.839142
204.124207
204.400497
204.668045
204.926788
205.176788
205.417999
205.650436
205.874115
206.089005
206.295135
206.492508
206.681091
206.860901
207.031952
207.194214
207.347717
207.492447
207.628403
207.755585
207.874008
207.983643
208.084518
208.176620
208.259949
208.334503
208.400284
208.457306
208.505539
208.545013
208.575714
208.597656
208.610809
208.615189
