0.908797
0.045602
0.045602
0.045602
0.908797
0.045602
0.045602
0.045602
0.908797
0.000000
0.000000
0.000000
0.829837
1.922425
3.008594
4.088346
5.161680
6.228595
7.289093
8.343172
9.390836
10.432080
11.466905
12.495313
13.517304
14.532878
15.542031
16.544767
17.541086
18.530987
19.514469
20.491533
21.462179
22.426413
23.384222
24.335611
25.280586
26.219149
27.151283
28.077005
28.996309
29.909199
30.815662
31.715714
32.609341
33.496559
34.377357
35.251732
36.119690
36.981236
37.840694
38.702457
39.566502
40.432831
41.301445
42.172344
43.045528
43.921001
44.798752
45.678787
46.561111
47.445721
48.332611
49.221790
50.113255
51.007000
51.903034
52.801350
53.701954
54.604836
55.510010
56.417465
57.327206
58.239231
59.153542
60.070137
60.989014
61.910183
62.833630
63.759361
64.687386
65.617691
66.550285
67.485153
68.422302
69.361755
70.303474
71.247490
72.193787
73.142372
74.093239
75.046394
76.001831
76.959549
77.919563
78.881851
79.844711
80.806435
81.767014
82.726456
83.684753
84.641914
85.597931
86.552803
87.506538
88.459129
89.410583
90.360901
91.310066
92.258102
93.204987
94.150734
95.095337
96.038795
96.981125
97.922310
98.862350
99.801247
100.739006
101.675629
102.611107
103.545448
104.478638
105.410690
106.341606
107.271378
108.200005
109.127502
110.053841
110.979050
111.903114
112.826042
113.747826
114.668472
115.587975
116.506332
117.423546
118.339630
119.254570
120.168373
121.081017
121.992538
122.903809
123.815781
124.728424
125.641747
126.555756
127.470444
128.385803
129.301865
130.218582
131.136002
132.054092
132.972855
133.892303
134.812439
135.733246
136.654739
137.576920
138.499771
139.423309
140.347519
141.272415
142.197998
143.124252
144.051178
144.978806
145.907104
146.836090
147.765747
148.696091
149.627106
150.558807
151.491196
152.424255
153.357986
154.292419
155.227539
156.163315
157.099777
158.036926
158.974747
159.913269
160.852448
161.792328
162.732864
163.674103
164.616013
165.558151
166.500061
167.441742
168.383209
169.324448
170.265442
171.206223
172.146790
173.087112
174.027206
174.967102
175.906738
176.846176
177.785370
178.724335
179.663086
180.601608
181.539917
182.477966
183.415802
184.353424
185.290833
186.227982
187.164917
188.101624
189.038116
189.974380
190.910400
191.846222
192.781799
193.717148
194.652283
195.587173
196.521851
197.456314
198.390533
199.324539
200.258301
201.191849
202.125168
203.058258
203.991119
204.923767
205.856186
206.788376
207.720337
208.651138
209.579803
210.506332
211.430740
212.353027
213.273209
214.191238
215.107162
216.020935
216.932602
217.842148
218.749557
219.654846
220.557999
221.459030
222.357941
223.254745
224.149399
225.041931
225.932343
226.820618
227.706787
228.590820
229.472748
230.352509
231.230179
232.105713
232.979126
233.850418
234.719574
235.586609
0.000000
0.000000
0.000000
0.000000
0.000000
0.000000
0.102857
2.579568
4.985667
7.321157
9.586035
11.780305
13.903961
15.957008
17.939445
19.851274
21.692493
23.463102
25.163101
26.792484
28.351259
29.839426
31.256983
32.603928
33.880264
35.085987
36.221104
37.285606
38.315109
39.345253
40.376026
41.407429
42.439457
43.472115
44.505402
45.539318
46.573860
47.609035
48.644836
49.681271
50.718330
51.756020
52.794338
53.833286
54.872864
55.913063
56.953899
57.995365
59.037460
60.080181
61.123528
62.167507
63.212116
64.257355
65.303223
66.349716
67.396835
68.444588
69.492973
70.541985
71.591614
72.641891
73.692780
74.744316
75.796471
76.849251
77.902664
78.956711
80.012360
81.070572
82.131348
83.194687
84.260605
85.329086
86.400139
87.473763
88.549950
89.628700
90.710022
91.793915
92.880379
93.969406
95.061005
96.155167
97.251907
98.351212
99.453072
100.557518
101.664528
102.774094
103.886246
105.000954
106.118233
107.238091
108.360504
109.485489
110.613037
111.743156
112.875847
114.011116
115.148949
116.289337
117.432304
118.577835
119.725929
120.876595
122.029839
123.185646
124.342911
125.500572
126.658592
127.817009
128.975800
130.134964
131.294495
132.454422
133.614700
134.775375
135.936432
137.097855
138.259659
139.421844
140.584396
141.747330
142.910645
144.074326
145.238388
146.402847
147.567673
148.732864
149.898438
151.064392
152.230713
153.397415
154.564499
155.731964
156.899796
158.068008
159.236603
160.405563
161.574921
162.744629
163.914719
165.085205
166.256073
167.427292
168.598892
169.770874
170.938187
172.095779
173.243622
174.381729
175.510101
176.628769
177.737686
178.836868
179.926331
181.006073
182.076065
183.136322
184.186859
185.227661
186.258743
187.280075
188.291687
189.293579
190.285721
191.268143
192.240814
193.203781
194.157013
195.100494
196.034256
196.958298
197.872604
198.777161
199.672028
200.557129
201.432495
202.298141
203.154068
204.000244
204.836700
205.663422
206.480408
207.287659
208.085190
208.873001
209.650955
210.418945
211.176987
211.925049
212.663162
213.391327
214.109512
214.817749
215.516037
216.204346
216.882690
217.551102
218.209534
218.858017
219.496536
220.125092
220.743683
221.352325
221.951004
222.539719
223.118484
223.687271
224.246124
224.794998
225.333923
225.862885
226.381882
226.890930
227.390015
227.879120
228.358292
228.827484
229.286728
229.736023
230.175339
230.604706
231.024109
231.433563
231.833038
232.222565
232.602127
232.971741
233.331390
233.681076
234.020798
234.350571
234.670380
234.980209
235.280106
235.570038
235.850006
236.120010
236.380051
236.630142
236.870270
237.100449
237.320663
237.530914
237.731201
237.921524
238.101913
238.272324
238.432770
238.583252
238.723801
238.854355
238.974976
239.085632
0.000000
3.325032
6.509627
9.553783
12.457505
15.220787
17.843632
20.326040
22.668011
24.869541
26.930639
28.851297
30.631517
32.271301
33.770645
35.129551
36.419922
37.713654
39.010746
40.311207
41.615028
42.922211
44.232758
45.546665
46.863941
48.184578
49.508568
50.835930
52.166653
53.500732
54.838181
56.178989
57.523163
58.870697
60.221592
61.575855
62.933475
64.294464
65.658806
67.026520
68.397591
69.772026
71.149826
72.530983
73.915504
75.303383
76.693367
78.084137
79.475716
80.868095
82.261276
83.655266
85.050064
86.445648
87.842041
89.239250
90.637260
92.036064
93.435677
94.836098
96.237312
97.639343
99.042168
100.445793
101.850227
103.255470
104.661507
106.068352
107.475998
108.884460
110.293716
111.703773
113.114639
114.526306
115.938774
117.352051
118.767242
120.185455
121.606682
123.030945
124.458229
125.888542
127.321877
128.758240
130.197617
131.640015
133.085464
134.533905
135.985382
137.439880
138.897415
140.357956
141.821533
143.288132
144.757751
146.230392
147.706070
149.184769
150.666473
152.151230
153.638977
155.129776
156.623581
158.120422
159.620285
161.123184
162.615234
164.082611
165.525314
166.943344
168.336685
169.705353
171.049332
172.368637
173.663269
174.933197
176.178467
177.399078
178.594971
179.766205
180.912766
182.034637
183.131821
184.204346
185.252167
186.275345
187.273819
188.247620
189.196732
190.121170
191.020935
191.896011
192.746414
193.572144
194.373184
195.149567
195.910400
196.664871
197.412979
198.154724
198.890091
199.619110
200.341751
201.058029
201.767944
202.471481
203.168655
203.859451
204.543884
205.221970
205.893677
206.559021
207.217987
207.870590
208.516830
209.156708
209.790207
210.417343
211.038116
211.652512
212.260559
212.862244
213.457535
214.046463
214.629044
215.205246
215.775085
216.338547
216.895660
217.446381
217.990768
218.528763
219.060410
219.585663
220.104568
220.617111
221.123260
221.623062
222.116501
222.603561
223.084259
223.558609
224.026566
224.488174
224.943405
225.392258
225.834763
226.270889
226.700653
227.124054
227.541092
227.951752
228.356049
228.753983
229.145554
229.530746
229.909561
230.282028
230.648132
231.007858
231.361221
231.708206
232.048843
232.383102
232.710999
233.032532
233.347687
233.656479
233.958908
234.254974
234.544662
234.827972
235.104950
235.375549
235.639771
235.897614
236.149124
236.394241
236.632996
236.865402
237.091415
237.311066
237.524353
237.731293
237.931854
238.126038
238.313843
238.495316
238.670395
238.839127
239.001480
239.157471
239.307083
239.450348
239.587234
239.717758
239.841919
239.959686
240.071121
240.176178
240.274841
240.367188
240.453140
240.532715
240.605927
240.672791
240.733276
240.787399
240.835144
240.876526
240.911545
240.940186
240.962494
240.978394
240.987946
240.991119
