0.993422
0.003289
0.003289
0.003289
0.993422
0.003289
0.003289
0.003289
0.993422
0.000000
0.000000
1.062326
2.379319
3.678515
4.959915
6.223517
7.469325
8.697335
9.907548
11.099965
12.274584
13.431408
14.570433
15.691666
16.795099
17.880735
18.948576
19.998619
21.030869
22.045319
23.041971
24.020828
24.981888
25.925154
26.860577
27.798115
28.737768
29.679539
30.623423
31.569422
32.517536
33.467770
34.420113
35.374573
36.331150
37.289837
38.250648
39.213570
40.178604
41.145760
42.115025
43.086403
44.059906
45.035519
46.013245
46.993088
47.975048
48.959126
49.945312
50.933617
51.924038
52.916573
53.911224
54.907990
55.906872
56.907867
57.910980
58.916203
59.923546
60.933002
61.944576
62.958263
63.974068
64.991989
66.012016
67.034172
68.058434
69.084816
70.113304
71.143913
72.174828
73.202309
74.226250
75.246651
76.263504
77.276810
78.286575
79.292801
80.295479
81.294617
82.290207
83.282257
84.270767
85.255730
86.237144
87.215019
88.189354
89.160141
90.127388
91.091080
92.051247
93.007858
93.960930
94.910454
95.856438
96.798882
97.737778
98.673126
99.604935
100.533203
101.457932
102.379105
103.296745
104.210838
105.121391
106.028389
106.931854
107.831772
108.728142
109.620972
110.510262
111.396011
112.278206
113.156860
114.031975
114.903557
115.772736
116.644295
117.518745
118.396088
119.276329
120.159454
121.045479
121.934395
122.826187
123.720886
124.618469
125.518951
126.422318
127.328583
128.237732
129.149780
130.064713
130.982544
131.903244
132.826859
133.753372
134.682755
135.615036
136.550217
137.488297
138.429245
139.373108
140.319839
141.269470
142.222000
143.177429
144.135742
145.096939
146.061020
147.028000
147.997879
148.970642
149.946304
150.924866
151.906296
152.890640
153.877853
154.867966
155.860977
156.856888
157.855667
158.856705
159.854050
160.846222
161.833237
162.815109
163.791809
164.763367
165.729767
166.691010
167.647095
168.598022
169.543793
170.484406
171.419861
172.350159
173.275330
174.195312
175.110153
176.019821
176.924362
177.823730
178.717941
179.606995
180.490891
181.369644
182.243240
183.111664
183.974945
184.833054
185.686035
186.533844
187.376495
188.213989
189.046326
189.873520
190.695541
191.512436
192.324142
193.130707
193.932114
194.728363
195.519455
196.305405
197.086182
197.861801
198.632278
199.397964
200.171555
200.959213
201.760910
202.576645
203.406448
204.250290
205.108170
205.980103
206.866104
207.766113
208.680191
209.608337
210.550507
211.506729
212.477005
213.461319
214.459686
215.472107
216.498566
217.539078
218.593643
219.662231
220.744904
221.841599
222.952332
224.077133
225.215988
226.368881
227.535812
228.716812
229.911850
231.120941
232.344070
233.581253
234.832474
236.097763
237.377075
238.670456
239.977875
241.299332
242.634857
243.984421
245.348038
246.725708
248.117401
249.523163
0.000000
0.000000
0.683161
2.403557
4.086449
5.731836
7.339721
8.910100
10.442976
11.938346
13.396214
14.816575
16.199434
17.544788
18.852638
20.122988
21.355827
22.551167
23.726494
24.899313
26.069624
27.237425
28.402714
29.565495
30.725765
31.883526
33.038776
34.191517
35.341743
36.489464
37.634674
38.777374
39.917564
41.055244
42.190414
43.323071
44.453220
45.580860
46.705994
47.828609
48.948719
50.066319
51.181408
52.293987
53.404053
54.511612
55.616661
56.719200
57.819225
58.916744
60.011749
61.104248
62.194237
63.281712
64.366684
65.449142
66.529091
67.606529
68.681450
69.753876
70.823776
71.891174
72.956062
74.018440
75.078316
76.135666
77.190514
78.242851
79.292679
80.340004
81.385948
82.433350
83.482307
84.532845
85.584953
86.638626
87.693871
88.750679
89.809059
90.869019
91.930534
92.993629
94.058289
95.124519
96.192314
97.261688
98.332619
99.405128
100.479210
101.554855
102.632065
103.710854
104.791206
105.873131
106.956627
108.041687
109.128319
110.216522
111.306297
112.397636
113.490547
114.585022
115.681076
116.778694
117.877884
118.978638
120.080971
121.184860
122.290329
123.397369
124.505974
125.616142
126.727890
127.841209
128.956085
130.072540
131.190567
132.310150
133.431320
134.554047
135.678345
136.804214
137.930984
139.054733
140.174774
141.291122
142.403763
143.512695
144.617935
145.719482
146.817307
147.911453
149.001892
150.088638
151.171661
152.251022
153.326645
154.398590
155.466827
156.531387
157.592224
158.649353
159.702805
160.752548
161.798584
162.840927
163.879562
164.914505
165.945755
166.973297
167.997131
169.017288
170.033737
171.046463
172.055496
173.060852
174.062485
175.060440
176.054672
177.045227
178.032074
179.015198
179.994659
180.970398
181.942444
182.910782
183.875427
184.836380
185.793610
186.747162
187.697006
188.643158
189.585602
190.524338
191.459457
192.392334
193.323563
194.253143
195.181076
196.107346
197.031967
197.954926
198.876251
199.795914
200.713928
201.630280
202.544998
203.458038
204.369461
205.279205
206.187317
207.093765
207.998566
208.901703
209.803207
210.703033
211.601227
212.497757
213.392654
214.285889
215.177475
216.067398
216.955688
217.842300
218.727264
219.610596
220.492279
221.372284
222.250656
223.127365
224.002411
224.875839
225.747589
226.617691
227.486160
228.352951
229.218109
230.081604
230.943466
231.803650
232.662186
233.519089
234.374313
235.227921
236.079849
236.930130
237.778763
238.616241
239.433075
240.229263
241.004807
241.759705
242.493942
243.207550
243.900497
244.572800
245.224457
245.855469
246.465820
247.055557
247.624619
248.173050
248.700821
249.207947
249.694427
250.160263
250.605438
251.029968
251.433884
251.817123
252.179718
252.521667
252.842957
253.143631
253.423630
253.682983
0.000000
1.923766
3.779030
5.565790
7.284048
8.933802
10.515052
12.027801
13.472045
14.847787
16.155025
17.425243
18.689934
19.949093
21.202723
22.450817
23.693384
24.930416
26.161919
27.387894
28.608334
29.823242
31.032623
32.236469
33.434788
34.627571
35.814827
36.996548
38.172745
39.343399
40.508533
41.668133
42.822197
43.970737
45.113739
46.251217
47.383160
48.509571
49.630447
50.745800
51.855621
52.959904
54.058662
55.151882
56.239578
57.321739
58.398376
59.469471
60.535046
61.595085
62.649593
63.698566
64.742012
65.779930
66.812317
67.839165
68.860481
69.878418
70.898239
71.920174
72.944237
73.970421
74.998711
76.029129
77.061668
78.096329
79.133102
80.171997
81.213013
82.256149
83.301399
84.348770
85.398270
86.449875
87.503601
88.559464
89.617432
90.677521
91.739731
92.804054
93.870506
94.939079
96.009758
97.082573
98.157486
99.234543
100.313698
101.394981
102.478386
103.563904
104.651550
105.741310
106.833191
107.927193
109.023308
110.121544
111.221909
112.324387
113.428993
114.535706
115.644531
116.755493
117.868568
118.983215
120.096169
121.206879
122.315338
123.421562
124.525551
125.627289
126.726784
127.824043
128.919052
130.011826
131.102356
132.190643
133.276688
134.360489
135.442047
136.521362
137.598450
138.673279
139.745865
140.816223
141.884323
142.950180
144.013809
145.075195
146.134323
147.191223
148.245865
149.298294
150.348450
151.396378
152.442062
153.485504
154.526703
155.565659
156.602386
157.636856
158.669067
159.699066
160.726822
161.752319
162.775574
163.796600
164.815369
165.831909
166.846191
167.858185
168.866608
169.870941
170.871185
171.867355
172.859436
173.847443
174.831345
175.811157
176.786896
177.758530
178.726105
179.689575
180.648972
181.604263
182.555481
183.502609
184.445663
185.384598
186.319473
187.250259
188.176956
189.099579
190.018097
190.932541
191.842896
192.749161
193.651321
194.549423
195.443420
196.333359
197.219177
198.100922
198.978592
199.852158
200.721649
201.587051
202.448364
203.305603
204.158722
205.007782
205.852768
206.693649
207.530441
208.363159
209.191772
210.016312
210.837814
211.657242
212.474625
213.289978
214.103287
214.914536
215.723755
216.530945
217.336075
218.139145
218.940216
219.739212
220.536163
221.331100
222.123962
222.914810
223.703598
224.490341
225.275055
226.057709
226.838348
227.616928
228.393463
229.167953
229.940399
230.710800
231.479172
232.245499
233.009796
233.772018
234.532211
235.290359
236.046478
236.800537
237.552582
238.302551
239.050491
239.796387
240.540253
241.282074
242.021820
242.759552
243.495255
244.228882
244.960480
245.690048
246.417557
247.143021
247.866455
248.587845
249.307190
250.024490
250.739746
251.452972
252.164139
252.873276
253.580353
254.285400
254.988403
255.000000
