0.965974
0.017013
0.017013
0.017013
0.965974
0.017013
0.017013
0.017013
0.965974
0.000000
1.209744
2.407274
3.592591
4.768835
5.939144
7.103519
8.261960
9.414468
10.561041
11.701681
12.836386
13.965160
15.087998
16.204903
17.315874
18.420910
19.520012
20.613182
21.700415
22.781719
23.857084
24.926519
25.990021
27.047583
28.099216
29.144917
30.184677
31.218510
32.246407
33.268372
34.284401
35.294495
36.298656
37.296883
38.289173
39.275539
40.255966
41.230453
42.199017
43.161640
44.118332
45.069088
46.013908
46.952797
47.888283
48.826580
49.767956
50.712414
51.659958
52.610580
53.564293
54.521084
55.480965
56.443924
57.409969
58.379093
59.351303
60.326599
61.304977
62.286438
63.270981
64.258614
65.249321
66.243118
67.239990
68.239952
69.243004
70.249123
71.258339
72.270630
73.286011
74.304474
75.326019
76.350647
77.378365
78.409157
79.443039
80.480003
81.520042
82.563171
83.609383
84.658684
85.711060
86.766518
87.825066
88.886520
89.949753
91.014610
92.081070
93.149139
94.218819
95.290108
96.363014
97.437515
98.513641
99.591370
100.670708
101.751663
102.834221
103.918396
105.004173
106.091568
107.180565
108.271179
109.363396
110.457230
111.552673
112.649727
113.748383
114.848656
115.950546
117.054031
118.159134
119.265846
120.374168
121.484100
122.595650
123.708794
124.823563
125.939926
127.057915
128.177505
129.298706
130.421524
131.545944
132.671982
133.799103
134.915649
136.016891
137.102798
138.173386
139.228653
140.268600
141.293228
142.302536
143.296509
144.275177
145.238510
146.186508
147.119217
148.036591
148.938629
149.825363
150.696777
151.552856
152.393616
153.219070
154.029190
154.823990
155.603470
156.367630
157.116455
157.849976
158.568146
159.271027
159.958572
160.630798
161.287689
161.929291
162.555557
163.166489
163.762100
164.342392
164.907364
165.457016
165.991364
166.510361
167.014053
167.516891
168.033371
168.563507
169.107269
169.664688
170.235733
170.820419
171.418762
172.030716
172.656357
173.295593
173.948502
174.615036
175.295212
175.989044
176.696503
177.417618
178.152359
178.900742
179.662766
180.438446
181.227753
182.030701
182.847305
183.677521
184.521393
185.378922
186.250076
187.134872
188.033310
188.945389
189.871109
190.810471
191.763474
192.730133
193.710419
194.704330
195.711899
196.733109
197.767960
198.816452
199.878586
200.954361
202.043777
203.146820
204.263519
205.393875
206.537857
207.695465
208.866730
210.051636
211.250183
212.462357
213.688187
214.927658
216.180771
217.447510
218.727905
220.021942
221.329605
222.650925
223.985886
225.334473
226.696716
228.072586
229.462112
230.865280
232.282089
233.712509
235.156616
236.614334
238.085693
239.570694
241.069336
242.581635
244.107559
245.647156
247.200363
248.767212
250.347717
251.941833
253.549637
255.000000
255.000000
255.000000
255.000000
255.000000
0.000000
0.571004
1.261248
2.070735
2.999462
4.047429
5.214639
6.501088
7.841849
9.171987
10.491502
11.800394
13.098665
14.386314
15.663340
16.929745
18.185526
19.430687
20.665222
21.889135
23.102430
24.305099
25.497145
26.678570
27.849375
29.009554
30.159115
31.298050
32.426365
33.544056
34.651127
35.747570
36.833397
37.908596
38.973179
40.027138
41.070473
42.103188
43.125278
44.136745
45.137592
46.127819
47.107422
48.076401
49.034760
49.984028
50.933441
51.884525
52.837284
53.791725
54.747837
55.705627
56.665092
57.626232
58.589050
59.553543
60.519711
61.487556
62.457073
63.428268
64.401138
65.375679
66.351906
67.329803
68.309372
69.290627
70.273552
71.258156
72.244431
73.232384
74.222008
75.213318
76.206291
77.200943
78.197281
79.195290
80.194969
81.196327
82.199364
83.204071
84.210457
85.218513
86.228256
87.240791
88.257233
89.277603
90.301880
91.330086
92.362190
93.398232
94.438171
95.482033
96.529816
97.581512
98.637131
99.696655
100.760101
101.827461
102.898735
103.973938
105.053047
106.136070
107.223022
108.313881
109.408653
110.507347
111.609955
112.716484
113.826920
114.941277
116.059555
117.181747
118.307854
119.437881
120.571815
121.709671
122.851448
123.997131
125.146744
126.300270
127.456100
128.604660
129.744354
130.875183
131.997116
133.110199
134.214386
135.309723
136.396179
137.473755
138.542465
139.602310
140.653275
141.695358
142.728561
143.752914
144.768372
145.774963
146.772690
147.761551
148.741531
149.712616
150.674850
151.628220
152.572693
153.508316
154.435059
155.352921
156.261902
157.162033
158.053284
158.935654
159.809143
160.673767
161.529510
162.376404
163.214401
164.043549
164.868256
165.693024
166.517822
167.342667
168.167542
168.992462
169.817429
170.642426
171.467468
172.292557
173.117676
173.942841
174.768051
175.593292
176.418594
177.243912
178.069275
178.894684
179.720139
180.545624
181.371155
182.196732
183.022339
183.847992
184.673676
185.499420
186.325195
187.151001
187.976852
188.802750
189.628693
190.454666
191.280685
192.106735
192.932846
193.758972
194.585159
195.411377
196.237640
197.063934
197.890274
198.716660
199.543091
200.369537
201.196045
202.022583
202.849182
203.675812
204.502472
205.329193
206.155930
206.982712
207.809540
208.636414
209.463318
210.290283
211.117264
211.944290
212.771362
213.598480
214.425629
215.252823
216.080063
216.907333
217.734650
218.562012
219.389404
220.216843
221.044327
221.871826
222.699387
223.526993
224.354645
225.182312
226.010040
226.837799
227.665604
228.493439
229.321335
230.149246
230.977219
231.805222
232.633270
233.461365
234.289474
235.117645
235.945847
236.774109
237.602402
238.430725
239.259094
240.087509
240.915955
241.744461
242.572983
243.401566
244.230164
245.058823
0.000000
0.669823
1.541791
2.615905
3.789700
4.960713
6.128945
7.294393
8.457060
9.616946
10.774048
11.928369
13.079908
14.228664
15.374639
16.517832
17.658241
18.795868
19.930714
21.062777
22.192062
23.318562
24.442280
25.563215
26.681368
27.796740
28.909328
30.019136
31.126162
32.230404
33.331863
34.430546
35.526440
36.619556
37.709888
38.797440
39.882206
40.964314
42.044407
43.122604
44.198910
45.273319
46.345840
47.416462
48.485191
49.552032
50.616974
51.680023
52.741177
53.800438
54.857803
55.913277
56.966862
58.018547
59.068340
60.116241
61.162243
62.206352
63.248569
64.288895
65.327324
66.363861
67.398506
68.431252
69.462105
70.491066
71.518135
72.543304
73.566582
74.587975
75.607460
76.628456
77.654404
78.685272
79.721085
80.761818
81.807487
82.858086
83.913620
84.974083
86.039474
87.109802
88.185059
89.265251
90.350372
91.440422
92.535408
93.635330
94.740181
95.849953
96.964661
98.084305
99.208885
100.338387
101.472824
102.612198
103.756493
104.905731
106.059891
107.218994
108.383011
109.551979
110.725876
111.904694
113.087242
114.266388
115.440926
116.610863
117.776192
118.936905
120.093025
121.244530
122.391434
123.533730
124.671410
125.804497
126.932961
128.056839
129.176086
130.290756
131.400787
132.506226
133.607056
134.703293
135.794907
136.881927
137.964340
139.042145
140.115326
141.183914
142.247894
143.307251
144.362015
145.412170
146.457733
147.498688
148.535019
149.566757
150.593185
151.613663
152.628174
153.636703
154.639267
155.635864
156.626480
157.611145
158.589844
159.562561
160.529297
161.490067
162.444885
163.393723
164.336594
165.273499
166.204422
167.129379
168.048386
168.961395
169.868454
170.769531
171.664658
172.553787
173.436966
174.314163
175.185410
176.050659
176.909958
177.763275
178.610626
179.452026
180.287430
181.116882
181.940369
182.757889
183.569412
184.374985
185.174576
185.968201
186.755875
187.537552
188.313278
189.083023
189.846817
190.604614
191.356461
192.102341
192.842239
193.576172
194.304123
195.026138
195.742157
196.452194
197.156281
197.854416
198.546555
199.232727
199.912933
200.587158
201.255447
201.917725
202.574066
203.224426
203.868820
204.507233
205.139679
205.766159
206.386673
207.001205
207.609772
208.212387
208.809006
209.399673
209.984360
210.563080
211.135849
211.702637
212.263443
212.818283
213.367157
213.910065
214.446991
214.977966
215.502975
216.022003
216.535065
217.042130
217.543259
218.038406
218.527588
219.010788
219.488037
219.959320
220.424591
220.883942
221.337296
221.784683
222.226120
222.661560
223.091049
223.514557
223.932114
224.343674
224.749283
225.148926
225.542587
225.930267
226.311996
226.687744
227.057541
227.421356
227.779205
228.131073
228.477005
228.816940
229.150894
229.478897
