0.984158
0.007921
0.007921
0.007921
0.984158
0.007921
0.007921
0.007921
0.984158
0.000000
0.000000
0.000000
0.000000
0.093466
1.434510
2.766838
4.090446
5.405337
6.711511
8.008966
9.297703
10.577723
11.849025
13.111608
14.365474
15.610623
16.847054
18.074768
19.293760
20.504038
21.705599
22.898438
24.082561
25.257967
26.424652
27.582624
28.731876
29.872412
31.004227
32.127327
33.241707
34.347370
35.444317
36.532543
37.612053
38.682842
39.744923
40.798275
41.842915
42.878834
43.906036
44.924522
45.934288
46.935337
47.927670
48.911282
49.886181
50.852352
51.809814
52.758556
53.698582
54.629887
55.552475
56.466347
57.371502
58.267933
59.155647
60.034653
60.904938
61.766502
62.619335
63.469200
64.321808
65.177155
66.035255
66.896111
67.759697
68.626045
69.495125
70.366959
71.241539
72.118858
72.998932
73.881752
74.767319
75.655624
76.546684
77.440491
78.337044
79.236343
80.138390
81.043182
81.950722
82.861008
83.774025
84.689812
85.608337
86.529602
87.453621
88.380386
89.309891
90.242149
91.177155
92.114899
93.055397
93.998642
94.944641
95.893372
96.844856
97.799088
98.756065
99.715782
100.678246
101.643463
102.611427
103.582138
104.555588
105.531792
106.510330
107.488853
108.466965
109.444656
110.421913
111.398766
112.375191
113.351204
114.326782
115.301949
116.276695
117.251022
118.224922
119.198418
120.171478
121.144127
122.116348
123.088158
124.059540
125.030502
126.001045
126.971176
127.940880
128.910172
129.879028
130.847473
131.815491
132.783096
133.750275
134.717041
135.683380
136.649307
137.614807
138.579895
139.544556
140.508804
141.472610
142.436020
143.399002
144.361572
145.323700
146.285431
147.246719
148.207611
149.168060
150.128098
151.087738
152.046921
153.006760
153.968307
154.931549
155.896484
156.863144
157.831497
158.801529
159.773285
160.746735
161.721893
162.698746
163.677307
164.657562
165.639526
166.623184
167.608551
168.595612
169.584381
170.574860
171.567032
172.560898
173.556458
174.553741
175.552704
176.553391
177.555756
178.559845
179.565628
180.573120
181.582306
182.593185
183.605774
184.620056
185.636063
186.653748
187.673141
188.694244
189.717041
190.741531
191.767731
192.795639
193.825226
194.856537
195.889557
196.924255
197.960663
198.998779
200.038574
201.079971
202.122940
203.167465
204.213577
205.261261
206.310516
207.361343
208.413757
209.467728
210.523285
211.580414
212.639114
213.699387
214.761261
215.824661
216.889679
217.956238
219.024399
220.094116
221.165421
222.238281
223.312729
224.388748
225.466324
226.545502
227.626236
228.708557
229.792435
230.877899
231.964951
233.053558
234.143753
235.235519
236.328857
237.423752
238.520233
239.618301
240.717941
241.819138
242.921906
244.026260
245.132187
246.239700
247.348770
248.459427
249.571640
250.685455
251.660660
252.357285
252.775253
252.914581
0.000000
1.079324
2.159058
3.239203
4.319758
5.400724
6.482100
7.563888
8.646085
9.728692
10.811711
11.895140
12.978980
14.063230
15.147890
16.232962
17.318445
18.404337
19.490641
20.577353
21.664476
22.752012
23.839954
24.928310
26.017076
27.106253
28.195839
29.285837
30.376245
31.467066
32.558296
33.649933
34.741989
35.834450
36.927319
38.020603
39.114292
40.208393
41.302910
42.397831
43.493168
44.588913
45.685070
46.781635
47.878613
48.976002
50.073799
51.172005
52.270626
53.369656
54.468056
55.564796
56.659866
57.753273
58.845009
59.935089
61.023499
62.110245
63.195320
64.278732
65.360481
66.440567
67.518990
68.595734
69.670830
70.744247
71.816002
72.886093
73.954521
75.021278
76.086372
77.149803
78.211571
79.271667
80.330109
81.386879
82.441971
83.495415
84.547188
85.597290
86.645729
87.692513
88.737625
89.781067
90.822845
91.862961
92.901413
93.938194
94.973320
96.006775
97.038551
98.068680
99.097130
100.123932
101.149055
102.172523
103.194313
104.214447
105.232910
106.249718
107.264847
108.278641
109.291885
110.304619
111.316833
112.328537
113.339729
114.350418
115.360580
116.370239
117.379379
118.388008
119.396118
120.403725
121.410812
122.417389
123.423447
124.429008
125.434036
126.438568
127.442581
128.446075
129.449051
130.451523
131.453491
132.454941
133.455856
134.456284
135.456192
136.455582
137.454483
138.452835
139.450699
140.448029
141.444870
142.441193
143.436981
144.432281
145.427063
146.421326
147.415085
148.408310
149.401031
150.393250
151.384949
152.376144
153.366821
154.356979
155.346619
156.335754
157.324387
158.312485
159.300003
160.286621
161.272232
162.256851
163.240494
164.223129
165.204788
166.185455
167.165131
168.143799
169.121490
170.098190
171.073898
172.048630
173.022369
173.995102
174.966843
175.937592
176.907364
177.876144
178.843933
179.810730
180.776535
181.741348
182.705170
183.668015
184.629852
185.590698
186.550568
187.509430
188.467316
189.424210
190.380127
191.335022
192.288940
193.241867
194.193802
195.144760
196.094711
197.043686
197.991653
198.938644
199.884644
200.829651
201.773666
202.716690
203.658722
204.599762
205.539810
206.478882
207.416946
208.354019
209.289902
210.224472
211.157776
212.089783
213.020508
213.949951
214.878098
215.804962
216.730545
217.654846
218.577850
219.499573
220.419998
221.339157
222.257019
223.173615
224.088882
225.002884
225.915619
226.827057
227.737198
228.646057
229.553635
230.459915
231.364914
232.268646
233.171066
234.072220
234.972061
235.870636
236.767944
237.663925
238.558640
239.452072
240.344223
241.235077
242.124649
243.012924
243.899918
244.785629
245.670059
246.553207
247.435043
248.315613
249.194901
250.072891
250.949600
251.825027
252.699142
253.572006
254.443573
254.878983
0.000000
1.318254
2.630493
3.936716
5.236924
6.531115
7.819291
9.101452
10.377597
11.647726
12.911840
14.169937
15.422022
16.668089
17.908138
19.142174
20.370195
21.592199
22.808189
24.018164
25.222120
26.420063
27.611988
28.797901
29.977795
31.151674
32.319538
33.481384
34.637218
35.787037
36.930836
38.068623
39.200394
40.326149
41.445889
42.559612
43.667316
44.769012
45.864689
46.954346
48.037994
49.115623
50.187237
51.252834
52.312420
53.365982
54.413536
55.458740
56.505280
57.553146
58.602352
59.652885
60.704754
61.757950
62.812477
63.868340
64.925529
65.984055
67.043907
68.105087
69.167610
70.231453
71.296638
72.363152
73.430992
74.500160
75.570663
76.642502
77.715675
78.790169
79.865997
80.943169
82.021652
83.101479
84.182632
85.265121
86.348938
87.434090
88.520569
89.608391
90.697533
91.788002
92.879814
93.972946
95.067421
96.163216
97.260345
98.358818
99.458603
100.559738
101.662193
102.765976
103.871101
104.977554
106.085335
107.193756
108.301102
109.407310
110.512367
111.616280
112.719055
113.820679
114.921158
116.020500
117.118683
118.215729
119.311630
120.406380
121.499992
122.592461
123.683784
124.773949
125.862984
126.950867
128.037613
129.123215
130.207657
131.290970
132.373123
133.454132
134.533997
135.612732
136.690308
137.766739
138.842026
139.916183
140.989182
142.061035
143.131744
144.201309
145.269730
146.337006
147.403137
148.468124
149.531967
150.594666
151.656204
152.716599
153.775864
154.833984
155.890945
156.946777
158.001450
159.054626
160.104141
161.149582
162.190979
163.228333
164.261642
165.290924
166.316132
167.337326
168.354446
169.367554
170.376602
171.381592
172.382553
173.379471
174.372345
175.361160
176.345947
177.326675
178.303375
179.276016
180.244629
181.209198
182.169708
183.126175
184.078598
185.026978
185.971329
186.911621
187.847870
188.780075
189.708237
190.632355
191.552429
192.468460
193.380432
194.288376
195.192276
196.092133
196.987930
197.879684
198.767410
199.651077
200.530716
201.406296
202.277832
203.145340
204.008789
204.868301
205.726181
206.583344
207.439804
208.295563
209.150620
210.004974
210.858643
211.711578
212.563828
213.415359
214.266220
215.116348
215.965790
216.814514
217.662537
218.509857
219.356491
220.202408
221.047623
221.892136
222.735947
223.579056
224.421463
225.263153
226.104156
226.944458
227.784058
228.622940
229.461136
230.298599
231.135391
231.971466
232.806854
233.641510
234.475479
235.308762
236.141312
236.973175
237.804321
238.634781
239.464539
240.293594
241.121933
241.949570
242.776505
243.602737
244.428284
245.253113
246.051788
246.798965
247.494614
248.138733
248.731339
249.272400
249.761932
250.199936
250.586395
250.921341
251.204758
251.436646
251.616989
251.745819
251.823120
251.848892
