0.684365
0.157818
0.157818
0.157818
0.684365
0.157818
0.157818
0.157818
0.684365
0.000000
1.160065
2.266631
3.319696
4.319262
5.265328
6.157894
6.996960
7.782526
8.543545
9.308978
10.078821
10.853075
11.631742
12.414817
13.202304
13.994202
14.790510
15.591230
16.396360
17.205902
18.019854
18.838217
19.660990
20.488176
21.319771
22.155777
22.996195
23.841022
24.690262
25.543911
26.401974
27.264446
28.131329
29.002623
29.878326
30.758442
31.642967
32.531906
33.425251
34.323009
35.225182
36.131760
37.042751
37.958153
38.877968
39.802189
40.730827
41.663876
42.601330
43.543015
44.484898
45.425327
46.364307
47.301838
48.237919
49.172543
50.105721
51.037449
51.967720
52.896549
53.823921
54.749840
55.674316
56.597336
57.518906
58.439026
59.357693
60.274910
61.190678
62.104992
63.017857
63.929276
64.839233
65.747749
66.654808
67.560417
68.464577
69.367287
70.268539
71.168358
72.066711
72.963615
73.859070
74.753067
75.645630
76.536728
77.426376
78.314583
79.201324
80.086632
80.970482
81.853287
82.737488
83.623512
84.511345
85.400978
86.292435
87.185699
88.080772
88.977654
89.876343
90.776848
91.679161
92.583290
93.489235
94.396980
95.306541
96.217903
97.131088
98.046082
98.962875
99.881493
100.801918
101.724152
102.648201
103.574051
104.501717
105.431206
106.362488
107.295586
108.230499
109.167221
110.105751
111.046089
111.988243
112.932213
113.877991
114.825569
115.774971
116.726181
117.679192
118.634026
119.590660
120.548218
121.504585
122.459633
123.413376
124.365799
125.316917
126.266724
127.215218
128.162415
129.108292
130.052856
130.996094
131.938034
132.878693
133.818008
134.756012
135.692719
136.628113
137.562195
138.494965
139.426437
140.356583
141.285416
142.212952
143.139175
144.064087
144.987686
145.909973
146.830948
147.750626
148.668961
149.586014
150.501740
151.416168
152.329300
153.241089
154.151581
155.060776
155.968643
156.875214
157.780472
158.684402
159.582504
160.470093
161.347229
162.213898
163.070114
163.915878
164.751175
165.576004
166.390381
167.194290
167.987747
168.770752
169.543289
170.305359
171.056976
171.798126
172.528824
173.249054
173.958832
174.658142
175.347000
176.025391
176.693329
177.350800
177.997818
178.634354
179.260452
179.876083
180.481262
181.075974
181.660233
182.234009
182.797333
183.350204
183.892624
184.424576
184.946060
185.457092
185.957657
186.447769
186.927414
187.396606
187.855331
188.303604
188.741409
189.168762
189.585648
189.992081
190.388046
190.773544
191.148590
191.513184
191.867310
192.210983
192.544174
192.866928
193.179214
193.481049
193.772400
194.053314
194.323746
194.583740
194.833267
195.072327
195.300934
195.519073
195.726746
195.923981
196.110748
196.287033
196.452896
196.608276
196.753204
196.887650
197.011658
197.125198
197.228287
197.320908
197.403061
197.474762
0.000000
0.910283
1.929442
3.057476
4.294386
5.640172
7.094833
8.658371
10.330785
12.047700
13.744744
15.421915
17.079214
18.716640
20.334194
21.931877
23.509687
25.067627
26.605694
28.123886
29.622208
31.100658
32.559238
33.997944
35.416775
36.815739
38.194828
39.554043
40.893391
42.212864
43.512466
44.792194
46.052052
47.292034
48.512150
49.712391
50.892754
52.053249
53.193878
54.317490
55.441223
56.567936
57.697636
58.830315
59.965969
61.104614
62.246235
63.390835
64.538422
65.688988
66.842537
67.999069
69.158577
70.321068
71.486542
72.654999
73.826439
75.000854
76.178253
77.358635
78.542000
79.728340
80.917671
82.109978
83.305260
84.503532
85.704781
86.909012
88.116226
89.326431
90.539604
91.755806
92.975014
94.197235
95.422470
96.650711
97.881958
99.116219
100.353500
101.593773
102.837067
104.083366
105.332680
106.584999
107.840332
109.098679
110.360031
111.624390
112.891769
114.162148
115.435539
116.711945
117.991364
119.273773
120.559219
121.847649
123.139114
124.433578
125.731041
127.031532
128.333664
129.629272
130.916977
132.196793
133.468719
134.732742
135.988876
137.237137
138.477493
139.709946
140.934509
142.151184
143.359970
144.560852
145.753860
146.938950
148.116180
149.285492
150.446915
151.600449
152.746094
153.883835
155.013687
156.135666
157.249725
158.355896
159.454193
160.544571
161.627075
162.701675
163.768387
164.826904
165.876923
166.918427
167.951447
168.975967
169.991959
170.999451
171.998474
172.988968
173.970963
174.944458
175.909454
176.865952
177.813934
178.753418
179.684402
180.606873
181.520859
182.426346
183.323318
184.211792
185.091766
185.963242
186.826202
187.680664
188.526627
189.364090
190.193054
191.013504
191.825455
192.628906
193.423859
194.210312
194.988251
195.757706
196.518646
197.271088
198.015015
198.750443
199.477386
200.195816
200.905731
201.607162
202.300095
202.984512
203.660431
204.327866
204.986786
205.637177
206.279083
206.912506
207.537415
208.153824
208.761719
209.361115
209.952026
210.534424
211.108307
211.673706
212.230591
212.778976
213.318863
213.850250
214.373123
214.887512
215.393387
215.890762
216.379639
216.860001
217.331879
217.795242
218.250107
218.696472
219.134338
219.563690
219.984543
220.396896
220.800735
221.196106
221.582947
221.961288
222.331131
222.692474
223.045303
223.389648
223.725479
224.052826
224.371643
224.681976
224.983795
225.277130
225.561951
225.838272
226.106079
226.365387
226.616211
226.858521
227.092316
227.317627
227.534439
227.742737
227.942535
228.133835
228.316635
228.490921
228.656708
228.813995
228.962799
229.103088
229.234863
229.358154
229.472916
229.579208
229.676971
229.766251
229.847015
229.919281
229.983047
230.038315
230.085068
230.123322
230.153091
230.174347
230.187088
230.191345
0.000000
4.999998
9.999998
14.999998
19.999998
24.999998
29.999998
34.999996
39.999996
44.999996
49.999996
54.968670
59.616005
63.871479
67.735100
71.206856
74.286766
76.974815
79.271019
81.175354
82.687843
83.808472
84.722435
85.811684
87.087799
88.550766
90.200600
92.037292
94.060852
96.271271
98.668549
101.252686
104.018211
106.784554
109.464149
112.056999
114.563103
116.982460
119.315079
121.560959
123.720085
125.792480
127.778114
129.679443
131.506546
133.260529
134.941330
136.548981
138.083496
139.544861
140.933090
142.248169
143.490067
144.658844
145.788269
146.912064
148.030258
149.142838
150.249802
151.351181
152.446960
153.537109
154.621674
155.700607
156.773956
157.841705
158.903839
159.960388
161.011292
162.056625
163.096344
164.130463
165.158966
166.181870
167.199158
168.210861
169.216949
170.217422
171.212311
172.201584
173.185257
174.163300
175.135757
176.102631
177.063873
178.019501
178.969543
179.913971
180.852814
181.786041
182.713654
183.635666
184.552078
185.462875
186.368088
187.267670
188.161667
189.050049
189.932831
190.809998
191.681564
192.547546
193.407883
194.262650
195.111801
195.955338
196.793274
197.625610
198.452347
199.273468
200.088989
200.898895
201.703201
202.501907
203.295013
204.082520
204.864395
205.640686
206.411362
207.176437
207.935913
208.689774
209.438049
210.180695
210.917740
211.649185
212.375031
213.095276
213.809906
214.518921
215.222336
215.920166
216.612366
217.298965
217.979980
218.655380
219.325180
219.989349
220.647934
221.300919
221.948273
222.590042
223.226212
223.856766
224.481705
225.101059
225.714783
226.322937
226.925461
227.522400
228.113724
228.699432
229.279541
229.854065
230.422943
230.986267
231.543945
232.096024
232.642517
233.183395
233.718658
234.248337
234.772400
235.290848
235.803711
236.310944
236.812592
237.308640
237.799072
238.283890
238.763107
239.236725
239.704758
240.167145
240.623978
241.075165
241.520752
241.960739
242.395126
242.823898
243.247086
243.664627
244.076584
244.482956
244.883713
245.278870
245.668396
246.052353
246.430664
246.803421
247.170532
247.532043
247.887970
248.238281
248.582993
248.922089
249.255569
249.583466
249.905746
250.222443
250.533508
250.838974
251.138824
251.433105
251.721756
252.004807
252.282242
252.554092
252.820312
253.080948
253.335983
253.585388
253.829208
254.067444
254.300034
254.527039
254.748428
254.964203
255.000000
255.000000
255.000000
255.000000
255.000000
255.000000
255.000000
255.000000
255.000000
255.000000
255.000000
255.000000
255.000000
255.000000
255.000000
255.000000
255.000000
255.000000
255.000000
255.000000
255.000000
255.000000
255.000000
255.000000
255.000000
255.000000
255.000000
255.000000
255.000000
255.000000
255.000000
255.000000
255.000000
255.000000
255.000000
255.000000
255.000000
255.000000
