0.983377
0.008312
0.008312
0.008312
0.983377
0.008312
0.008312
0.008312
0.983377
0.000000
1.251632
2.489154
3.712565
4.921865
6.117055
7.298133
8.465102
9.617959
10.756707
11.881344
12.991869
14.088284
15.170588
16.238783
17.296898
18.348972
19.395002
20.434988
21.468931
22.496832
23.518690
24.534500
25.544271
26.548000
27.545683
28.537323
29.522921
30.502476
31.475983
32.443451
33.404873
34.360256
35.309597
36.252888
37.190140
38.121346
39.046513
39.965633
40.881710
41.802074
42.727058
43.656662
44.590889
45.529736
46.473198
47.421284
48.373989
49.331318
50.293266
51.259834
52.231022
53.206829
54.187260
55.172306
56.161976
57.156265
58.155182
59.158707
60.166862
61.179630
62.197021
63.219036
64.245049
65.271294
66.297165
67.322655
68.347755
69.372482
70.396812
71.420776
72.444351
73.467545
74.490356
75.512794
76.534836
77.556503
78.577782
79.598694
80.619209
81.639351
82.659103
83.678474
84.697464
85.716072
86.734299
87.752144
88.769630
89.787148
90.804871
91.822784
92.840904
93.859238
94.877762
95.896484
96.915413
97.934547
98.953880
99.973412
100.993141
102.013077
103.033218
104.053558
105.074097
106.094833
107.115784
108.136925
109.158272
110.179817
111.201569
112.223518
113.245674
114.264755
115.277504
116.283928
117.284004
118.277756
119.265175
120.246246
121.220993
122.189415
123.151489
124.107239
125.056648
125.999718
126.936462
127.866859
128.790939
129.708679
130.620087
131.525162
132.423904
133.316299
134.202362
135.082092
135.955505
136.822571
137.683304
138.537689
139.385757
140.227493
141.062881
141.891937
142.714676
143.531067
144.341125
145.144836
145.942230
146.733292
147.518005
148.296402
149.068466
149.834167
150.593567
151.346603
152.093323
152.833710
153.567749
154.295471
155.016861
155.731903
156.440613
157.143005
157.839035
158.528732
159.212128
159.889160
160.559860
161.224258
161.882294
162.533997
163.179352
163.818390
164.451096
165.077469
165.697495
166.311203
166.918564
167.519608
168.114288
168.702667
169.284683
169.860382
170.429749
170.992767
171.549454
172.099823
172.643860
173.181549
173.712891
174.237915
174.756607
175.268967
175.774979
176.274673
176.768021
177.255035
177.735718
178.210068
178.678085
179.139755
179.595108
180.044128
180.486801
180.923141
181.353149
181.776840
182.194168
182.605179
183.009857
183.408188
183.800201
184.185883
184.565201
184.938202
185.304871
185.665207
186.019196
186.366867
186.708206
187.043198
187.371872
187.694199
188.010193
188.319855
188.623184
188.920181
189.210831
189.495163
189.773148
190.044800
190.310120
190.569107
190.821777
191.068085
191.308060
191.541733
191.769043
191.990021
192.204666
192.412979
192.614944
192.810608
192.999924
193.182892
193.359558
193.529861
193.693817
193.851456
194.002792
194.147751
194.286407
194.418701
194.544662
194.664322
194.777603
0.000000
0.336218
1.789406
3.195205
4.553617
5.864642
7.128279
8.344527
9.513389
10.634862
11.708948
12.735645
13.714956
14.671644
15.630472
16.591440
17.554548
18.519800
19.487190
20.456722
21.428396
22.402206
23.378162
24.356258
25.336494
26.318872
27.303389
28.290049
29.278847
30.269785
31.262869
32.258087
33.255455
34.254955
35.256603
36.260387
37.266315
38.274380
39.284416
40.295998
41.309113
42.323753
43.339920
44.357616
45.376842
46.397598
47.419880
48.443687
49.469028
50.495895
51.524292
52.554214
53.585670
54.618652
55.653168
56.689205
57.726768
58.765869
59.806492
60.848644
61.892326
62.937534
63.984272
65.031967
66.077095
67.119080
68.157921
69.193634
70.226196
71.255615
72.281906
73.305046
74.325043
75.341911
76.355637
77.366211
78.373650
79.377953
80.379112
81.377129
82.372002
83.363739
84.352333
85.337799
86.320107
87.299278
88.275314
89.248215
90.218246
91.191864
92.171677
93.157677
94.149879
95.148277
96.152870
97.163658
98.180634
99.203812
100.233192
101.268761
102.310532
103.358482
104.412643
105.472992
106.539543
107.612274
108.691223
109.776352
110.867683
111.965202
113.068924
114.178841
115.294945
116.417259
117.538765
118.652473
119.758385
120.856499
121.946808
123.029327
124.104050
125.170967
126.230087
127.281410
128.324936
129.360672
130.388611
131.408722
132.421066
133.425598
134.422348
135.411301
136.392441
137.365768
138.331329
139.289078
140.239029
141.181198
142.115555
143.042114
143.960861
144.871826
145.774994
146.670364
147.557938
148.437714
149.309692
150.173874
151.030258
151.878830
152.719604
153.552597
154.377792
155.195175
156.004776
156.806580
157.600571
158.386780
159.165176
159.935776
160.698593
161.453598
162.200806
162.940216
163.671844
164.395660
165.111679
165.819901
166.520325
167.212952
167.897781
168.574814
169.244049
169.905487
170.559113
171.204956
171.843002
172.473236
173.095688
173.710327
174.317184
174.916229
175.507492
176.090942
176.666611
177.234467
177.794525
178.346802
178.891266
179.427933
179.956802
180.477875
180.991165
181.496658
181.994339
182.484207
182.966293
183.440598
183.907074
184.365768
184.816666
185.259766
185.695068
186.122574
186.542267
186.954163
187.358276
187.754593
188.143097
188.523819
188.896744
189.261856
189.619186
189.968704
190.310425
190.644363
190.970490
191.288818
191.599365
191.902084
192.197037
192.484177
192.763504
193.035065
193.298813
193.554779
193.802917
194.043274
194.275818
194.500595
194.717545
194.926712
195.128067
195.321655
195.507416
195.685394
195.855560
196.017944
196.172531
196.319290
196.458267
196.589478
196.712860
196.828445
196.936234
197.036240
197.128433
197.212845
197.289429
197.358246
197.419235
197.472458
197.517868
197.555466
197.585297
197.607300
0.000000
1.484304
2.912117
4.283438
5.598270
6.856610
8.058460
9.203819
10.292689
11.325067
12.300953
13.248928
14.197572
15.146883
16.096863
17.047510
17.998825
18.950809
19.903460
20.856779
21.810764
22.765423
23.720743
24.676735
25.633394
26.590719
27.548714
28.507376
29.466707
30.426704
31.387371
32.348705
33.310707
34.273376
35.236713
36.201981
37.172256
38.147686
39.128262
40.113987
41.104870
42.100899
43.102074
44.108406
45.119881
46.136513
47.158295
48.185223
49.217304
50.254539
51.296917
52.344448
53.397137
54.454967
55.517948
56.586086
57.659367
58.737804
59.821388
60.909328
61.996861
63.083187
64.168320
65.252243
66.334961
67.416481
68.496796
69.575905
70.653816
71.730530
72.806030
73.880333
74.953430
76.025330
77.096024
78.165512
79.233803
80.300888
81.366768
82.431458
83.494926
84.557205
85.618279
86.678131
87.736549
88.793427
89.848778
90.902596
91.954872
93.005623
94.054840
95.102524
96.148674
97.193283
98.236366
99.277908
100.317917
101.356400
102.393341
103.428749
104.462624
105.494972
106.525780
107.555054
108.582802
109.609009
110.633675
111.656822
112.675743
113.687759
114.692856
115.691055
116.682343
117.666718
118.644196
119.614754
120.578415
121.535156
122.485001
123.427933
124.363960
125.293068
126.215279
127.130585
128.038971
128.940460
129.835037
130.722702
131.603455
132.477325
133.344269
134.204300
135.057434
135.903641
136.742966
137.575378
138.400864
139.219452
140.031128
140.835922
141.633789
142.424728
143.208786
143.985916
144.756149
145.519485
146.275909
147.025406
147.768021
148.503708
149.232498
149.954361
150.669327
151.377396
152.078552
152.772812
153.460144
154.140579
154.814102
155.480713
156.140427
156.793228
157.439117
158.078094
158.710175
159.335327
159.953598
160.564941
161.169388
161.766922
162.357559
162.941269
163.518082
164.087997
164.650986
165.207077
165.756256
166.298538
166.833893
167.362350
167.883896
168.398544
168.906265
169.407104
169.901016
170.388031
170.868118
171.341324
171.807602
172.266983
172.719437
173.165009
173.603653
174.035400
174.460251
174.878189
175.289200
175.693314
176.090515
176.480820
176.864212
177.240677
177.610245
177.972931
178.328690
178.677536
179.019485
179.354507
179.682632
180.003845
180.318176
180.625580
180.926071
181.219666
181.506332
181.786102
182.058960
182.324921
182.583969
182.836090
183.081329
183.319656
183.551071
183.775589
183.993179
184.203873
184.407669
184.604538
184.794510
184.977570
185.153732
185.322952
185.485306
185.640732
185.789230
185.930862
186.065552
186.193359
186.314255
186.428223
186.535309
186.635468
186.728729
186.815079
186.894516
186.967056
187.032684
187.091385
187.143204
187.188110
187.226089
187.257172
187.281357
187.298645
187.309006
187.312439
