0.991826
0.004087
0.004087
0.004087
0.991826
0.004087
0.004087
0.004087
0.991826
0.000000
0.994759
1.992005
2.991739
3.993959
4.998667
6.005862
7.015543
8.027714
9.042370
10.059513
11.079144
12.101262
13.125867
14.152959
15.182538
16.214605
17.249157
18.286200
19.325727
20.367743
21.412245
22.459234
23.508711
24.560675
25.615126
26.672064
27.731489
28.793404
29.857801
30.924690
31.994062
33.065929
34.140274
35.215015
36.288059
37.359406
38.429054
39.497002
40.563251
41.627808
42.690659
43.751812
44.811272
45.869030
46.925087
47.979446
49.032112
50.083076
51.132343
52.179909
53.225780
54.269951
55.312420
56.353195
57.392273
58.429646
59.465328
60.499306
61.531586
62.562168
63.591049
64.618240
65.643730
66.667511
67.689598
68.709999
69.728691
70.745682
71.760979
72.774574
73.786476
74.796677
75.805183
76.811981
77.817085
78.820496
79.822205
80.822212
81.820526
82.817131
83.812050
84.805267
85.796783
86.786606
87.774727
88.761147
89.745865
90.728973
91.710838
92.691544
93.671089
94.649475
95.626701
96.602768
97.577682
98.551437
99.524025
100.495461
101.465729
102.434845
103.402794
104.369583
105.335220
106.299698
107.263016
108.225166
109.186165
110.146004
111.104683
112.062202
113.018562
113.973763
114.927795
115.880676
116.832405
117.782967
118.732368
119.680611
120.627693
121.573616
122.518394
123.461990
124.404442
125.345726
126.285858
127.224815
128.162628
129.099289
130.034775
130.969086
131.902267
132.834274
133.765137
134.694824
135.623352
136.550735
137.476959
138.402008
139.325912
140.248642
141.170227
142.090637
143.011230
143.933350
144.856979
145.782150
146.708847
147.637070
148.566803
149.498062
150.430862
151.365173
152.300995
153.238342
154.177231
155.117630
156.059555
157.003006
157.947983
158.894470
159.842484
160.792023
161.743088
162.695679
163.649780
164.605423
165.562592
166.521255
167.481476
168.443192
169.406448
170.371216
171.337524
172.305344
173.274689
174.245544
175.217926
176.191849
177.167282
178.144241
179.122726
180.102737
181.084259
182.067307
183.051895
184.037994
185.025620
186.014740
187.005417
187.997620
188.991318
189.986572
190.983337
191.981613
192.981430
193.982758
194.985565
195.989594
196.994797
198.001175
199.008713
200.017441
201.027328
202.038391
203.050629
204.064041
205.078613
206.094376
207.111298
208.129395
209.148666
210.169113
211.190720
212.213516
213.237473
214.262619
215.288925
216.316406
217.345047
218.374878
219.405884
220.438065
221.471390
222.505905
223.541595
224.578445
225.616501
226.655701
227.696075
228.737640
229.780365
230.824249
231.869324
232.915558
233.962982
235.011566
236.061325
237.112259
238.164368
239.217636
240.272079
241.327713
242.384506
243.442474
244.501617
245.561935
246.623428
247.686081
248.749908
249.814926
250.881088
251.831345
252.548660
253.033035
253.284409
0.000000
0.000000
0.000000
0.595092
1.820174
3.038326
4.249547
5.453838
6.651199
7.841629
9.025129
10.201698
11.371338
12.534047
13.689826
14.838673
15.980592
17.115578
18.243637
19.364761
20.478958
21.586224
22.686560
23.779966
24.866440
25.945984
27.018599
28.084280
29.143034
30.194855
31.239750
32.277710
33.308746
34.336044
35.362820
36.389069
37.414795
38.439995
39.464668
40.488811
41.512432
42.535526
43.558094
44.580132
45.601646
46.622635
47.643097
48.663033
49.682442
50.701324
51.719681
52.737514
53.754818
54.771595
55.787846
56.803574
57.818771
58.833443
59.847595
60.861214
61.874306
62.886875
63.898914
64.910439
65.921425
66.931885
67.941818
68.951241
69.960114
70.968475
71.976311
72.983612
73.990387
74.996643
76.002365
77.007576
78.012245
79.016396
80.020012
81.023109
82.025681
83.027718
84.029236
85.030235
86.030701
87.030640
88.030045
89.028923
90.027328
91.025475
92.023392
93.021103
94.018593
95.015862
96.012917
97.009750
98.006371
99.002769
99.998955
100.994919
101.990662
102.986191
103.981506
104.976593
105.971474
106.966133
107.960564
108.954788
109.948792
110.942589
111.936157
112.929504
113.922646
114.915558
115.908257
116.900742
117.893005
118.885048
119.876869
120.868492
121.859879
122.851059
123.842010
124.832748
125.823273
126.813576
127.803665
128.793533
129.783173
130.772614
131.761826
132.750839
133.739594
134.728165
135.716507
136.704636
137.692535
138.680252
139.667709
140.654968
141.641998
142.628830
143.615417
144.601822
145.588242
146.575027
147.562119
148.549530
149.537292
150.525360
151.513779
152.502502
153.491577
154.480972
155.470688
156.460739
157.451111
158.441818
159.432846
160.424194
161.415878
162.407913
163.400238
164.392914
165.385910
166.379242
167.372910
168.366867
169.361191
170.355820
171.350784
172.346069
173.341705
174.337662
175.333923
176.330536
177.327469
178.324738
179.322311
180.320236
181.318481
182.317062
183.315964
184.315186
185.314743
186.314621
187.314835
188.315369
189.316238
190.317444
191.318954
192.320816
193.322983
194.325500
195.328339
196.331497
197.334991
198.338806
199.342957
200.347321
201.351013
202.353943
203.356110
204.357498
205.358109
206.357956
207.357025
208.355347
209.352859
210.349625
211.345612
212.340836
213.335281
214.328949
215.321838
216.313980
217.305344
218.295929
219.285751
220.274796
221.263062
222.250565
223.237274
224.223236
225.208435
226.192841
227.176483
228.159348
229.141449
230.122772
231.103333
232.083115
233.062134
234.040375
235.017822
235.994522
236.970459
237.945602
238.919998
239.893600
240.866440
241.838516
242.809799
243.780334
244.750076
245.719070
246.687271
247.654724
248.621368
249.587265
250.552399
251.516739
252.480331
253.443130
254.405167
254.886017
0.000000
1.072420
2.145309
3.218668
4.292496
5.366793
6.441559
7.516794
8.592499
9.668674
10.745317
11.822428
12.900010
13.978061
15.056581
16.135571
17.215029
18.294958
19.375355
20.456219
21.537558
22.619362
23.701635
24.784380
25.867590
26.951271
28.035421
29.119110
30.201410
31.282316
32.361832
33.439953
34.516685
35.592026
36.665974
37.738529
38.809696
39.879467
40.947849
42.014839
43.080441
44.144650
45.207462
46.268887
47.328915
48.387558
49.444805
50.500664
51.555134
52.608204
53.659885
54.710175
55.759075
56.806580
57.852699
58.897423
59.940750
60.982693
62.023235
63.062397
64.100159
65.136536
66.171516
67.205109
68.237305
69.268120
70.297539
71.325554
72.352188
73.377426
74.401276
75.423737
76.444809
77.464485
78.482765
79.499657
80.515160
81.529259
82.541977
83.553307
84.563240
85.571770
86.579147
87.585564
88.591049
89.595573
90.599159
91.601799
92.603493
93.604240
94.604034
95.602882
96.600784
97.597740
98.593750
99.588814
100.582932
101.576103
102.568321
103.559601
104.549927
105.539307
106.527740
107.515228
108.501770
109.487366
110.472015
111.455711
112.438469
113.420273
114.401131
115.381042
116.360016
117.338028
118.315102
119.291229
120.266411
121.240639
122.213928
123.186264
124.157654
125.128105
126.097603
127.066154
128.033752
129.000397
129.966125
130.930878
131.894699
132.857574
133.819489
134.780472
135.740494
136.699585
137.657715
138.614899
139.571152
140.527649
141.485626
142.445053
143.405960
144.368347
145.332199
146.297516
147.264297
148.232559
149.202286
150.173492
151.146149
152.120270
153.095886
154.072968
155.051498
156.031509
157.013000
157.995941
158.980362
159.966263
160.953613
161.942444
162.932755
163.924515
164.917740
165.912460
166.908646
167.906281
168.905411
169.905975
170.908035
171.911560
172.916565
173.923019
174.930939
175.940353
176.951218
177.963562
178.977356
179.992630
181.009399
182.027603
183.047287
184.068451
185.091080
186.115173
187.140732
188.167755
189.196259
190.226227
191.257675
192.290588
193.324966
194.360825
195.395889
196.427979
197.457077
198.483154
199.506256
200.526352
201.543442
202.557541
203.568634
204.576736
205.581833
206.583923
207.583023
208.579132
209.572235
210.562347
211.549454
212.533569
213.514679
214.492798
215.467911
216.440018
217.409134
218.375259
219.338379
220.298492
221.255615
222.209747
223.160873
224.108994
225.054123
225.996246
226.935394
227.871521
228.804657
229.734787
230.661942
231.586075
232.507217
233.425354
234.340500
235.252640
236.161789
237.067947
237.971085
238.871231
239.768402
240.662552
241.553711
242.441849
243.327011
244.209167
245.088333
245.964493
246.837662
247.700317
248.544937
249.371536
250.180099
250.970627
251.743118
252.497589
253.234039
253.952438
