0.983739
0.008130
0.008130
0.008130
0.983739
0.008130
0.008130
0.008130
0.983739
0.000000
1.039628
2.076545
3.110753
4.142251
5.171040
6.197117
7.220486
8.241144
9.259092
10.274330
11.286860
12.296678
13.303785
14.308185
15.309874
16.308853
17.305122
18.298679
19.289530
20.277670
21.263100
22.245821
23.225828
24.203129
25.177717
26.149599
27.118769
28.085230
29.048975
30.010015
30.968348
31.923967
32.876881
33.827080
34.774570
35.720661
36.666649
37.612541
38.558327
39.504021
40.449619
41.395115
42.340511
43.285816
44.231018
45.176117
46.121124
47.066029
48.010838
48.955547
49.900162
50.844677
51.789093
52.733410
53.677628
54.621746
55.565769
56.509693
57.453518
58.397243
59.340878
60.284405
61.227837
62.171169
63.114407
64.057541
65.000580
65.943527
66.886368
67.829109
68.771751
69.714294
70.656754
71.599106
72.541351
73.483513
74.425560
75.367523
76.309372
77.251137
78.192795
79.134369
80.075829
81.017204
81.958473
82.899635
83.840706
84.781693
85.722565
86.663849
87.606812
88.551498
89.497902
90.446037
91.395889
92.347473
93.300781
94.255814
95.212570
96.171043
97.131256
98.093178
99.056839
100.022217
100.989326
101.958153
102.928703
103.900978
104.874977
105.850708
106.828156
107.807343
108.788239
109.770866
110.755219
111.741295
112.729095
113.718620
114.709869
115.702843
116.697548
117.693962
118.692116
119.691978
120.693581
121.696907
122.701950
123.708733
124.717216
125.727440
126.739388
127.753067
128.768448
129.785583
130.804428
131.824982
132.847290
133.871307
134.897049
135.924515
136.953705
137.984619
139.017258
140.051270
141.084549
142.116730
143.147827
144.177826
145.206741
146.234558
147.261276
148.286926
149.311462
150.334915
151.357285
152.378555
153.398743
154.417831
155.435822
156.452728
157.468552
158.483276
159.496918
160.509445
161.520889
162.531265
163.540527
164.548706
165.555801
166.561783
167.566696
168.570511
169.573227
170.574860
171.575394
172.574860
173.573196
174.570480
175.566650
176.561722
177.555710
178.548615
179.540421
180.531143
181.520767
182.509308
183.496765
184.483109
185.468369
186.452530
187.435608
188.417603
189.398514
190.378311
191.357025
192.334641
193.311188
194.286774
195.264236
196.244812
197.228485
198.215225
199.205063
200.197983
201.193985
202.193100
203.195282
204.200562
205.208923
206.220367
207.234909
208.252518
209.273239
210.297043
211.323929
212.353897
213.386978
214.423111
215.462357
216.504684
217.550095
218.598602
219.650192
220.704865
221.762634
222.823471
223.887421
224.954453
226.024582
227.097778
228.174057
229.253448
230.335922
231.421478
232.510117
233.601837
234.696655
235.794571
236.895554
237.999634
239.106812
240.217056
241.330399
242.446838
243.566345
244.688965
245.814667
246.943451
248.075317
249.210266
250.348328
251.489441
252.514084
253.302551
253.854874
0.000000
0.000000
0.000000
0.000000
0.181888
1.644514
3.093112
4.527682
5.948225
7.354741
8.747226
10.125688
11.490116
12.840522
14.176897
15.499247
16.807568
18.101862
19.382126
20.648363
21.900574
23.138756
24.362913
25.573038
26.769135
27.951208
29.119255
30.273268
31.413256
32.539215
33.651150
34.749054
35.832935
36.902782
37.958607
39.000401
40.028168
41.041904
42.041622
43.027298
43.998955
44.956585
45.900188
46.829754
47.745304
48.646816
49.534309
50.407776
51.267208
52.112606
52.943993
53.770115
54.599747
55.432888
56.269539
57.109699
57.953373
58.800560
59.651253
60.505455
61.363174
62.224396
63.089134
63.957386
64.829140
65.704407
66.583191
67.465477
68.351280
69.240585
70.133408
71.029739
71.929581
72.832932
73.739799
74.650169
75.564049
76.481453
77.402359
78.326767
79.254700
80.186142
81.121086
82.059547
83.001518
83.946999
84.895988
85.848480
86.804489
87.764015
88.727051
89.693596
90.663643
91.637207
92.614288
93.594872
94.578972
95.566574
96.557693
97.552315
98.550461
99.552101
100.556046
101.561073
102.567177
103.574364
104.582634
105.591980
106.602409
107.613914
108.626495
109.640167
110.654922
111.670738
112.687653
113.705643
114.724716
115.744858
116.766090
117.788406
118.811798
119.836266
120.861824
121.888451
122.916168
123.944962
124.974838
126.005791
127.037827
128.070938
129.105133
130.140411
131.176773
132.214203
133.252731
134.292313
135.332993
136.374756
137.417587
138.461517
139.506516
140.552597
141.599747
142.647995
143.697311
144.747711
145.799194
146.851776
147.905411
148.960129
150.015930
151.072815
152.130783
153.188202
154.243546
155.296783
156.347900
157.396912
158.443802
159.488617
160.531296
161.571854
162.610336
163.646683
164.680923
165.713074
166.743088
167.771011
168.796829
169.820526
170.842117
171.861603
172.878967
173.894226
174.907379
175.918427
176.927368
177.934189
178.938919
179.941513
180.942017
181.940414
182.936691
183.930847
184.922913
185.912872
186.900711
187.886444
188.870071
189.851578
190.830994
191.808289
192.783463
193.756546
194.727509
195.696365
196.663116
197.627762
198.590302
199.550705
200.509018
201.465225
202.419312
203.371292
204.323105
205.276642
206.231934
207.188965
208.147720
209.108231
210.070496
211.034485
212.000229
212.967697
213.936920
214.907898
215.880615
216.855057
217.831253
218.809189
219.788849
220.770279
221.753433
222.738342
223.724991
224.713379
225.703506
226.695374
227.689011
228.684357
229.681458
230.680298
231.680893
232.683228
233.687271
234.693100
235.700653
236.709961
237.720993
238.733765
239.748291
240.764572
241.782578
242.802322
243.823807
244.847046
245.872025
246.898743
247.927216
248.957413
249.989365
251.023041
252.058472
253.095642
254.134552
254.901123
0.000000
1.187163
2.367506
3.541028
4.707731
5.867613
7.020675
8.166917
9.306339
10.438939
11.564720
12.683681
13.795822
14.901142
15.999641
17.091322
18.176182
19.254223
20.325441
21.389841
22.447420
23.498178
24.542118
25.579235
26.609533
27.633013
28.649670
29.659508
30.662521
31.658718
32.648094
33.634357
34.621220
35.608677
36.596729
37.585377
38.574619
39.564457
40.554890
41.545921
42.537548
43.529766
44.522583
45.515995
46.510006
47.504608
48.499802
49.495598
50.491989
51.488979
52.486561
53.484737
54.483509
55.482880
56.482841
57.483402
58.484554
59.486309
60.488655
61.491600
62.495132
63.499268
64.503990
65.509323
66.515251
67.521751
68.528870
69.536575
70.544884
71.553780
72.563278
73.573364
74.584053
75.595329
76.607201
77.619682
78.632744
79.646408
80.660667
81.675522
82.690979
83.707016
84.723656
85.740898
86.758736
87.777161
88.796364
89.816788
90.838448
91.861351
92.885490
93.910866
94.937477
95.965340
96.994431
98.024765
99.056328
100.089134
101.123184
102.158478
103.195000
104.232765
105.271751
106.312004
107.353477
108.396194
109.440147
110.485344
111.531776
112.579445
113.628357
114.678497
115.729889
116.782516
117.836372
118.891479
119.947815
121.005386
122.064209
123.124260
124.185562
125.248093
126.311867
127.376869
128.443130
129.510605
130.579330
131.649307
132.720490
133.792938
134.866623
135.941528
137.017700
138.095078
139.173721
140.253586
141.334686
142.417038
143.500641
144.585464
145.671524
146.758255
147.842239
148.922913
150.000275
151.074326
152.145065
153.212494
154.276596
155.337402
156.394897
157.449066
158.499924
159.547470
160.591705
161.632629
162.670227
163.704529
164.735504
165.763184
166.787537
167.808578
168.826309
169.840729
170.851822
171.859619
172.864105
173.865265
174.863113
175.857666
176.848892
177.836792
178.821396
179.802689
180.780670
181.755325
182.726685
183.694717
184.659439
185.620850
186.578949
187.533737
188.485214
189.433365
190.378204
191.319733
192.257965
193.192871
194.124466
195.052750
195.977707
196.899368
197.817703
198.732742
199.644455
200.552856
201.458038
202.362473
203.267105
204.171936
205.076965
205.982224
206.887680
207.793335
208.699203
209.605301
210.511581
211.418076
212.324768
213.231689
214.138794
215.046112
215.953659
216.861389
217.769333
218.677490
219.585861
220.494415
221.403214
222.312180
223.221375
224.130783
225.040390
225.950195
226.860214
227.770447
228.680878
229.591522
230.502380
231.413437
232.324707
233.236176
234.147873
235.059753
235.971848
236.884155
237.796661
238.709396
239.622314
240.535446
241.448792
242.362335
243.276108
244.190063
245.104233
246.018616
246.933212
247.847992
248.763000
249.678223
250.593628
251.509262
252.310501
252.882843
253.226242
253.340698
