0.970268
0.014866
0.014866
0.014866
0.970268
0.014866
0.014866
0.014866
0.970268
0.000000
0.951410
1.905263
2.861557
3.820293
4.781471
5.745090
6.711152
7.679655
8.650599
9.623986
10.599815
11.578085
12.558797
13.541952
14.527548
15.515586
16.506065
17.498987
18.494350
19.492155
20.492403
21.495089
22.500221
23.507793
24.517809
25.528582
26.538446
27.547400
28.555435
29.562559
30.568771
31.574066
32.578449
33.581917
34.584476
35.586117
36.586842
37.586655
38.585556
39.583546
40.580620
41.576775
42.572025
43.566357
44.559776
45.552284
46.543873
47.534554
48.524315
49.513168
50.501106
51.488125
52.474239
53.459435
54.443714
55.427086
56.409538
57.391079
58.371708
59.351421
60.330223
61.308109
62.285080
63.261147
64.236290
65.210518
66.183846
67.156242
68.127739
69.098312
70.067818
71.035889
72.002502
72.967667
73.931374
74.893616
75.854408
76.813744
77.771629
78.728050
79.683014
80.636528
81.588585
82.539177
83.488327
84.436012
85.382248
86.327019
87.270340
88.212204
89.152611
90.091560
91.029053
91.965096
92.899681
93.832802
94.764473
95.694687
96.623451
97.550751
98.476601
99.400993
100.323936
101.245415
102.165428
103.084000
104.001106
104.916763
105.830963
106.743706
107.654984
108.564827
109.473198
110.380119
111.285576
112.189880
113.094757
114.000534
114.907181
115.814705
116.723114
117.632408
118.542587
119.453644
120.365570
121.278389
122.192085
123.106667
124.022125
124.938469
125.855690
126.773788
127.692772
128.612640
129.533371
130.455017
131.377518
132.300903
133.225174
134.150330
135.076355
136.003281
136.931061
137.859741
138.789291
139.719727
140.651047
141.583252
142.516327
143.450287
144.385117
145.320847
146.257446
147.194931
148.133301
149.072556
150.012680
150.953690
151.895569
152.838348
153.782059
154.727539
155.675186
156.624985
157.576920
158.531021
159.487274
160.445679
161.406235
162.368942
163.333801
164.300812
165.269974
166.241287
167.214752
168.190369
169.168152
170.148087
171.130173
172.114395
173.100769
174.089310
175.080017
176.072861
177.067841
178.064987
179.064285
180.065735
181.069336
182.075104
183.083008
184.093063
185.105286
186.119659
187.136169
188.154831
189.175659
190.198639
191.223770
192.251053
193.280487
194.312073
195.345810
196.381699
197.419739
198.459946
199.499588
200.535980
201.569122
202.599014
203.625656
204.649048
205.669189
206.686081
207.699707
208.710098
209.717224
210.721100
211.721741
212.719101
213.713226
214.704102
215.691727
216.676086
217.657211
218.635086
219.609695
220.581070
221.549179
222.514038
223.475647
224.434006
225.389099
226.340958
227.289566
228.234924
229.177017
230.115860
231.051468
231.983810
232.912903
233.838760
234.761337
235.680679
236.596771
237.509598
238.419174
239.325500
240.228592
241.128418
242.025009
242.918320
243.808395
244.695221
245.578796
0.000000
0.234029
1.549345
2.856790
4.156363
5.448064
6.731894
8.007853
9.275941
10.536156
11.788499
13.032970
14.269572
15.498300
16.719156
17.932142
19.137259
20.334503
21.523872
22.705370
23.878998
25.044756
26.202642
27.355131
28.504711
29.651382
30.795139
31.935987
33.073921
34.208950
35.341061
36.470264
37.596554
38.719933
39.840397
40.957958
42.072605
43.184334
44.293159
45.399067
46.502068
47.602154
48.699333
49.793598
50.884953
51.973392
53.058926
54.141548
55.221256
56.298054
57.371937
58.442913
59.510975
60.576122
61.638363
62.697693
63.754105
64.807617
65.858200
66.905891
67.950661
68.992523
70.031471
71.067513
72.100647
73.130859
74.158554
75.186111
76.213913
77.241982
78.270287
79.298859
80.327675
81.356750
82.386070
83.415649
84.445473
85.475563
86.505890
87.536484
88.567322
89.598412
90.629761
91.661354
92.693207
93.725304
94.757660
95.790260
96.823128
97.856239
98.889603
99.923225
100.957085
101.991211
103.025589
104.060211
105.095093
106.130226
107.165619
108.201256
109.237144
110.273293
111.309677
112.346336
113.383224
114.420387
115.457794
116.495445
117.533363
118.571526
119.609955
120.648659
121.687645
122.726906
123.766457
124.806282
125.846382
126.886757
127.927414
128.968369
130.009583
131.051071
132.092850
133.134903
134.177231
135.219849
136.262741
137.305908
138.349365
139.393066
140.437088
141.481369
142.525925
143.570770
144.615891
145.661285
146.706970
147.752930
148.799164
149.845673
150.892471
151.939545
152.986893
154.034531
155.082428
156.130615
157.179077
158.227829
159.276855
160.326157
161.375732
162.425598
163.475739
164.525787
165.573624
166.618851
167.661514
168.701584
169.739059
170.773956
171.806259
172.835968
173.863098
174.887650
175.909607
176.928986
177.945755
178.959946
179.971558
180.980560
181.987000
182.990845
183.992081
184.990768
185.986847
186.980331
187.971237
188.959564
189.945282
190.928436
191.908997
192.886948
193.862335
194.835129
195.805328
196.772949
197.737976
198.700409
199.660278
200.617538
201.572220
202.524307
203.473816
204.420731
205.365051
206.306793
207.245956
208.175888
209.089890
209.988022
210.870255
211.736572
212.587006
213.421539
214.240173
215.042923
215.829788
216.600739
217.355789
218.094955
218.818222
219.525589
220.217056
220.892639
221.552322
222.196106
222.823990
223.435989
224.032089
224.612305
225.176605
225.725006
226.257523
226.774139
227.274857
227.759689
228.228607
228.681656
229.118805
229.540024
229.945389
230.334824
230.708389
231.066040
231.407806
231.733688
232.043655
232.337723
232.615906
232.878174
233.124573
233.355072
233.569656
233.768356
233.951172
234.118073
234.269073
234.404190
234.523422
234.626740
234.714172
234.785690
234.841339
234.881073
234.904922
234.912857
0.000000
1.149151
2.298838
3.449060
4.599818
5.751110
6.902938
8.055301
9.208200
10.361634
11.515605
12.670109
13.825150
14.980724
16.136835
17.293482
18.450665
19.608383
20.766632
21.925423
23.083023
24.237720
25.389515
26.538404
27.684389
28.827471
29.967648
31.104918
32.239288
33.370743
34.499306
35.624958
36.747707
37.867554
38.984486
40.098526
41.209656
42.317883
43.423203
44.525616
45.625134
46.721737
47.815441
48.906242
49.994133
51.079124
52.161205
53.240387
54.316666
55.390038
56.460503
57.528061
58.592720
59.654469
60.713322
61.769264
62.822308
63.872437
64.919876
65.965820
67.010490
68.053886
69.095993
70.136826
71.176376
72.214645
73.251640
74.287354
75.321785
76.354942
77.386818
78.417412
79.446724
80.474754
81.501511
82.526978
83.551178
84.574097
85.595726
86.616081
87.635162
88.652962
89.669472
90.684708
91.698669
92.711349
93.722748
94.732864
95.741699
96.749260
97.755531
98.760529
99.764252
100.766693
101.767860
102.767738
103.766335
104.765999
105.769119
106.775658
107.785637
108.799049
109.815903
110.836182
111.859901
112.887047
113.917633
114.951653
115.989105
117.029991
118.074310
119.122063
120.173256
121.227875
122.285934
123.347420
124.412354
125.480713
126.552505
127.627731
128.706390
129.788483
130.874023
131.962982
133.055374
134.151215
135.250473
136.353180
137.459290
138.568863
139.681870
140.798309
141.918182
143.041489
144.168228
145.297455
146.423492
147.545395
148.663162
149.776810
150.886322
151.991699
153.092941
154.190048
155.283020
156.371857
157.456573
158.537140
159.613586
160.685898
161.754074
162.818115
163.878036
164.933807
165.985458
167.032974
168.076355
169.115601
170.150711
171.181702
172.208542
173.231247
174.249832
175.264282
176.274597
177.280777
178.282837
179.280746
180.274536
181.264175
182.249695
183.231079
184.208328
185.181458
186.146576
187.099854
188.041306
188.970901
189.888672
190.794586
191.688660
192.570908
193.441299
194.299835
195.146561
195.981415
196.804443
197.615631
198.414978
199.202469
199.978134
200.741943
201.493912
202.234039
202.962341
203.678787
204.383392
205.076157
205.757080
206.426147
207.083389
207.728775
208.362320
208.984039
209.593918
210.191925
210.778107
211.352463
211.914963
212.465622
213.004425
213.531403
214.046524
214.549820
215.041275
215.520874
215.988632
216.444550
216.888626
217.320877
217.741272
218.149826
218.546524
218.931396
219.304413
219.665604
220.014938
220.352448
220.678101
220.991913
221.293900
221.584015
221.862320
222.128754
222.383362
222.626114
222.857040
223.076126
223.283340
223.478745
223.662308
223.834015
223.993881
224.141907
224.278091
224.402435
224.514938
224.615585
224.704407
224.781372
224.846512
224.899796
224.941238
224.970856
224.988602
224.994537
