0.982673
0.008664
0.008664
0.008664
0.982673
0.008664
0.008664
0.008664
0.982673
0.000000
0.608340
1.238419
1.890238
2.563797
3.259094
3.976131
4.714906
5.475422
6.257677
7.061671
7.887403
8.734877
9.604089
10.495039
11.407729
12.342161
13.298330
14.276238
15.275886
16.297272
17.340401
18.405264
19.491869
20.600214
21.730299
22.882120
24.055681
25.250984
26.468025
27.706804
28.967321
30.249584
31.537209
32.813828
34.079437
35.334042
36.577641
37.810230
39.031818
40.242393
41.441967
42.630531
43.808090
44.974640
46.130184
47.274723
48.408257
49.530781
50.642296
51.742809
52.832314
53.910809
54.978298
56.034786
57.080265
58.114735
59.138195
60.150654
61.152103
62.142548
63.121986
64.090416
65.047844
65.994255
66.929672
67.854065
68.767464
69.669853
70.561241
71.441612
72.310989
73.169350
74.016701
74.853058
75.678398
76.492737
77.296539
78.100586
78.909241
79.722519
80.540421
81.362930
82.190063
83.021812
83.858177
84.699165
85.544769
86.394997
87.249840
88.109299
88.973373
89.842072
90.715393
91.593315
92.475868
93.363037
94.254822
95.151230
96.052246
96.957893
97.868149
98.783028
99.702522
100.626640
101.555374
102.488724
103.426689
104.369270
105.316483
106.268303
107.224747
108.185806
109.151482
110.121788
111.096687
112.076225
113.060379
114.049149
115.042534
116.040527
117.043159
118.049606
119.055046
120.058693
121.060539
122.060593
123.058846
124.055305
125.049957
126.042824
127.033890
128.023163
129.010620
129.996292
130.980179
131.962250
132.942520
133.921005
134.897690
135.872574
136.845673
137.816956
138.786453
139.754166
140.720062
141.684174
142.646469
143.606964
144.565689
145.522598
146.477722
147.431046
148.382553
149.332291
150.280197
151.226334
152.170685
153.113205
154.053955
154.992889
155.930023
156.865372
157.798920
158.730682
159.660629
160.588776
161.516586
162.447510
163.381744
164.319290
165.260132
166.204285
167.151718
168.102478
169.056534
170.013885
170.974533
171.938492
172.905762
173.876312
174.850189
175.827347
176.807816
177.791595
178.778656
179.769043
180.762711
181.759689
182.759979
183.763550
184.770447
185.780640
186.794128
187.810913
188.831024
189.854416
190.881119
191.911102
192.944412
193.981018
195.020935
196.064148
197.110657
198.160461
199.213577
200.270004
201.329712
202.392746
203.459076
204.528702
205.601639
206.672836
207.737244
208.794876
209.845718
210.889786
211.927078
212.957565
213.981293
214.998230
216.008392
217.011765
218.008362
218.998169
219.981201
220.957443
221.926910
222.889587
223.845505
224.794632
225.736969
226.672516
227.601303
228.523300
229.438507
230.346939
231.248581
232.143448
233.031540
233.912842
234.787384
235.655121
236.516068
237.370255
238.217651
239.058273
239.892105
240.719147
241.539413
242.352905
243.159622
243.959534
244.752686
245.539062
246.318619
0.000000
0.000000
0.000000
0.000000
0.529957
2.119401
3.680240
5.212475
6.716105
8.191132
9.637551
11.055368
12.444577
13.805183
15.137185
16.440584
17.715376
18.961563
20.179146
21.368122
22.528498
23.660265
24.763430
25.837986
26.883942
27.901291
28.903589
29.904411
30.903748
31.901598
32.897964
33.892853
34.886250
35.878170
36.868599
37.857548
38.845013
39.830990
40.815483
41.798492
42.780022
43.760063
44.738625
45.715698
46.691288
47.665394
48.638012
49.609150
50.578804
51.546978
52.513660
53.478863
54.442577
55.404812
56.365559
57.324825
58.282604
59.238895
60.193710
61.147034
62.098881
63.049240
63.998112
64.945511
65.891411
66.835838
67.778778
68.720230
69.660202
70.598694
71.535690
72.471207
73.405769
74.342575
75.282166
76.224533
77.169678
78.117599
79.068291
80.021767
80.978020
81.937050
82.898849
83.863441
84.830795
85.800934
86.773849
87.749542
88.728012
89.709259
90.693283
91.680084
92.669662
93.662018
94.657150
95.655067
96.655746
97.659210
98.665459
99.674477
100.686272
101.700844
102.718201
103.738327
104.761238
105.786919
106.815376
107.846619
108.880630
109.917419
110.956993
111.999336
113.044456
114.092361
115.143044
116.196495
117.252724
118.311745
119.373528
120.435463
121.494881
122.551773
123.606163
124.658043
125.707413
126.754265
127.798622
128.840454
129.879776
130.916595
131.950897
132.982697
134.011978
135.038773
136.063019
137.084778
138.104019
139.120743
140.134979
141.146683
142.155884
143.162582
144.166763
145.168427
146.167587
147.164230
148.158386
149.150009
150.139130
151.125732
152.109818
153.091415
154.070480
155.047043
156.021103
156.992645
157.961685
158.928207
159.892212
160.853729
161.812714
162.769196
163.723175
164.674622
165.623566
166.570511
167.518402
168.467773
169.418625
170.370926
171.324692
172.279922
173.236649
174.194809
175.154449
176.115555
177.078125
178.042160
179.007660
179.974640
180.943069
181.912979
182.884354
183.857178
184.831497
185.807266
186.784500
187.763199
188.743362
189.725006
190.708099
191.692673
192.678711
193.666214
194.655182
195.645599
196.637512
197.630875
198.625702
199.622009
200.619781
201.619019
202.619720
203.621887
204.625519
205.630615
206.637177
207.645203
208.654709
209.665680
210.678116
211.692017
212.704071
213.710861
214.712433
215.708786
216.699905
217.685822
218.666504
219.641953
220.612183
221.577179
222.536957
223.491531
224.440857
225.384964
226.323853
227.257507
228.185944
229.109161
230.027161
230.939926
231.847458
232.749771
233.646881
234.538742
235.425400
236.306808
237.183014
238.053986
238.919739
239.780273
240.635574
241.485641
242.330505
243.170120
244.004547
244.833725
245.657669
246.476425
247.289932
248.098206
248.901260
249.699112
250.491730
251.279114
0.000000
1.020634
2.046956
3.078966
4.116665
5.160052
6.209127
7.263891
8.324345
9.390484
10.462313
11.539829
12.623034
13.711928
14.806511
15.906781
17.012739
18.124388
19.241722
20.364746
21.489077
22.610336
23.728529
24.843649
25.955698
27.064676
28.170586
29.273422
30.373188
31.469885
32.563507
33.654064
34.741543
35.825958
36.907299
37.985569
39.060772
40.132900
41.201958
42.267944
43.330860
44.390709
45.447483
46.501186
47.551823
48.599384
49.643875
50.685299
51.723652
52.758930
53.791142
54.820274
55.846340
56.869339
57.889267
58.906124
59.919903
60.930618
61.938263
62.942837
63.944336
64.942772
65.938126
66.930412
67.919640
68.906998
69.893738
70.879845
71.865326
72.850166
73.834389
74.817970
75.800926
76.783249
77.764938
78.746002
79.726433
80.706230
81.685410
82.663948
83.641853
84.619141
85.595787
86.571800
87.547195
88.521957
89.496078
90.469582
91.442444
92.414680
93.386292
94.357269
95.327614
96.297318
97.266403
98.234863
99.202682
100.169876
101.136436
102.102379
103.067673
104.032341
104.996376
105.959793
106.922569
107.884720
108.846237
109.807121
110.767387
111.727005
112.687042
113.648514
114.611427
115.575775
116.541573
117.508812
118.477486
119.447594
120.419159
121.392143
122.366592
123.342461
124.319786
125.298546
126.278740
127.260376
128.243454
129.227982
130.213943
131.201340
132.190186
133.180466
134.172180
135.165344
136.159943
137.155991
138.153488
139.152405
140.152771
141.154587
142.157837
143.162521
144.168640
145.176208
146.185226
147.195679
148.207550
149.220886
150.235672
151.251877
152.269516
153.288605
154.309143
155.331116
156.354523
157.379105
158.404510
159.430786
160.457901
161.485855
162.514664
163.544312
164.574844
165.606201
166.638412
167.671478
168.705383
169.740143
170.775772
171.812241
172.849548
173.887711
174.926727
175.966583
177.007294
178.048874
179.091293
180.134567
181.178665
182.223648
183.269455
184.316132
185.363647
186.412018
187.461243
188.511307
189.562225
190.613983
191.666611
192.720093
193.774399
194.829590
195.885605
196.942474
198.000198
199.058762
200.118195
201.178467
202.239594
203.301575
204.356415
205.396118
206.420700
207.430176
208.424515
209.403732
210.367828
211.316803
212.250656
213.169373
214.072968
214.961441
215.834808
216.693024
217.536118
218.364120
219.176971
219.974701
220.757309
221.524780
222.277145
223.014374
223.736496
224.443481
225.135345
225.812088
226.473709
227.120193
227.751572
228.367828
228.968933
229.554932
230.125824
230.681564
231.222198
231.747696
232.258072
232.753326
233.233459
233.698471
234.148346
234.583099
235.002731
235.407242
235.796646
236.170914
236.530045
236.874054
237.202957
237.516724
237.815384
238.098892
238.367294
238.620575
238.858704
239.081741
