0.934998
0.032501
0.032501
0.032501
0.934998
0.032501
0.032501
0.032501
0.934998
0.000000
1.237231
2.463799
3.679703
4.884945
6.079523
7.263440
8.436692
9.599281
10.751208
11.892472
13.023073
14.143011
15.252286
16.350899
17.438847
18.516132
19.582756
20.638718
21.684013
22.718647
23.742619
24.755928
25.758574
26.750553
27.731874
28.702532
29.662523
30.611856
31.550522
32.478527
33.395866
34.302544
35.198563
36.083916
36.966122
37.852715
38.743687
39.639038
40.538776
41.442890
42.351383
43.264263
44.181519
45.103153
46.029171
46.959572
47.894348
48.833508
49.777050
50.724972
51.677273
52.633953
53.595020
54.560467
55.530289
56.504494
57.483078
58.466045
59.453396
60.445118
61.441227
62.441719
63.446590
64.455833
65.469467
66.487480
67.509872
68.536652
69.567810
70.603333
71.643257
72.687546
73.736221
74.789284
75.846710
76.908531
77.974731
79.045319
80.120277
81.199623
82.283340
83.371437
84.463921
85.560783
86.662033
87.767662
88.875282
89.979111
91.078873
92.174561
93.266182
94.353729
95.437225
96.516640
97.591988
98.663261
99.730484
100.793625
101.852699
102.907715
103.958649
105.005516
106.048325
107.087059
108.121735
109.152328
110.178856
111.201324
112.219719
113.234047
114.244308
115.250496
116.252617
117.250671
118.244659
119.234581
120.220436
121.202217
122.179939
123.153580
124.123154
125.088661
126.050102
127.007484
127.960777
128.910034
129.855194
130.796310
131.733337
132.666290
133.595200
134.520020
135.440781
136.357483
137.270096
138.178665
139.083145
139.983566
140.880707
141.779266
142.680038
143.583023
144.488190
145.395584
146.305176
147.216980
148.130997
149.047211
149.965637
150.886276
151.809097
152.734161
153.661407
154.590881
155.522537
156.456406
157.392502
158.330780
159.271286
160.213974
161.158905
162.106018
163.055344
164.006882
164.960602
165.916565
166.874725
167.835083
168.797638
169.762421
170.729416
171.698608
172.669998
173.643600
174.619415
175.597443
176.577667
177.560089
178.544739
179.531586
180.520645
181.511917
182.505371
183.501068
184.498947
185.499023
186.501328
187.505829
188.512558
189.521469
190.532532
191.544708
192.557526
193.570984
194.585114
195.599884
196.615311
197.631378
198.648102
199.665466
200.683502
201.702179
202.721497
203.741470
204.762085
205.783371
206.805298
207.827866
208.851105
209.874985
210.899521
211.924698
212.950531
213.977005
215.004135
216.031921
217.060364
218.089432
219.119186
220.149567
221.180603
222.212296
223.244614
224.277618
225.311249
226.345535
227.380478
228.416061
229.452316
230.489197
231.526749
232.564941
233.603775
234.643280
235.683411
236.724213
237.765656
238.807755
239.850494
240.893906
241.937958
242.982666
244.028015
245.056030
246.048691
247.006012
247.928024
248.814667
249.665985
250.481949
251.262604
252.007904
252.717865
253.392487
254.031784
0.000000
1.179402
2.354407
3.525014
4.691225
5.853037
7.010452
8.163469
9.312090
10.456313
11.596140
12.731568
13.862599
14.989232
16.111467
17.229307
18.342752
19.451796
20.556442
21.656691
22.752542
23.843998
24.931055
26.013718
27.091980
28.165844
29.235312
30.300381
31.361055
32.417332
33.469212
34.516693
35.559780
36.598465
37.632751
38.664528
39.695667
40.726177
41.756050
42.785290
43.813900
44.841873
45.869217
46.895920
47.921993
48.947437
49.972248
50.996422
52.019962
53.042873
54.065147
55.086792
56.107796
57.128174
58.147915
59.167027
60.185501
61.203346
62.220551
63.237129
64.253067
65.268387
66.283058
67.297096
68.310509
69.323280
70.335426
71.346931
72.357819
73.368057
74.377663
75.386650
76.394989
77.402695
78.409782
79.416222
80.422028
81.427208
82.431747
83.435661
84.438942
85.441582
86.443596
87.444977
88.445717
89.445831
90.445305
91.444397
92.443687
93.443214
94.442978
95.442970
96.443192
97.443649
98.444344
99.445267
100.446426
101.447807
102.449432
103.451286
104.453369
105.455696
106.458252
107.461029
108.464058
109.467300
110.470787
111.474503
112.478447
113.482628
114.487053
115.491692
116.496582
117.501686
118.507034
119.512619
120.518425
121.524467
122.530746
123.537254
124.543999
125.550980
126.558182
127.565628
128.573288
129.581192
130.589340
131.597717
132.606323
133.615143
134.624222
135.633530
136.643066
137.652832
138.662827
139.673050
140.683533
141.694229
142.705170
143.716293
144.727432
145.738556
146.749649
147.760712
148.771744
149.782761
150.793747
151.804733
152.815674
153.826584
154.837479
155.848343
156.859207
157.870026
158.880814
159.891586
160.902328
161.913055
162.923752
163.934433
164.945068
165.955704
166.966309
167.976883
168.987442
169.997955
171.008453
172.018936
173.029388
174.039810
175.050217
176.060608
177.070953
178.081284
179.091599
180.101868
181.112122
182.122360
183.132568
184.142761
185.152908
186.163040
187.173157
188.183228
189.193298
190.203323
191.213333
192.223328
193.233276
194.243225
195.253128
196.262970
197.270889
198.276169
199.278870
200.278931
201.276352
202.271194
203.263397
204.252960
205.239944
206.224289
207.206009
208.185120
209.161606
210.135468
211.106720
212.075348
213.041367
214.004745
214.965515
215.923676
216.879196
217.832123
218.782410
219.730103
220.675156
221.617569
222.557404
223.494598
224.429184
225.361130
226.290466
227.217194
228.141312
229.062790
229.981659
230.897888
231.811523
232.722519
233.630920
234.536682
235.439835
236.340363
237.238281
238.133560
239.026230
239.916306
240.803711
241.688538
242.570724
243.450302
244.327255
245.201599
246.079132
246.965637
247.861130
248.765594
249.679077
250.601501
251.532944
252.473358
253.422775
254.381165
255.000000
255.000000
0.000000
1.209160
2.412075
3.608746
4.799173
5.983355
7.161293
8.332986
9.498437
10.657641
11.810601
12.957317
14.097788
15.232017
16.359999
17.481737
18.597233
19.706482
20.809486
21.906248
22.996765
24.081038
25.159063
26.230848
27.296389
28.355682
29.412188
30.469358
31.527195
32.585697
33.644871
34.704700
35.765202
36.826370
37.888199
38.950699
40.013863
41.077690
42.142185
43.207348
44.273174
45.339668
46.406826
47.474651
48.543140
49.612301
50.682121
51.752609
52.823761
53.895580
54.968071
56.041222
57.115036
58.189518
59.264668
60.340481
61.416962
62.494106
63.571922
64.650398
65.729538
66.809349
67.889824
68.970963
70.052780
71.135254
72.218391
73.302193
74.386665
75.471794
76.557610
77.644058
78.731201
79.819000
80.907463
81.996597
83.086395
84.176773
85.266068
86.353569
87.439293
88.523216
89.605370
90.685738
91.764305
92.841103
93.916107
94.989334
96.060768
97.130417
98.198280
99.264366
100.328659
101.391174
102.451897
103.510841
104.567986
105.623360
106.676941
107.728745
108.778755
109.826981
110.873421
111.918076
112.960945
114.002037
115.041336
116.078857
117.114578
118.148529
119.180687
120.211067
121.239655
122.266457
123.291466
124.314705
125.336151
126.355820
127.373695
128.389771
129.404099
130.416595
131.427353
132.436295
133.443466
134.448837
135.452423
136.454239
137.454269
138.452728
139.451050
140.449432
141.447891
142.446426
143.445038
144.443726
145.442490
146.441315
147.440216
148.439209
149.438263
150.437393
151.436600
152.435883
153.435242
154.434677
155.434174
156.433746
157.433395
158.433136
159.432938
160.432800
161.432755
162.432785
163.432877
164.433060
165.433304
166.433624
167.434036
168.434494
169.435043
170.435654
171.436356
172.437134
173.437973
174.438904
175.439880
176.440948
177.442093
178.443298
179.444595
180.445969
181.447403
182.448914
183.450500
184.452164
185.453918
186.455719
187.457611
188.459564
189.461609
190.462830
191.461121
192.456345
193.448517
194.437653
195.423721
196.406754
197.386734
198.363647
199.337524
200.308350
201.276123
202.240845
203.202515
204.161133
205.116699
206.069229
207.018692
207.965118
208.908493
209.848801
210.786072
211.720291
212.651459
213.579575
214.504623
215.426651
216.345612
217.261536
218.174393
219.084198
219.990967
220.894684
221.795349
222.692947
223.587509
224.479019
225.367493
226.252899
227.135239
228.014557
228.890808
229.764023
230.634186
231.501282
232.365341
233.226349
234.084290
234.939209
235.791061
236.639877
237.485611
238.334824
239.193909
240.062897
240.941772
241.830582
242.729263
243.637863
244.556351
245.484756
246.423065
247.371277
248.329376
249.297394
250.275314
251.263123
252.260849
253.268478
254.286011
255.000000
255.000000
255.000000
255.000000
255.000000
