0.933303
0.033348
0.033348
0.033348
0.933303
0.033348
0.033348
0.033348
0.933303
0.000000
1.117858
2.229541
3.335049
4.434383
5.527543
6.614526
7.695337
8.769972
9.838432
10.900719
11.956830
13.006765
14.050528
15.088115
16.119528
17.144768
18.163830
19.176718
20.183430
21.183971
22.178337
23.166525
24.148540
25.124378
26.094048
27.057539
28.018246
28.979568
29.941505
30.904057
31.867222
32.831001
33.795395
34.760399
35.726017
36.692249
37.659096
38.626553
39.594624
40.563309
41.532612
42.502525
43.473049
44.444191
45.415947
46.388309
47.361290
48.334888
49.309093
50.283913
51.259350
52.235394
53.212055
54.189335
55.167221
56.145721
57.124840
58.104568
59.084908
60.065861
61.047432
62.029617
63.012409
63.995831
64.979851
65.964493
66.949730
67.935600
68.922081
69.909164
70.896866
71.885193
72.874115
73.863663
74.853828
75.844597
76.835983
77.827988
78.820595
79.813820
80.807655
81.802025
82.796371
83.790619
84.784760
85.778793
86.772720
87.766541
88.760269
89.753883
90.747398
91.740807
92.734108
93.727303
94.720398
95.713387
96.706268
97.699051
98.691727
99.684288
100.676758
101.669121
102.661377
103.653526
104.645576
105.637520
106.629364
107.621094
108.612724
109.604256
110.595673
111.586983
112.578201
113.569305
114.560310
115.551208
116.541992
117.532684
118.523270
119.513756
120.504128
121.494400
122.484566
123.474625
124.464584
125.454430
126.444183
127.433823
128.423370
129.412781
130.402130
131.391357
132.380478
133.369492
134.358383
135.347198
136.335907
137.324829
138.314316
139.304352
140.294952
141.286087
142.277802
143.270050
144.262878
145.256241
146.250168
147.244659
148.239685
149.235275
150.231415
151.228119
152.225372
153.223190
154.221558
155.220490
156.219955
157.220001
158.220581
159.221725
160.223419
161.225677
162.228500
163.231857
164.235779
165.240250
166.245270
167.250870
168.257004
169.263718
170.270966
171.278778
172.287140
173.296051
174.305527
175.315552
176.326126
177.337280
178.348969
179.361221
180.374023
181.387390
182.401306
183.415771
184.430801
185.446396
186.462509
187.479218
188.496475
189.514267
190.532623
191.551544
192.570953
193.590439
194.609955
195.629501
196.649078
197.668671
198.688293
199.707947
200.727631
201.747330
202.767059
203.786804
204.806580
205.826385
206.846207
207.866074
208.885941
209.905838
210.925766
211.945724
212.965714
213.985718
215.005753
216.025818
217.045883
218.065994
219.086136
220.106293
221.126480
222.146683
223.166916
224.187180
225.207474
226.227798
227.248123
228.268494
229.288879
230.309311
231.329742
232.350204
233.370697
234.391220
235.411758
236.432327
237.452942
238.473541
239.494186
240.514862
241.535553
242.556274
243.577026
244.597794
245.618607
246.639435
247.660278
248.681152
249.631393
250.440308
251.107895
251.634186
252.019150
252.262802
252.365143
0.000000
0.751320
1.884561
3.012018
4.133690
5.249578
6.359680
7.463999
8.562532
9.655283
10.742248
11.823427
12.898824
13.968435
15.032262
16.090305
17.142563
18.189035
19.229727
20.264627
21.293745
22.317080
23.334631
24.346399
25.352381
26.352577
27.346992
28.335619
29.318462
30.295519
31.270449
32.246895
33.224854
34.204334
35.185333
36.167850
37.151886
38.137440
39.124508
40.113098
41.103207
42.094833
43.087978
44.082634
45.078815
46.076515
47.075726
48.076466
49.078716
50.082485
51.087776
52.094582
53.102905
54.112751
55.124111
56.136986
57.151386
58.167301
59.184734
60.203690
61.224155
62.246143
63.269650
64.294670
65.321213
66.349274
67.378860
68.409950
69.442566
70.476700
71.512344
72.549522
73.588203
74.628410
75.670128
76.713379
77.758133
78.804413
79.852203
80.901520
81.952354
83.004707
84.058571
85.113960
86.170868
87.228485
88.284927
89.340073
90.393944
91.446526
92.497826
93.547844
94.596573
95.644012
96.690170
97.735039
98.778633
99.820938
100.861954
101.901695
102.940147
103.977310
105.013184
106.047791
107.081093
108.113121
109.143867
110.173325
111.201500
112.228386
113.253990
114.278305
115.301346
116.323090
117.343552
118.362740
119.380623
120.397240
121.412560
122.426605
123.439354
124.450829
125.461014
126.469910
127.477539
128.483856
129.488907
130.492676
131.495148
132.496338
133.496262
134.494873
135.492218
136.488266
137.483032
138.476517
139.468719
140.459625
141.449265
142.437607
143.424713
144.411041
145.396622
146.381470
147.365570
148.348969
149.331589
150.313507
151.294662
152.275101
153.254791
154.233734
155.211960
156.189438
157.166183
158.142197
159.117462
160.091995
161.065781
162.038834
163.011169
163.982758
164.953598
165.923721
166.893097
167.861740
168.829636
169.796814
170.763229
171.728912
172.693878
173.658096
174.621582
175.584320
176.546326
177.507599
178.468124
179.427917
180.386993
181.345306
182.302887
183.259750
184.215851
185.171234
186.125870
187.079773
188.032944
188.985367
189.937057
190.888016
191.838226
192.787720
193.736450
194.684464
195.631729
196.578369
197.526230
198.476089
199.427948
200.381836
201.337708
202.295609
203.255508
204.217407
205.181335
206.147232
207.115173
208.085098
209.057053
210.030991
211.006943
211.984909
212.964874
213.946854
214.930847
215.916840
216.904831
217.894836
218.886841
219.880875
220.876892
221.874924
222.874969
223.877014
224.881073
225.887131
226.895203
227.905273
228.917358
229.931458
230.947571
231.965668
232.985779
234.007889
235.032013
236.058151
237.086288
238.116440
239.148590
240.182755
241.218933
242.257111
243.297302
244.339478
245.383667
246.429886
247.478088
248.528305
249.580551
250.634781
251.691010
252.642502
253.382584
253.911194
254.228363
254.334091
0.000000
0.414775
1.730364
3.029645
4.312618
5.579281
6.829636
8.063683
9.281420
10.482849
11.667969
12.836779
13.989283
15.125477
16.245363
17.348938
18.436209
19.507166
20.561817
21.600157
22.622192
23.627914
24.617332
25.590437
26.547237
27.487724
28.421629
29.358665
30.298834
31.242134
32.188568
33.138134
34.090836
35.046665
36.005634
36.967731
37.932961
38.901329
39.872826
40.847454
41.825222
42.806118
43.790146
44.777306
45.767601
46.761032
47.757591
48.757290
49.760117
50.766079
51.775169
52.787399
53.802757
54.821251
55.842876
56.867634
57.895523
58.926548
59.960705
60.997993
62.038422
63.081978
64.128662
65.178490
66.231453
67.287537
68.346748
69.409111
70.474602
71.543213
72.614967
73.689857
74.767876
75.849022
76.933319
78.020729
79.111282
80.204964
81.301781
82.401741
83.502075
84.600067
85.695702
86.788979
87.879906
88.968483
90.054695
91.138565
92.220078
93.299232
94.376045
95.450500
96.522606
97.592346
98.659737
99.724785
100.787460
101.847801
102.905785
103.961411
105.014687
106.065598
107.114166
108.160385
109.204239
110.245750
111.284904
112.321709
113.356155
114.388252
115.417984
116.445374
117.470406
118.493095
119.513420
120.531395
121.547012
122.560280
123.571190
124.579758
125.585968
126.589821
127.591316
128.590469
129.587265
130.581696
131.573792
132.563522
133.550903
134.535934
135.518600
136.498932
137.476898
138.452499
139.426941
140.401321
141.375702
142.350021
143.324341
144.298630
145.272873
146.247101
147.221298
148.195465
149.169601
150.143707
151.117798
152.091858
153.065872
154.039871
155.013840
155.987793
156.961685
157.935577
158.909439
159.883255
160.857056
161.830826
162.804581
163.778275
164.751968
165.725616
166.699249
167.672836
168.646408
169.619965
170.593475
171.566971
172.540405
173.513840
174.487244
175.460617
176.433960
177.407272
178.380554
179.353806
180.327042
181.300247
182.273422
183.246567
184.219681
185.192764
186.165833
187.138855
188.111862
189.084824
190.057770
191.030685
192.003235
192.975082
193.946213
194.916626
195.886307
196.855301
197.823578
198.791138
199.757980
200.724136
201.689560
202.654266
203.618271
204.581573
205.544144
206.506012
207.467163
208.427612
209.387344
210.346359
211.304672
212.262268
213.219147
214.175323
215.130783
216.085526
217.039566
217.992889
218.945496
219.897415
220.848587
221.799072
222.748840
223.697891
224.646225
225.593842
226.540771
227.486984
228.432465
229.377243
230.321335
231.264679
232.207321
233.149261
234.090485
235.030975
235.970779
236.909866
237.848236
238.785904
239.722839
240.659088
241.594620
242.529434
243.463455
244.396530
245.328674
246.259872
247.190155
248.119507
249.047958
249.975449
250.902023
251.827667
252.752396
253.676163
254.599030
255.000000
