0.988376
0.005812
0.005812
0.005812
0.988376
0.005812
0.005812
0.005812
0.988376
0.000000
0.830356
1.669281
2.516776
3.372840
4.237472
5.110674
5.992445
6.882785
7.781694
8.689173
9.605221
10.529838
11.463022
12.404778
13.355102
14.313995
15.281458
16.257488
17.242090
18.235258
19.236998
20.247305
21.266182
22.293629
23.329643
24.374228
25.427382
26.483076
27.535303
28.584053
29.629328
30.671127
31.709452
32.744301
33.775677
34.803574
35.828003
36.848949
37.866428
38.880424
39.890949
40.897999
41.901573
42.901669
43.898293
44.891445
45.881115
46.867317
47.850037
48.829288
49.805061
50.777359
51.746181
52.711533
53.673401
54.631802
55.586723
56.538170
57.486137
58.430634
59.371662
60.309204
61.243279
62.173878
63.100998
64.024651
64.944824
65.861519
66.774734
67.684486
68.590759
69.493553
70.392868
71.288719
72.181084
73.069984
73.955399
74.837349
75.715813
76.590820
77.462334
78.332314
79.205444
80.081955
80.961838
81.845100
82.731743
83.621758
84.515152
85.411919
86.312065
87.215584
88.122475
89.032745
89.946404
90.863426
91.783829
92.707611
93.634758
94.565292
95.499199
96.436485
97.377144
98.321175
99.268593
100.219376
101.173538
102.131088
103.091995
104.056290
105.023964
105.995010
106.969429
107.947227
108.928406
109.912956
110.900879
111.892189
112.886864
113.884918
114.886353
115.891167
116.899345
117.910912
118.925842
119.944153
120.965843
121.990913
123.019356
124.051170
125.086372
126.124939
127.166885
128.212204
129.260910
130.312469
131.363831
132.414474
133.464386
134.513596
135.562088
136.609863
137.656921
138.703247
139.748871
140.793762
141.837952
142.881424
143.924179
144.966202
146.007507
147.048111
148.087997
149.127167
150.165604
151.203323
152.240341
153.276627
154.312210
155.347061
156.381195
157.414642
158.447327
159.479324
160.510590
161.541138
162.570984
163.600098
164.628510
165.656189
166.683167
167.709412
168.734924
169.759750
170.783844
171.807236
172.829895
173.851822
174.873062
175.893570
176.913376
177.932449
178.950790
179.968430
180.985352
182.001572
183.017059
184.031815
185.045868
186.059265
187.072922
188.087250
189.102249
190.117920
191.134277
192.151276
193.168976
194.187332
195.206360
196.226059
197.246445
198.267471
199.289200
200.311584
201.334641
202.358368
203.382782
204.407837
205.433594
206.460007
207.487091
208.514847
209.543289
210.572372
211.602142
212.632599
213.663712
214.695480
215.727951
216.761078
217.794876
218.829346
219.864487
220.900299
221.936783
222.973953
224.011765
225.050262
226.089447
227.129288
228.169785
229.210983
230.252823
231.295349
232.338562
233.382416
234.426956
235.472183
236.518066
237.564606
238.611847
239.659744
240.708298
241.757538
242.812317
243.877533
244.953171
246.039246
247.135742
248.242676
249.360016
250.487823
251.626022
252.774658
253.933731
0.000000
0.000000
0.445744
1.652579
2.852436
4.045314
5.231214
6.410136
7.582079
8.747046
9.905031
11.056041
12.200072
13.337123
14.467197
15.590292
16.706411
17.815550
18.917711
20.012896
21.101099
22.182325
23.256575
24.323843
25.384134
26.437449
27.483784
28.523142
29.558229
30.591766
31.623753
32.654182
33.683060
34.710381
35.736153
36.760368
37.783028
38.804142
39.823700
40.841698
41.858150
42.873047
43.886387
44.898174
45.908409
46.917091
47.924221
48.929790
49.933815
50.936283
51.937202
52.936562
53.934368
54.930618
55.925320
56.918468
57.910057
58.900101
59.888588
60.875515
61.860893
62.844719
63.826992
64.807709
65.786880
66.764496
67.740547
68.715057
69.688004
70.659409
71.629250
72.597534
73.564270
74.529457
75.493088
76.455162
77.415688
78.374657
79.332077
80.287933
81.242241
82.196396
83.153824
84.114677
85.078957
86.046654
87.017784
87.992340
88.970322
89.951721
90.936554
91.924812
92.916496
93.911606
94.910133
95.912094
96.917480
97.926292
98.938530
99.954185
100.973274
101.995781
103.021721
104.051086
105.083878
106.120087
107.159729
108.202797
109.249290
110.299202
111.352547
112.409317
113.469513
114.533134
115.600182
116.670654
117.744545
118.821877
119.902618
120.986794
122.074394
123.165421
124.259865
125.357735
126.459038
127.563774
128.671921
129.783493
130.898514
132.016922
133.138794
134.264069
135.392776
136.524918
137.659470
138.790604
139.917313
141.039581
142.157425
143.270844
144.379837
145.484390
146.584534
147.680237
148.771515
149.858368
150.940796
152.018784
153.092346
154.161484
155.226196
156.286469
157.342316
158.393753
159.440750
160.483322
161.521454
162.555176
163.584457
164.609314
165.629761
166.645737
167.657318
168.664474
169.667191
170.665466
171.659348
172.648773
173.633774
174.614349
175.590515
176.562225
177.529510
178.492386
179.450821
180.404831
181.354416
182.299561
183.240295
184.176590
185.108459
186.035904
186.958923
187.877502
188.791656
189.701385
190.606689
191.507767
192.409286
193.313156
194.219345
195.127884
196.038773
196.952011
197.867569
198.785477
199.705734
200.628326
201.553253
202.480530
203.410141
204.342087
205.276382
206.213013
207.151993
208.093307
209.036972
209.982986
210.931320
211.881989
212.835022
213.790375
214.748093
215.708130
216.670517
217.635239
218.602295
219.571701
220.543457
221.517548
222.493973
223.472763
224.453857
225.437317
226.423111
227.411240
228.401733
229.394547
230.389694
231.387207
232.387039
233.389221
234.393738
235.400589
236.409805
237.421356
238.435226
239.451447
240.470016
241.490936
242.514175
243.524277
244.505783
245.458679
246.382965
247.278625
248.145691
248.984146
249.793976
250.575211
251.327835
252.051834
252.747238
253.414017
254.052200
254.661758
0.000000
0.920200
1.848735
2.785604
3.730808
4.684345
5.646218
6.616425
7.594967
8.581843
9.577053
10.580598
11.592478
12.612691
13.641239
14.678123
15.723341
16.772038
17.819365
18.865318
19.909901
20.953110
21.994946
23.035410
24.074505
25.112223
26.148571
27.183548
28.217150
29.249382
30.280241
31.309727
32.337837
33.364582
34.389954
35.413948
36.436573
37.457825
38.477703
39.496212
40.513351
41.529110
42.543507
43.556522
44.568169
45.578445
46.587345
47.594875
48.601028
49.605812
50.609230
51.611271
52.611938
53.611233
54.609158
55.605709
56.600887
57.594696
58.587132
59.578190
60.567883
61.556198
62.543144
63.528713
64.512924
65.495758
66.477211
67.459290
68.444000
69.431335
70.421288
71.413872
72.409081
73.406906
74.407372
75.410446
76.416161
77.424492
78.435455
79.449036
80.465240
81.484077
82.505539
83.529617
84.556320
85.585655
86.617615
87.652199
88.689407
89.729233
90.771706
91.816780
92.864494
93.914825
94.967781
96.023369
97.081573
98.142410
99.205864
100.271950
101.340660
102.411995
103.485954
104.562531
105.641747
106.723579
107.808044
108.895119
109.984825
111.077156
112.172127
113.269707
114.369911
115.472748
116.578209
117.686295
118.797005
119.907043
121.013115
122.115219
123.213348
124.307518
125.397720
126.483948
127.566208
128.644516
129.718842
130.789200
131.855591
132.918015
133.976471
135.030960
136.081482
137.128036
138.170624
139.209229
140.243881
141.274567
142.301270
143.324020
144.342789
145.357620
146.368454
147.375320
148.378220
149.377151
150.372147
151.363144
152.350174
153.333237
154.312332
155.287476
156.258636
157.225830
158.189056
159.148315
160.103607
161.054932
162.002289
162.945679
163.885101
164.820541
165.752029
166.679550
167.603104
168.522675
169.438293
170.353668
171.272583
172.195038
173.121002
174.050491
174.983521
175.920074
176.860138
177.803741
178.750854
179.701508
180.655685
181.613388
182.574615
183.539368
184.507629
185.479431
186.454758
187.433624
188.415985
189.401901
190.391342
191.384277
192.380753
193.380768
194.384308
195.391373
196.401947
197.416061
198.433701
199.454849
200.479553
201.507767
202.539505
203.574753
204.613556
205.655869
206.701706
207.751068
208.803970
209.860382
210.920334
211.983780
213.050781
214.121307
215.195358
216.272934
217.354019
218.438629
219.526794
220.604767
221.658813
222.688950
223.695175
224.677490
225.635910
226.570419
227.480988
228.367691
229.230453
230.069321
230.884277
231.675323
232.442459
233.185684
233.904999
234.600418
235.271912
235.919510
236.543182
237.142960
237.718826
238.270767
238.798828
239.302948
239.783188
240.239502
240.671906
241.080399
241.465012
241.825684
242.162445
242.475311
242.764267
243.029312
243.270447
243.487671
243.680984
243.850372
