0.988250
0.005875
0.005875
0.005875
0.988250
0.005875
0.005875
0.005875
0.988250
0.000000
1.312595
2.582210
3.808844
4.992498
6.133171
7.230863
8.285575
9.318863
10.352284
11.385838
12.419522
13.453341
14.487290
15.521375
16.555590
17.589941
18.624420
19.659033
20.693781
21.728659
22.763670
23.798815
24.834091
25.869501
26.905045
27.940718
28.976526
30.012465
31.048540
32.084743
33.121082
34.157551
35.194153
36.230892
37.267757
38.304756
39.341892
40.379158
41.416557
42.454094
43.491333
44.525772
45.556988
46.584976
47.609737
48.631279
49.649590
50.664684
51.676548
52.685188
53.690601
54.692791
55.691757
56.687496
57.680012
58.669300
59.655369
60.638210
61.617828
62.594215
63.567383
64.537315
65.504036
66.467529
67.427795
68.384842
69.338646
70.289246
71.236610
72.180756
73.121666
74.059364
74.993828
75.925064
76.855499
77.787560
78.721237
79.656525
80.593437
81.531967
82.472122
83.413887
84.357277
85.302277
86.248894
87.197144
88.147003
89.098480
90.051582
91.006294
91.962624
92.920578
93.880150
94.841339
95.804146
96.768570
97.734619
98.702278
99.671562
100.642464
101.614983
102.589119
103.564873
104.542252
105.521240
106.501854
107.484085
108.467781
109.451965
110.436485
111.421341
112.406532
113.392059
114.377922
115.364128
116.350662
117.337540
118.324745
119.312294
120.300171
121.288391
122.276947
123.265831
124.255058
125.244621
126.234520
127.224754
128.215332
129.206223
130.197479
131.189056
132.180969
133.173218
134.165817
135.158737
136.151993
137.145584
138.139526
139.133789
140.128387
141.123337
142.114090
143.096100
144.069397
145.033951
145.989777
146.936874
147.875229
148.804886
149.725800
150.637970
151.541428
152.436157
153.322159
154.199417
155.067963
155.927765
156.778839
157.621201
158.454803
159.279694
160.095871
160.903305
161.702011
162.491989
163.273239
164.045761
164.809540
165.564606
166.310928
167.048538
167.777420
168.497543
169.208984
169.911652
170.605621
171.290848
171.967346
172.635117
173.294159
173.944473
174.586060
175.218903
175.843033
176.458420
177.065094
177.663025
178.252228
178.832718
179.404465
179.967499
180.521774
181.067337
181.604187
182.132278
182.651672
183.162323
183.664230
184.157425
184.641876
185.117615
185.584610
186.042877
186.492432
186.933243
187.365326
187.788696
188.203323
188.609222
189.006393
189.394836
189.774551
190.145523
190.507782
190.861313
191.206100
191.542175
191.869507
192.188126
192.498001
192.799149
193.091568
193.375275
193.650223
193.916458
194.173981
194.422760
194.662796
194.894104
195.116699
195.330551
195.535706
195.732086
195.919769
196.098724
196.268921
196.430435
196.583176
196.727203
196.862503
196.989075
197.106918
197.216034
197.316422
197.408066
197.490997
197.565186
197.630661
197.687408
197.735397
197.774673
197.805222
197.827057
197.840149
197.844513
0.000000
0.948662
1.918264
2.908807
3.920290
4.952714
6.006080
7.080386
8.175632
9.291819
10.428948
11.587016
12.766025
13.965975
15.172486
16.371183
17.562067
18.745134
19.920385
21.087824
22.247446
23.399252
24.543243
25.679420
26.807783
27.928329
29.041063
30.145979
31.243078
32.332363
33.413834
34.487488
35.553333
36.611359
37.661564
38.703964
39.738541
40.765308
41.784256
42.795391
43.798710
44.794216
45.781902
46.762035
47.740406
48.719383
49.698959
50.679142
51.659924
52.641312
53.623299
54.605892
55.589088
56.572884
57.557285
58.542290
59.527893
60.514111
61.500919
62.488331
63.476353
64.464966
65.454193
66.444023
67.434448
68.425484
69.417122
70.409355
71.402199
72.395645
73.389687
74.384338
75.379593
76.375336
77.370949
78.366310
79.361427
80.356300
81.350922
82.345306
83.339439
84.333321
85.326958
86.320358
87.313507
88.306412
89.299072
90.291473
91.283638
92.275558
93.267235
94.258652
95.249840
96.240768
97.231461
98.221901
99.212097
100.202042
101.191750
102.181206
103.170425
104.159386
105.148102
106.136650
107.125183
108.113701
109.102219
110.090729
111.079231
112.067734
113.056229
114.044716
115.033203
116.021683
117.010155
117.998627
118.987083
119.975540
120.963997
121.952431
122.940872
123.929306
124.917732
125.906158
126.894577
127.882988
128.871399
129.859802
130.848206
131.836578
132.824966
133.813339
134.801712
135.786072
136.762405
137.730682
138.690933
139.643127
140.587326
141.523453
142.451553
143.371628
144.283661
145.187653
146.083618
146.971542
147.851440
148.723297
149.587112
150.442902
151.290649
152.130356
152.962036
153.785675
154.601288
155.408844
156.208389
156.999878
157.783356
158.558792
159.326187
160.085526
160.836853
161.580139
162.315399
163.042603
163.761795
164.472946
165.176041
165.871109
166.558167
167.237152
167.908127
168.571060
169.225952
169.872818
170.511642
171.142426
171.765182
172.379913
172.986588
173.585236
174.175842
174.758408
175.332962
175.899460
176.457947
177.008362
177.550766
178.085129
178.611450
179.129745
179.639999
180.142227
180.636414
181.122559
181.600677
182.070755
182.532791
182.986816
183.432770
183.870712
184.300613
184.722488
185.136307
185.542099
185.939865
186.329590
186.711273
187.084915
187.450531
187.808121
188.157669
188.499176
188.832657
189.158096
189.475494
189.784866
190.086197
190.379486
190.664749
190.941971
191.211166
191.472321
191.725449
191.970520
192.207581
192.436584
192.657562
192.870514
193.075409
193.272278
193.461121
193.641907
193.814682
193.979416
194.136093
194.284760
194.425385
194.557968
194.682526
194.799042
194.907501
195.007965
195.100357
195.184738
195.261063
195.329376
195.389633
195.441879
195.486053
195.522232
195.550354
195.570450
195.582504
195.586517
0.000000
1.597628
3.035948
4.314961
5.434668
6.475885
7.519434
8.565316
9.613528
10.664072
11.716947
12.772154
13.829690
14.889561
15.951760
17.016293
18.083157
19.152351
20.223879
21.297735
22.373926
23.452444
24.533297
25.616478
26.701996
27.789839
28.880020
29.972527
31.067369
32.164536
33.264042
34.364815
35.460503
36.550041
37.633434
38.710682
39.781780
40.846729
41.905533
42.958191
44.004700
45.045067
46.079285
47.107353
48.129272
49.145046
50.154675
51.158157
52.155491
53.146675
54.131718
55.110607
56.083355
57.049953
58.010403
58.964706
59.912868
60.854874
61.795799
62.740696
63.689564
64.642403
65.599213
66.560005
67.524757
68.493484
69.466187
70.442863
71.423508
72.408127
73.396721
74.389282
75.385818
76.386330
77.390816
78.399261
79.411690
80.428085
81.448456
82.472794
83.501114
84.533401
85.569664
86.609894
87.653358
88.695595
89.735847
90.774117
91.810417
92.844734
93.877075
94.907448
95.935837
96.962250
97.986687
99.009148
100.029625
101.048126
102.064667
103.079208
104.091789
105.102394
106.111008
107.117653
108.122322
109.125015
110.125732
111.124466
112.121223
113.116005
114.108818
115.097206
116.078773
117.053490
118.021362
118.982399
119.936600
120.883957
121.824471
122.758148
123.684990
124.604988
125.518150
126.424461
127.323936
128.216583
129.102371
129.981323
130.853439
131.718719
132.577148
133.428741
134.273499
135.111420
135.942490
136.766724
137.584122
138.394684
139.198395
139.995285
140.785309
141.568497
142.344864
143.114365
143.877045
144.632889
145.381866
146.124039
146.859344
147.587814
148.309448
149.024231
149.732193
150.433304
151.127594
151.815018
152.495605
153.169357
153.836258
154.496338
155.149582
155.795975
156.435516
157.068237
157.694107
158.313141
158.925323
159.530670
160.129181
160.720856
161.305695
161.883682
162.454834
163.019135
163.576614
164.127243
164.671036
165.207977
165.738098
166.261353
166.777786
167.287369
167.790115
168.286041
168.775101
169.257324
169.732727
170.201279
170.662979
171.117844
171.565872
172.007080
172.441422
172.868927
173.289597
173.703430
174.110413
174.510559
174.903854
175.290329
175.669952
176.042740
176.408691
176.767792
177.120056
177.465500
177.804077
178.135803
178.460739
178.778793
179.090012
179.394394
179.691940
179.982666
180.266525
180.543549
180.813721
181.077057
181.333588
181.583221
181.826080
182.062042
182.291183
182.513504
182.728958
182.937592
183.139359
183.334305
183.522415
183.703674
183.878113
184.045685
184.206421
184.360336
184.507401
184.647629
184.780991
184.907532
185.027237
185.140106
185.246109
185.345322
185.437653
185.523148
185.601807
185.673630
185.738617
185.796753
185.848053
185.892517
185.930130
185.960922
185.984848
186.001968
186.012207
186.015640
