0.990860
0.004570
0.004570
0.004570
0.990860
0.004570
0.004570
0.004570
0.990860
0.000000
1.026594
2.046458
3.059595
4.066003
5.065682
6.058632
7.044854
8.024348
8.997113
9.963149
10.922457
11.875035
12.820886
13.763382
14.705899
15.648439
16.590998
17.533579
18.476181
19.418806
20.361450
21.304115
22.246803
23.189512
24.132240
25.074991
26.017763
26.960556
27.903370
28.846201
29.789061
30.731937
31.674839
32.617752
33.560696
34.503658
35.446640
36.389645
37.332668
38.275715
39.218781
40.161869
41.104980
42.048111
42.991261
43.934437
44.877628
45.820847
46.764084
47.707340
48.650620
49.593918
50.537243
51.480583
52.423943
53.367329
54.310738
55.254162
56.197609
57.141079
58.084568
59.028080
59.971611
60.915165
61.858738
62.802334
63.745953
64.689590
65.633247
66.576927
67.520493
68.463600
69.406242
70.348412
71.290115
72.231361
73.172127
74.112427
75.052254
75.991615
76.930504
77.868935
78.806892
79.744377
80.681396
81.617950
82.554031
83.489647
84.424789
85.359467
86.293671
87.227409
88.160683
89.093483
90.025818
90.957680
91.889076
92.820007
93.750473
94.680458
95.609985
96.539032
97.467621
98.395737
99.323387
100.250565
101.177277
102.103516
103.029297
103.954597
104.879433
105.803802
106.727699
107.651131
108.574097
109.496597
110.418617
111.340172
112.261261
113.181885
114.102036
115.021713
115.940926
116.859673
117.777946
118.695763
119.613098
120.530144
121.447823
122.366318
123.285622
124.205742
125.126678
126.048416
126.970970
127.894341
128.818512
129.743500
130.669296
131.595917
132.523346
133.451584
134.380646
135.310501
136.241165
137.172653
138.104950
139.038071
139.971985
140.906708
141.842255
142.778610
143.715775
144.653748
145.592545
146.532150
147.472565
148.413803
149.355835
150.298691
151.242340
152.186813
153.132111
154.078201
155.025116
155.972839
156.921371
157.870728
158.820862
159.771851
160.723618
161.676224
162.629639
163.583832
164.538864
165.494705
166.451355
167.408829
168.367111
169.326202
170.286087
171.246811
172.208328
173.170654
174.133759
175.096710
176.059174
177.021133
177.982574
178.943512
179.903931
180.863846
181.823257
182.782135
183.740524
184.698410
185.655777
186.612640
187.568985
188.524826
189.480164
190.434982
191.389297
192.343109
193.296402
194.249191
195.201462
196.153244
197.104492
198.055252
199.005493
199.955231
200.904449
201.853165
202.801361
203.749069
204.696243
205.642929
206.589096
207.534760
208.479919
209.424545
210.368683
211.312317
212.255432
213.198029
214.140121
215.081711
216.022797
216.963379
217.903427
218.842972
219.782028
220.720551
221.658585
222.596100
223.533096
224.469589
225.405594
226.341064
227.276031
228.210495
229.197403
230.289749
231.487503
232.790680
234.199280
235.713287
237.332733
239.057571
240.887848
242.823532
244.864655
247.011185
249.263138
0.000000
1.205418
2.424747
3.657988
4.905139
6.166200
7.441173
8.730055
10.032849
11.349556
12.670076
13.984329
15.292310
16.594019
17.889456
19.178621
20.461514
21.738138
23.008488
24.272566
25.530375
26.781910
28.027172
29.266165
30.498884
31.725334
32.945511
34.159416
35.367046
36.568409
37.763500
38.952312
40.134861
41.311142
42.481140
43.644867
44.802330
45.953518
47.098434
48.237076
49.369450
50.495544
51.615376
52.728935
53.836220
54.937233
56.031967
57.120441
58.202648
59.278568
60.348225
61.411606
62.468716
63.519558
64.568642
65.620506
66.675125
67.732521
68.792679
69.855614
70.921310
71.989777
73.061012
74.135017
75.211792
76.291328
77.373634
78.458717
79.546555
80.637177
81.730560
82.826706
83.925629
85.027313
86.131775
87.238991
88.348984
89.461746
90.577278
91.695580
92.816650
93.940483
95.067085
96.196457
97.328598
98.463501
99.601181
100.741623
101.884842
103.030823
104.179573
105.331093
106.485382
107.642433
108.802269
109.964851
111.130219
112.298355
113.466866
114.633423
115.797989
116.960579
118.121201
119.279839
120.436501
121.591187
122.743896
123.894623
125.043373
126.190147
127.334953
128.477768
129.618622
130.757477
131.894379
133.029282
134.162216
135.293167
136.422150
137.549149
138.674179
139.797241
140.918289
142.037384
143.154510
144.269638
145.382812
146.493988
147.603195
148.710434
149.815674
150.918945
152.020248
153.119568
154.216919
155.312271
156.405655
157.497086
158.586517
159.673965
160.759445
161.842957
162.923004
163.998184
165.068466
166.133850
167.194336
168.249954
169.300659
170.346466
171.387405
172.423431
173.454559
174.480820
175.502151
176.518616
177.530182
178.536850
179.538651
180.535538
181.527527
182.514633
183.496841
184.474152
185.446579
186.414108
187.376740
188.334488
189.287338
190.235306
191.178360
192.116531
193.049820
193.978226
194.901703
195.820312
196.734024
197.642838
198.546768
199.445801
200.339935
201.229172
202.113525
202.992996
203.867554
204.737244
205.601807
206.461044
207.314957
208.163559
209.006836
209.844788
210.677414
211.504715
212.326706
213.143372
213.954712
214.760727
215.561417
216.356766
217.146820
217.931549
218.710938
219.485016
220.253784
221.017212
221.775314
222.528091
223.275558
224.017700
224.754517
225.486008
226.212173
226.933014
227.648544
228.358749
229.063629
229.763184
230.457413
231.146301
231.829910
232.508148
233.181107
233.848724
234.511017
235.167984
235.819626
236.465958
237.106964
237.742630
238.373001
238.998032
239.617737
240.232117
240.841187
241.444931
242.043350
242.636444
243.224213
243.806671
244.383789
244.955582
245.522079
246.083237
246.639069
247.189575
247.734756
248.274628
248.809174
249.338394
249.862274
250.380859
250.894104
251.402054
251.904648
252.401932
0.000000
2.891802
5.157003
6.795604
8.117100
9.430976
10.737238
12.035884
13.326915
14.610328
15.886127
17.154310
18.414877
19.667830
20.913168
22.150888
23.380991
24.603479
25.818356
27.025610
28.225256
29.417284
30.601692
31.778488
32.947670
34.109234
35.263184
36.409515
37.548233
38.679333
39.802822
40.918694
42.026951
43.127586
44.220612
45.306019
46.383812
47.453991
48.516548
49.574039
50.632713
51.692841
52.754433
53.817474
54.881977
55.947941
57.015354
58.084232
59.154568
60.226357
61.299610
62.374317
63.450481
64.528107
65.607185
66.687729
67.769730
68.853180
69.938087
71.024467
72.112289
73.201576
74.292320
75.384521
76.478188
77.573303
78.669876
79.767914
80.867401
81.968353
83.070755
84.174622
85.279938
86.386726
87.494949
88.604576
89.715584
90.827995
91.941788
93.056976
94.173546
95.291504
96.410858
97.531601
98.653725
99.777245
100.902153
102.028450
103.156136
104.285210
105.415680
106.547523
107.680763
108.815399
109.951416
111.088821
112.227623
113.367813
114.509384
115.652351
116.796707
117.942451
119.089577
120.238106
121.388016
122.539314
123.692001
124.846085
126.001541
127.158340
128.314972
129.470825
130.625946
131.780273
132.933838
134.086639
135.238693
136.389969
137.540497
138.690231
139.839218
140.987442
142.134888
143.281586
144.427521
145.572662
146.717056
147.860703
149.003571
150.145660
151.287018
152.427582
153.567398
154.706436
155.844711
156.982239
158.118988
159.254974
160.390198
161.524658
162.658340
163.791275
164.923431
166.054840
167.185471
168.310654
169.425629
170.530426
171.625046
172.709473
173.783722
174.847794
175.901688
176.945374
177.978912
179.002243
180.015396
181.018372
182.011154
182.993774
183.966187
184.928436
185.880493
186.822372
187.754059
188.675583
189.586899
190.488068
191.379028
192.259796
193.130417
193.990829
194.841064
195.681122
196.510986
197.330673
198.140182
198.939514
199.728653
200.507614
201.276382
202.034973
202.783386
203.521622
204.249664
204.967545
205.675217
206.372711
207.060028
207.737167
208.404114
209.060898
209.707458
210.343887
210.970093
211.586151
212.192001
212.787674
213.373154
213.948456
214.513596
215.068558
215.613312
216.147873
216.672272
217.186493
217.690536
218.184387
218.668045
219.141541
219.604843
220.057953
220.500885
220.933640
221.356232
221.768616
222.170822
222.562836
222.944687
223.316360
223.677826
224.029129
224.370239
224.701172
225.021912
225.332489
225.632858
225.923065
226.203079
226.472931
226.732574
226.982040
227.221329
227.450439
227.669357
227.878098
228.076660
228.265030
228.443222
228.611252
228.769058
228.916718
229.054184
229.181458
229.298553
229.405487
229.502213
229.588760
229.665131
229.731323
229.787323
229.833160
229.868790
229.894241
229.909515
229.914612
