0.949272
0.025364
0.025364
0.025364
0.949272
0.025364
0.025364
0.025364
0.949272
0.000000
0.756535
1.517483
2.282842
3.052613
3.826797
4.605392
5.388399
6.175819
6.967650
7.763894
8.564548
9.369617
10.179095
10.992987
11.811291
12.634007
13.461134
14.292673
15.128625
15.968989
16.813763
17.662951
18.516548
19.374561
20.236984
21.103821
21.975069
22.850727
23.730799
24.615280
25.504179
26.397486
27.295206
28.197338
29.103882
30.014837
30.930204
31.849981
32.774174
33.700222
34.625561
35.550198
36.474129
37.397354
38.319878
39.241695
40.162807
41.083214
42.002918
42.921921
43.840214
44.757801
45.674686
46.590866
47.506344
48.421112
49.335178
50.248543
51.161198
52.073151
52.984398
53.894939
54.804779
55.713913
56.622341
57.530067
58.437088
59.343399
60.249012
61.153919
62.058117
62.961613
63.864403
64.766495
65.667877
66.568550
67.468529
68.367798
69.266365
70.164223
71.061371
71.957817
72.853569
73.748611
74.642944
75.536575
76.429504
77.321724
78.213242
79.104050
79.994156
80.883751
81.773994
82.665070
83.556969
84.449707
85.343285
86.237694
87.132942
88.029022
88.925934
89.823685
90.722267
91.621689
92.521942
93.423027
94.324951
95.227707
96.131294
97.035721
97.940979
98.847076
99.754013
100.661766
101.570366
102.479805
103.390068
104.301163
105.213112
106.125870
107.039482
107.953926
108.869194
109.785301
110.702248
111.620026
112.538635
113.458092
114.378372
115.299484
116.221436
117.144218
118.067841
118.992302
119.917580
120.843712
121.770668
122.698456
123.627090
124.556557
125.486855
126.417984
127.349945
128.282745
129.216232
130.150208
131.084702
132.019699
132.955215
133.891220
134.827774
135.764801
136.702362
137.640411
138.578995
139.518066
140.457657
141.397751
142.338364
143.279495
144.221115
145.163239
146.105896
147.049057
147.992722
148.936905
149.881592
150.826797
151.772491
152.718719
153.665436
154.612671
155.560425
156.508682
157.457443
158.406723
159.356522
160.306808
161.257599
162.208923
163.160751
164.113083
165.065918
166.019272
166.973145
167.927521
168.882401
169.837799
170.793686
171.750122
172.707031
173.664474
174.622406
175.580856
176.539825
177.499298
178.459915
179.425415
180.396423
181.372955
182.355011
183.342575
184.335678
185.334274
186.338394
187.348038
188.363190
189.383881
190.410065
191.441772
192.479004
193.521744
194.570007
195.623795
196.683090
197.747894
198.818237
199.894073
200.975464
202.062332
203.154739
204.252655
205.356110
206.465057
207.579529
208.699509
209.825027
210.956055
212.092590
213.234665
214.382248
215.535339
216.693954
217.858093
219.027725
220.202896
221.383591
222.569794
223.761490
224.958755
226.161499
227.369766
228.583557
229.802872
231.027695
232.258041
233.493881
234.735260
235.982178
237.458542
239.388412
241.771805
244.608658
247.899002
251.642838
0.000000
0.000000
1.406291
2.972401
4.520688
6.051151
7.563791
9.058607
10.535602
11.994772
13.436118
14.859641
16.265343
17.653217
19.023270
20.375498
21.709908
23.026491
24.325247
25.606184
26.869297
28.114586
29.342052
30.551695
31.743515
32.917507
34.073685
35.212029
36.332558
37.444084
38.555447
39.666645
40.777679
41.888542
42.999245
44.109776
45.220146
46.330345
47.440384
48.550255
49.659954
50.769493
51.878864
52.988064
54.097103
55.205975
56.314686
57.423225
58.531605
59.639809
60.747849
61.855724
62.963440
64.070976
65.178360
66.285568
67.392616
68.499496
69.606209
70.712753
71.819122
72.925354
74.031395
75.137276
76.242996
77.348549
78.453934
79.559151
80.664200
81.769089
82.873810
83.978355
85.082748
86.186958
87.291031
88.394913
89.498634
90.602188
91.705589
92.808823
93.912262
95.016060
96.120201
97.224693
98.329536
99.434723
100.540268
101.646149
102.752380
103.858971
104.965904
106.073189
107.180817
108.288803
109.397125
110.505806
111.614830
112.724205
113.833923
114.944008
116.054428
117.165192
118.276321
119.387787
120.499603
121.611778
122.724289
123.837151
124.950371
126.063927
127.177841
128.292099
129.406708
130.521652
131.636978
132.752625
133.868637
134.984985
136.101685
137.218735
138.336136
139.453888
140.571991
141.690445
142.809219
143.928375
145.047867
146.167709
147.287903
148.408447
149.528748
150.645187
151.757172
152.864716
153.967834
155.066467
156.160690
157.250443
158.335754
159.416626
160.493057
161.565018
162.632538
163.695618
164.754257
165.808441
166.858170
167.903458
168.944305
169.980698
171.012650
172.040161
173.063202
174.081818
175.095978
176.105698
177.110962
178.111786
179.108154
180.100082
181.087570
182.070587
183.049179
184.023315
184.993011
185.958252
186.919052
187.875397
188.827316
189.774765
190.717773
191.656342
192.590454
193.520126
194.445343
195.366119
196.282440
197.194321
198.101761
199.004745
199.903275
200.798065
201.690811
202.581558
203.470337
204.357132
205.241974
206.124817
207.005707
207.884598
208.761505
209.636459
210.509430
211.380417
212.249435
213.116470
213.981537
214.844620
215.705734
216.564865
217.422028
218.277206
219.130417
219.981644
220.830902
221.678162
222.523468
223.366791
224.208130
225.047501
225.884888
226.720306
227.553741
228.385208
229.214691
230.042191
230.867737
231.691284
232.512863
233.332474
234.150101
234.965759
235.779434
236.591125
237.400848
238.208588
239.014359
239.818161
240.619965
241.419800
242.217667
243.013565
243.795776
244.552521
245.283844
245.989731
246.670197
247.325211
247.954819
248.558960
249.137711
249.690994
250.218872
250.721313
251.198318
251.649887
252.076019
252.476746
252.852020
253.201874
253.526291
253.825272
254.098831
254.346954
254.569656
254.766907
0.000000
2.446716
4.832794
7.158236
9.423040
11.627207
13.770738
15.853631
17.875889
19.837507
21.738487
23.578833
25.358540
27.077612
28.736046
30.333843
31.871002
33.347523
34.763409
36.148003
37.530663
38.911377
40.290154
41.666992
43.041889
44.414848
45.785862
47.154945
48.522083
49.887280
51.250538
52.611855
53.971233
55.328671
56.684170
58.037727
59.389347
60.739025
62.086761
63.432560
64.776413
66.118340
67.458313
68.796356
70.132454
71.466614
72.798836
74.129112
75.457451
76.783852
78.108315
79.430832
80.751411
82.070045
83.386757
84.701515
86.014328
87.325211
88.634148
89.941154
91.246208
92.549339
93.850510
95.151443
96.453850
97.757713
99.063034
100.369812
101.678062
102.987762
104.298935
105.611557
106.925636
108.241188
109.558197
110.876671
112.196594
113.517982
114.840828
116.165146
117.490921
118.818153
120.146851
121.476997
122.808609
124.141685
125.476219
126.812225
128.149673
129.488602
130.828964
132.170807
133.514099
134.858871
136.205093
137.552765
138.901917
140.252518
141.604568
142.958099
144.313095
145.669525
147.027435
148.386810
149.747635
151.109924
152.473679
153.831863
155.177475
156.510529
157.831009
159.138931
160.434265
161.717041
162.987244
164.244873
165.489929
166.722443
167.942352
169.149719
170.344498
171.526703
172.696350
173.853424
174.997925
176.129852
177.249222
178.356018
179.450241
180.531891
181.600967
182.657471
183.701431
184.732803
185.751602
186.757843
187.751495
188.732590
189.701111
190.657043
191.600449
192.531265
193.449493
194.355164
195.248260
196.128799
196.996765
197.852142
198.694977
199.525223
200.342911
201.151718
201.955399
202.753891
203.547256
204.335449
205.118500
205.896393
206.669113
207.436707
208.199127
208.956390
209.708511
210.455475
211.197281
211.933929
212.665436
213.391769
214.112961
214.828995
215.539871
216.245605
216.946167
217.641586
218.331848
219.016953
219.696915
220.371704
221.041351
221.705841
222.365158
223.019333
223.668365
224.312241
224.950943
225.584503
226.212906
226.836151
227.454239
228.067200
228.674988
229.277618
229.875076
230.467407
231.054565
231.636047
232.211273
232.780243
233.342972
233.899445
234.449692
234.993668
235.531418
236.062912
236.588150
237.107162
237.619919
238.126434
238.626694
239.120697
239.608475
240.089996
240.565277
241.034302
241.497086
241.953629
242.403915
242.847977
243.285782
243.717331
244.142624
244.561691
244.974518
245.381073
245.781387
246.175476
246.563293
246.944885
247.320221
247.689301
248.052155
248.408752
248.759094
249.103210
249.441055
249.772659
250.098038
250.417145
250.730011
251.036652
251.337021
251.631165
251.919052
252.200684
252.476089
252.745224
253.008133
253.264786
253.515198
253.759354
253.997269
254.228943
254.454361
254.673538
254.886459
255.000000
