0.987989
0.006006
0.006006
0.006006
0.987989
0.006006
0.006006
0.006006
0.987989
0.000000
0.905816
1.815464
2.728946
3.646261
4.567409
5.492389
6.421203
7.353850
8.290330
9.230642
10.174788
11.122766
12.074578
13.030223
13.989699
14.953012
15.920155
16.891130
17.865940
18.844584
19.827059
20.813366
21.803509
22.797483
23.795290
24.796930
25.802404
26.811710
27.824850
28.841822
29.862629
30.884443
31.904432
32.922607
33.938957
34.953491
35.966206
36.977100
37.986176
38.993427
39.998863
41.002480
42.004272
43.004250
44.002403
44.998741
45.993256
46.985954
47.976826
48.965881
49.953121
50.938538
51.922138
52.903915
53.883873
54.862011
55.838329
56.812828
57.785507
58.756367
59.725403
60.692623
61.658024
62.621605
63.583370
64.543304
65.501427
66.457741
67.412453
68.365669
69.317360
70.267548
71.216232
72.163399
73.109062
74.053223
74.995872
75.937012
76.876640
77.814766
78.751373
79.686485
80.620079
81.552170
82.482742
83.411819
84.339378
85.265427
86.189972
87.113007
88.034538
88.954559
89.873070
90.790070
91.705566
92.619553
93.532028
94.443001
95.352455
96.260406
97.166847
98.071785
98.975220
99.877129
100.778015
101.680786
102.585915
103.493401
104.403244
105.315445
106.230003
107.146927
108.066200
108.987831
109.911827
110.838181
111.766899
112.697968
113.631401
114.567192
115.505333
116.445847
117.388702
118.333923
119.281509
120.231445
121.183754
122.138412
123.095421
124.054802
125.016533
125.980621
126.947075
127.915878
128.887054
129.860565
130.836472
131.814713
132.795303
133.778259
134.763580
135.750076
136.734787
137.717575
138.698456
139.677429
140.654495
141.629669
142.602905
143.574265
144.543701
145.511230
146.476852
147.440552
148.402359
149.362259
150.320236
151.276321
152.230484
153.182739
154.133102
155.081543
156.028076
156.972702
157.915421
158.856232
159.795135
160.732132
161.667221
162.600403
163.531677
164.461029
165.388489
166.314026
167.237656
168.159378
169.079208
169.997116
170.915619
171.837234
172.761963
173.689774
174.620697
175.554718
176.491852
177.432083
178.375427
179.321869
180.271423
181.224075
182.179825
183.138687
184.100632
185.065689
186.033875
187.005142
187.979523
188.957001
189.937576
190.921265
191.908066
192.897949
193.890961
194.887070
195.886261
196.888580
197.893997
198.902512
199.914139
200.928864
201.946701
202.967636
203.991653
205.018799
206.049057
207.082397
208.118866
209.158401
210.201080
211.246841
212.295700
213.347672
214.402756
215.460938
216.522217
217.586594
218.654099
219.724701
220.798401
221.875198
222.955109
224.038101
225.124222
226.213440
227.305771
228.401184
229.499725
230.601349
231.706100
232.813934
233.924866
235.038910
236.156082
237.276321
238.399673
239.526154
240.655716
241.788376
242.924164
244.063034
245.205017
246.350113
247.498291
248.649597
249.803986
0.000000
0.000000
0.000000
1.415987
2.879329
4.325174
5.753523
7.164375
8.557732
9.933590
11.291953
12.632818
13.956186
15.262060
16.550434
17.821314
19.074699
20.310587
21.528976
22.729872
23.913265
25.079166
26.227568
27.358475
28.471888
29.575529
30.677132
31.776691
32.874214
33.969696
35.063133
36.154533
37.243893
38.331211
39.416485
40.499725
41.580921
42.660080
43.737194
44.812271
45.885303
46.956299
48.025253
49.092167
50.157043
51.219875
52.280666
53.339417
54.396133
55.450802
56.503433
57.554024
58.602570
59.649082
60.693550
61.735973
62.776363
63.814709
64.851013
65.885284
66.917511
67.947845
68.977287
70.005989
71.033943
72.061157
73.087616
74.113342
75.138329
76.162567
77.186058
78.208809
79.230820
80.252083
81.272606
82.292381
83.311417
84.329704
85.347252
86.364052
87.380119
88.395432
89.410011
90.423836
91.436928
92.449265
93.460869
94.471725
95.481842
96.491211
97.499832
98.507721
99.514862
100.521248
101.526901
102.531815
103.535988
104.539413
105.543678
106.550354
107.559464
108.570992
109.584930
110.601303
111.620094
112.641304
113.664940
114.690994
115.719475
116.750366
117.783684
118.819427
119.857590
120.898170
121.941177
122.986603
124.034447
125.084717
126.137405
127.192520
128.250046
129.310013
130.372391
131.437180
132.504410
133.574036
134.646103
135.720581
136.797501
137.876816
138.958557
140.042725
141.129318
142.218323
143.308960
144.396362
145.479706
146.559021
147.634293
148.705521
149.772720
150.835876
151.894974
152.950058
154.001083
155.048080
156.091034
157.129944
158.164810
159.195648
160.222427
161.245178
162.263901
163.278580
164.289200
165.295792
166.298355
167.296844
168.291321
169.281754
170.268143
171.250488
172.228821
173.203079
174.173309
175.139496
176.101639
177.059769
178.013824
178.963867
179.909836
180.850327
181.783859
182.710419
183.630020
184.542664
185.448349
186.347061
187.238831
188.123611
189.001450
189.872330
190.736237
191.593185
192.443161
193.286209
194.122269
194.951370
195.773499
196.588684
197.396896
198.198151
198.992447
199.779785
200.560150
201.333557
202.100021
202.859497
203.612030
204.357590
205.096176
205.827820
206.552505
207.270233
207.980972
208.684769
209.381607
210.071472
210.754379
211.430328
212.099319
212.761353
213.416397
214.064499
214.705643
215.339813
215.967041
216.587280
217.200577
217.806900
218.406281
218.998672
219.584122
220.162613
220.734131
221.298691
221.856293
222.406937
222.950607
223.487320
224.017075
224.539856
225.055695
225.564560
226.066467
226.561417
227.049393
227.530426
228.004471
228.471573
228.931717
229.384872
229.831100
230.270355
230.702637
231.127960
231.546326
231.957733
232.362183
232.759659
233.150162
233.533737
233.910339
234.279968
234.642639
234.998352
0.000000
1.078215
2.156036
3.233464
4.310499
5.387139
6.463387
7.539241
8.614703
9.689770
10.764444
11.838724
12.912613
13.986106
15.059207
16.131912
17.204227
18.276148
19.347675
20.418806
21.489548
22.559893
23.630106
24.700434
25.770882
26.841446
27.912132
28.982937
30.053858
31.124901
32.196060
33.267342
34.338737
35.410255
36.481892
37.553642
38.625519
39.697510
40.769623
41.841854
42.914204
43.986671
45.059258
46.131966
47.204792
48.277733
49.350796
50.423973
51.497276
52.570694
53.644234
54.717892
55.791660
56.865559
57.938683
59.008858
60.075981
61.140053
62.201080
63.259056
64.313988
65.365860
66.414688
67.460472
68.503212
69.542885
70.579529
71.613106
72.643646
73.671127
74.695572
75.716965
76.735298
77.750595
78.762833
79.772034
80.778175
81.781273
82.781319
83.778313
84.772263
85.763168
86.751015
87.735817
88.717575
89.696281
90.672829
91.652618
92.636520
93.624557
94.616722
95.613007
96.613426
97.617973
98.626640
99.639442
100.656364
101.677414
102.702591
103.731895
104.765327
105.802887
106.844574
107.890381
108.940323
109.994392
111.052582
112.114906
113.181351
114.251923
115.326622
116.405449
117.488403
118.575485
119.666695
120.762024
121.861488
122.965080
124.072571
125.178940
126.282150
127.382195
128.479050
129.572769
130.663315
131.750687
132.834900
133.915939
134.993805
136.068527
137.140060
138.208435
139.273651
140.335693
141.394577
142.450287
143.502823
144.552216
145.598434
146.641479
147.681351
148.718063
149.751602
150.781982
151.809204
152.833267
153.854141
154.871857
155.886429
156.897797
157.906021
158.907852
159.900101
160.882767
161.855850
162.819351
163.773254
164.717575
165.652313
166.577454
167.493011
168.398987
169.295364
170.182175
171.059372
171.927002
172.785034
173.633484
174.472351
175.301620
176.121307
176.931412
177.731918
178.522858
179.304184
180.075943
180.838120
181.590683
182.333694
183.067093
183.790909
184.505127
185.209778
185.904846
186.590317
187.266205
187.932495
188.589203
189.236328
189.873871
190.501801
191.120163
191.728943
192.328140
192.917725
193.497742
194.068176
194.629013
195.180267
195.721939
196.254013
196.776505
197.289398
197.792709
198.286453
198.770599
199.245148
199.710129
200.165512
200.611298
201.047516
201.474121
201.891159
202.298615
202.696472
203.084747
203.463425
203.832520
204.192047
204.541977
204.882309
205.213058
205.534225
205.845810
206.147781
206.440201
206.723007
206.996231
207.259872
207.513947
207.758408
207.993286
208.218582
208.434296
208.640427
208.836945
209.023895
209.201248
209.369019
209.527222
209.675812
209.814819
209.944244
210.064087
210.174332
210.274994
210.366074
210.447571
210.519470
210.581787
210.634506
210.677643
210.711197
210.735168
210.749557
210.754349
