0.998673
0.000664
0.000664
0.000664
0.998673
0.000664
0.000664
0.000664
0.998673
0.000000
1.168944
2.435040
3.672360
4.880902
6.060666
7.211653
8.333863
9.427294
10.491949
11.527827
12.534927
13.513249
14.477146
15.440971
16.404722
17.368401
18.332006
19.295540
20.258999
21.222385
22.185701
23.148943
24.112110
25.075209
26.038229
27.001181
27.964056
28.926859
29.889589
30.852247
31.814835
32.777348
33.739788
34.702156
35.664444
36.626667
37.588814
38.550892
39.512894
40.474819
41.436676
42.398464
43.360172
44.321808
45.283375
46.244869
47.206284
48.167637
49.128910
50.090111
51.051239
52.012291
52.973274
53.934181
54.895020
55.855778
56.816471
57.777088
58.737633
59.698105
60.658501
61.618832
62.579082
63.539543
64.501900
65.466423
66.433113
67.401985
68.373024
69.346230
70.321617
71.299179
72.278900
73.260796
74.244873
75.231117
76.219536
77.210114
78.202873
79.197807
80.194908
81.194183
82.195625
83.199242
84.205032
85.212997
86.223129
87.235428
88.249916
89.266556
90.285385
91.306381
92.329544
93.354881
94.382385
95.412064
96.443916
97.477951
98.514137
99.552505
100.593048
101.635757
102.680641
103.727699
104.776924
105.828323
106.881897
107.937637
108.995552
110.055641
111.117905
112.182327
113.248932
114.317703
115.388649
116.460632
117.532532
118.604332
119.676056
120.747681
121.819206
122.890648
123.962006
125.033264
126.104431
127.175514
128.246490
129.317398
130.388214
131.458923
132.529541
133.600067
134.670517
135.740875
136.811142
137.881302
138.951385
140.021378
141.091278
142.161072
143.230804
144.300415
145.369949
146.439392
147.508759
148.578018
149.647186
150.716263
151.785263
152.854172
153.922974
154.991699
156.060318
157.128860
158.197311
159.265656
160.333923
161.402100
162.470184
163.538177
164.606079
165.673889
166.741608
167.809235
168.876770
169.944229
171.011230
172.075806
173.137604
174.196625
175.252838
176.306305
177.356979
178.404861
179.449982
180.492310
181.531860
182.568604
183.602585
184.633789
185.662231
186.687866
187.710739
188.730804
189.748108
190.762634
191.774368
192.783325
193.789505
194.792892
195.793518
196.791351
197.786407
198.778671
199.768173
200.754868
201.738800
202.719940
203.698318
204.673904
205.646713
206.616745
207.583984
208.548431
209.510117
210.469025
211.425140
212.378479
213.329041
214.276825
215.221817
216.164032
217.103470
218.040115
218.973984
219.905090
220.833389
221.758926
222.685501
223.616974
224.553299
225.494522
226.440628
227.391586
228.347458
229.308197
230.273819
231.244308
232.219681
233.199936
234.185089
235.175095
236.169983
237.169754
238.174408
239.183945
240.198364
241.217651
242.241837
243.270874
244.304825
245.343628
246.387314
247.435898
248.489349
249.547684
250.610886
251.678986
252.751953
253.829803
254.912521
255.000000
255.000000
255.000000
255.000000
0.000000
1.228942
2.437367
3.625276
4.792668
5.939543
7.065901
8.171743
9.257069
10.330399
11.400249
12.466625
13.529526
14.588946
15.644893
16.697361
17.746355
18.791868
19.833910
20.872475
21.907557
22.939167
23.967300
24.991957
26.013134
27.030838
28.045067
29.055817
30.063089
31.066887
32.067204
33.064053
34.057419
35.047310
36.033726
37.016663
37.996120
38.972107
39.944611
40.913643
41.879200
42.841274
43.799877
44.755001
45.707657
46.663864
47.624634
48.589962
49.559849
50.534294
51.513302
52.496864
53.484993
54.477676
55.474922
56.476727
57.483093
58.494019
59.509502
60.529549
61.554150
62.583313
63.617039
64.655319
65.698166
66.745560
67.797531
68.854050
69.915123
70.980766
72.050972
73.125732
74.205055
75.288933
76.377365
77.470367
78.567924
79.670052
80.776726
81.887962
82.999512
84.107132
85.210823
86.310585
87.406403
88.498306
89.586273
90.670311
91.750412
92.826584
93.898827
94.967133
96.031517
97.091965
98.148476
99.201065
100.249718
101.294449
102.335243
103.372101
104.405029
105.434029
106.459099
107.480240
108.497444
109.510719
110.520065
111.525475
112.526962
113.524521
114.518135
115.507828
116.493584
117.475410
118.453308
119.428040
120.404228
121.382645
122.363289
123.346161
124.331261
125.318581
126.308136
127.299911
128.293915
129.290146
130.288589
131.289276
132.292191
133.297333
134.304688
135.314285
136.326111
137.340134
138.356415
139.374908
140.395630
141.418579
142.443741
143.471146
144.500778
145.532639
146.566711
147.603012
148.641556
149.682312
150.725296
151.770508
152.817947
153.867599
154.919510
155.969833
157.014786
158.054367
159.088623
160.117477
161.140976
162.159103
163.171875
164.179276
165.181335
166.178009
167.169312
168.155258
169.135834
170.111053
171.080917
172.045395
173.004517
173.958282
174.906662
175.849701
176.787369
177.719650
178.646591
179.568161
180.484375
181.395218
182.300690
183.200806
184.095551
184.984924
185.868942
186.747589
187.620880
188.488800
189.351349
190.208557
191.060379
191.906845
192.747940
193.583664
194.414047
195.239044
196.058685
196.872955
197.681870
198.485397
199.283585
200.076416
200.863846
201.645935
202.422668
203.194016
203.960007
204.720642
205.475906
206.225800
206.970337
207.709503
208.443298
209.171738
209.894806
210.612518
211.324875
212.031845
212.733475
213.429718
214.120590
214.806122
215.486282
216.161072
216.830505
217.494553
218.153259
218.806580
219.454544
220.097153
220.734375
221.366272
221.992783
222.613907
223.229691
223.840103
224.445160
225.044846
225.639160
226.228119
226.811707
227.389923
227.962799
228.530289
229.092407
229.649185
230.200592
230.746628
231.287292
231.822617
232.352539
232.877136
233.396332
233.910187
234.418655
234.921783
235.419540
235.911942
0.000000
1.077105
1.988896
2.822422
3.664734
4.515832
5.375715
6.244384
7.121839
8.008079
8.903103
9.806913
10.719511
11.640891
12.571057
13.510011
14.457747
15.414271
16.379578
17.353672
18.336554
19.328218
20.328669
21.337904
22.355925
23.382486
24.412222
25.442934
26.474619
27.507284
28.540926
29.575542
30.611135
31.647703
32.685253
33.723774
34.763275
35.803749
36.845203
37.887630
38.931034
39.975414
41.020775
42.067108
43.114418
44.162704
45.211971
46.262215
47.313019
48.361961
49.408619
50.453007
51.495110
52.534939
53.572491
54.607758
55.640755
56.671471
57.699913
58.726070
59.749954
60.771557
61.790886
62.807934
63.822704
64.835197
65.845421
66.853355
67.859016
68.862396
69.863510
70.863968
71.867813
72.875221
73.886185
74.900703
75.918793
76.940430
77.965637
78.994400
80.026718
81.062599
82.102036
83.145035
84.191597
85.241714
86.295387
87.352623
88.413429
89.477783
90.545692
91.617165
92.692192
93.770790
94.847832
95.918198
96.981903
98.038933
99.089294
100.132988
101.170013
102.200363
103.224052
104.241066
105.251419
106.255096
107.252113
108.242455
109.226128
110.203133
111.173462
112.137131
113.094124
114.044449
114.988106
115.925102
116.855415
117.779076
118.696053
119.606369
120.510017
121.406990
122.297295
123.180939
124.057899
124.928207
125.791840
126.648804
127.499084
128.342697
129.179657
130.009964
130.833572
131.650513
132.460800
133.264420
134.061356
134.851624
135.635223
136.412170
137.182434
137.946014
138.702957
139.453217
140.196793
140.933716
141.663971
142.387558
143.104477
143.814713
144.518280
145.215195
145.905441
146.589005
147.265900
147.936127
148.599686
149.256577
149.906815
150.550369
151.187256
151.817459
152.441010
153.057907
153.668106
154.271652
154.868515
155.458710
156.042267
156.619125
157.189331
157.752853
158.309723
158.859894
159.403427
159.940277
160.470444
160.993958
161.510818
162.020996
162.524490
163.021332
163.511490
163.995010
164.471832
164.941986
165.405487
165.862320
166.312454
166.755936
167.192764
167.622910
168.046402
168.463196
168.873352
169.276810
169.673615
170.063766
170.447220
170.824020
171.194138
171.557602
171.914383
172.264511
172.607971
172.944748
173.274872
173.598312
173.915085
174.225174
174.528625
174.825394
175.115494
175.398926
175.675690
175.945786
176.209213
176.465973
176.716049
176.959473
177.196213
177.426300
177.649704
177.866440
178.076508
178.279922
178.476639
178.666718
178.850113
179.026840
179.196899
179.360291
179.516998
179.667068
179.810455
179.947159
180.077194
180.200592
180.317291
180.427322
180.530685
180.627380
180.717422
180.800781
180.877472
180.947510
181.010864
181.067551
181.117554
181.160904
181.197601
181.227600
181.250946
181.267609
181.277618
181.280945
