0.955528
0.022236
0.022236
0.022236
0.955528
0.022236
0.022236
0.022236
0.955528
0.000000
0.913432
1.828890
2.746375
3.665885
4.587421
5.510984
6.436573
7.364188
8.293828
9.225495
10.159187
11.094906
12.032651
12.972423
13.914220
14.858044
15.803892
16.751768
17.701670
18.653599
19.607550
20.563532
21.521536
22.481567
23.443626
24.407711
25.373821
26.341957
27.312119
28.284307
29.258522
30.234762
31.213028
32.193321
33.175640
34.159985
35.146355
36.134754
37.125175
38.117622
39.112099
40.108601
41.107128
42.107685
43.110260
44.114864
45.121498
46.130154
47.139172
48.146885
49.153297
50.158401
51.162201
52.164700
53.165894
54.165783
55.164364
56.161644
57.157619
58.152290
59.145653
60.137714
61.128471
62.117924
63.106071
64.092918
65.078453
66.062691
67.045624
68.027245
69.007568
69.986580
70.964302
71.940704
72.915810
73.889610
74.862106
75.833298
76.803185
77.771767
78.739044
79.705017
80.669685
81.633057
82.595108
83.555870
84.515320
85.473465
86.430305
87.385841
88.340080
89.293007
90.244637
91.194954
92.143974
93.091690
94.038101
94.983200
95.927139
96.873177
97.822632
98.775520
99.731819
100.691544
101.654686
102.621246
103.591232
104.564636
105.541466
106.521713
107.505379
108.492470
109.482979
110.476913
111.474266
112.475037
113.479233
114.486847
115.497887
116.512344
117.530220
118.551521
119.576241
120.604378
121.635941
122.670921
123.709320
124.751152
125.796402
126.845070
127.897156
128.952667
130.011597
131.073929
132.139709
133.208908
134.281509
135.357559
136.436996
137.519882
138.606186
139.695892
140.789047
141.885605
142.985565
144.088974
145.195801
146.306046
147.419708
148.536224
149.652054
150.766647
151.879990
152.992081
154.102936
155.212555
156.320908
157.428009
158.533875
159.638489
160.741867
161.843979
162.944870
164.044479
165.142868
166.240005
167.335892
168.430527
169.523926
170.616058
171.706970
172.796616
173.885025
174.972168
176.058090
177.142761
178.226166
179.308350
180.389267
181.468948
182.547379
183.624573
184.700485
185.775177
186.848618
187.920822
188.991760
190.061462
191.129929
192.197128
193.263092
194.327805
195.391266
196.453491
197.514465
198.574188
199.632675
200.689896
201.745880
202.800613
203.853226
204.901505
205.945358
206.984787
208.019806
209.050400
210.076569
211.098328
212.115662
213.128571
214.137070
215.141144
216.140793
217.136017
218.126831
219.113220
220.095184
221.072723
222.045853
223.014557
223.978867
224.938721
225.894165
226.845184
227.791794
228.733963
229.671722
230.605072
231.533997
232.458496
233.378586
234.294220
235.205460
236.112289
237.014679
237.912674
238.806229
239.695358
240.580078
241.460373
242.336243
243.207703
244.074722
244.937332
245.795532
246.649292
247.498657
248.343582
249.184097
250.020172
250.851837
251.736267
252.730621
253.834900
255.000000
0.000000
0.111281
1.181068
2.248034
3.312181
4.373508
5.432014
6.487702
7.540570
8.590619
9.637845
10.682253
11.723842
12.762609
13.798556
14.831685
15.861996
16.889484
17.914152
18.936003
19.955032
20.971239
21.984631
22.995201
24.002949
25.007879
26.009991
27.009281
28.005749
28.999401
29.990232
30.978245
31.963436
32.945808
33.925358
34.902088
35.876003
36.847095
37.815369
38.780819
39.743450
40.703262
41.660259
42.614429
43.565784
44.514320
45.460030
46.404858
47.350735
48.297657
49.245636
50.194656
51.144726
52.095848
53.048016
54.001232
54.955498
55.910812
56.867176
57.824581
58.783043
59.742554
60.703110
61.664719
62.627373
63.591072
64.555824
65.521622
66.488472
67.456367
68.425316
69.395309
70.366356
71.338440
72.311584
73.285774
74.261009
75.237297
76.214630
77.193016
78.172447
79.152931
80.134460
81.117035
82.100662
83.085335
84.071068
85.057831
86.045654
87.034531
88.024445
89.015404
90.007423
91.000481
91.994598
92.989769
93.985970
94.983231
95.981544
96.980667
97.980385
98.980698
99.981606
100.983101
101.985184
102.987862
103.991135
104.995003
105.999451
107.004501
108.010139
109.016373
110.023193
111.030602
112.038612
113.047211
114.056404
115.066185
116.076561
117.087524
118.099083
119.111237
120.123970
121.137306
122.151237
123.165756
124.180862
125.196564
126.212860
127.229752
128.247223
129.265289
130.283966
131.303207
132.323044
133.343491
134.364532
135.386139
136.408371
137.431168
138.454559
139.478531
140.503128
141.528305
142.554062
143.580414
144.607361
145.634903
146.663040
147.691772
148.721085
149.750580
150.779846
151.808899
152.837692
153.866287
154.894623
155.922745
156.950653
157.978317
159.005753
160.032959
161.059937
162.086685
163.113205
164.139511
165.165573
166.191406
167.217010
168.242386
169.267532
170.292450
171.317139
172.341614
173.365829
174.389832
175.413605
176.437149
177.460464
178.483551
179.506409
180.529037
181.551453
182.573624
183.595551
184.617279
185.638763
186.660019
187.681030
188.701828
189.722412
190.742737
191.762848
192.782730
193.802399
194.821808
195.841003
196.859970
197.878693
198.897217
199.915497
200.933548
201.951370
202.968460
203.984299
204.998886
206.012253
207.024368
208.035233
209.044861
210.053223
211.060364
212.066254
213.070892
214.074295
215.076462
216.077377
217.077042
218.075470
219.072647
220.068604
221.063293
222.056747
223.048950
224.039917
225.029633
226.018097
227.005341
227.991318
228.976074
229.959564
230.941818
231.922836
232.902603
233.881134
234.858398
235.834457
236.809250
237.782791
238.755096
239.726151
240.695984
241.664551
242.631882
243.597961
244.562805
245.526413
246.488754
247.449860
248.409744
249.368362
250.325729
251.281891
252.236755
253.190414
254.978195
0.000000
1.031430
2.062595
3.093494
4.124130
5.154500
6.184606
7.214446
8.244021
9.273334
10.302380
11.331161
12.359678
13.387929
14.415916
15.443640
16.471098
17.498289
18.525217
19.551882
20.578278
21.604410
22.630280
23.655884
24.681223
25.706297
26.731106
27.755650
28.779928
29.803946
30.827694
31.851177
32.874405
33.897358
34.920048
35.942478
36.964638
37.986530
39.008160
40.029530
41.050629
42.071468
43.092045
44.112350
45.132389
46.152172
47.172489
48.194145
49.217136
50.241470
51.267147
52.294155
53.322510
54.352196
55.383224
56.415596
57.449303
58.484348
59.520741
60.558464
61.597530
62.637936
63.679676
64.722763
65.767181
66.812943
67.860039
68.908478
69.958267
71.009392
72.061844
73.115639
74.170776
75.227257
76.285072
77.344223
78.404716
79.466553
80.529716
81.594238
82.660080
83.727280
84.795807
85.865669
86.936890
88.009430
89.083313
90.158546
91.235107
92.313004
93.392258
94.472839
95.554756
96.638023
97.722626
98.808571
99.895851
100.984474
102.074600
103.166237
104.259377
105.354027
106.450188
107.547852
108.647026
109.747711
110.849892
111.953590
113.058800
114.165504
115.273727
116.383453
117.494690
118.607437
119.721680
120.837448
121.954704
123.073479
124.193764
125.315559
126.438850
127.563652
128.689972
129.817780
130.947113
132.077942
133.210297
134.344147
135.479507
136.616379
137.754745
138.894638
140.036011
141.178909
142.323318
143.469238
144.616653
145.765594
146.916016
148.067963
149.221436
150.376389
151.532837
152.690826
153.850311
155.011292
156.173798
157.337814
158.503326
159.665878
160.821045
161.968811
163.109161
164.242111
165.367676
166.485809
167.596558
168.699890
169.795837
170.884369
171.965500
173.039230
174.105560
175.164474
176.216003
177.260101
178.296829
179.326126
180.348038
181.362534
182.369629
183.369324
184.361618
185.346512
186.324005
187.294083
188.256760
189.212051
190.159912
191.100372
192.033463
192.959122
193.877380
194.788239
195.691681
196.587738
197.476379
198.357620
199.231461
200.097900
200.956924
201.808563
202.652786
203.489609
204.319031
205.141052
205.955673
206.762878
207.562698
208.355103
209.141296
209.928589
210.718155
211.509995
212.304123
213.100525
213.899231
214.700211
215.503479
216.309021
217.116852
217.926956
218.739349
219.554031
220.370987
221.190231
222.011749
222.835556
223.661652
224.490021
225.320679
226.153610
226.988831
227.826340
228.666122
229.508179
230.352524
231.199173
232.048096
232.899292
233.752762
234.608536
235.466568
236.326904
237.189514
238.054413
238.921585
239.791046
240.662796
241.536804
242.413116
243.291702
244.172592
245.055740
245.941177
246.828903
247.718903
248.611191
249.505753
250.402618
251.301727
252.203156
252.992905
253.557007
253.895462
254.008286
