0.972994
0.013503
0.013503
0.013503
0.972994
0.013503
0.013503
0.013503
0.972994
0.000000
0.858728
1.726216
2.602464
3.487472
4.381239
5.283767
6.195054
7.115101
8.043909
8.981476
9.927802
10.882890
11.846736
12.819343
13.800709
14.790836
15.789722
16.797367
17.813774
18.838942
19.872866
20.915550
21.966997
23.027203
24.096169
25.173895
26.253601
27.328518
28.398643
29.463976
30.524519
31.580267
32.631226
33.677387
34.718765
35.755344
36.787132
37.814133
38.836342
39.853752
40.866375
41.874203
42.877243
43.875484
44.868942
45.857605
46.841469
47.820553
48.794838
49.764328
50.729034
51.688942
52.644062
53.594383
54.539917
55.480663
56.416615
57.347775
58.274132
59.195713
60.112492
61.024483
61.931679
62.834091
63.731709
64.624527
65.512558
66.395798
67.277733
68.161858
69.048172
69.936676
70.827362
71.720245
72.615311
73.512573
74.412025
75.313652
76.217484
77.123489
78.031693
78.942078
79.854660
80.769432
81.686386
82.605530
83.526863
84.450386
85.376099
86.303993
87.234077
88.166359
89.100822
90.037476
90.976318
91.917358
92.860573
93.805977
94.753578
95.703369
96.655334
97.609505
98.565857
99.524399
100.485123
101.448044
102.413155
103.380447
104.349930
105.321609
106.295296
107.270851
108.248260
109.227516
110.208626
111.191597
112.176414
113.163094
114.151627
115.142014
116.134254
117.128349
118.124306
119.122108
120.121765
121.123291
122.126656
123.131882
124.138962
125.147896
126.158676
127.171326
128.185822
129.202179
130.220383
131.240448
132.262360
133.286133
134.311752
135.339233
136.368576
137.399765
138.432800
139.467712
140.504471
141.543076
142.583527
143.625854
144.670029
145.716049
146.763931
147.813675
148.863129
149.910141
150.954712
151.996872
153.036591
154.073868
155.108719
156.141144
157.171127
158.198685
159.223816
160.246506
161.266754
162.284576
163.299973
164.312943
165.323456
166.331558
167.337219
168.340454
169.341248
170.339615
171.335541
172.329056
173.320114
174.308746
175.294952
176.278717
177.260056
178.238953
179.215439
180.189468
181.161087
182.130249
183.096985
184.061310
185.023178
185.982635
186.939636
187.894196
188.846375
189.796082
190.739532
191.672928
192.596252
193.509491
194.412674
195.305801
196.188828
197.061798
197.924698
198.777512
199.620285
200.452972
201.275574
202.088135
202.890594
203.683014
204.465347
205.237610
205.999802
206.751923
207.493973
208.225952
208.947876
209.659714
210.361481
211.053192
211.734802
212.406372
213.067856
213.719269
214.360611
214.991898
215.613113
216.224243
216.825302
217.416306
217.997223
218.568069
219.128860
219.679565
220.220230
220.750778
221.271286
221.781708
222.282089
222.772369
223.252579
223.722733
224.182816
224.632812
225.072754
225.502625
225.922424
226.332153
226.731796
227.121384
227.500900
227.870331
228.229706
228.579010
228.918259
0.000000
1.126012
2.257780
3.395304
4.538585
5.687623
6.842416
8.002966
9.169272
10.341336
11.519156
12.702730
13.892062
15.087151
16.287994
17.494596
18.706955
19.925064
21.148935
22.378563
23.613945
24.848902
26.077248
27.298988
28.514120
29.722643
30.924557
32.119862
33.308559
34.490650
35.666134
36.835003
37.997269
39.152924
40.301968
41.444405
42.580242
43.709461
44.832073
45.948078
47.057472
48.160263
49.256443
50.346016
51.428974
52.505329
53.575073
54.638210
55.694744
56.744667
57.787975
58.824673
59.854767
60.878258
61.895138
62.905403
63.909065
64.906120
65.896561
66.880394
67.857628
68.828247
69.796585
70.766975
71.739426
72.713928
73.690491
74.669098
75.649757
76.632477
77.617249
78.604073
79.592949
80.583878
81.576866
82.571907
83.569000
84.568146
85.569344
86.572594
87.577904
88.585266
89.594688
90.606155
91.619675
92.635246
93.652878
94.672562
95.694298
96.718086
97.743935
98.771835
99.801781
100.833794
101.867836
102.903954
103.942131
104.982346
106.024620
107.068947
108.115326
109.163765
110.214249
111.266708
112.321007
113.377159
114.435173
115.495049
116.556770
117.620346
118.685791
119.753082
120.822227
121.893234
122.966095
124.040817
125.117393
126.195816
127.276108
128.358246
129.442261
130.528107
131.615814
132.705383
133.796814
134.890106
135.985229
137.082230
138.181076
139.281784
140.384354
141.488770
142.595047
143.703171
144.813156
145.925003
147.038696
148.154266
149.271683
150.390945
151.512070
152.635040
153.759888
154.886581
156.011353
157.130447
158.243851
159.351562
160.453598
161.549927
162.640579
163.725525
164.804810
165.878387
166.946274
168.008484
169.065002
170.115845
171.160965
172.200424
173.234192
174.262268
175.284653
176.301346
177.312363
178.317688
179.317322
180.311249
181.299515
182.282089
183.258972
184.230164
185.195663
186.155472
187.109604
188.058044
189.000793
189.937851
190.869232
191.794922
192.714920
193.629227
194.537827
195.440765
196.338013
197.227264
198.106277
198.975037
199.833542
200.681793
201.519791
202.347534
203.165024
203.972244
204.769226
205.555939
206.332413
207.098633
207.854584
208.600281
209.335739
210.060928
210.775864
211.480545
212.174973
212.859146
213.533066
214.196732
214.850143
215.493286
216.126190
216.748840
217.361221
217.963364
218.555237
219.136856
219.708221
220.269348
220.820206
221.360809
221.891159
222.411255
222.921097
223.420685
223.910004
224.389084
224.857925
225.316483
225.764801
226.202850
226.630646
227.048203
227.455490
227.852524
228.239319
228.615829
228.982101
229.338120
229.683884
230.019394
230.344650
230.659637
230.964371
231.258881
231.543106
231.817078
232.080795
232.334274
232.577499
232.810455
233.033157
233.245605
233.447800
233.639740
233.821426
233.992844
0.000000
1.197150
2.390256
3.579316
4.764332
5.945303
7.122229
8.295111
9.463948
10.628738
11.789486
12.946187
14.098845
15.247458
16.392025
17.532549
18.669027
19.801460
20.930458
22.056639
23.179996
24.300531
25.418249
26.533144
27.645218
28.754471
29.860903
30.964514
32.065300
33.163273
34.258419
35.350746
36.440250
37.526939
38.610798
39.691841
40.770065
41.845459
42.918045
43.987801
45.054737
46.118855
47.180145
48.238621
49.294277
50.347099
51.397114
52.444305
53.488674
54.530220
55.568943
56.604851
57.637936
58.668312
59.698452
60.729362
61.761051
62.793510
63.826748
64.860756
65.895546
66.931107
67.967438
69.004539
70.042427
71.081085
72.120506
73.160721
74.201698
75.243454
76.285980
77.329285
78.373360
79.418213
80.463837
81.510239
82.557411
83.605362
84.654083
85.703583
86.753853
87.804901
88.856720
89.909317
90.962685
92.016830
93.071747
94.127441
95.183907
96.241585
97.303047
98.368752
99.438667
100.512810
101.591171
102.673767
103.760590
104.851631
105.946899
107.046394
108.150116
109.258057
110.370239
111.486633
112.607254
113.732101
114.861168
115.994469
117.131996
118.273743
119.419716
120.569916
121.724350
122.882988
124.045868
125.212975
126.384293
127.559853
128.739624
129.923630
131.111862
132.304306
133.500992
134.701889
135.907013
137.112930
138.311249
139.501602
140.683945
141.858307
143.024673
144.183075
145.333481
146.475906
147.610352
148.736801
149.855286
150.965759
152.068268
153.162781
154.249313
155.327850
156.398422
157.460999
158.515594
159.562210
160.600830
161.631470
162.654129
163.668793
164.675491
165.674179
166.664886
167.647629
168.622375
169.589142
170.547928
171.498718
172.441528
173.376343
174.303177
175.226273
176.149826
177.073837
177.998322
178.923264
179.848679
180.774567
181.700912
182.627731
183.555023
184.482758
185.410995
186.339661
187.268814
188.198425
189.128525
190.059067
190.990097
191.921570
192.853531
193.785934
194.718826
195.652191
196.586014
197.520294
198.455032
199.390259
200.325943
201.262100
202.198715
203.135803
204.073349
205.011368
205.949860
206.888824
207.828232
208.768127
209.708481
210.649292
211.590576
212.532349
213.474564
214.417267
215.360413
216.304031
217.248123
218.192688
219.137711
220.083191
221.029160
221.975571
222.922455
223.869827
224.817642
225.765930
226.714676
227.663910
228.613602
229.563766
230.514389
231.465485
232.417038
233.369064
234.321564
235.274536
236.227936
237.181839
238.136200
239.091034
240.046310
241.002090
241.958313
242.915009
243.872162
244.829788
245.787888
246.746445
247.705490
248.664978
249.624924
250.585373
251.546265
252.507614
253.469437
254.431732
255.000000
255.000000
255.000000
255.000000
255.000000
255.000000
255.000000
255.000000
255.000000
255.000000
