0.956544
0.021728
0.021728
0.021728
0.956544
0.021728
0.021728
0.021728
0.956544
0.000000
1.086754
2.172758
3.258009
4.342511
5.426260
6.509259
7.591507
8.673004
9.753751
10.833745
11.912465
12.989396
14.064533
15.137878
16.209431
17.279188
18.347157
19.413330
20.477709
21.540298
22.601093
23.660097
24.717304
25.772724
26.826349
27.878181
28.928219
29.976465
31.022921
32.067581
33.110451
34.151527
35.190807
36.228298
37.263996
38.297901
39.330009
40.360332
41.388859
42.415592
43.440529
44.463680
45.485035
46.504597
47.522362
48.538342
49.552528
50.564919
51.575523
52.584328
53.591335
54.596561
55.599987
56.601627
57.601467
58.599518
59.595776
60.590240
61.583092
62.575455
63.567524
64.559280
65.550735
66.541893
67.532745
68.523293
69.513535
70.503479
71.493118
72.482445
73.471481
74.460213
75.448631
76.436752
77.424568
78.412086
79.399292
80.386208
81.372810
82.359108
83.345108
84.330795
85.316185
86.301270
87.286057
88.270538
89.254715
90.238586
91.222153
92.205429
93.188385
94.171043
95.153397
96.135452
97.117203
98.098656
99.079788
100.060631
101.041168
102.021400
103.001335
103.980957
104.960281
105.939293
106.918007
107.896423
108.874535
109.852898
110.832092
111.812119
112.792976
113.774658
114.757164
115.740501
116.724670
117.709663
118.695488
119.682129
120.669617
121.657921
122.647049
123.637016
124.627800
125.619423
126.611870
127.605133
128.599228
129.594177
130.589935
131.586517
132.583923
133.582169
134.581238
135.581131
136.581848
137.583420
138.585785
139.588989
140.593033
141.597900
142.603577
143.610107
144.617462
145.625641
146.634628
147.644470
148.655121
149.666611
150.678925
151.692078
152.706039
153.720840
154.736465
155.752930
156.770203
157.788254
158.806656
159.825363
160.844360
161.863663
162.883270
163.903168
164.923355
165.943863
166.964645
167.985733
169.007126
170.028809
171.050781
172.073074
173.095657
174.118515
175.141693
176.165161
177.188934
178.213013
179.237366
180.262024
181.287003
182.312241
183.337799
184.363663
185.389801
186.416245
187.442993
188.470047
189.497391
190.525024
191.552963
192.581207
193.609741
194.638565
195.667709
196.697128
197.726852
198.756882
199.787201
200.817810
201.848724
202.879944
203.911453
204.943268
205.975372
207.007782
208.033859
209.046982
210.047150
211.034363
212.008636
212.969955
213.918304
214.853714
215.776169
216.685654
217.582214
218.465790
219.336426
220.194107
221.038834
221.870605
222.689438
223.495316
224.288223
225.068192
225.835190
226.589249
227.330353
228.058502
228.773697
229.475937
230.165237
230.841568
231.504929
232.155365
232.792831
233.417374
234.028931
234.627548
235.213196
235.785904
236.345657
236.892471
237.426315
237.947205
238.455139
238.950134
239.432159
239.901230
240.357361
240.800537
241.230759
241.648026
242.052338
242.443680
242.822098
0.000000
0.859548
1.746346
2.660395
3.601693
4.570243
5.566042
6.589091
7.639392
8.716942
9.821743
10.953794
12.113095
13.299646
14.497345
15.690092
16.877886
18.060728
19.238615
20.411547
21.579529
22.742558
23.900633
25.053755
26.201923
27.345139
28.483400
29.616709
30.745066
31.868465
32.986919
34.100410
35.208958
36.312546
37.411186
38.504868
39.593601
40.677380
41.756203
42.830074
43.898991
44.962955
46.021969
47.076031
48.125134
49.169285
50.208485
51.242737
52.272026
53.296371
54.315762
55.330193
56.339668
57.344196
58.343773
59.338390
60.328064
61.312782
62.292534
63.267349
64.237206
65.202286
66.166298
67.130775
68.095726
69.061142
70.027031
70.993378
71.960190
72.927475
73.895226
74.863449
75.832130
76.801285
77.770897
78.740990
79.711540
80.682564
81.654045
82.625999
83.598419
84.571312
85.544655
86.518486
87.492775
88.467529
89.442757
90.418442
91.394592
92.371216
93.348312
94.325874
95.303894
96.282387
97.261345
98.240768
99.220673
100.201035
101.181854
102.163147
103.144913
104.127136
105.109840
106.092995
107.076630
108.060722
109.045288
110.030319
111.015816
112.001892
112.989311
113.978165
114.968475
115.960236
116.953438
117.948097
118.944199
119.941742
120.940750
121.941185
122.943085
123.946434
124.951218
125.957458
126.965141
127.974274
128.984863
129.996887
131.010376
132.025299
133.041687
134.059509
135.078781
136.099503
137.121658
138.145279
139.170364
140.196869
141.224838
142.254242
143.285095
144.317413
145.351151
146.386353
147.423019
148.461121
149.500671
150.541656
151.584091
152.627991
153.673325
154.720123
155.768356
156.818039
157.869186
158.921753
159.975800
161.030289
162.082779
163.133179
164.181488
165.227707
166.271820
167.313858
168.353775
169.391632
170.427368
171.461014
172.492569
173.522034
174.549393
175.574677
176.597855
177.618927
178.637909
179.654816
180.669617
181.682327
182.692932
183.701447
184.707870
185.712204
186.714447
187.714584
188.712616
189.708572
190.702438
191.694199
192.683853
193.671448
194.656921
195.640305
196.621582
197.600800
198.577896
199.552902
200.525818
201.496643
202.465363
203.431992
204.396530
205.358978
206.319321
207.277573
208.233734
209.186325
210.133865
211.076370
212.013824
212.946228
213.873596
214.795914
215.713181
216.625397
217.532578
218.434708
219.331802
220.223846
221.110840
221.992798
222.869705
223.741562
224.608383
225.470139
226.326859
227.178543
228.025177
228.866760
229.703293
230.534805
231.361237
232.182648
232.999008
233.810318
234.616592
235.417816
236.213989
237.005127
237.791214
238.572235
239.348251
240.119171
240.885101
241.645935
242.401764
243.152527
243.898239
244.638916
245.374542
246.105133
246.830673
247.551147
248.266617
248.977005
249.682358
250.382675
0.000000
1.323326
2.626566
3.909718
5.172783
6.415761
7.638652
8.841455
10.024174
11.186802
12.329345
13.461205
14.591796
15.721114
16.849161
17.975935
19.101435
20.225664
21.348623
22.470306
23.590719
24.709858
25.827726
26.944324
28.059647
29.173698
30.286476
31.397984
32.508213
33.617176
34.724869
35.831287
36.936436
38.040306
39.142906
40.244236
41.344288
42.443077
43.540588
44.636829
45.731792
46.825489
47.917912
49.009064
50.098938
51.187542
52.274879
53.360939
54.445732
55.529247
56.611492
57.692463
58.772163
59.850594
60.927441
62.002403
63.075478
64.146667
65.215965
66.283386
67.348915
68.412560
69.474327
70.534195
71.592178
72.648277
73.702484
74.754814
75.805260
76.853813
77.900482
78.945259
79.988152
81.029160
82.068283
83.105515
84.140869
85.174332
86.205902
87.235596
88.263405
89.289322
90.313347
91.335503
92.355759
93.374123
94.390610
95.405212
96.417923
97.428757
98.437698
99.444756
100.449921
101.453201
102.454605
103.454102
104.451729
105.450005
106.451469
107.456131
108.463982
109.475014
110.489250
111.506668
112.527283
113.551086
114.578079
115.608269
116.641647
117.678215
118.717979
119.760933
120.807068
121.856407
122.908936
123.964645
125.023552
126.085655
127.150940
128.219421
129.291107
130.365952
131.444000
132.525253
133.609695
134.697327
135.788147
136.882156
137.979355
139.079742
140.183319
141.290100
142.400070
143.513229
144.629578
145.749115
146.871841
147.997772
149.126892
150.259186
151.390259
152.515732
153.635559
154.749786
155.858383
156.961334
158.058685
159.150421
160.236511
161.316986
162.391846
163.461060
164.524673
165.582657
166.635010
167.681732
168.722855
169.758316
170.788193
171.812439
172.831055
173.844025
174.851410
175.853149
176.849258
177.839752
178.824631
179.803879
180.777496
181.745514
182.707870
183.664627
184.615768
185.561279
186.501160
187.435410
188.364059
189.287048
190.204453
191.116211
192.022369
192.922882
193.817764
194.708038
195.594696
196.477753
197.357193
198.233032
199.105255
199.973877
200.838882
201.700256
202.558044
203.412216
204.262787
205.109726
205.953064
206.792801
207.628922
208.461426
209.290329
210.115601
210.937286
211.755356
212.569809
213.380646
214.187897
214.991516
215.791534
216.587936
217.380722
218.169907
218.955490
219.737457
220.515808
221.290527
222.061661
222.829193
223.593109
224.353394
225.110092
225.863159
226.612640
227.358490
228.100739
228.839371
229.574402
230.305817
231.033615
231.757812
232.478394
233.195374
233.908737
234.618484
235.324631
236.027161
236.726074
237.421402
238.113098
238.801193
239.485672
240.166534
240.843781
241.517441
242.187485
242.853912
243.516724
244.175934
244.831528
245.483521
246.131882
246.776642
247.417801
248.055344
248.689285
249.319611
