0.986371
0.006814
0.006814
0.006814
0.986371
0.006814
0.006814
0.006814
0.986371
0.000000
1.118827
2.237404
3.355731
4.473807
5.591632
6.709208
7.826532
8.941511
10.052049
11.158146
12.259801
13.357017
14.449789
15.538122
16.622013
17.701464
18.776472
19.847040
20.913168
21.974852
23.032097
24.084902
25.133261
26.177185
27.216663
28.251703
29.282303
30.308456
31.330173
32.347446
33.360279
34.368671
35.372623
36.372135
37.367203
38.357834
39.344501
40.330189
41.315376
42.300064
43.284248
44.267933
45.251118
46.233803
47.215984
48.197670
49.178856
50.159538
51.139725
52.119408
53.098591
54.077274
55.055458
56.033138
57.010323
57.987007
58.963188
59.938873
60.914051
61.888733
62.862915
63.836597
64.809776
65.782455
66.754639
67.726318
68.697571
69.668480
70.639046
71.609261
72.579132
73.548645
74.517822
75.486649
76.455132
77.423271
78.391052
79.358498
80.325584
81.292336
82.258728
83.224785
84.190483
85.155846
86.120857
87.085518
88.049843
89.013809
89.977440
90.940712
91.903641
92.866226
93.828453
94.790352
95.751892
96.712975
97.672897
98.631569
99.588966
100.545105
101.499969
102.453583
103.405922
104.357002
105.306801
106.255356
107.202637
108.148659
109.093407
110.036888
110.979111
111.920074
112.859764
113.798195
114.735352
115.671249
116.605888
117.539253
118.471359
119.402191
120.331772
121.260078
122.187126
123.112900
124.037415
124.959938
125.879723
126.796791
127.711128
128.622742
129.531631
130.437790
131.341232
132.241943
133.139938
134.035172
134.927719
135.817520
136.704590
137.588959
138.470596
139.349487
140.225647
141.099106
141.969833
142.837830
143.703094
144.565643
145.425461
146.282562
147.136917
147.988556
148.837479
149.683670
150.527130
151.367859
152.205856
153.041153
153.873718
154.703552
155.530655
156.355026
157.176682
157.995621
158.811813
159.625290
160.436035
161.244064
162.049362
162.851913
163.651779
164.448883
165.243286
166.034943
166.823883
167.610107
168.393585
169.174347
169.952393
170.727692
171.500275
172.270142
173.037277
173.801666
174.563354
175.322296
176.078522
176.832016
177.582809
178.330841
179.076172
179.818771
180.558655
181.295776
182.030212
182.761887
183.490860
184.217087
184.940628
185.661407
186.379471
187.094803
187.807419
188.517288
189.224457
189.928894
190.630585
191.329575
192.025833
192.719330
193.410141
194.098221
194.783569
195.466187
196.146088
196.823257
197.497696
198.169418
198.838409
199.504684
200.168213
200.829025
201.487106
202.142471
202.795120
203.445007
204.092209
204.736664
205.378387
206.017395
206.653671
207.287231
207.918045
208.546158
209.171524
209.794174
210.414108
211.031281
211.645752
212.257492
212.866516
213.472824
214.076385
214.677216
215.275314
215.870712
216.463379
217.053314
217.640533
218.224991
218.806763
219.385788
219.962082
220.535660
221.106522
0.000000
0.617101
1.308244
2.073431
2.912659
3.825930
4.813244
5.874601
7.010000
8.219441
9.502925
10.860452
12.246690
13.616302
14.969289
16.305653
17.625393
18.928507
20.214998
21.484867
22.738111
23.974730
25.194727
26.398098
27.584846
28.754969
29.908468
31.045343
32.165592
33.269222
34.356224
35.426601
36.480362
37.517490
38.537998
39.541878
40.529140
41.499779
42.453785
43.396973
44.343517
45.294060
46.248600
47.207138
48.169678
49.136211
50.106747
51.081287
52.059822
53.042355
54.028885
55.019421
56.013950
57.012482
58.015011
59.021542
60.032066
61.046597
62.065121
63.087646
64.114174
65.144691
66.179214
67.217743
68.260262
69.306778
70.356636
71.405891
72.453888
73.500618
74.546089
75.590302
76.633247
77.674927
78.715355
79.754517
80.792419
81.829056
82.864433
83.898537
84.931396
85.962982
86.993317
88.022385
89.050186
90.076729
91.102013
92.126022
93.148788
94.170280
95.190514
96.209488
97.227188
98.243523
99.255898
100.263252
101.265594
102.262917
103.255226
104.242531
105.224815
106.202072
107.174332
108.141563
109.103798
110.061005
111.013199
111.960373
112.902542
113.839699
114.771828
115.698959
116.621063
117.538155
118.450241
119.357292
120.259346
121.156380
122.048401
122.935402
123.817398
124.695847
125.572220
126.446510
127.318718
128.188858
129.056915
129.922882
130.786774
131.648605
132.508362
133.366013
134.221619
135.075119
135.926544
136.775909
137.623184
138.468399
139.311508
140.152557
140.991531
141.828430
142.663239
143.495972
144.326630
145.155212
145.981705
146.806137
147.628479
148.448746
149.266953
150.083054
150.897095
151.709045
152.518936
153.326721
154.132462
154.936111
155.737686
156.537170
157.334579
158.129929
158.923187
159.714371
160.503464
161.290497
162.075439
162.858322
163.639099
164.417816
165.194458
165.969009
166.741501
167.511902
168.280228
169.046478
169.810654
170.572754
171.332764
172.090698
172.846558
173.600342
174.352051
175.101669
175.849228
176.594696
177.338089
178.079407
178.818649
179.555801
180.290909
181.023895
181.754822
182.483688
183.210449
183.935150
184.657776
185.378311
186.096771
186.813156
187.527466
188.239685
188.949844
189.657913
190.363922
191.067841
191.769669
192.469437
193.167130
193.862747
194.556259
195.247726
195.937088
196.624390
197.309616
197.992752
198.673798
199.352798
200.029709
200.704529
201.377274
202.047958
202.716568
203.383087
204.047531
204.709885
205.370163
206.028381
206.684509
207.338562
207.990540
208.640457
209.288269
209.933990
210.577682
211.219269
211.858765
212.496216
213.131561
213.764832
214.396027
215.025162
215.652206
216.277161
216.900055
217.520859
218.139587
218.756256
219.370834
219.983322
220.593765
221.202087
221.808350
222.412552
223.014648
223.614700
0.000000
1.099677
2.235812
3.408406
4.617458
5.862969
7.122733
8.374553
9.618426
10.854353
12.082335
13.302368
14.514457
15.718596
16.914793
18.103041
19.283342
20.455696
21.620106
22.776567
23.925085
25.065651
26.198277
27.322950
28.439684
29.548464
30.649303
31.742193
32.827202
33.905792
34.978565
36.045525
37.106655
38.161968
39.211464
40.255138
41.292992
42.325027
43.351246
44.371643
45.386219
46.394978
47.397915
48.395031
49.386330
50.371811
51.351471
52.325314
53.293331
54.255531
55.211910
56.164345
57.124069
58.092949
59.070992
60.058197
61.054562
62.060085
63.074772
64.098625
65.131630
66.173798
67.225128
68.285622
69.355270
70.434074
71.522049
72.619179
73.725487
74.840935
75.965546
77.099319
78.242264
79.394363
80.548141
81.685333
82.805107
83.907448
84.992363
86.059875
87.109947
88.142609
89.157837
90.155647
91.136040
92.098999
93.044548
93.972672
94.883369
95.776649
96.652512
97.510941
98.351944
99.175537
99.981705
100.770439
101.541771
102.303154
103.062073
103.818527
104.572525
105.324059
106.073135
106.819748
107.563889
108.305580
109.044807
109.781578
110.515884
111.247726
111.977112
112.704033
113.428497
114.150497
114.870033
115.587105
116.301727
117.013878
117.723572
118.430809
119.135574
119.837883
120.537735
121.235123
121.930046
122.622513
123.312515
124.000053
124.685143
125.367760
126.047913
126.725616
127.400856
128.073639
128.743942
129.411804
130.077194
130.740112
131.400589
132.058594
132.714142
133.367218
134.017853
134.666000
135.311707
135.954956
136.595734
137.234039
137.869904
138.503296
139.134232
139.762695
140.388733
141.012268
141.633362
142.251999
142.868149
143.481857
144.093109
144.701889
145.308212
145.912064
146.513458
147.112411
147.708893
148.302902
148.894470
149.483551
150.070175
150.654343
151.236069
151.815308
152.392105
152.966415
153.538284
154.107697
154.674637
155.239120
155.801132
156.360703
156.917801
157.472427
158.024597
158.574326
159.121567
159.666351
160.208694
160.748566
161.285965
161.820908
162.353409
162.883423
163.410995
163.936096
164.458725
164.978912
165.496628
166.011871
166.524689
167.035019
167.542892
168.048294
168.551254
169.051743
169.549759
170.045349
170.538437
171.029099
171.517258
172.002991
172.486237
172.967056
173.445404
173.921280
174.394684
174.865646
175.334122
175.800156
176.263733
176.724838
177.183487
177.639679
178.093399
178.544662
178.993469
179.439804
179.883682
180.325119
180.764084
181.200577
181.634598
182.066177
182.495300
182.921936
183.346130
183.767868
184.187134
184.603943
185.018311
185.430191
185.839600
186.246567
186.651062
187.053116
187.452682
187.849808
188.244446
188.636658
189.026382
189.413666
189.798477
190.180832
190.560715
190.938141
191.313110
191.685623
