0.951943
0.024029
0.024029
0.024029
0.951943
0.024029
0.024029
0.024029
0.951943
0.000000
1.274640
2.684369
4.041041
5.344656
6.595215
7.792717
8.937164
10.028555
11.066887
12.052165
12.984385
13.891635
14.802007
15.715500
16.632113
17.551846
18.474695
19.400669
20.329762
21.261976
22.197308
23.135759
24.077332
25.022026
25.969837
26.920769
27.874821
28.831995
29.792286
30.755701
31.722233
32.691887
33.664658
34.640553
35.619568
36.601700
37.586952
38.575325
39.566818
40.561428
41.559166
42.560017
43.563988
44.571075
45.581291
46.594624
47.611076
48.630653
49.653351
50.679157
51.708092
52.740147
53.775318
54.813030
55.849781
56.884987
57.918652
58.950768
59.981342
61.010372
62.037861
63.063801
64.088203
65.111053
66.132370
67.152138
68.170364
69.187042
70.202187
71.215782
72.227821
73.238335
74.247292
75.254707
76.260582
77.264915
78.267708
79.268944
80.268646
81.266800
82.263412
83.258484
84.252014
85.243988
86.234428
87.223320
88.210670
89.196472
90.180733
91.163452
92.144630
93.124260
94.102348
95.078896
96.053894
97.027351
97.998489
98.966576
99.931610
100.893585
101.852493
102.808342
103.761124
104.710854
105.657516
106.601120
107.541664
108.479149
109.413574
110.344933
111.273232
112.198463
113.120644
114.039764
114.955818
115.868813
116.778748
117.685616
118.589432
119.490181
120.387871
121.282501
122.174072
123.062569
123.948013
124.830399
125.709724
126.585991
127.459190
128.329330
129.196411
130.060425
130.921387
131.779282
132.634125
133.485901
134.334595
135.180267
136.024033
136.873032
137.728424
138.590240
139.458450
140.333054
141.214050
142.101471
142.995300
143.895508
144.802139
145.715179
146.634598
147.560440
148.492691
149.431335
150.376373
151.327820
152.285675
153.249924
154.220596
155.197647
156.181107
157.170975
158.167252
159.169937
160.179001
161.194489
162.216385
163.244659
164.279358
165.320450
166.367950
167.421860
168.482162
169.548859
170.621964
171.701492
172.787415
173.879730
174.978470
176.083588
177.195129
178.304977
179.405045
180.495331
181.575836
182.646576
183.707535
184.758728
185.800140
186.831772
187.853622
188.865692
189.867996
190.860519
191.843262
192.816223
193.779419
194.732834
195.676468
196.610336
197.534424
198.448730
199.353256
200.248001
201.132980
202.008179
202.873611
203.729263
204.575119
205.411224
206.237518
207.054062
207.860825
208.657806
209.445007
210.222443
210.990097
211.747971
212.496078
213.234390
213.962936
214.681702
215.390701
216.089905
216.779358
217.459015
218.128891
218.789001
219.439331
220.079895
220.710648
221.331665
221.942886
222.544327
223.135986
223.717896
224.290009
224.852325
225.404892
225.947678
226.480682
227.003906
227.517365
228.021057
228.514938
228.999054
229.473404
229.937973
230.392761
230.837784
231.273010
231.698471
232.114166
232.520065
232.916199
0.000000
0.000000
0.000000
1.153846
2.702302
4.209092
5.674217
7.097675
8.479469
9.819597
11.118061
12.374857
13.589990
14.763454
15.895256
16.985392
18.033863
19.062119
20.091621
21.122372
22.154366
23.187605
24.222088
25.257816
26.294790
27.333010
28.372473
29.413185
30.455137
31.498337
32.542786
33.588474
34.635406
35.683586
36.733009
37.783676
38.835587
39.888748
40.943153
41.998806
43.055695
44.113838
45.173222
46.233852
47.295727
48.358841
49.423203
50.488815
51.555668
52.623768
53.693115
54.763702
55.835537
56.908615
57.982944
59.058510
60.134823
61.208824
62.280010
63.348381
64.413940
65.476669
66.536606
67.593712
68.648010
69.699493
70.748161
71.794006
72.837051
73.877274
74.914680
75.949272
76.981056
78.010017
79.036171
80.059509
81.080025
82.097725
83.112617
84.124695
85.133957
86.140404
87.144035
88.144859
89.142860
90.138046
91.130417
92.119980
93.106720
94.090660
95.071762
96.050064
97.025551
97.998222
98.968079
99.935127
100.899605
101.861778
102.821655
103.779221
104.734489
105.687447
106.638100
107.586449
108.532494
109.476234
110.417671
111.356812
112.293633
113.228157
114.160378
115.090294
116.017899
116.943207
117.866211
118.786903
119.705299
120.621384
121.535172
122.446640
123.355820
124.262688
125.167252
126.069511
126.969475
127.867119
128.762482
129.655518
130.546249
131.434692
132.320816
133.204651
134.086151
134.965378
135.842285
136.717957
137.598770
138.485794
139.379013
140.278458
141.184113
142.095963
143.014038
143.938293
144.868774
145.805466
146.748367
147.697479
148.652802
149.614319
150.582047
151.555984
152.536133
153.522491
154.515045
155.513824
156.518799
157.529984
158.547394
159.570999
160.600800
161.636826
162.679062
163.727493
164.782135
165.843002
166.910049
167.983337
169.062805
170.148499
171.240402
172.338501
173.442825
174.553329
175.670059
176.786392
177.895706
178.998016
180.093292
181.181564
182.262817
183.337067
184.404282
185.464508
186.517700
187.563889
188.603058
189.635223
190.660370
191.678497
192.689621
193.693726
194.690811
195.680878
196.663940
197.639984
198.609024
199.571030
200.526031
201.474030
202.415024
203.348984
204.275909
205.195862
206.108765
207.014679
207.913559
208.805450
209.690323
210.568161
211.438995
212.302811
213.159622
214.009415
214.852203
215.687958
216.516708
217.338455
218.153183
218.960876
219.761581
220.555267
221.341919
222.121582
222.894226
223.659866
224.418472
225.170059
225.914642
226.652206
227.382782
228.106323
228.822845
229.532349
230.234848
230.930328
231.618805
232.300262
232.974716
233.642136
234.302551
234.955948
235.602341
236.241714
236.874069
237.499420
238.117752
238.729065
239.333374
239.930664
240.520920
241.104187
241.680435
242.249680
242.811890
243.367096
0.000000
1.531266
3.082050
4.594878
6.069752
7.506670
8.905634
10.266643
11.589698
12.874796
14.121941
15.331130
16.518581
17.700535
18.876984
20.047930
21.213369
22.373302
23.527729
24.676655
25.820074
26.957989
28.090395
29.217300
30.338701
31.454594
32.564983
33.669865
34.769245
35.863117
36.951485
38.034351
39.111713
40.183567
41.249916
42.310760
43.366096
44.415932
45.460258
46.499084
47.532402
48.560215
49.582520
50.599331
51.610622
52.618042
53.631252
54.651878
55.679924
56.715385
57.758263
58.808556
59.866268
60.931396
62.003937
63.083900
64.171272
65.266075
66.368286
67.477913
68.594955
69.719421
70.851295
71.990585
73.137306
74.291435
75.452980
76.621941
77.798317
78.982109
80.173325
81.371948
82.577995
83.791466
85.012337
86.240631
87.476334
88.719467
89.970016
91.218193
92.454208
93.678070
94.889771
96.089310
97.276695
98.451920
99.614990
100.765900
101.904648
103.031242
104.145676
105.247963
106.338074
107.416039
108.481834
109.535492
110.576973
111.606300
112.623474
113.628479
114.621338
115.602036
116.570572
117.526947
118.471176
119.403244
120.323143
121.230888
122.126480
123.009918
123.881187
124.740303
125.590065
126.447220
127.314583
128.192154
129.079941
129.977905
130.886108
131.804489
132.733078
133.671875
134.620880
135.580078
136.549500
137.529114
138.518936
139.518967
140.529190
141.549622
142.580261
143.621109
144.672165
145.733414
146.804871
147.886536
148.978394
150.080460
151.192734
152.315216
153.447891
154.590790
155.743881
156.907181
158.080688
159.264374
160.447769
161.620377
162.782166
163.933151
165.073334
166.202682
167.321259
168.429001
169.525955
170.612091
171.687424
172.751953
173.805664
174.848572
175.880676
176.901978
177.912460
178.912140
179.901016
180.879074
181.846344
182.802780
183.748428
184.683273
185.607300
186.520508
187.422943
188.314529
189.195328
190.065323
190.924515
191.772888
192.610458
193.437225
194.253174
195.058319
195.852661
196.636200
197.408920
198.170837
198.921951
199.662262
200.391769
201.110443
201.818329
202.515396
203.201660
203.877121
204.541779
205.195618
205.838669
206.470886
207.092316
207.702942
208.302734
208.891739
209.469925
210.037323
210.593903
211.139664
211.674637
212.198792
212.712128
213.214676
213.706421
214.187347
214.657471
215.116776
215.565292
216.002975
216.429871
216.845963
217.251236
217.645691
218.029358
218.402222
218.764267
219.115494
219.455933
219.785553
220.104370
220.412384
220.709579
220.995972
221.271561
221.536346
221.790314
222.033493
222.265854
222.487396
222.698151
222.898071
223.087219
223.265533
223.433044
223.589752
223.735641
223.870728
223.995026
224.108505
224.211166
224.303024
224.384094
224.454330
224.513779
224.562424
224.600235
224.627258
224.643463
224.648865
