0.964768
0.017616
0.017616
0.017616
0.964768
0.017616
0.017616
0.017616
0.964768
0.000000
1.264615
2.479780
3.645494
4.761756
5.828568
6.845928
7.838406
8.830569
9.822418
10.813951
11.805170
12.796075
13.786664
14.776938
15.766899
16.756546
17.745876
18.734890
19.723595
20.711979
21.700050
22.687807
23.675249
24.662378
25.649193
26.635693
27.621878
28.607746
29.593298
30.578537
31.563463
32.548073
33.532368
34.516350
35.500011
36.483368
37.466404
38.449123
39.431534
40.413628
41.395405
42.376869
43.358017
44.338852
45.319370
46.299572
47.279461
48.259041
49.238300
50.217247
51.195877
52.174191
53.152195
54.129879
55.107250
56.084305
57.061050
58.037479
59.013592
59.989391
60.964874
61.940044
62.914898
63.889439
64.863983
65.838890
66.814148
67.789749
68.765694
69.741989
70.718628
71.695625
72.672966
73.650650
74.628677
75.607063
76.585793
77.564873
78.544304
79.524078
80.504196
81.484665
82.465485
83.446655
84.428162
85.410027
86.392235
87.374794
88.357689
89.340942
90.324539
91.308495
92.292793
93.277435
94.262421
95.247765
96.233452
97.219482
98.205864
99.192596
100.179680
101.167107
102.154877
103.143005
104.131470
105.120285
106.109459
107.098969
108.088829
109.079048
110.069595
111.060501
112.051758
113.043358
114.035301
115.027596
116.020241
117.013229
118.006577
119.000267
119.994293
120.988686
121.983452
122.978668
123.974327
124.970428
125.966980
126.963966
127.961388
128.959259
129.957565
130.956329
131.955521
132.955170
133.955246
134.955765
135.956726
136.958130
137.959976
138.962265
139.964981
140.968170
141.971786
142.975845
143.980316
144.985260
145.990646
146.996460
148.002731
149.009445
150.016586
151.024170
152.032211
153.040680
154.049606
155.058945
156.068756
157.078979
158.089661
159.100784
160.112350
161.124359
162.136810
163.149704
164.163025
165.176804
166.191010
167.205673
168.220779
169.236328
170.252289
171.268723
172.285583
173.302887
174.320648
175.338837
176.357468
177.376556
178.396072
179.416016
180.435928
181.455276
182.474060
183.492310
184.509995
185.527130
186.543716
187.559723
188.575195
189.590118
190.604477
191.618271
192.631531
193.644226
194.656372
195.667969
196.679001
197.689468
198.699402
199.708771
200.717606
201.725861
202.733566
203.740723
204.747330
205.753387
206.758865
207.763809
208.768204
209.772034
210.775314
211.778015
212.780197
213.781815
214.782867
215.783386
216.783325
217.782730
218.781570
219.779877
220.777603
221.774780
222.771408
223.767487
224.763016
225.757980
226.752380
227.746231
228.739548
229.732300
230.724503
231.716125
232.707214
233.697754
234.687729
235.677155
236.666016
237.654343
238.639664
239.619492
240.593857
241.562744
242.526184
243.484131
244.436615
245.383621
246.325150
247.261230
248.191833
249.116974
250.036636
250.950821
251.859543
252.762787
253.660568
0.000000
0.975038
1.972811
2.993318
4.036561
5.102537
6.191248
7.302693
8.436873
9.580580
10.720604
11.856946
12.989608
14.118587
15.243882
16.365498
17.483429
18.597681
19.708248
20.815134
21.918337
23.017862
24.113699
25.205858
26.294334
27.379128
28.460241
29.537670
30.611416
31.681484
32.747868
33.810566
34.869591
35.924931
36.976582
38.024555
39.068848
40.109459
41.146385
42.179630
43.209190
44.235073
45.257271
46.275787
47.290619
48.301773
49.309246
50.313030
51.313145
52.309570
53.302311
54.291378
55.276752
56.258446
57.236465
58.210793
59.181442
60.148411
61.111698
62.071308
63.027225
63.979462
64.928024
65.872902
66.814095
67.751610
68.685432
69.618217
70.552597
71.488579
72.426147
73.365326
74.306091
75.248459
76.192413
77.137962
78.085121
79.033867
79.984200
80.936142
81.889679
82.844810
83.801537
84.759865
85.719780
86.681297
87.644402
88.609108
89.575417
90.543312
91.512810
92.483902
93.456589
94.430870
95.406746
96.384224
97.363297
98.343956
99.326225
100.310081
101.295532
102.282585
103.271233
104.261482
105.253319
106.246750
107.241783
108.238411
109.236633
110.236450
111.237862
112.240868
113.245476
114.251678
115.259483
116.268875
117.279861
118.292450
119.306633
120.322411
121.339783
122.358757
123.379318
124.401489
125.425247
126.449944
127.474960
128.500275
129.525894
130.551834
131.578064
132.604614
133.631454
134.658600
135.686066
136.713821
137.741898
138.770264
139.798950
140.827942
141.857224
142.886826
143.916718
144.946915
145.977432
147.008240
148.039368
149.070801
150.102524
151.134567
152.166916
153.199554
154.232513
155.265762
156.299316
157.333206
158.367371
159.401840
160.436630
161.471725
162.507126
163.542831
164.578842
165.615143
166.651764
167.688675
168.725906
169.763443
170.801270
171.839432
172.877884
173.916626
174.955688
175.995071
177.034714
178.074707
179.114975
180.155563
181.196457
182.237640
183.279160
184.320969
185.363083
186.404114
187.442688
188.478806
189.512466
190.543671
191.572403
192.598679
193.622513
194.643875
195.662781
196.679230
197.693207
198.704742
199.713821
200.720428
201.724579
202.726273
203.725494
204.722275
205.716583
206.708435
207.697845
208.684769
209.669250
210.651276
211.630844
212.607941
213.582581
214.554779
215.524490
216.491760
217.456573
218.418900
219.378799
220.336243
221.291199
222.243713
223.193771
224.141373
225.086502
226.029175
226.969391
227.907150
228.842453
229.775299
230.705688
231.633591
232.559052
233.482056
234.402618
235.320709
236.236328
237.149506
238.060211
238.968445
239.874237
240.777573
241.678452
242.581741
243.492416
244.410461
245.335861
246.268600
247.208710
248.156189
249.111008
250.073196
251.042755
252.019653
253.003922
253.995529
254.994507
255.000000
0.000000
1.241971
2.437782
3.587433
4.690925
5.771031
6.850526
7.929410
9.007683
10.085342
11.162394
12.238832
13.314657
14.389873
15.464478
16.538467
17.611851
18.684622
19.756779
20.828327
21.899261
22.969585
24.039299
25.108398
26.176889
27.244770
28.312038
29.378693
30.444738
31.510174
32.574989
33.639202
34.702805
35.765789
36.828167
37.889935
38.951080
40.011623
41.071556
42.130875
43.189583
44.247684
45.305168
46.362041
47.418304
48.473953
49.528992
50.583424
51.637238
52.690445
53.743038
54.795021
55.846394
56.897156
57.947300
58.996838
60.045765
61.094074
62.141781
63.188877
64.235359
65.281258
66.326584
67.371338
68.415512
69.459114
70.502144
71.544617
72.586494
73.627815
74.668556
75.708717
76.748322
77.787346
78.825790
79.863670
80.900970
81.937706
82.973862
84.009445
85.044456
86.078903
87.112770
88.146057
89.178780
90.210930
91.242508
92.273506
93.303932
94.333794
95.363075
96.391785
97.419914
98.447487
99.474480
100.500900
101.526749
102.552017
103.576721
104.600845
105.624397
106.647377
107.669792
108.691628
109.712891
110.733582
111.753693
112.773239
113.792206
114.810600
115.828423
116.845680
117.862366
118.878471
119.894005
120.908966
121.923439
122.938042
123.952843
124.967865
125.983093
126.998528
128.014175
129.030029
130.046097
131.062363
132.078857
133.095551
134.112473
135.129578
136.146912
137.164444
138.182190
139.200150
140.218307
141.236694
142.255280
143.274063
144.293076
145.312286
146.331711
147.351349
148.371201
149.391266
150.411530
151.431992
152.452682
153.473587
154.494690
155.516006
156.537521
157.559265
158.581207
159.603348
160.625732
161.648300
162.671082
163.694077
164.717285
165.740692
166.764328
167.788162
168.812210
169.836456
170.860931
171.885605
172.910477
173.935577
174.960876
175.986404
177.012131
178.038071
179.063400
180.086182
181.106308
182.123764
183.138596
184.150772
185.160278
186.167130
187.171341
188.172913
189.171814
190.168060
191.161667
192.152603
193.140900
194.126556
195.109528
196.089874
197.067551
198.042587
199.014969
199.984695
200.951782
201.916199
202.877975
203.837082
204.793549
205.747360
206.698532
207.647034
208.592880
209.536087
210.476639
211.414536
212.349777
213.282379
214.212326
215.139603
216.064240
216.986237
217.905548
218.822235
219.736252
220.647629
221.556351
222.462418
223.365845
224.266617
225.164719
226.060181
226.952972
227.843124
228.730637
229.615479
230.497681
231.377228
232.251968
233.119858
233.980865
234.834991
235.682236
236.522598
237.356064
238.182648
239.002350
239.815170
240.621094
241.420151
242.212311
242.997604
243.776016
244.547516
245.312164
246.069901
246.820770
247.564743
248.301834
249.032059
249.755386
250.471832
251.181381
251.884064
252.579849
253.268768
