0.975103
0.012448
0.012448
0.012448
0.975103
0.012448
0.012448
0.012448
0.975103
0.000000
0.000000
0.000000
0.000000
0.000000
0.000000
0.000000
0.000000
0.000000
0.867931
2.463756
4.049703
5.625777
7.191973
8.748293
10.294738
11.831311
13.358005
14.874823
16.381765
17.878832
19.366024
20.843338
22.310778
23.768343
25.216030
26.653843
28.081779
29.499840
30.908022
32.306339
33.694767
35.073326
36.442013
37.800812
39.149746
40.488804
41.817978
43.137283
44.446709
45.746269
47.035942
48.315746
49.585667
50.845726
52.095898
53.336197
54.566616
55.787155
56.997829
58.198627
59.389545
60.570595
61.741760
62.903049
64.054466
65.196007
66.327667
67.449463
68.561378
69.663406
70.755577
71.837868
72.910278
73.972809
75.025467
76.068245
77.101151
78.124199
79.137352
80.140625
81.134033
82.117569
83.091217
84.054993
85.008896
85.952919
86.887077
87.811348
88.725746
89.630272
90.524918
91.409698
92.284584
93.149605
94.004745
94.850021
95.685417
96.510933
97.326576
98.132339
98.928230
99.714241
100.490379
101.256638
102.013039
102.759552
103.496178
104.222954
104.939835
105.646843
106.343971
107.031227
107.708603
108.376122
109.033752
109.693336
110.366714
111.053879
111.754829
112.469582
113.198112
113.940437
114.696541
115.466446
116.250137
117.047615
117.858887
118.683945
119.522781
120.375427
121.241852
122.122063
123.016068
123.923859
124.845436
125.780815
126.729973
127.692924
128.669662
129.660187
130.664505
131.682617
132.714508
133.760193
134.819672
135.884476
136.946136
138.004669
139.060074
140.112335
141.161453
142.207428
143.250275
144.289993
145.326569
146.360016
147.390320
148.417496
149.441544
150.462448
151.480194
152.494827
153.506317
154.514679
155.519897
156.521973
157.520935
158.516754
159.509415
160.498962
161.485382
162.468643
163.448776
164.425766
165.399628
166.372406
167.346146
168.320892
169.296600
170.273270
171.250946
172.229568
173.209183
174.189774
175.171326
176.153870
177.137375
178.121857
179.107315
180.093750
181.081161
182.069550
183.058914
184.049271
185.040573
186.032867
187.026123
188.020355
189.015579
190.011765
191.008942
192.007065
193.006195
194.006287
195.007355
196.005890
196.998337
197.984726
198.965042
199.939301
200.907501
201.869629
202.825684
203.775681
204.719589
205.657455
206.589249
207.514984
208.434631
209.348236
210.255753
211.157227
212.052612
212.941940
213.825211
214.702408
215.573532
216.438599
217.297607
218.150513
218.997391
219.838196
220.672913
221.501587
222.324188
223.130096
223.908691
224.659958
225.383896
226.080521
226.749832
227.391830
228.006500
228.593857
229.153915
229.686630
230.192032
230.670105
231.120865
231.544296
231.940430
232.309235
232.650726
232.964890
233.251724
233.511276
233.743469
233.948364
234.125946
234.276199
234.399139
234.494751
234.563034
234.604019
234.617676
0.000000
1.208743
2.413630
3.614662
4.811839
6.005160
7.194626
8.380237
9.561992
10.739892
11.913936
13.084125
14.250458
15.412935
16.571558
17.726326
18.877239
20.024296
21.167498
22.306841
23.442331
24.573967
25.701746
26.825670
27.945742
29.061953
30.174311
31.282816
32.387459
33.488255
34.585190
35.678268
36.767494
37.852871
38.934383
40.012039
41.085846
42.155796
43.221886
44.284126
45.342506
46.397034
47.447708
48.494526
49.537483
50.576591
51.611839
52.643234
53.670780
54.694458
55.714287
56.730263
57.742378
58.750637
59.755051
60.755600
61.752296
62.745140
63.734123
64.719254
65.700531
66.677948
67.651512
68.621223
69.587082
70.549072
71.507217
72.461502
73.411934
74.358505
75.301239
76.240097
77.175102
78.106270
79.033562
79.957001
80.876602
81.792328
82.704201
83.612236
84.516396
85.416702
86.313164
87.205765
88.094505
88.979401
89.860435
90.737610
91.610939
92.480400
93.346008
94.207779
95.065674
95.919724
96.769928
97.616249
98.458725
99.297348
100.132126
100.963036
101.790092
102.619247
103.456375
104.301498
105.154625
106.015747
106.884865
107.761986
108.647110
109.540222
110.441338
111.350449
112.267563
113.192665
114.125771
115.066879
116.015984
116.973083
117.938179
118.911278
119.892365
120.881462
121.878548
122.883644
123.896729
124.917816
125.946899
126.983978
128.029068
129.082138
130.143219
131.212296
132.289352
133.370880
134.448151
135.520782
136.588776
137.652130
138.710846
139.764923
140.814346
141.859146
142.899292
143.934814
144.965698
145.991943
147.013535
148.030502
149.042801
150.050491
151.053543
152.051941
153.045700
154.034821
155.019302
155.999161
156.974350
157.944931
158.910843
159.872131
160.828766
161.780792
162.728149
163.670883
164.608978
165.543365
166.479675
167.418854
168.360901
169.305817
170.253571
171.204224
172.157730
173.114090
174.073303
175.035416
176.000366
176.968185
177.938889
178.912445
179.888855
180.868134
181.850296
182.835312
183.823181
184.813919
185.807526
186.804001
187.803329
188.805511
189.810593
190.818512
191.829300
192.842972
193.859482
194.878860
195.901123
196.926025
197.949432
198.969635
199.986603
201.000336
202.010864
203.018173
204.022232
205.023087
206.020721
207.015121
208.006317
208.994278
209.979019
210.960526
211.938828
212.913879
213.885742
214.854370
215.819748
216.781937
217.740891
218.696625
219.649124
220.598404
221.544479
222.487320
223.426926
224.363327
225.296509
226.226456
227.153183
228.076675
228.980820
229.849533
230.682785
231.480576
232.242905
232.969772
233.661194
234.317154
234.937653
235.522705
236.072281
236.586411
237.065094
237.508301
237.916077
238.288376
238.625214
238.926605
239.192535
239.423004
239.618027
239.777573
239.901672
239.990341
240.043518
240.061234
0.000000
0.000000
1.269380
2.641999
4.008577
5.369114
6.723609
8.072062
9.414476
10.750848
12.081178
13.405467
14.723714
16.035923
17.342087
18.642212
19.936295
21.224337
22.506336
23.782295
25.052214
26.316088
27.573923
28.825716
30.071468
31.311180
32.544849
33.772480
34.994064
36.209610
37.419117
38.622578
39.820000
41.011383
42.196720
43.376026
44.549282
45.716496
46.877674
48.032806
49.181900
50.324947
51.461952
52.592926
53.717854
54.836735
55.949581
57.056385
58.157150
59.251862
60.340542
61.423180
62.499783
63.570339
64.634850
65.693321
66.745750
67.792145
68.832497
69.866806
70.895065
71.917297
72.933479
73.943619
74.947723
75.945786
76.937805
77.923782
78.903717
79.877609
80.845467
81.807274
82.763046
83.712776
84.656464
85.594116
86.525719
87.451279
88.370804
89.284286
90.191727
91.093124
91.988495
92.877800
93.761086
94.638306
95.509506
96.374664
97.233772
98.086845
98.933868
99.774857
100.609802
101.438705
102.261574
103.078392
103.889168
104.693909
105.499344
106.312172
107.132408
107.960052
108.795097
109.637558
110.487427
111.344696
112.209381
113.081467
113.960960
114.847862
115.742172
116.643890
117.553017
118.469543
119.393478
120.324829
121.263580
122.209740
123.163307
124.124275
125.092659
126.068451
127.051636
128.042252
129.040253
130.045685
131.058487
132.078720
133.105453
134.133301
135.161346
136.189606
137.218048
138.246704
139.275574
140.304626
141.333893
142.363358
143.393021
144.422913
145.452988
146.483261
147.513733
148.544434
149.575333
150.606415
151.637711
152.669205
153.700912
154.732819
155.764923
156.797226
157.829758
158.862473
159.895386
160.928528
161.961838
162.995392
164.029114
165.060318
166.086288
167.107010
168.122482
169.132706
170.137680
171.137421
172.131897
173.121140
174.105148
175.083893
176.057404
177.025665
177.988663
178.946426
179.898941
180.846222
181.788254
182.725021
183.656570
184.582840
185.503891
186.419678
187.330215
188.235535
189.135574
190.030380
190.919952
191.804276
192.683350
193.557953
194.432968
195.309174
196.186569
197.065155
197.944946
198.825928
199.708084
200.591446
201.475998
202.361740
203.248688
204.136810
205.026123
205.916656
206.808350
207.701248
208.595337
209.490616
210.387100
211.284760
212.183624
213.083679
213.984909
214.887344
215.790970
216.695786
217.601791
218.509003
219.417404
220.326981
221.224533
222.096786
222.943787
223.765457
224.561874
225.333008
226.078857
226.799423
227.494690
228.164688
228.809402
229.428833
230.022980
230.591843
231.135422
231.653717
232.146729
232.614471
233.056915
233.474091
233.865982
234.232574
234.573914
234.889923
235.180695
235.446152
235.686356
235.901245
236.090881
236.255203
236.394272
236.508057
236.596542
236.659744
236.697678
236.710312
