0.993580
0.003210
0.003210
0.003210
0.993580
0.003210
0.003210
0.003210
0.993580
0.000000
0.984297
1.978571
2.982820
3.997045
5.021246
6.055422
7.099575
8.153704
9.217809
10.291889
11.375945
12.469978
13.573986
14.687969
15.811930
16.945868
18.081812
19.211805
20.335848
21.453936
22.566071
23.672255
24.772484
25.866760
26.955086
28.037457
29.113873
30.184338
31.248850
32.307407
33.360012
34.406666
35.447372
36.482117
37.510910
38.533756
39.550640
40.561577
41.566563
42.565590
43.558670
44.545792
45.526966
46.502186
47.471447
48.434761
49.392120
50.343529
51.288979
52.228485
53.162029
54.089626
55.011269
55.926956
56.836697
57.740479
58.638309
59.530182
60.416111
61.296085
62.170097
63.038170
63.900284
64.756447
65.606659
66.454254
67.307373
68.166412
69.031342
69.902191
70.778946
71.661598
72.550171
73.444641
74.345016
75.251297
76.163490
77.081581
78.005592
78.935501
79.871315
80.813034
81.760666
82.714203
83.673645
84.638992
85.610245
86.587402
87.570473
88.559448
89.554321
90.555115
91.561813
92.574409
93.592918
94.617325
95.647644
96.683868
97.725998
98.774040
99.827988
100.887840
101.953590
103.025253
104.102829
105.186302
106.275688
107.370972
108.472168
109.579277
110.692284
111.811203
112.936020
114.066750
115.202179
116.335220
117.464668
118.590523
119.712776
120.831436
121.946503
123.057968
124.165848
125.270119
126.370804
127.467896
128.561386
129.651291
130.737610
131.820312
132.899429
133.974945
135.046875
136.115204
137.179947
138.241089
139.298645
140.352585
141.402939
142.449707
143.492874
144.532455
145.568420
146.600815
147.629608
148.654785
149.676392
150.694382
151.708801
152.719604
153.726837
154.730469
155.730484
156.726929
157.719742
158.709000
159.694656
160.676697
161.655167
162.630020
163.601303
164.568985
165.533051
166.493622
167.452393
168.410080
169.366669
170.322189
171.276596
172.229919
173.182175
174.133316
175.083374
176.032349
176.980225
177.927032
178.872742
179.817368
180.760910
181.703354
182.644714
183.584976
184.524155
185.462234
186.399246
187.335159
188.269989
189.203720
190.136368
191.067932
191.998413
192.927795
193.856079
194.783295
195.709412
196.634430
197.558380
198.481247
199.403000
200.323669
201.243271
202.161774
203.079178
203.995499
204.910736
205.824875
206.737946
207.649918
208.560791
209.470581
210.379303
211.286896
212.193436
213.098404
214.001343
214.902222
215.801071
216.697891
217.592682
218.485413
219.376114
220.264786
221.151398
222.035995
222.918549
223.799072
224.677536
225.553986
226.428375
227.300751
228.171066
229.039368
229.905609
230.769821
231.632004
232.492142
233.350235
234.206299
235.060333
235.912323
236.762268
237.610168
238.456055
239.299896
240.141693
240.981461
241.819183
242.654861
243.488510
244.320129
245.149704
245.977234
246.802734
247.626190
248.447617
0.000000
0.972633
1.957230
2.953792
3.962319
4.982811
6.015268
7.059689
8.116076
9.184427
10.264744
11.357024
12.461269
13.577481
14.705655
15.845796
16.997904
18.161972
19.328754
20.489006
21.642721
22.789902
23.930548
25.064659
26.192238
27.313278
28.427788
29.535759
30.637197
31.732100
32.820469
33.902302
34.977600
36.046364
37.108597
38.164291
39.213451
40.256073
41.292168
42.321728
43.344746
44.361237
45.371185
46.374603
47.371487
48.361835
49.345650
50.322926
51.293674
52.257881
53.215553
54.166695
55.111301
56.049370
56.980907
57.905914
58.824379
59.736305
60.641705
61.540569
62.432899
63.320099
64.210609
65.105850
66.005806
66.910484
67.819893
68.734009
69.652863
70.576424
71.504715
72.437714
73.375450
74.317902
75.265076
76.216972
77.173592
78.134926
79.100990
80.071770
81.047279
82.027504
83.012451
84.002113
84.996506
85.995621
86.999451
88.008003
89.021278
90.039276
91.061996
92.089439
93.121605
94.158485
95.200089
96.246422
97.297470
98.353241
99.413734
100.478951
101.548882
102.623543
103.702919
104.787025
105.875839
106.966148
108.054642
109.141350
110.226273
111.309402
112.390747
113.470306
114.548073
115.624046
116.698242
117.770638
118.841255
119.910072
120.977104
122.042351
123.105812
124.167473
125.227348
126.285439
127.341736
128.396255
129.448975
130.499908
131.549042
132.596405
133.641968
134.685745
135.727737
136.767944
137.806351
138.842972
139.877808
140.910843
141.942093
142.971573
143.999252
145.025146
146.049240
147.071548
148.092072
149.110809
150.127762
151.142914
152.156418
153.169220
154.181473
155.193161
156.204300
157.214874
158.224884
159.234344
160.243240
161.251572
162.259354
163.266571
164.273239
165.279343
166.284882
167.289871
168.294296
169.298172
170.301468
171.304214
172.306412
173.308044
174.309128
175.309647
176.309601
177.308990
178.307831
179.306107
180.303833
181.300995
182.297607
183.293640
184.289124
185.284058
186.278427
187.272232
188.265488
189.258179
190.250320
191.241882
192.232895
193.223358
194.213257
195.202591
196.183975
197.149857
198.100266
199.035248
199.954773
200.858826
201.747437
202.620590
203.478287
204.320541
205.147324
205.958679
206.754547
207.534988
208.299957
209.049484
209.783554
210.502167
211.205322
211.893051
212.565292
213.222092
213.863434
214.489319
215.099777
215.694748
216.274277
216.838348
217.386978
217.920135
218.437851
218.940109
219.426895
219.898254
220.354156
220.794586
221.219589
221.629105
222.023193
222.401825
222.764999
223.112701
223.444977
223.761765
224.063126
224.349030
224.619476
224.874466
225.114014
225.338089
225.546722
225.739899
225.917618
226.079895
226.226700
226.358063
226.473969
226.574417
226.659424
226.728973
226.783051
226.821686
226.844864
226.852600
0.000000
1.107362
2.221834
3.343416
4.472109
5.607912
6.750824
7.900847
9.057981
10.222225
11.393579
12.564864
13.728910
14.885714
16.035275
17.177593
18.312670
19.440504
20.561096
21.674446
22.780552
23.879419
24.971043
26.055422
27.132563
28.202459
29.265110
30.320522
31.368692
32.409618
33.443306
34.469749
35.488949
36.500908
37.505627
38.503098
39.493332
40.476322
41.452072
42.420574
43.381840
44.335861
45.282635
46.222172
47.154465
48.079517
48.997326
49.907894
50.811222
51.714081
52.623245
53.538723
54.460510
55.388603
56.323002
57.263710
58.210732
59.164055
60.123695
61.089638
62.061890
63.040451
64.025322
65.016502
66.013992
67.017784
68.027885
69.044304
70.067024
71.096054
72.131393
73.173042
74.221001
75.275269
76.335838
77.402718
78.475914
79.555412
80.641220
81.733330
82.831757
83.936493
85.047539
86.164894
87.288551
88.418518
89.554794
90.692368
91.826256
92.956436
94.082916
95.205688
96.324760
97.440140
98.551819
99.659790
100.764053
101.864632
102.961502
104.054672
105.144142
106.229912
107.311981
108.390343
109.465012
110.535980
111.603233
112.666794
113.726669
114.782822
115.835281
116.884041
117.929108
118.970459
120.008118
121.042061
122.072327
123.098877
124.121727
125.140884
126.156334
127.168083
128.176132
129.180481
130.181137
131.178833
132.174362
133.167679
134.158844
135.147812
136.134598
137.119202
138.101624
139.081848
140.059906
141.035782
142.009460
142.980957
143.950272
144.917419
145.882370
146.845123
147.805710
148.764114
149.720322
150.674362
151.626205
152.575867
153.523361
154.468658
155.411774
156.352707
157.291443
158.228012
159.162399
160.094589
161.024597
161.952423
162.878082
163.801529
164.722809
165.641891
166.558823
167.471100
168.376404
169.274673
170.165939
171.050156
171.927399
172.797592
173.660782
174.516937
175.366104
176.208237
177.043350
177.871445
178.692520
179.506592
180.313644
181.113663
181.906677
182.692673
183.471649
184.243607
185.008545
185.766464
186.517365
187.261261
187.998138
188.727982
189.450821
190.166626
190.875427
191.577225
192.271988
192.959732
193.640472
194.314163
194.980865
195.640549
196.293213
196.938843
197.577469
198.209061
198.833664
199.451233
200.061783
200.665329
201.261856
201.851334
202.433838
203.009308
203.577759
204.139175
204.693588
205.240982
205.781357
206.314728
206.841064
207.360397
207.872696
208.377991
208.876266
209.367523
209.851761
210.328979
210.799179
211.262375
211.718536
212.167679
212.609802
213.044937
213.473038
213.894104
214.308167
214.715210
215.115250
215.508255
215.894226
216.273209
216.645157
217.010117
217.368042
217.718918
218.062820
218.399689
218.729553
219.052383
219.368195
219.676987
219.978775
220.273529
220.561279
220.842010
221.115707
221.382416
