0.987606
0.006197
0.006197
0.006197
0.987606
0.006197
0.006197
0.006197
0.987606
0.000000
1.075846
2.137841
3.185986
4.220281
5.240724
6.247317
7.240059
8.218950
9.183992
10.135182
11.072522
12.002884
12.933142
13.863295
14.793343
15.723287
16.653126
17.582859
18.512489
19.442015
20.371433
21.300749
22.229959
23.159065
24.088066
25.016964
25.945757
26.874441
27.803024
28.731503
29.659874
30.588146
31.516310
32.444370
33.372326
34.300175
35.227917
36.155563
37.083096
38.010529
38.937855
39.865074
40.792191
41.719200
42.646111
43.572914
44.499615
45.426208
46.352699
47.279083
48.205364
49.131538
50.057610
50.983574
51.909431
52.835194
53.760849
54.686584
55.612473
56.538509
57.464691
58.391026
59.317509
60.244141
61.170918
62.097847
63.024929
63.952156
64.879532
65.807060
66.734741
67.662560
68.590530
69.518654
70.446930
71.375351
72.303917
73.232635
74.161499
75.090523
76.019684
76.949005
77.878471
78.808083
79.737839
80.667755
81.597816
82.528023
83.458382
84.388885
85.319542
86.250351
87.181305
88.112411
89.043663
89.975067
90.906616
91.838318
92.770164
93.702164
94.634315
95.566605
96.499382
97.434631
98.372681
99.313530
100.257187
101.203644
102.152901
103.104958
104.059814
105.017487
105.977951
106.941216
107.907288
108.876160
109.847832
110.822311
111.799591
112.779671
113.762550
114.748245
115.736725
116.728020
117.722107
118.719002
119.718697
120.721191
121.726494
122.734589
123.745499
124.759209
125.775711
126.795013
127.817131
128.842041
129.869766
130.900269
131.933609
132.969727
134.008652
135.050385
136.094894
137.142242
138.192368
139.245285
140.301041
141.359573
142.419632
143.478088
144.534760
145.589691
146.642868
147.694275
148.743927
149.791840
150.837982
151.882385
152.925003
153.965866
155.004990
156.042358
157.077942
158.111801
159.143875
160.174225
161.202789
162.229599
163.254669
164.277969
165.299500
166.319290
167.337341
168.353592
169.368118
170.380875
171.391891
172.401123
173.408615
174.414352
175.418320
176.420532
177.420990
178.419693
179.416641
180.411819
181.405273
182.396927
183.386856
184.375015
185.361420
186.346069
187.328964
188.310089
189.285919
190.252838
191.210907
192.160095
193.100388
194.031830
194.954376
195.868057
196.772858
197.668777
198.555817
199.433990
200.303268
201.163696
202.015228
202.857895
203.691666
204.516571
205.332611
206.139755
206.938034
207.727432
208.507950
209.279587
210.042358
210.796249
211.541260
212.277390
213.004654
213.723022
214.432541
215.133163
215.824921
216.507797
217.181778
217.846893
218.503143
219.150497
219.788986
220.418610
221.039337
221.651199
222.254181
222.848282
223.433517
224.009857
224.577332
225.135910
225.685638
226.226486
226.758438
227.281540
227.795746
228.301071
228.797516
229.285110
229.763809
230.233627
230.694595
231.146637
231.589844
0.000000
1.207987
2.409385
3.604195
4.792417
5.974050
7.149094
8.317551
9.479418
10.634696
11.783387
12.925489
14.062432
15.195649
16.325136
17.450895
18.572927
19.691231
20.805807
21.916655
23.023773
24.127163
25.226828
26.322762
27.414970
28.503448
29.588200
30.669222
31.746515
32.820080
33.889923
34.956036
36.018417
37.077072
38.131996
39.183193
40.230667
41.274406
42.314423
43.350712
44.383266
45.412094
46.437199
47.458569
48.476219
49.490131
50.500320
51.506783
52.509518
53.508522
54.503803
55.496468
56.489254
57.482285
58.475559
59.469082
60.462845
61.456852
62.451107
63.445606
64.440346
65.435341
66.430565
67.426041
68.421768
69.417732
70.413940
71.410385
72.407089
73.404037
74.401222
75.398651
76.396332
77.394249
78.392418
79.390816
80.389473
81.388382
82.387520
83.386902
84.386543
85.386421
86.386543
87.386894
88.387512
89.388367
90.389458
91.390800
92.392395
93.394234
94.396294
95.398598
96.401138
97.403915
98.406906
99.410141
100.413612
101.417305
102.421234
103.425392
104.429779
105.434402
106.439247
107.444336
108.449646
109.455193
110.460968
111.466980
112.473221
113.479698
114.486397
115.493332
116.500496
117.507889
118.515518
119.523376
120.531471
121.539795
122.548340
123.557129
124.566147
125.575386
126.584869
127.594566
128.604523
129.614700
130.625092
131.635727
132.646591
133.657700
134.669357
135.681656
136.694611
137.708221
138.722504
139.737411
140.752991
141.769226
142.786102
143.803650
144.821838
145.840698
146.860199
147.880356
148.901184
149.922653
150.944778
151.967560
152.990997
154.015091
155.039825
156.065231
157.091278
158.117996
159.145355
160.173370
161.202042
162.231384
163.261353
164.291992
165.323288
166.355240
167.387863
168.421112
169.455017
170.489594
171.524796
172.560684
173.597229
174.628143
175.647125
176.654190
177.649338
178.632568
179.603882
180.563278
181.510757
182.446320
183.369949
184.281677
185.181488
186.069351
186.945328
187.809387
188.661514
189.501724
190.330017
191.146408
191.950867
192.743408
193.524048
194.292740
195.049545
195.794403
196.527359
197.248383
197.957504
198.654709
199.339996
200.013367
200.674805
201.324326
201.961945
202.587631
203.201401
203.803268
204.393204
204.971222
205.537323
206.091522
206.633774
207.164124
207.682556
208.189072
208.683655
209.166336
209.637085
210.095947
210.542877
210.977875
211.400955
211.812119
212.211380
212.598709
212.974136
213.337616
213.689194
214.028870
214.356613
214.672424
214.976334
215.268326
215.548401
215.816544
216.072784
216.317108
216.549515
216.769989
216.978561
217.175201
217.359940
217.532745
217.693634
217.842621
217.979660
218.104797
218.218033
218.319321
218.408707
218.486176
218.551712
218.605362
218.647079
218.676865
218.694748
218.700699
0.000000
1.939702
3.749520
5.429453
6.979502
8.399666
9.689946
10.912056
12.127722
13.336938
14.539705
15.736023
16.925896
18.109316
19.286287
20.456812
21.620890
22.778517
23.929695
25.074425
26.212704
27.344538
28.469919
29.588852
30.701342
31.807379
32.906967
34.000107
35.086796
36.167042
37.240833
38.308182
39.369076
40.423523
41.471527
42.513077
43.548176
44.576828
45.599033
46.614788
47.624100
48.626957
49.625790
50.626549
51.629494
52.634632
53.641953
54.651466
55.663170
56.677063
57.693142
58.711411
59.731869
60.754513
61.779350
62.806374
63.835587
64.866989
65.900581
66.936356
67.974327
69.014488
70.056831
71.101364
72.148094
73.197006
74.248108
75.301392
76.356880
77.414543
78.474403
79.536453
80.600685
81.667107
82.735725
83.806526
84.879509
85.954575
87.030945
88.108521
89.187286
90.267258
91.348419
92.430779
93.514336
94.599083
95.685036
96.772186
97.860527
98.950073
100.040810
101.132744
102.225868
103.320206
104.415726
105.512451
106.610359
107.709480
108.809792
109.911301
111.014008
112.117912
113.223007
114.329308
115.436798
116.545486
117.655365
118.766457
119.878731
120.992210
122.106888
123.222763
124.339745
125.456474
126.572357
127.687378
128.801544
129.914871
131.027328
132.138962
133.249725
134.359650
135.468704
136.576920
137.684296
138.790787
139.896454
141.001266
142.105209
143.208328
144.310577
145.411987
146.512543
147.612228
148.711090
149.809067
150.906235
152.002518
153.097961
154.192551
155.286301
156.379181
157.471207
158.562408
159.652740
160.742233
161.830856
162.918625
164.000977
165.073227
166.135422
167.187531
168.229568
169.261551
170.283463
171.295303
172.297089
173.288803
174.270447
175.242004
176.203522
177.154938
178.096329
179.027618
179.948837
180.860016
181.761108
182.652145
183.533096
184.403976
185.264801
186.115570
186.956253
187.786865
188.607422
189.417908
190.218307
191.008667
191.788925
192.559158
193.319290
194.069366
194.809372
195.539307
196.259186
196.968979
197.668701
198.358383
199.037964
199.707489
200.366959
201.016357
201.655685
202.284943
202.904129
203.513245
204.112289
204.701279
205.280197
205.849045
206.407822
206.956528
207.495178
208.023758
208.542267
209.050705
209.549072
210.037384
210.515610
210.983765
211.441879
211.889908
212.327866
212.755768
213.173599
213.581345
213.979050
214.366669
214.744217
215.111694
215.469131
215.816467
216.153748
216.480972
216.798111
217.105179
217.402206
217.689133
217.966003
218.232803
218.489548
218.736221
218.972824
219.199356
219.415817
219.622208
219.818542
220.004791
220.181000
220.347122
220.503174
220.649139
220.785080
220.910934
221.026703
221.132416
221.228088
221.313660
221.389160
221.454605
221.509979
221.555283
221.590515
221.615692
221.630798
221.635834
