0.971102
0.014449
0.014449
0.014449
0.971102
0.014449
0.014449
0.014449
0.971102
0.000000
1.751350
3.182714
4.294092
5.245944
6.198726
7.152442
8.107089
9.062670
10.019180
10.976625
11.935002
12.894313
13.854553
14.815727
15.777834
16.740871
17.704842
18.669744
19.635580
20.602348
21.570047
22.538681
23.508244
24.478741
25.450171
26.422531
27.395824
28.370050
29.345209
30.321301
31.298323
32.276276
33.255165
34.234985
35.215736
36.197422
37.180038
38.163586
39.148067
40.133484
41.119831
42.107105
43.095318
44.084461
45.074535
46.066673
47.062012
48.060543
49.062275
50.067200
51.075325
52.086647
53.101166
54.118881
55.139793
56.163906
57.191212
58.221714
59.255417
60.292316
61.332405
62.375698
63.422188
64.471870
65.524757
66.580833
67.640106
68.702583
69.768257
70.837120
71.909180
72.984444
74.062904
75.144562
76.229408
77.317459
78.408707
79.503151
80.600792
81.701630
82.805656
83.912895
85.023323
86.136948
87.253769
88.373787
89.497002
90.620186
91.740089
92.856728
93.970093
95.080185
96.187004
97.290558
98.390831
99.487839
100.581573
101.672043
102.759232
103.843155
104.923798
106.001183
107.075287
108.146118
109.213684
110.277977
111.338997
112.396744
113.451225
114.502434
115.550362
116.595024
117.636421
118.674538
119.709389
120.740967
121.769272
122.794304
123.816071
124.834564
125.849777
126.861725
127.870407
128.875809
129.877945
130.876801
131.872391
132.864716
133.853775
134.842270
135.832962
136.825867
137.820953
138.818253
139.817734
140.819412
141.823288
142.829346
143.837616
144.848068
145.860733
146.875580
147.892624
148.911865
149.933304
150.956924
151.982758
153.010773
154.040985
155.073410
156.108002
157.144791
158.183792
159.224991
160.268356
161.313950
162.361710
163.411697
164.463852
165.518204
166.574768
167.633530
168.694473
169.757599
170.822937
171.890457
172.960190
174.032104
175.106216
176.182526
177.261032
178.337173
179.406357
180.468628
181.523956
182.572327
183.613785
184.648300
185.675888
186.696518
187.710220
188.716995
189.716827
190.709717
191.695663
192.674698
193.646790
194.611938
195.570145
196.521423
197.465775
198.403168
199.333618
200.257156
201.173767
202.083420
202.986145
203.881927
204.770767
205.652679
206.527664
207.395691
208.256790
209.110962
209.958191
210.798477
211.631836
212.458252
213.277740
214.090286
214.895889
215.694580
216.486298
217.271103
218.048981
218.819885
219.583893
220.340942
221.091064
221.834244
222.570496
223.299789
224.022156
224.737610
225.446091
226.147659
226.842300
227.529984
228.210739
228.884552
229.551422
230.211380
230.864380
231.510452
232.149582
232.781784
233.407028
234.025375
234.636749
235.241211
235.838730
236.429306
237.012955
237.589661
238.159424
238.722244
239.278152
239.827103
240.369125
240.904221
241.432358
241.953583
242.467865
242.975189
243.475601
0.000000
0.873787
1.774831
2.703134
3.658695
4.641513
5.651591
6.688925
7.753520
8.845370
9.948928
11.048641
12.144510
13.236535
14.324714
15.409048
16.489538
17.566183
18.638985
19.707939
20.773048
21.834316
22.891737
23.945312
24.995045
26.040932
27.082975
28.121172
29.155523
30.186033
31.212696
32.235516
33.254494
34.269619
35.280903
36.288349
37.291943
38.291695
39.287598
40.279659
41.267876
42.252243
43.232769
44.209454
45.182289
46.151283
47.117496
48.087357
49.061939
50.041229
51.025234
52.013958
53.007393
54.005543
55.008408
56.015987
57.028282
58.045296
59.067017
60.093456
61.124607
62.160477
63.201057
64.246361
65.296364
66.351097
67.410538
68.474693
69.543564
70.617149
71.695450
72.778465
73.866196
74.958641
76.055801
77.157669
78.264267
79.375565
80.491585
81.612320
82.737762
83.867928
85.002808
86.138580
87.271477
88.401474
89.528580
90.652786
91.774094
92.892517
94.008041
95.120674
96.230415
97.337250
98.441193
99.542252
100.640411
101.735672
102.828049
103.917519
105.004097
106.087784
107.168579
108.246468
109.321480
110.393585
111.462791
112.529114
113.592545
114.653069
115.710709
116.765457
117.817299
118.866257
119.912308
120.955475
121.995743
123.033119
124.067596
125.099678
126.132309
127.165977
128.200684
129.236435
130.273224
131.311066
132.349945
133.389847
134.430817
135.472809
136.515854
137.559937
138.605057
139.651215
140.698425
141.746674
142.795959
143.846298
144.897659
145.950073
147.003540
148.058029
149.113556
150.170135
151.227753
152.286423
153.346115
154.406860
155.468643
156.531479
157.595322
158.660248
159.726196
160.793182
161.861206
162.930283
163.996475
165.055908
166.108536
167.154388
168.193466
169.225739
170.251236
171.269958
172.281891
173.287048
174.285400
175.276993
176.261795
177.239807
178.211029
179.175476
180.133148
181.084030
182.028137
182.965439
183.895981
184.819733
185.736694
186.646866
187.550278
188.446884
189.336716
190.219772
191.096039
191.965500
192.828201
193.684113
194.533234
195.375595
196.211151
197.039932
197.861923
198.677139
199.485550
200.287201
201.082077
201.870163
202.651443
203.425949
204.193680
204.954620
205.708786
206.456161
207.196762
207.930557
208.657593
209.377823
210.091293
210.797958
211.497864
212.190964
212.877289
213.556839
214.229584
214.895569
215.554764
216.207169
216.852783
217.491638
218.123688
218.748978
219.367462
219.979156
220.584076
221.182220
221.773575
222.358139
222.935944
223.506943
224.071167
224.628616
225.179260
225.723129
226.260223
226.790527
227.314041
227.830795
228.340729
228.843903
229.340286
229.829910
230.312714
230.788742
231.257996
231.720474
232.176147
232.625061
233.067184
233.502518
233.931076
234.352814
234.767822
235.176010
235.577438
235.972061
0.000000
1.638792
3.018825
4.140098
5.131517
6.122002
7.111548
8.100155
9.087822
10.074552
11.060342
12.045194
13.029107
14.012080
14.994117
15.975213
16.955370
17.934589
18.912870
19.890207
20.866613
21.842075
22.816601
23.790186
24.762835
25.734543
26.705311
27.675142
28.644032
29.611986
30.578999
31.545074
32.510212
33.474407
34.437668
35.399982
36.361370
37.323223
38.289009
39.258892
40.232861
41.210922
42.193069
43.179306
44.169636
45.164055
46.162560
47.165157
48.171852
49.182625
50.197495
51.216457
52.239502
53.266644
54.297871
55.333187
56.372597
57.416088
58.463676
59.515354
60.571129
61.630981
62.694927
63.762966
64.835091
65.911308
66.991623
68.076012
69.164505
70.257072
71.353149
72.449150
73.544472
74.639122
75.733101
76.826408
77.919044
79.011009
80.102303
81.192917
82.282867
83.372147
84.460754
85.548683
86.635941
87.722534
88.808456
89.893692
90.978264
92.062172
93.145401
94.227959
95.309845
96.391052
97.471603
98.551468
99.630669
100.709198
101.787056
102.864235
103.940750
105.016586
106.091751
107.166260
108.240501
109.314621
110.388634
111.462524
112.536301
113.609962
114.683510
115.756935
116.830246
117.903450
118.976524
120.049492
121.122337
122.195076
123.267685
124.340187
125.412575
126.484848
127.556999
128.629028
129.700943
130.772766
131.844437
132.916016
133.987473
135.058807
136.130035
137.201157
138.272156
139.343018
140.413773
141.484436
142.554962
143.624680
144.692841
145.759476
146.824585
147.888138
148.950165
150.010666
151.069626
152.127045
153.182938
154.237289
155.290115
156.341400
157.391159
158.439362
159.486038
160.531204
161.574814
162.616882
163.657425
164.696426
165.733917
166.769836
167.804260
168.837112
169.868454
170.898239
171.926514
172.953232
173.978439
175.002106
176.024216
177.044815
178.063858
179.081375
180.097366
181.111832
182.124725
183.136108
184.145966
185.154282
186.161041
187.166290
188.169998
189.172165
190.172806
191.171906
192.169479
193.165497
194.160004
195.152969
196.144394
197.134277
198.122650
199.109467
200.094757
201.078506
202.060730
203.041412
204.020569
204.998184
205.974243
206.948792
207.921799
208.893295
209.863220
210.831619
211.798508
212.763840
213.727631
214.689911
215.650635
216.609833
217.567490
218.523636
219.478210
220.431274
221.382797
222.332794
223.281235
224.228134
225.173538
226.117386
227.059708
228.000473
228.939728
229.877426
230.813599
231.748230
232.681335
233.612915
234.542953
235.471451
236.398422
237.323837
238.247726
239.170090
240.090927
241.010208
241.927979
242.844193
243.758881
244.672028
245.583649
246.493729
247.402283
248.309296
249.214767
250.118729
251.021118
251.921982
252.821320
253.719131
254.615402
255.000000
255.000000
255.000000
255.000000
255.000000
