0.941028
0.029486
0.029486
0.029486
0.941028
0.029486
0.029486
0.029486
0.941028
0.000000
0.889885
1.785980
2.688286
3.596802
4.511528
5.432464
6.359610
7.292967
8.232533
9.178310
10.130298
11.088495
12.052903
13.018973
13.982162
14.942470
15.899894
16.854435
17.806093
18.754869
19.700766
20.643776
21.583906
22.521152
23.455519
24.386999
25.315598
26.241316
27.164148
28.084099
29.001169
29.915358
30.826662
31.735085
32.640621
33.543278
34.443054
35.339947
36.233959
37.125084
38.013329
38.898689
39.781166
40.660767
41.537479
42.411312
43.282261
44.150333
45.015514
45.877819
46.737232
47.593777
48.447430
49.298199
50.146091
50.991096
51.833225
52.672462
53.508827
54.342297
55.172894
56.000603
56.825443
57.647385
58.466454
59.282635
60.095932
60.906353
61.713886
62.518539
63.323311
64.131203
64.942223
65.756363
66.573624
67.394012
68.217522
69.044151
69.873894
70.706772
71.542770
72.381889
73.224129
74.069496
74.917984
75.769592
76.624321
77.482185
78.343163
79.207260
80.074478
80.944824
81.818291
82.694878
83.574593
84.457428
85.343384
86.232468
87.124664
88.019989
88.918434
89.820007
90.724701
91.632515
92.543449
93.457504
94.374695
95.294998
96.218422
97.144974
98.074638
99.007439
99.943352
100.882401
101.824547
102.769836
103.718246
104.669777
105.624420
106.582199
107.543091
108.507111
109.474251
110.444527
111.417908
112.394409
113.374046
114.355728
115.338409
116.322075
117.306725
118.292374
119.279015
120.266632
121.255241
122.244843
123.235435
124.227013
125.219589
126.213142
127.207695
128.203232
129.199753
130.197281
131.195786
132.195267
133.195755
134.197235
135.199692
136.203140
137.207596
138.213028
139.219437
140.226852
141.235260
142.244644
143.255020
144.266388
145.278748
146.292084
147.306427
148.321747
149.338074
150.355362
151.373657
152.392929
153.413208
154.434479
155.456711
156.479950
157.504196
158.529404
159.555618
160.582809
161.610977
162.640167
163.670319
164.701477
165.733627
166.766754
167.800888
168.835968
169.872086
170.909180
171.948395
172.990814
174.036469
175.085342
176.137466
177.192810
178.251373
179.313171
180.378204
181.446472
182.517944
183.592651
184.670593
185.751770
186.836166
187.923798
189.014648
190.108734
191.206055
192.306595
193.410370
194.517365
195.627609
196.741074
197.857758
198.977661
200.100800
201.227188
202.356781
203.489609
204.625671
205.764969
206.907471
208.053223
209.202179
210.354401
211.509827
212.668472
213.830368
214.995499
216.163834
217.335419
218.510223
219.688248
220.869507
222.054001
223.241714
224.432663
225.626846
226.824234
228.024887
229.228729
230.435822
231.646149
232.859680
234.076462
235.296478
236.504837
237.686707
238.842056
239.970917
241.073257
242.149094
243.198425
244.221252
245.217575
246.187393
247.130707
248.047516
248.937820
249.801620
0.000000
1.194371
2.397319
3.608842
4.828941
6.057617
7.294868
8.540696
9.795101
11.058080
12.329637
13.609767
14.898476
16.188345
17.471977
18.749365
20.020510
21.285412
22.544069
23.796486
25.042656
26.282585
27.516272
28.743713
29.964912
31.179869
32.388580
33.591053
34.787277
35.977261
37.161003
38.338497
39.509754
40.674767
41.833530
42.986057
44.132336
45.272373
46.406174
47.533722
48.655033
49.770100
50.878922
51.981495
53.077831
54.167927
55.251774
56.329380
57.400749
58.465870
59.524746
60.577377
61.623772
62.663918
63.697823
64.725487
65.746902
66.762077
67.771004
68.773697
69.770142
70.760345
71.744301
72.722015
73.693489
74.660088
75.629913
76.604340
77.583366
78.566986
79.555206
80.548027
81.545441
82.547455
83.554070
84.565277
85.581093
86.601494
87.626495
88.656097
89.690300
90.729103
91.772499
92.820496
93.873085
94.930283
95.992073
97.058464
98.129448
99.205032
100.285217
101.369995
102.459373
103.553352
104.651924
105.755096
106.862869
107.975243
109.092209
110.213768
111.339935
112.470695
113.606064
114.746017
115.890572
117.039726
118.193481
119.351822
120.514771
121.682320
122.854469
124.031212
125.212555
126.398491
127.589035
128.784164
129.983902
131.188232
132.393158
133.594727
134.792877
135.987656
137.179031
138.367035
139.551651
140.732864
141.910690
143.085159
144.256210
145.423859
146.588150
147.749054
148.906555
150.060669
151.211395
152.358734
153.502701
154.643265
155.780441
156.914230
158.044647
159.171646
160.295273
161.415527
162.532379
163.645828
164.755905
165.862595
166.965897
168.065796
169.162338
170.255463
171.345215
172.431564
173.514542
174.594131
175.670319
176.743118
177.812546
178.878586
179.941223
181.000488
182.056351
183.108826
184.157928
185.203629
186.245941
187.284866
188.320419
189.352570
190.381119
191.404633
192.422928
193.435944
194.443726
195.446289
196.443573
197.435623
198.422440
199.403992
200.380295
201.351379
202.317215
203.277786
204.233124
205.183212
206.128067
207.067673
208.002029
208.931137
209.854996
210.773621
211.687012
212.595139
213.498032
214.395676
215.288071
216.175232
217.057129
217.933807
218.805222
219.671402
220.532318
221.388000
222.238449
223.083649
223.923599
224.758301
225.587753
226.411972
227.230942
228.044678
228.853149
229.656387
230.454376
231.247131
232.034622
232.816879
233.593887
234.365662
235.132187
235.893448
236.649490
237.398758
238.139771
238.872528
239.597015
240.313248
241.021210
241.720917
242.412354
243.095520
243.770447
244.437103
245.095490
245.745605
246.387466
247.021088
247.646423
248.263489
248.872314
249.472855
250.065140
250.649170
251.224930
251.792435
252.351685
252.902664
253.445374
253.979828
254.506012
255.000000
255.000000
255.000000
255.000000
255.000000
0.000000
3.679407
6.876401
9.590982
11.823151
13.572906
15.077106
16.572607
18.059412
19.537518
21.006927
22.467640
23.919651
25.362967
26.797583
28.223503
29.640724
31.049248
32.449074
33.840202
35.222633
36.596359
37.961395
39.317730
40.665367
42.004311
43.334553
44.656097
45.968945
47.273094
48.568542
49.855293
51.133350
52.402706
53.663364
54.915329
56.158588
57.393150
58.619022
59.836185
61.044662
62.244438
63.435509
64.617889
65.791573
66.956551
68.112831
69.260422
70.399300
71.530014
72.663956
73.805786
74.955528
76.113159
77.278694
78.452126
79.633453
80.822685
82.019806
83.224831
84.437752
85.658577
86.887291
88.123909
89.368423
90.620834
91.881149
93.149353
94.425468
95.709480
97.001381
98.301178
99.608887
100.924484
102.247986
103.579376
104.918678
106.265869
107.620956
108.983940
110.354836
111.733627
113.120308
114.514893
115.917374
117.327751
118.746033
120.172203
121.606277
123.048248
124.498123
125.955902
127.421562
128.893265
130.359787
131.819290
133.271744
134.717148
136.155518
137.586853
139.011154
140.428406
141.838623
143.241806
144.637939
146.027039
147.409119
148.784149
150.152130
151.513077
152.866989
154.213852
155.553696
156.886505
158.212250
159.530960
160.842636
162.147293
163.444885
164.735443
166.018967
167.295456
168.564911
169.827316
171.082687
172.331009
173.572311
174.806564
176.033783
177.253952
178.467087
179.673187
180.872253
182.064285
183.249268
184.427200
185.598129
186.760071
187.908447
189.043030
190.163818
191.270798
192.363983
193.443375
194.508957
195.560745
196.598740
197.622940
198.633331
199.629929
200.612732
201.581726
202.536926
203.478333
204.405930
205.319733
206.219757
207.105957
207.978378
208.836975
209.681793
210.512802
211.330017
212.133438
212.923065
213.698883
214.460907
215.209122
215.943558
216.664169
217.371017
218.064041
218.743271
219.408707
220.060333
220.698181
221.322205
221.932434
222.528885
223.111526
223.680374
224.242523
224.805069
225.368027
225.931366
226.495117
227.059265
227.623825
228.188782
228.754135
229.319901
229.886063
230.452637
231.019592
231.586960
232.154724
232.722900
233.291473
233.860443
234.429825
234.999588
235.569778
236.140350
236.711334
237.282715
237.854507
238.426697
238.999283
239.572281
240.145676
240.719467
241.293671
241.868256
242.443253
243.018661
243.594452
244.170670
244.747269
245.324280
245.901688
246.479507
247.057709
247.636322
248.215347
248.794769
249.374588
249.954819
250.535431
251.116455
251.697891
252.279709
252.861938
253.444580
254.027603
254.611038
255.000000
255.000000
255.000000
255.000000
255.000000
255.000000
255.000000
255.000000
255.000000
255.000000
255.000000
255.000000
255.000000
255.000000
255.000000
255.000000
255.000000
255.000000
255.000000
255.000000
255.000000
