0.988725
0.005637
0.005637
0.005637
0.988725
0.005637
0.005637
0.005637
0.988725
0.000000
1.053837
2.105144
3.153921
4.200169
5.243888
6.285076
7.323734
8.359864
9.393463
10.424534
11.453072
12.479083
13.502564
14.523515
15.541935
16.557829
17.571190
18.582024
19.590324
20.596098
21.599340
22.600056
23.599257
24.597971
25.596195
26.593931
27.591177
28.587933
29.584200
30.579977
31.575264
32.570061
33.564373
34.558193
35.551521
36.544361
37.536713
38.528572
39.519947
40.510826
41.501221
42.491119
43.480534
44.469463
45.457897
46.445843
47.433296
48.420265
49.406742
50.392727
51.378227
52.363235
53.347755
54.331779
55.315319
56.298370
57.280930
58.263004
59.244583
60.225674
61.206280
62.186390
63.166016
64.145157
65.123802
66.101952
67.079620
68.056793
69.033478
70.009674
70.985382
71.960609
72.935333
73.909576
74.883316
75.856613
76.830093
77.804031
78.778419
79.753265
80.728577
81.704338
82.680557
83.657234
84.634361
85.611954
86.589996
87.568497
88.547455
89.526863
90.506737
91.487068
92.467850
93.449081
94.430786
95.412933
96.395546
97.378609
98.362129
99.346107
100.330544
101.315437
102.300789
103.286591
104.272850
105.259567
106.246735
107.234367
108.222450
109.210999
110.199997
111.189453
112.179359
113.169739
114.160561
115.151840
116.143578
117.135765
118.128418
119.121529
120.115089
121.109108
122.103592
123.098511
124.093910
125.089760
126.086060
127.082809
128.080032
129.077667
130.075439
131.073334
132.071320
133.069443
134.067642
135.065979
136.064407
137.062943
138.061600
139.060364
140.059219
141.058197
142.057297
143.056488
144.055786
145.055191
146.054718
147.054337
148.054092
149.053940
150.053894
151.053970
152.054123
153.054413
154.054794
155.055298
156.055908
157.056641
158.057465
159.058380
160.059433
161.060593
162.061844
163.063217
164.064713
165.066284
166.067993
167.069794
168.071701
169.073715
170.075867
171.078094
172.080460
173.082901
174.085480
175.088165
176.090942
177.093826
178.096832
179.099960
180.103165
181.106491
182.109940
183.113953
184.119705
185.127243
186.136536
187.147629
188.160507
189.175156
190.191589
191.209808
192.229813
193.251602
194.275162
195.300491
196.327621
197.356537
198.387222
199.419678
200.453949
201.489975
202.527802
203.567383
204.608765
205.651932
206.696869
207.743591
208.792099
209.842392
210.894440
211.948288
213.003922
214.061340
215.120529
216.181519
217.244263
218.308807
219.375122
220.443222
221.513107
222.584778
223.658218
224.733459
225.810471
226.889267
227.969833
229.052200
230.136322
231.222244
232.309937
233.399429
234.490692
235.583740
236.678558
237.775162
238.873550
239.955276
241.001862
242.013336
242.989700
243.930923
244.837036
245.708023
246.543884
247.344635
248.110260
248.840759
249.536148
250.196411
250.821548
251.411560
251.966461
252.486221
252.970871
0.000000
1.089977
2.175154
3.255529
4.331103
5.401876
6.467848
7.529019
8.585389
9.636958
10.683725
11.725692
12.762857
13.795222
14.822786
15.845549
16.863510
17.876671
18.885031
19.888588
20.887346
21.881302
22.870459
23.854813
24.834366
25.811968
26.790468
27.769869
28.750170
29.731367
30.713467
31.696463
32.680359
33.665157
34.650848
35.637444
36.624935
37.613327
38.602619
39.592812
40.583897
41.575886
42.568775
43.562565
44.557247
45.552834
46.549320
47.546703
48.544987
49.544167
50.544250
51.545231
52.547108
53.549889
54.553566
55.558140
56.563614
57.569992
58.577267
59.585438
60.594513
61.604485
62.615353
63.627125
64.639793
65.653366
66.667831
67.683197
68.699463
69.716629
70.734695
71.753662
72.773514
73.794281
74.815941
75.838501
76.861961
77.886322
78.911499
79.935966
80.959091
81.980865
83.001289
84.020363
85.038094
86.054466
87.069496
88.083176
89.095497
90.106483
91.116119
92.124397
93.131332
94.136917
95.141151
96.144035
97.145576
98.145767
99.144608
100.142097
101.138237
102.133034
103.126472
104.118568
105.109322
106.098709
107.086769
108.073463
109.058815
110.042816
111.025467
112.006775
112.986725
113.965340
114.942589
115.918495
116.893059
117.866272
118.838127
119.808640
120.777802
121.745621
122.712082
123.677200
124.640976
125.603386
126.564461
127.524170
128.482544
129.439575
130.395248
131.349564
132.302902
133.257202
134.212875
135.169876
136.128235
137.087921
138.048950
139.011322
139.975037
140.940109
141.906509
142.874252
143.843353
144.813782
145.785568
146.758667
147.733139
148.708939
149.686096
150.664597
151.644424
152.625595
153.608109
154.591965
155.577179
156.563736
157.551620
158.540848
159.531433
160.523361
161.516617
162.511230
163.507172
164.504471
165.503098
166.503082
167.504410
168.507065
169.511063
170.516418
171.523117
172.531143
173.540512
174.551239
175.563324
176.576706
177.591461
178.607559
179.625000
180.643768
181.663895
182.685349
183.708160
184.732315
185.757324
186.782059
187.806473
188.830551
189.854294
190.877716
191.900803
192.923553
193.945969
194.968048
195.989807
197.011230
198.032318
199.053085
200.073502
201.093597
202.113373
203.132797
204.151901
205.170654
206.189102
207.207199
208.224976
209.242416
210.259521
211.276306
212.292755
213.308868
214.324646
215.340088
216.355209
217.369995
218.384445
219.398575
220.412354
221.425827
222.438934
223.451721
224.464203
225.476334
226.488129
227.499603
228.510727
229.521530
230.531982
231.542130
232.551941
233.561417
234.570557
235.579361
236.587845
237.595993
238.603806
239.611282
240.601776
241.558578
242.481689
243.371124
244.226868
245.048904
245.837296
246.591980
247.312988
248.000305
248.653946
249.273911
249.860168
250.412766
250.931671
251.416885
0.000000
1.176011
2.340775
3.494292
4.636563
5.767587
6.887362
7.995892
9.093175
10.179211
11.254000
12.317541
13.369836
14.410885
15.440685
16.459240
17.466547
18.462608
19.447420
20.420988
21.390476
22.363060
23.338741
24.317514
25.299383
26.284348
27.272406
28.263557
29.257805
30.255146
31.255585
32.259113
33.265739
34.275459
35.288273
36.304188
37.323189
38.345284
39.370480
40.398769
41.430149
42.464630
43.502201
44.542866
45.586628
46.633484
47.683434
48.736481
49.792618
50.851852
51.914181
52.979603
54.048122
55.119732
56.194439
57.272243
58.353138
59.437130
60.524216
61.614391
62.707668
63.804039
64.903503
66.006058
67.111717
68.220467
69.332306
70.447250
71.565277
72.686409
73.810623
74.935143
76.057152
77.176666
78.293671
79.408173
80.520172
81.629669
82.736664
83.841148
84.943138
86.042618
87.139603
88.234077
89.326050
90.415520
91.502480
92.586945
93.668900
94.748360
95.825310
96.899757
97.971710
99.041145
100.108093
101.172523
102.234459
103.293884
104.350807
105.405228
106.457146
107.506561
108.553474
109.597885
110.639786
111.679184
112.716087
113.750481
114.782372
115.811760
116.838646
117.863029
118.884903
119.904282
120.921158
121.935516
122.947380
123.956741
124.963600
125.967949
126.969810
127.969154
128.967575
129.966675
130.966461
131.966919
132.968063
133.969849
134.972351
135.975494
136.979340
137.983841
138.989014
139.994873
141.001404
142.008606
143.016495
144.025040
145.034286
146.044189
147.054764
148.066010
149.077942
150.090546
151.103836
152.117783
153.132416
154.147720
155.163696
156.180359
157.197693
158.215698
159.234375
160.253723
161.273743
162.294464
163.315826
164.337891
165.360611
166.384018
167.408096
168.432846
169.458282
170.484375
171.511154
172.538605
173.566742
174.595535
175.625015
176.655167
177.685989
178.717499
179.749664
180.780457
181.807739
182.831543
183.851852
184.868683
185.882019
186.891876
187.898239
188.901123
189.900528
190.896439
191.888855
192.877808
193.863235
194.845215
195.823700
196.798691
197.770187
198.738220
199.702759
200.663818
201.621384
202.575439
203.526047
204.473145
205.416763
206.356888
207.293549
208.226715
209.156387
210.082581
211.005280
211.924515
212.840225
213.752487
214.661240
215.566513
216.468307
217.366608
218.261414
219.152740
220.040604
220.924942
221.805817
222.683212
223.557114
224.427505
225.294434
226.157898
227.017853
227.874313
228.728500
229.581696
230.433853
231.284973
232.135071
232.984161
233.832199
234.679245
235.525223
236.370193
237.214142
238.057053
238.898941
239.739807
240.579636
241.418442
242.256210
243.092972
243.928696
244.763397
245.597061
246.429718
247.261322
248.091904
248.921478
249.750000
250.577530
251.403992
252.229446
253.053879
253.877289
254.699646
