0.942300
0.028850
0.028850
0.028850
0.942300
0.028850
0.028850
0.028850
0.942300
0.000000
0.944469
1.882910
2.815322
3.741707
4.662064
5.576391
6.484692
7.386964
8.283208
9.173423
10.057611
10.935770
11.810337
12.683743
13.555989
14.427075
15.297003
16.165770
17.033377
17.899824
18.765112
19.629242
20.492208
21.354017
22.214668
23.074156
23.932487
24.789656
25.645666
26.500517
27.354206
28.206739
29.058111
29.908323
30.757374
31.605267
32.452000
33.298515
34.150459
35.008774
35.873470
36.744530
37.621967
38.505772
39.395954
40.292511
41.195435
42.104736
43.020409
43.942451
44.870869
45.805660
46.746822
47.694355
48.648266
49.608543
50.575199
51.548225
52.527622
53.513393
54.505535
55.504055
56.508942
57.515518
58.519093
59.519672
60.517250
61.511833
62.503414
63.491993
64.477577
65.460167
66.439743
67.416328
68.389923
69.360512
70.328102
71.292694
72.254280
73.212875
74.168472
75.121063
76.070656
77.017265
77.960861
78.901459
79.839050
80.773659
81.705292
82.634117
83.560165
84.483444
85.403946
86.321663
87.236610
88.148781
89.058174
89.964798
90.868645
91.769714
92.667999
93.563522
94.456261
95.346222
96.233406
97.117821
97.999466
98.878319
99.754402
100.627716
101.498245
102.366005
103.230980
104.093185
104.952072
105.807060
106.658173
107.505394
108.348732
109.188187
110.023766
110.855446
111.683258
112.507172
113.327217
114.143364
114.955643
115.764023
116.568527
117.369141
118.165878
118.958725
119.747696
120.532776
121.313980
122.091293
122.864731
123.634270
124.399933
125.161713
125.919609
126.673622
127.423752
128.169998
128.912354
129.650833
130.385422
131.116135
131.842957
132.565903
133.284958
134.000122
134.711426
135.418839
136.122345
136.821991
137.517746
138.209625
138.897614
139.581711
140.261932
140.938263
141.610703
142.279297
142.943970
143.604767
144.261688
144.914703
145.563873
146.209137
146.850510
147.488007
148.121613
148.751343
149.377182
149.999161
150.617233
151.231430
151.841736
152.448166
153.050705
153.649384
154.244156
154.835037
155.422043
156.005157
156.584396
157.159760
157.731232
158.298828
158.862534
159.422363
159.978287
160.530350
161.078506
161.622787
162.163193
162.699722
163.232346
163.761093
164.285965
164.806946
165.324051
165.837265
166.346588
166.852036
167.353592
167.851288
168.345078
168.834991
169.321014
169.803162
170.281418
170.755783
171.226288
171.692902
172.155624
172.614456
173.069412
173.520493
173.967682
174.410995
174.850418
175.285950
175.717606
176.145370
176.569260
176.989258
177.405380
177.817612
178.225967
178.630432
179.031006
179.427704
179.820526
180.209457
180.594513
180.975693
181.352966
181.726364
182.095871
182.461502
182.823242
183.181091
183.535080
183.885178
184.231384
184.573700
184.912155
185.246719
185.577393
185.904175
186.227081
186.546097
186.861237
0.000000
1.141225
2.336021
3.584389
4.886328
6.241839
7.650922
9.113576
10.629804
12.199601
13.822970
15.461421
17.076454
18.668077
20.236286
21.781078
23.302458
24.800426
26.274981
27.726120
29.153847
30.558157
31.939056
33.296543
34.630615
35.941273
37.228516
38.492344
39.732765
40.949768
42.148872
43.335602
44.509949
45.671925
46.821514
47.958729
49.083561
50.196018
51.296093
52.383793
53.459110
54.522049
55.572613
56.610798
57.636600
58.650028
59.651073
60.639736
61.616032
62.599056
63.607933
64.642662
65.703239
66.789680
67.901962
69.040100
70.204094
71.393929
72.609619
73.851166
75.118561
76.411812
77.730911
79.075859
80.446671
81.843323
83.265831
84.714188
86.161057
87.579102
88.968315
90.328697
91.660255
92.962982
94.236893
95.481956
96.698196
97.885612
99.044205
100.173958
101.274887
102.346985
103.390259
104.404694
105.390312
106.347099
107.275055
108.186363
109.093246
109.995682
110.893684
111.787239
112.676353
113.561035
114.441269
115.317062
116.188416
117.055328
117.917793
118.775826
119.629425
120.478569
121.323273
122.163544
122.999367
123.830750
124.657692
125.480194
126.298264
127.111877
127.921066
128.725800
129.526093
130.321960
131.113373
131.900345
132.682892
133.460983
134.234634
135.003830
135.768616
136.528946
137.284836
138.036285
138.783295
139.525848
140.263992
140.997665
141.726913
142.451706
143.172073
143.888000
144.599472
145.306519
146.009109
146.707275
147.400986
148.090256
148.775085
149.455490
150.131454
150.802963
151.470032
152.132645
152.790848
153.444595
154.093903
154.738770
155.379196
156.015167
156.646713
157.273819
157.896484
158.514709
159.128479
159.737839
160.342712
160.943176
161.539200
162.130768
162.717911
163.300598
163.878845
164.452667
165.022049
165.586975
166.147446
166.703506
167.255112
167.802277
168.345001
168.883270
169.417130
169.946533
170.471481
170.992004
171.508087
172.019714
172.526932
173.029694
173.528000
174.021881
174.511322
174.996292
175.476868
175.952957
176.424637
176.891876
177.354660
177.813004
178.266922
178.716385
179.161407
179.601990
180.038132
180.469833
180.897110
181.319916
181.738297
182.152222
182.561737
182.966782
183.367401
183.763580
184.155319
184.542603
184.925461
185.303864
185.677826
186.047379
186.412460
186.773117
187.129318
187.481094
187.828384
188.171280
188.509735
188.843719
189.173309
189.498413
189.819092
190.135315
190.447128
190.754471
191.057404
191.355881
191.649918
191.939499
192.224655
192.505356
192.781616
193.053467
193.320862
193.583801
193.842316
194.096375
194.345993
194.591171
194.831924
195.068222
195.300095
195.527512
195.750473
195.969025
196.183121
196.392776
196.598007
196.798767
196.995102
197.186996
197.374451
197.557449
197.736038
197.910156
198.079849
198.245087
0.000000
4.159901
6.639606
8.288035
9.954111
11.637834
13.339205
15.058221
16.794886
18.549194
20.321154
22.110758
23.918011
25.742908
27.585453
29.445646
31.323484
33.218971
35.107037
36.926399
38.674278
40.350670
41.955578
43.488995
44.950928
46.341373
47.660332
48.907810
50.083797
51.188301
52.221321
53.182846
54.072891
54.907486
55.782909
56.715206
57.704365
58.750393
59.853287
61.013050
62.229679
63.503178
64.833542
66.220779
67.664879
69.165840
70.723679
72.338387
74.007065
75.666008
77.289154
78.876503
80.428047
81.943810
83.423775
84.867935
86.276306
87.648880
88.985657
90.286636
91.551826
92.781212
93.974808
95.132607
96.271248
97.407379
98.541008
99.672127
100.800743
101.926842
103.050430
104.171516
105.290085
106.406151
107.519707
108.630760
109.739296
110.845329
111.948845
113.049858
114.148369
115.244354
116.337837
117.428825
118.517288
119.603249
120.686699
121.767639
122.846069
123.921989
124.995407
126.066315
127.134712
128.200592
129.263992
130.324844
131.383209
132.439072
133.492416
134.543243
135.591568
136.637390
137.680710
138.721497
139.759781
140.795578
141.828842
142.859604
143.887848
144.913620
145.936844
146.957565
147.975800
148.991516
150.004700
151.015396
152.023575
153.029266
154.032425
155.033081
156.031235
157.026871
158.019989
159.010620
159.998749
160.984344
161.967438
162.948029
163.926102
164.901688
165.874756
166.845291
167.813324
168.778854
169.741898
170.702408
171.660416
172.615906
173.568893
174.519379
175.467346
176.412827
177.355774
178.296219
179.234161
180.169586
181.102509
182.032913
182.960800
183.886215
184.809067
185.729446
186.647324
187.562683
188.475540
189.385864
190.293701
191.199020
192.101822
193.002136
193.899918
194.795212
195.687973
196.578262
197.466003
198.351257
199.234009
200.114227
200.991959
201.867172
202.739883
203.610077
204.477753
205.342957
206.205612
207.065781
207.923431
208.778580
209.631210
210.481339
211.328949
212.174057
213.016663
213.856750
214.694351
215.529404
216.361969
217.192032
218.019562
218.844604
219.667130
220.487152
221.304672
222.119675
222.932190
223.742142
224.549622
225.354599
226.157059
226.957016
227.754456
228.549377
229.341797
230.131699
230.919113
231.703995
232.486389
233.266266
234.043640
234.818497
235.590851
236.360687
237.128036
237.892868
238.655167
239.414963
240.172287
240.927078
241.679337
242.429123
243.176376
243.921127
244.663376
245.403107
246.140335
246.875061
247.607269
248.336975
249.064178
249.788834
250.511017
251.230698
251.947845
252.662491
253.374634
254.084244
254.791382
255.000000
255.000000
255.000000
255.000000
255.000000
255.000000
255.000000
255.000000
255.000000
255.000000
255.000000
255.000000
255.000000
255.000000
255.000000
255.000000
255.000000
255.000000
255.000000
