0.969737
0.015131
0.015131
0.015131
0.969737
0.015131
0.015131
0.015131
0.969737
0.000000
0.836125
1.678540
2.527244
3.382237
4.243521
5.111094
5.984955
6.865107
7.751548
8.644279
9.543300
10.448609
11.360207
12.278097
13.202273
14.132743
15.069499
16.012548
16.961884
17.917509
18.879423
19.843609
20.806051
21.766750
22.725704
23.682915
24.638380
25.592102
26.544077
27.494310
28.442797
29.389538
30.334536
31.277792
32.219299
33.159065
34.097088
35.033360
35.967892
36.900681
37.831722
38.761021
39.688576
40.614384
41.538452
42.460770
43.381344
44.300179
45.217262
46.132607
47.046204
47.958057
48.868168
49.776531
50.683147
51.588024
52.491158
53.392540
54.292187
55.190086
56.086235
56.980640
57.873310
58.764225
59.653400
60.540836
61.426525
62.310463
63.192661
64.073112
64.951820
65.828781
66.704010
67.577484
68.451424
69.328064
70.207390
71.089394
71.974106
72.861496
73.751572
74.644333
75.539795
76.437935
77.338768
78.242294
79.148506
80.057411
80.968994
81.883270
82.800240
83.719887
84.642235
85.567268
86.494987
87.425400
88.358498
89.294281
90.232758
91.173920
92.117775
93.064316
94.013542
94.965462
95.920067
96.877365
97.837349
98.800026
99.765388
100.733437
101.704170
102.677605
103.653725
104.632523
105.614021
106.598206
107.585068
108.574631
109.566879
110.561813
111.559448
112.559753
113.562759
114.568459
115.576836
116.587898
117.601662
118.615318
119.626068
120.633919
121.638885
122.640938
123.640099
124.636360
125.629715
126.620178
127.607750
128.592407
129.574173
130.553040
131.529022
132.502075
133.472260
134.439529
135.403915
136.365387
137.323944
138.279633
139.232407
140.182297
141.129257
142.073349
143.014542
143.952820
144.888199
145.820694
146.750290
147.676956
148.600754
149.521637
150.439636
151.354736
152.266937
153.176224
154.082626
154.986130
155.886719
156.784424
157.679230
158.571136
159.460144
160.346237
161.229446
162.109756
162.987183
163.861679
164.733292
165.602020
166.467819
167.330734
168.194519
169.062943
169.936020
170.813705
171.696045
172.583023
173.474640
174.370911
175.271790
176.177338
177.087509
178.002319
178.921768
179.845856
180.774582
181.707947
182.645950
183.588608
184.535889
185.487808
186.444366
187.405563
188.371399
189.341873
190.316986
191.296738
192.281143
193.270172
194.263824
195.262146
196.265091
197.272675
198.284897
199.301773
200.323257
201.349396
202.380188
203.415588
204.455658
205.500366
206.549683
207.603653
208.662262
209.725525
210.793411
211.865936
212.943100
214.024918
215.111359
216.202438
217.298157
218.398514
219.503525
220.633972
221.810745
223.033768
224.303116
225.618744
226.980667
228.388870
229.843369
231.344162
232.891251
234.484619
236.124283
237.810242
239.542496
241.321030
243.145859
245.016983
246.934387
248.898087
250.908081
252.964355
255.000000
0.000000
1.205323
2.419121
3.641393
4.872139
6.111360
7.359056
8.615226
9.879869
11.152989
12.434582
13.724650
15.023192
16.330210
17.645700
18.969666
20.302105
21.643021
22.992411
24.342041
25.683687
27.017344
28.343018
29.660704
30.970400
32.272110
33.565834
34.851574
36.129322
37.399086
38.660862
39.914654
41.160454
42.398270
43.628098
44.849941
46.063793
47.269661
48.467541
49.657433
50.839340
52.013264
53.179195
54.337147
55.487099
56.629066
57.763058
58.889057
60.007072
61.117092
62.219131
63.313175
64.399239
65.477318
66.547409
67.609505
68.663620
69.709755
70.747894
71.778053
72.800217
73.814400
74.820595
75.818802
76.809029
77.794930
78.785553
79.781281
80.782127
81.788078
82.799156
83.815331
84.836624
85.863037
86.894554
87.931183
88.972923
90.019783
91.071747
92.128830
93.191017
94.258324
95.330742
96.408272
97.490913
98.578674
99.671532
100.769516
101.872612
102.980804
104.094124
105.212555
106.336090
107.464745
108.598511
109.737381
110.881378
112.030479
113.184692
114.344025
115.508461
116.678017
117.852669
119.032440
120.217339
121.407333
122.602448
123.802673
125.008011
126.218468
127.434029
128.653564
129.870270
131.082993
132.291748
133.496521
134.697327
135.894165
137.087021
138.275909
139.460815
140.641769
141.818726
142.991730
144.160736
145.325790
146.486847
147.643951
148.797073
149.946228
151.091400
152.232620
153.369827
154.503098
155.632385
156.757690
157.879013
158.996384
160.109772
161.219193
162.324631
163.426102
164.523605
165.617126
166.706665
167.792252
168.873840
169.951477
171.025116
172.094803
173.160507
174.222229
175.279999
176.333801
177.383606
178.429443
179.471298
180.509171
181.542236
182.570190
183.593002
184.610718
185.623306
186.630783
187.633148
188.630371
189.622498
190.609512
191.591385
192.568161
193.539825
194.506348
195.467773
196.424057
197.375259
198.321320
199.262268
200.198090
201.128815
202.054398
202.974899
203.890244
204.800491
205.705627
206.605637
207.500534
208.390305
209.274963
210.154495
211.028931
211.898224
212.762405
213.621475
214.475449
215.324280
216.167999
217.006592
217.840073
218.668442
219.491699
220.309845
221.122849
221.930740
222.733536
223.531433
224.324646
225.113174
225.897034
226.676193
227.450699
228.220520
228.985687
229.746155
230.501953
231.253067
231.999512
232.741287
233.478378
234.210785
234.938522
235.661591
236.379974
237.093689
237.802719
238.507080
239.206757
239.901749
240.592087
241.277740
241.958710
242.635010
243.306625
243.973572
244.635849
245.293442
245.946350
246.594589
247.238144
247.877045
248.511246
249.140778
249.765625
250.385818
251.001328
251.612152
252.218307
252.819763
253.416580
254.008698
254.596146
255.000000
255.000000
255.000000
255.000000
255.000000
255.000000
0.000000
2.465769
4.785678
6.959727
8.987916
10.870245
12.606714
14.197325
15.642074
17.010916
18.373816
19.730770
21.081778
22.426838
23.765951
25.099119
26.426344
27.747618
29.062946
30.372330
31.675766
32.973255
34.264797
35.550400
36.830048
38.103752
39.371510
40.633324
41.889187
43.139107
44.383080
45.621109
46.853191
48.079323
49.299507
50.513752
51.722050
52.924397
54.120796
55.311256
56.495762
57.674324
58.846939
60.013615
61.174339
62.329117
63.477947
64.620834
65.758118
66.897079
68.040733
69.189064
70.342087
71.499794
72.662186
73.829262
75.001022
76.177467
77.358597
78.544418
79.734917
80.930099
82.129982
83.334526
84.543770
85.757698
86.976303
88.199608
89.427589
90.660248
91.897598
93.139633
94.386360
95.637756
96.893852
98.154633
99.420082
100.690231
101.965065
103.244576
104.528778
105.817665
107.111237
108.409492
109.712433
111.020058
112.332367
113.649361
114.969910
116.287071
117.599716
118.907837
120.211449
121.510544
122.805115
124.095169
125.380714
126.661736
127.938240
129.210220
130.477692
131.740646
132.999084
134.252991
135.502380
136.747269
137.987640
139.223480
140.454803
141.681610
142.903900
144.121674
145.334930
146.543671
147.747894
148.947601
150.142776
151.333450
152.519592
153.701233
154.878357
156.050934
157.219025
158.382584
159.541626
160.696152
161.846161
162.991653
164.132187
165.266800
166.395386
167.517960
168.634552
169.745132
170.849686
171.948257
173.040817
174.127380
175.207916
176.282471
177.350998
178.413528
179.470047
180.520584
181.565094
182.603607
183.636124
184.662613
185.683121
186.697601
187.706085
188.708572
189.705032
190.695526
191.679962
192.658432
193.630890
194.597336
195.557785
196.512222
197.460663
198.403091
199.339508
200.269928
201.194321
202.112732
203.025146
203.931534
204.829803
205.717804
206.595520
207.462982
208.320190
209.167114
210.003784
210.830185
211.646317
212.452179
213.247772
214.033127
214.808182
215.572998
216.327530
217.071808
217.805817
218.529556
219.243042
219.946243
220.639191
221.321854
221.994278
222.656418
223.308304
223.949921
224.581268
225.202347
225.813156
226.413712
227.003998
227.584015
228.153778
228.713257
229.262482
229.801437
230.330124
230.848541
231.356705
231.854584
232.342224
232.819580
233.286667
233.743515
234.190063
234.626373
235.052414
235.468170
235.873672
236.268906
236.653870
237.028580
237.393005
237.747177
238.091095
238.424713
238.748093
239.061203
239.364044
239.656616
239.938934
240.210983
240.472763
240.724274
240.965515
241.196503
241.417206
241.627655
241.827835
242.017746
242.197403
242.366791
242.525909
242.674774
242.813354
242.941681
243.059738
243.167526
243.265045
243.352310
243.429306
243.496033
243.552490
243.598679
243.634613
243.660278
243.675659
243.680801
