0.984880
0.007560
0.007560
0.007560
0.984880
0.007560
0.007560
0.007560
0.984880
0.000000
1.597043
3.066797
4.409261
5.624435
6.712319
7.672915
8.573165
9.480026
10.393494
11.313570
12.240251
13.173542
14.113439
15.059941
16.013052
16.972769
17.939096
18.912027
19.891567
20.877714
21.870468
22.869827
23.875795
24.888372
25.907553
26.933342
27.965738
29.004742
30.050352
31.102570
32.157768
33.212318
34.266224
35.319481
36.372093
37.424053
38.475376
39.526047
40.576069
41.625446
42.674175
43.722263
44.769699
45.816490
46.862633
47.908127
48.952980
49.997185
51.040741
52.083652
53.125916
54.167530
55.208504
56.248821
57.288010
58.325569
59.361504
60.395813
61.428501
62.459560
63.488987
64.516800
65.542976
66.567535
67.590462
68.611763
69.631439
70.649498
71.665916
72.680725
73.693893
74.705444
75.715363
76.723656
77.730331
78.735374
79.738800
80.740593
81.736374
82.721748
83.696739
84.661331
85.615524
86.559326
87.492722
88.415726
89.328339
90.230545
91.122353
92.003769
92.874786
93.735405
94.585632
95.425461
96.254883
97.073921
97.882561
98.680794
99.468636
100.246086
101.013123
101.769783
102.520576
103.270065
104.018257
104.765129
105.510704
106.254959
106.997917
107.739563
108.479904
109.218941
109.956665
110.693085
111.428200
112.162003
112.894501
113.625702
114.355576
115.084160
115.811424
116.537392
117.262039
117.985397
118.707428
119.428169
120.147591
120.865715
121.582535
122.298035
123.012230
123.725121
124.436707
125.146980
125.855949
126.563614
127.269966
127.975021
128.678757
129.381195
130.082321
130.782135
131.480652
132.177856
132.873764
133.568344
134.261627
134.953598
135.644272
136.333649
137.021698
137.708435
138.393875
139.078003
139.760849
140.442368
141.122574
141.801483
142.479080
143.155380
143.830353
144.504028
145.176407
145.847473
146.517212
147.185684
147.852814
148.518646
149.183167
149.846390
150.508301
151.168900
151.828217
152.486191
153.142883
153.798248
154.452316
155.105087
155.756546
156.406693
157.055542
157.703079
158.349304
158.994217
159.637817
160.280121
160.921127
161.560822
162.199203
162.836273
163.472061
164.106522
164.739670
165.371521
166.002060
166.631302
167.259232
167.885849
168.511154
169.135162
169.757874
170.379242
170.999329
171.618103
172.235580
172.851730
173.466583
174.080154
174.692383
175.303314
175.912964
176.521255
177.128281
177.733994
178.338379
178.941467
179.543259
180.143738
180.742889
181.340775
181.937317
182.532562
183.126511
183.719131
184.310471
184.900482
185.489212
186.076614
186.662704
187.247513
187.830978
188.413147
188.994019
189.573593
190.151840
190.728790
191.304443
191.878754
192.451782
193.023499
193.593933
194.163025
194.730820
195.297318
195.862503
196.426392
196.988937
197.550217
198.110153
198.668808
199.226151
199.782181
200.336929
200.890320
201.442444
0.000000
0.792216
1.617370
2.475460
3.366487
4.290452
5.247352
6.237191
7.259966
8.315678
9.404326
10.507472
11.606682
12.701953
13.793285
14.880679
15.964134
17.043652
18.119228
19.190870
20.258572
21.322334
22.382160
23.438046
24.489992
25.538002
26.582069
27.622202
28.658394
29.690651
30.718967
31.743345
32.763786
33.780285
34.793514
35.807472
36.822838
37.839592
38.857758
39.877316
40.898277
41.920635
42.944393
43.969555
44.996109
46.024071
47.053425
48.084187
49.116341
50.149899
51.184853
52.221210
53.258965
54.298122
55.338673
56.380630
57.423981
58.468735
59.510860
60.546322
61.575127
62.597267
63.612751
64.621574
65.623741
66.619240
67.608086
68.590263
69.565788
70.534653
71.496857
72.452400
73.401276
74.343498
75.279060
76.207970
77.130203
78.045792
78.954712
79.856972
80.752579
81.642014
82.528267
83.411827
84.292686
85.170868
86.046356
86.919144
87.789246
88.656654
89.521370
90.383400
91.242737
92.099380
92.953331
93.804596
94.653168
95.499046
96.342232
97.182724
98.020531
98.855644
99.688065
100.517792
101.344833
102.168701
102.988945
103.805534
104.618492
105.427818
106.233498
107.035545
107.833954
108.628716
109.419846
110.207344
110.991196
111.771408
112.547974
113.320915
114.090218
114.855873
115.617897
116.376289
117.131035
117.882141
118.629608
119.373444
120.113640
120.850189
121.583107
122.312386
123.038025
123.760025
124.478394
125.193123
125.904205
126.611656
127.315468
128.015625
128.712158
129.405060
130.094315
130.779938
131.461929
132.140259
132.814972
133.486038
134.153473
134.817245
135.477417
136.133926
136.786789
137.436020
138.081619
138.723587
139.361908
139.996582
140.627640
141.255051
141.878830
142.498947
143.115448
143.728287
144.337509
144.943085
145.545013
146.143326
146.737991
147.329010
147.916397
148.500153
149.080261
149.656738
150.229553
150.798752
151.364319
151.926224
152.484512
153.039154
153.590164
154.137512
154.681244
155.221344
155.757782
156.290604
156.819778
157.345306
157.867203
158.385452
158.900085
159.411057
159.918411
160.422119
160.922180
161.418625
161.911407
162.400543
162.886078
163.367950
163.846176
164.320786
164.791748
165.259064
165.722763
166.182800
166.639206
167.091980
167.541092
167.986603
168.428452
168.866684
169.301254
169.732193
170.159485
170.583145
171.003189
171.419556
171.832306
172.241425
172.646896
173.048737
173.446930
173.841492
174.232422
174.619690
175.003326
175.383347
175.759705
176.132431
176.501526
176.866974
177.228790
177.586960
177.941498
178.292389
178.639664
178.983292
179.323257
179.659622
179.992310
180.321396
180.646805
180.968597
181.286758
181.601288
181.912140
182.219391
182.522995
182.822952
183.119278
183.411957
183.701004
183.986420
184.268188
184.546326
0.000000
1.914442
3.539473
4.875093
5.921302
6.829251
7.750095
8.683833
9.630463
10.589987
11.562404
12.547713
13.545918
14.557014
15.581004
16.617887
17.667665
18.730335
19.805897
20.894354
21.995703
23.109945
24.237082
25.374477
26.506327
27.629995
28.745481
29.852789
30.951916
32.042858
33.125626
34.200211
35.266613
36.324837
37.374878
38.416737
39.450417
40.475918
41.493237
42.502377
43.503334
44.496109
45.487110
46.482716
47.482937
48.487778
49.497227
50.511292
51.529968
52.553265
53.581173
54.613693
55.650833
56.692581
57.738949
58.789928
59.845524
60.905731
61.970551
63.039989
64.111824
65.172791
66.220665
67.255447
68.277153
69.285774
70.281296
71.263741
72.233093
73.189362
74.132538
75.062637
75.979645
76.883560
77.774391
78.652145
79.516800
80.368370
81.206856
82.036446
82.861336
83.681526
84.497017
85.307808
86.113899
86.915291
87.711975
88.503967
89.291260
90.073845
90.851730
91.624924
92.393410
93.157196
93.916283
94.670677
95.420357
96.165344
96.905640
97.641220
98.372108
99.098297
99.819778
100.536560
101.248650
101.956039
102.658722
103.356705
104.049980
104.738571
105.422455
106.101639
106.776123
107.445908
108.110992
108.771378
109.427055
110.078041
110.724319
111.365898
112.002785
112.634964
113.262444
113.885223
114.503304
115.116692
115.725365
116.329346
116.928627
117.523209
118.113091
118.698265
119.278748
119.854523
120.425598
120.991982
121.553650
122.110626
122.662910
123.210487
123.753372
124.291542
124.825020
125.353798
125.877876
126.397247
126.911926
127.421890
127.927170
128.427765
128.923615
129.414795
129.901276
130.383041
130.860107
131.332489
131.800171
132.263138
132.721405
133.174988
133.623856
134.068024
134.507492
134.942276
135.372345
135.797714
136.218384
136.634354
137.045639
137.452194
137.854065
138.251236
138.643707
139.031464
139.414551
139.792923
140.166580
140.535553
140.899811
141.259384
141.614258
141.964432
142.309891
142.650650
142.986725
143.318100
143.644760
143.966721
144.283981
144.596558
144.904404
145.207581
145.506042
145.799820
146.088882
146.373245
146.652908
146.927872
147.198151
147.463684
147.724548
147.980713
148.232193
148.478943
148.721008
148.958359
149.191025
149.418991
149.642258
149.860809
150.074677
150.283829
150.488297
150.688065
150.883118
151.073486
151.259125
151.440094
151.616348
151.787903
151.954758
152.116928
152.274384
152.427155
152.575195
152.718552
152.857208
152.991165
153.120407
153.244980
153.364838
153.479996
153.590454
153.696198
153.797272
153.893616
153.985260
154.072220
154.154480
154.232025
154.304886
154.373047
154.436478
154.495239
154.549286
154.598663
154.643311
154.683258
154.718506
154.749069
154.774902
154.796066
154.812515
154.824265
154.831314
154.833664
