0.944676
0.027662
0.027662
0.027662
0.944676
0.027662
0.027662
0.027662
0.944676
0.000000
1.032456
2.064981
3.097573
4.130233
5.162961
6.195759
7.228625
8.261559
9.294559
10.327629
11.360767
12.393973
13.427247
14.460589
15.494000
16.527481
17.561028
18.594645
19.628328
20.662079
21.695900
22.729788
23.763744
24.797768
25.831861
26.866022
27.900249
28.934547
29.967955
30.999510
32.029213
33.057068
34.083069
35.107216
36.129517
37.149963
38.168560
39.185307
40.200203
41.213245
42.224438
43.233776
44.241268
45.246902
46.250694
47.252632
48.252712
49.250950
50.247334
51.241863
52.234543
53.225372
54.214352
55.201477
56.186756
57.170177
58.151752
59.131477
60.109348
61.085361
62.059532
63.031845
64.002312
64.970932
65.937706
66.902618
67.865677
68.826881
69.786247
70.743752
71.699409
72.653221
73.605171
74.555275
75.503532
76.449928
77.394478
78.337173
79.278023
80.217026
81.154167
82.089455
83.022987
83.956459
84.890594
85.825378
86.760826
87.696938
88.633713
89.571136
90.509224
91.447960
92.387367
93.327423
94.268143
95.209526
96.151558
97.094261
98.037613
98.981628
99.926292
100.871628
101.817619
102.764259
103.711571
104.659531
105.608162
106.557442
107.507385
108.457985
109.409248
110.361160
111.313736
112.266975
113.220871
114.175415
115.130630
116.086502
117.043022
118.000214
118.958061
119.916565
120.875725
121.835556
122.796028
123.757172
124.718956
125.681419
126.644539
127.608307
128.572739
129.537827
130.503586
131.470001
132.437057
133.404785
134.373169
135.342331
136.313065
137.285492
138.259613
139.235397
140.212891
141.192062
142.172943
143.155487
144.139740
145.125671
146.113297
147.102615
148.093613
149.086304
150.080688
151.076767
152.074509
153.073959
154.075104
155.077927
156.082443
157.088654
158.096542
159.106125
160.117386
161.130356
162.145004
163.161346
164.179367
165.199081
166.220505
167.243591
168.268372
169.294861
170.323013
171.352875
172.384415
173.417648
174.452560
175.489182
176.527466
177.567444
178.609146
179.652512
180.697556
181.744293
182.792740
183.842865
184.894669
185.948166
187.003342
188.060242
189.118805
190.179062
191.240250
192.300476
193.359695
194.417877
195.475037
196.531174
197.586273
198.640350
199.693390
200.745422
201.796417
202.846375
203.895309
204.943237
205.990112
207.035980
208.080795
209.124603
210.167389
211.209137
212.249863
213.289566
214.328232
215.365860
216.402481
217.438080
218.472626
219.506149
220.538666
221.570145
222.600586
223.630005
224.658417
225.685776
226.712112
227.737442
228.761719
229.784973
230.807220
231.828415
232.848587
233.867737
234.885864
235.902954
236.919037
237.934067
238.948074
239.961075
240.973038
241.983963
242.993881
244.002747
245.010605
246.017441
247.023224
247.988632
248.874191
249.679932
250.405884
251.052002
251.618301
252.104797
252.511475
0.000000
1.352821
2.690223
4.012205
5.318769
6.609910
7.885633
9.145938
10.390821
11.620287
12.834331
14.032956
15.216162
16.383947
17.536314
18.673260
19.794788
20.900896
21.991583
23.066853
24.126699
25.171129
26.200138
27.213728
28.211897
29.194647
30.161980
31.113890
32.050381
32.971455
33.877106
34.776070
35.677078
36.580132
37.485233
38.392376
39.301563
40.212799
41.126076
42.041397
42.958767
43.878178
44.799633
45.723133
46.648678
47.576271
48.505901
49.437580
50.371311
51.307079
52.244892
53.184750
54.126652
55.070602
56.016594
56.964626
57.914715
58.866837
59.821011
60.777225
61.735485
62.695793
63.658138
64.622536
65.588982
66.557457
67.527985
68.500565
69.475182
70.451843
71.430550
72.411301
73.394096
74.378944
75.365822
76.354759
77.345734
78.338753
79.333817
80.330925
81.330078
82.331276
83.334518
84.339813
85.347145
86.356522
87.367226
88.378548
89.390472
90.403008
91.416161
92.429924
93.444305
94.459290
95.474892
96.491104
97.507927
98.525360
99.543411
100.562065
101.581337
102.601219
103.621712
104.642815
105.664536
106.686859
107.709801
108.733353
109.757523
110.782295
111.807678
112.833687
113.860298
114.887520
115.915352
116.943802
117.972855
119.002525
120.032806
121.063698
122.095200
123.127327
124.160049
125.193390
126.227341
127.261902
128.297073
129.332870
130.369278
131.406281
132.443893
133.482132
134.520981
135.560425
136.600510
137.641190
138.682480
139.724380
140.766891
141.810028
142.853775
143.896942
144.938354
145.978027
147.015930
148.052094
149.086502
150.119171
151.150070
152.179214
153.206619
154.232269
155.256165
156.278305
157.298706
158.317337
159.334229
160.349365
161.362747
162.374374
163.384262
164.392395
165.398758
166.403381
167.406250
168.407364
169.406738
170.404343
171.400208
172.394318
173.386673
174.377274
175.366135
176.353241
177.338577
178.322174
179.304016
180.284119
181.262466
182.239044
183.213882
184.186966
185.158295
186.127869
187.095703
188.061768
189.026108
189.988663
190.949478
191.908554
192.865875
193.821426
194.775238
195.727295
196.677597
197.626144
198.574219
199.523010
200.472534
201.422821
202.373840
203.325607
204.278107
205.231369
206.185364
207.140091
208.095581
209.051804
210.008759
210.966476
211.924911
212.884125
213.844055
214.804733
215.766159
216.728333
217.691238
218.654907
219.619308
220.584442
221.550323
222.516953
223.484329
224.452438
225.421295
226.390900
227.361221
228.332321
229.304153
230.276733
231.250046
232.224091
233.198898
234.174438
235.150726
236.127762
237.105545
238.084045
239.063324
240.043320
241.024063
242.005554
242.987778
243.970779
244.954498
245.938950
246.924164
247.910095
248.896805
249.884232
250.872406
251.800171
252.606384
253.291000
253.854065
254.295547
0.000000
1.280769
2.548194
3.802275
5.043014
6.270408
7.484458
8.685165
9.872531
11.046551
12.207227
13.354560
14.488549
15.609196
16.716497
17.810455
18.891071
19.958344
21.012272
22.052856
23.080097
24.093994
25.094549
26.081760
27.055628
28.023392
28.992310
29.962376
30.933592
31.905952
32.879463
33.854122
34.829933
35.806892
36.784996
37.764252
38.744652
39.726204
40.708904
41.692749
42.677750
43.663891
44.651184
45.639626
46.629215
47.619957
48.611843
49.604877
50.599064
51.594398
52.590881
53.588509
54.587284
55.587208
56.588287
57.590508
58.593884
59.598400
60.604069
61.610886
62.618855
63.627964
64.638222
65.649643
66.662201
67.675911
68.690765
69.706772
70.723923
71.742233
72.761673
73.782272
74.804024
75.826920
76.850967
77.876160
78.902496
79.929985
80.958626
81.988022
83.017220
84.046204
85.074936
86.103439
87.131714
88.159744
89.187546
90.215111
91.242447
92.269539
93.296402
94.323029
95.349426
96.375580
97.401505
98.427200
99.452652
100.477875
101.502861
102.527611
103.552124
104.576408
105.600464
106.624275
107.647850
108.671204
109.694313
110.717178
111.739830
112.762238
113.784409
114.806358
115.828056
116.849518
117.870766
118.891762
119.912529
120.933060
121.953362
122.973427
123.993248
125.012848
126.032211
127.051338
128.070221
129.088898
130.107300
131.125488
132.143448
133.161163
134.178650
135.195892
136.212921
137.229675
138.246231
139.262589
140.278717
141.294617
142.310318
143.325790
144.341034
145.356064
146.370880
147.385468
148.399857
149.414017
150.427963
151.441681
152.455185
153.468475
154.481552
155.494400
156.507034
157.519455
158.531647
159.543625
160.555389
161.566925
162.578247
163.589340
164.600235
165.610901
166.621353
167.631577
168.641586
169.651398
170.660965
171.670319
172.679459
173.688370
174.697083
175.705566
176.713837
177.721893
178.729721
179.737320
180.744720
181.751892
182.758850
183.765594
184.772110
185.778412
186.784485
187.790344
188.796005
189.801422
190.806641
191.811569
192.814438
193.814529
194.811859
195.806427
196.798218
197.787247
198.773514
199.757019
200.737762
201.715714
202.690918
203.663361
204.633026
205.599930
206.564056
207.525436
208.484039
209.439880
210.392944
211.343262
212.290802
213.235580
214.177597
215.116821
216.053299
216.987015
217.917953
218.846146
219.771545
220.694199
221.614075
222.531204
223.445541
224.357117
225.265945
226.171982
227.075272
227.975784
228.873550
229.768539
230.660751
231.550217
232.436890
233.320816
234.201965
235.080353
235.955978
236.828842
237.698914
238.566254
239.430801
240.292603
241.151627
242.007889
242.862839
243.717896
244.573013
245.428253
246.283585
247.139038
247.994568
248.850235
249.705978
250.561829
251.417786
252.273849
253.130005
253.986267
