0.919172
0.040414
0.040414
0.040414
0.919172
0.040414
0.040414
0.040414
0.919172
0.000000
1.129145
2.208336
3.237572
4.216854
5.146182
6.025554
6.854973
7.634437
8.391018
9.151788
9.916747
10.685896
11.459233
12.236761
13.018476
13.804382
14.594476
15.388758
16.187231
16.989891
17.796743
18.607784
19.423012
20.242430
21.066040
21.893835
22.725821
23.561995
24.402359
25.246912
26.095654
26.948586
27.805708
28.667017
29.532515
30.402203
31.276079
32.154144
33.036400
33.922844
34.813477
35.708298
36.607311
37.510513
38.417900
39.329479
40.245247
41.165211
42.089355
43.017693
43.950214
44.886932
45.826591
46.766151
47.705471
48.644558
49.583401
50.522015
51.460388
52.398521
53.336418
54.274078
55.211506
56.148689
57.085640
58.022350
58.958824
59.895061
60.831062
61.766827
62.702351
63.637638
64.572685
65.507500
66.442078
67.376411
68.310516
69.244377
70.178009
71.111397
72.044548
72.977463
73.910141
74.842575
75.774780
76.706741
77.638474
78.569962
79.501221
80.432228
81.363014
82.293549
83.223854
84.153915
85.083755
86.013344
86.943031
87.874741
88.808807
89.745224
90.684006
91.625145
92.568634
93.514481
94.462685
95.413246
96.366165
97.321442
98.279068
99.239052
100.201401
101.166092
102.133156
103.102554
104.074326
105.048447
106.024925
107.003761
107.984962
108.968506
109.954414
110.942673
111.933281
112.926262
113.921593
114.919281
115.919319
116.921715
117.926476
118.933586
119.943047
120.954865
121.969048
122.985580
124.004478
125.025726
126.049332
127.075287
128.103607
129.134277
130.167267
131.201157
132.235382
133.269974
134.304916
135.340210
136.375870
137.411865
138.448212
139.484924
140.521988
141.559402
142.597168
143.635284
144.673767
145.712585
146.751770
147.791306
148.831192
149.871429
150.912018
151.952957
152.994263
154.035919
155.077911
156.120270
157.162979
158.206039
159.249466
160.293243
161.337372
162.381821
163.426666
164.471848
165.517380
166.563278
167.609512
168.656113
169.703064
170.750336
171.798004
172.846008
173.894363
174.943085
175.992142
177.036102
178.069473
179.092300
180.104523
181.106186
182.097260
183.077774
184.047729
185.007080
185.955887
186.894089
187.821747
188.738815
189.645309
190.541245
191.426605
192.301376
193.165588
194.019211
194.862274
195.694763
196.516663
197.328003
198.128769
198.918961
199.698578
200.467621
201.226089
201.973984
202.711304
203.438065
204.154236
204.859833
205.554871
206.239319
206.913193
207.576508
208.229248
208.871414
209.503006
210.124008
210.734436
211.334320
211.923615
212.502335
213.070480
213.628052
214.175049
214.711472
215.237320
215.752609
216.257309
216.751434
217.235001
217.707977
218.170395
218.622238
219.063507
219.494186
219.914307
220.323853
220.722809
221.111221
221.489029
221.856293
222.212952
222.559067
222.894592
223.219559
223.533936
0.000000
0.843973
1.859455
3.046446
4.404947
5.934957
7.636475
9.412277
11.165137
12.895057
14.602034
16.286066
17.947163
19.585312
21.200521
22.792791
24.362120
25.908503
27.431946
28.932447
30.410006
31.864624
33.296299
34.705032
36.090828
37.453678
38.793587
40.110550
41.404575
42.675663
43.923805
45.149002
46.351257
47.530579
48.686954
49.820389
50.930878
52.022057
53.115654
54.215302
55.320999
56.432747
57.550549
58.674397
59.804295
60.940243
62.082237
63.230286
64.384384
65.544540
66.710732
67.882980
69.061272
70.245621
71.436012
72.632462
73.834961
75.043503
76.258102
77.478745
78.705444
79.938187
81.176979
82.421829
83.672722
84.929665
86.192657
87.461700
88.733330
90.004066
91.273918
92.542892
93.810974
95.078178
96.344490
97.609917
98.874458
100.138107
101.400879
102.662773
103.923767
105.183884
106.443108
107.701454
108.958908
110.215477
111.471169
112.725967
113.979881
115.232903
116.485054
117.736313
118.986679
120.236176
121.484772
122.732491
123.979317
125.225258
126.470963
127.720268
128.973801
130.231598
131.493637
132.759888
134.030426
135.305176
136.584167
137.867432
139.154922
140.446640
141.742615
143.042831
144.347290
145.655991
146.968933
148.286133
149.607559
150.933243
152.263153
153.597321
154.935715
156.278366
157.625259
158.976379
160.331757
161.691391
163.055237
164.423355
165.795685
167.164749
168.522980
169.870392
171.206985
172.532745
173.847687
175.151810
176.445114
177.727585
178.999237
180.260071
181.510086
182.749283
183.977631
185.195175
186.401886
187.597794
188.782867
189.957108
191.120529
192.273148
193.414932
194.545883
195.666031
196.775345
197.873840
198.961502
200.038345
201.104370
202.159576
203.203964
204.237518
205.260239
206.272156
207.273254
208.263519
209.242966
210.211594
211.169388
212.116364
213.052521
213.977844
214.892365
215.796051
216.688904
217.570938
218.442169
219.302551
220.152130
220.990875
221.818817
222.635925
223.442200
224.237656
225.022278
225.796112
226.559097
227.311279
228.052628
228.783142
229.502853
230.211731
230.909775
231.597031
232.273422
232.939026
233.593781
234.237732
234.870834
235.493149
236.104614
236.705292
237.295105
237.874115
238.442307
238.999664
239.546204
240.081940
240.606827
241.120895
241.624146
242.116562
242.598160
243.068954
243.528931
243.978073
244.416382
244.843872
245.260544
245.666397
246.061401
246.445618
246.818985
247.181534
247.533279
247.874191
248.204300
248.523529
248.831985
249.129623
249.416412
249.692383
249.957550
250.211868
250.455383
250.688065
250.909927
251.120972
251.321182
251.510574
251.689163
251.856903
252.013824
252.159943
252.295212
252.419678
252.533325
252.636139
252.728119
252.809296
252.879639
252.939178
252.987869
253.025742
253.052795
253.069031
253.074448
0.000000
3.074378
5.362303
7.244430
9.101413
10.933254
12.739951
14.521503
16.277914
18.009180
19.715303
21.396284
23.052120
24.682814
26.288364
27.868769
29.424032
30.954153
32.459129
33.938961
35.393654
36.823200
38.227600
39.606861
40.960976
42.289951
43.593781
44.872467
46.134014
47.397976
48.665245
49.935829
51.209721
52.486916
53.767422
55.051235
56.338356
57.628792
58.922531
60.219574
61.519936
62.823597
64.130569
65.440849
66.754440
68.071342
69.391541
70.715057
72.041885
73.372017
74.705460
76.042206
77.382263
78.725143
80.068024
81.410423
82.752350
84.093788
85.434746
86.775223
88.115219
89.454735
90.793762
92.132317
93.470383
94.807983
96.145088
97.481720
98.817863
100.153526
101.488708
102.823418
104.157639
105.491386
106.824638
108.157417
109.489708
110.821533
112.153168
113.491470
114.839226
116.196426
117.563072
118.939163
120.324715
121.719711
123.124153
124.538040
125.961388
127.394173
128.836426
130.288101
131.749237
133.219818
134.699860
136.189346
137.688278
139.196655
140.714478
142.241745
143.778473
145.324661
146.880280
148.445358
150.010010
151.564301
153.108292
154.641937
156.165268
157.678253
159.180923
160.673264
162.155273
163.626968
165.088333
166.539352
167.980042
169.410431
170.830475
172.240204
173.639587
175.028656
176.407394
177.775803
179.133881
180.481644
181.819061
183.146164
184.462921
185.769379
187.065475
188.351273
189.626740
190.891876
192.146683
193.391159
194.625305
195.849121
197.062622
198.265793
199.458618
200.641129
201.813324
202.975189
204.126724
205.267899
206.398788
207.519333
208.629547
209.729446
210.819016
211.898239
212.967148
214.025742
215.073975
216.111908
217.139496
218.156784
219.163712
220.160339
221.146606
222.122589
223.088211
224.043518
224.988480
225.923141
226.847458
227.761444
228.665115
229.558472
230.441467
231.314148
232.176514
233.028549
233.870239
234.701614
235.522644
236.333359
237.133759
237.923828
238.703552
239.472977
240.232040
240.980789
241.719223
242.447327
243.165100
243.872528
244.569656
245.256424
245.932892
246.599014
247.254837
247.900314
248.535446
249.160278
249.774765
250.378937
250.972763
251.556274
252.129456
252.692307
253.244827
253.787048
254.318909
254.840454
255.000000
255.000000
255.000000
255.000000
255.000000
255.000000
255.000000
255.000000
255.000000
255.000000
255.000000
255.000000
255.000000
255.000000
255.000000
255.000000
255.000000
255.000000
255.000000
255.000000
255.000000
255.000000
255.000000
255.000000
255.000000
255.000000
255.000000
255.000000
255.000000
255.000000
255.000000
255.000000
255.000000
255.000000
255.000000
255.000000
255.000000
255.000000
255.000000
255.000000
255.000000
255.000000
255.000000
255.000000
255.000000
255.000000
255.000000
255.000000
255.000000
255.000000
