0.963314
0.018343
0.018343
0.018343
0.963314
0.018343
0.018343
0.018343
0.963314
0.000000
0.505635
1.643713
2.775695
3.901582
5.021375
6.135070
7.242671
8.344175
9.439586
10.528900
11.612119
12.689240
13.760269
14.825202
15.884039
16.936781
17.983427
19.023977
20.058432
21.086792
22.109056
23.125223
24.135298
25.139277
26.137157
27.128942
28.114634
29.094231
30.067734
31.035139
31.999519
32.963963
33.928452
34.892998
35.857605
36.822258
37.786968
38.751736
39.716557
40.681431
41.646358
42.611340
43.576378
44.541470
45.506615
46.471813
47.437073
48.402382
49.367741
50.333164
51.298634
52.264160
53.229740
54.195377
55.161072
56.126812
57.092613
58.058464
59.024368
59.990330
60.956352
61.922421
62.888542
63.854721
64.820961
65.787247
66.753586
67.719986
68.686440
69.652946
70.619507
71.586121
72.552788
73.519508
74.486290
75.453125
76.420013
77.386948
78.353943
79.320992
80.288094
81.255257
82.222473
83.189735
84.157333
85.125999
86.095734
87.066544
88.038445
89.011406
89.985466
90.960594
91.936806
92.914085
93.892464
94.871902
95.852432
96.834038
97.816719
98.800484
99.785324
100.771248
101.758240
102.746323
103.735474
104.725708
105.717033
106.709427
107.702896
108.697449
109.693077
110.689796
111.687584
112.686447
113.686394
114.687424
115.689529
116.692711
117.696976
118.702316
119.708733
120.716240
121.724808
122.734482
123.745209
124.757027
125.769920
126.783890
127.798935
128.815079
129.832291
130.850586
131.869949
132.890396
133.911926
134.934525
135.958206
136.982986
138.008652
139.034317
140.059769
141.085052
142.110123
143.135025
144.159729
145.184250
146.208572
147.232712
148.256653
149.280411
150.303970
151.327347
152.350540
153.373535
154.396362
155.418976
156.441391
157.463623
158.485687
159.507538
160.529205
161.550690
162.571976
163.593079
164.613998
165.634720
166.655243
167.675598
168.695755
169.715698
170.735474
171.755066
172.774460
173.793655
174.812668
175.831512
176.850143
177.868576
178.886826
179.904907
180.922775
181.940475
182.957962
183.975281
184.992386
186.009323
187.026062
188.042603
189.058960
190.075134
191.091110
192.106903
193.122528
194.138290
195.154327
196.170609
197.187195
198.204056
199.221176
200.238571
201.256241
202.274200
203.292404
204.310898
205.329666
206.348709
207.368027
208.387619
209.407455
210.427597
211.447998
212.468689
213.489639
214.510864
215.532364
216.554138
217.576187
218.598495
219.621109
220.643967
221.667114
222.690521
223.714203
224.738159
225.762390
226.786911
227.811707
228.836731
229.862076
230.887680
231.913544
232.939697
233.966125
234.992813
236.019775
237.047028
238.074539
239.102325
240.130386
241.158707
242.187332
243.216202
244.245361
245.274796
246.304504
247.334473
248.364716
249.339371
250.202560
250.954300
251.594543
252.123337
252.540680
252.846542
253.040955
0.000000
0.000000
0.000000
1.012716
2.519921
4.007051
5.474108
6.921090
8.347999
9.754833
11.141592
12.508277
13.854889
15.181428
16.487890
17.774282
19.040598
20.286839
21.513006
22.719099
23.905115
25.071060
26.216930
27.342728
28.448448
29.534100
30.599672
31.645172
32.670597
33.685520
34.699516
35.712585
36.724728
37.735947
38.746231
39.755596
40.764027
41.771530
42.778111
43.783764
44.788486
45.792282
46.795151
47.797092
48.798107
49.798195
50.797356
51.795582
52.792892
53.789268
54.784714
55.779236
56.772839
57.765503
58.757244
59.748055
60.737938
61.726898
62.714928
63.702030
64.688202
65.673454
66.657768
67.641174
68.623642
69.605179
70.585785
71.565475
72.544235
73.522057
74.498955
75.474937
76.449982
77.424095
78.397293
79.369560
80.340897
81.311302
82.280785
83.249344
84.216972
85.183678
86.149452
87.114296
88.079376
89.045845
90.013702
90.982956
91.953606
92.925636
93.899063
94.873886
95.850098
96.827705
97.806694
98.787086
99.768860
100.752029
101.736588
102.722542
103.709885
104.698616
105.688744
106.680267
107.673172
108.667473
109.663162
110.660255
111.658730
112.658600
113.659859
114.662514
115.666550
116.671989
117.678818
118.687035
119.696640
120.707634
121.720039
122.733826
123.748993
124.765564
125.783516
126.802872
127.823624
128.845749
129.869278
130.894196
131.920502
132.948196
133.977280
135.007767
136.039642
137.072922
138.107574
139.143631
140.181061
141.219894
142.260132
143.300644
144.340454
145.379501
146.417801
147.455338
148.492157
149.528214
150.563522
151.598068
152.631882
153.664948
154.697250
155.728806
156.759628
157.789688
158.819016
159.847595
160.875397
161.902466
162.928818
163.954376
164.979218
166.003296
167.026627
168.049210
169.071030
170.092133
171.112442
172.132034
173.150894
174.168976
175.186310
176.202911
177.218750
178.233856
179.248215
180.261810
181.274658
182.286774
183.298126
184.308731
185.318573
186.327698
187.336060
188.343674
189.350525
190.356659
191.362015
192.366638
193.370499
194.373627
195.376007
196.377625
197.378494
198.378632
199.377533
200.374725
201.370178
202.363937
203.355972
204.346283
205.334885
206.321762
207.306931
208.290405
209.272125
210.252151
211.230453
212.207047
213.181915
214.155075
215.126526
216.096252
217.064270
218.030548
218.995132
219.958008
220.919144
221.878571
222.836288
223.792297
224.746567
225.699142
226.649994
227.599136
228.546555
229.492264
230.436249
231.378525
232.319077
233.257935
234.195053
235.130463
236.064163
236.996124
237.926392
238.854935
239.781769
240.706879
241.630280
242.551956
243.471939
244.390182
245.306717
246.221527
247.134628
248.046021
248.955688
249.863647
250.769882
251.616974
252.347519
252.961456
253.458847
253.839661
254.103897
254.251572
0.000000
1.645928
3.265349
4.858263
6.424669
7.964568
9.477960
10.964844
12.425222
13.859092
15.266455
16.647310
18.001657
19.329498
20.630831
21.905659
23.153978
24.375792
25.571095
26.739893
27.882181
28.997963
30.100277
31.202166
32.303631
33.404667
34.505280
35.605465
36.705223
37.804558
38.903469
40.001945
41.100002
42.197632
43.294834
44.391613
45.487965
46.583889
47.679386
48.774460
49.869110
50.963329
52.057121
53.150490
54.243435
55.335953
56.428043
57.519707
58.610947
59.701759
60.792141
61.882099
62.971634
64.060745
65.149422
66.237679
67.325508
68.412910
69.499893
70.586441
71.672569
72.758270
73.843544
74.928391
76.012817
77.096817
78.180382
79.263519
80.346230
81.428520
82.510391
83.591827
84.672844
85.753433
86.833939
87.916336
89.000999
90.087898
91.177040
92.268440
93.362083
94.457977
95.556107
96.656494
97.759125
98.863998
99.971123
101.080498
102.192116
103.305984
104.422096
105.540451
106.661064
107.783913
108.909019
110.036362
111.165962
112.297798
113.431885
114.568222
115.706802
116.847633
117.990715
119.136040
120.283607
121.433426
122.585495
123.739799
124.896362
126.055168
127.216217
128.379517
129.545059
130.712860
131.882904
133.055176
134.229721
135.406494
136.585526
137.766800
138.950333
140.136093
141.324112
142.514374
143.706894
144.901642
146.098648
147.293732
148.482727
149.665634
150.842453
152.013168
153.177826
154.336365
155.488831
156.635193
157.775482
158.909683
160.037781
161.159790
162.275726
163.385544
164.489304
165.586960
166.678528
167.764008
168.843399
169.916702
170.983917
172.045044
173.100082
174.149017
175.191879
176.228653
177.259338
178.283905
179.302429
180.314819
181.321152
182.321396
183.315536
184.303589
185.285568
186.261444
187.231216
188.194916
189.152542
190.104065
191.049500
191.988831
192.922089
193.849243
194.770325
195.685303
196.594223
197.497009
198.393738
199.284378
200.168915
201.047729
201.922882
202.794739
203.663284
204.528519
205.390472
206.249115
207.104462
207.956497
208.805237
209.650681
210.492828
211.331665
212.167191
212.999420
213.828354
214.653976
215.476318
216.295334
217.111069
217.923492
218.732605
219.538437
220.340958
221.140167
221.936096
222.728699
223.518005
224.304016
225.086731
225.866150
226.642242
227.415054
228.184555
228.950760
229.713669
230.473251
231.229553
231.982559
232.732254
233.478638
234.221725
234.961517
235.698013
236.431198
237.161087
237.887665
238.610962
239.330933
240.047623
240.760986
241.471069
242.177841
242.872208
243.545013
244.196289
244.826019
245.434189
246.020844
246.585938
247.129501
247.651520
248.151993
248.630936
249.088318
249.524170
249.938477
250.331253
250.702469
251.052155
251.380295
251.686890
251.971939
252.235458
252.477432
252.697861
252.896759
