0.970823
0.014588
0.014588
0.014588
0.970823
0.014588
0.014588
0.014588
0.970823
0.000000
1.047420
2.087389
3.119906
4.144972
5.162586
6.172749
7.175460
8.170720
9.158529
10.138885
11.114847
12.089470
13.062755
14.034700
15.005309
15.974579
16.942509
17.909100
18.874355
19.838270
20.800848
21.762085
22.721987
23.680548
24.637772
25.593655
26.548201
27.501408
28.453278
29.403809
30.352999
31.300854
32.247372
33.192551
34.136387
35.078884
36.020046
36.959869
37.898354
38.835495
39.771305
40.705776
41.638905
42.570698
43.501148
44.430264
45.358040
46.284485
47.209583
48.133343
49.055767
49.976849
50.896599
51.815002
52.732075
53.647804
54.562195
55.475250
56.386963
57.297337
58.206379
59.114079
60.020435
60.925461
61.829323
62.736012
63.647152
64.562744
65.482788
66.407280
67.336235
68.269630
69.207489
70.149780
71.096542
72.047752
73.003410
73.963516
74.928078
75.897095
76.870567
77.848480
78.830856
79.817680
80.808960
81.804680
82.804863
83.809486
84.818573
85.832108
86.850082
87.872528
88.899414
89.930763
90.966553
92.006798
93.051498
94.100647
95.154251
96.212296
97.274811
98.341766
99.413170
100.489029
101.569344
102.654106
103.743324
104.836998
105.935112
107.037689
108.144714
109.256180
110.372116
111.492493
112.617325
113.746605
114.880348
116.018532
117.161163
118.307297
119.451141
120.591736
121.729080
122.863174
123.994019
125.121628
126.245972
127.367073
128.484924
129.599518
130.710892
131.818985
132.923843
134.025452
135.123825
136.218918
137.310791
138.399399
139.484772
140.566895
141.645752
142.721375
143.793732
144.862869
145.928741
146.991364
148.050735
149.106857
150.159729
151.209366
152.255753
153.298889
154.338760
155.375397
156.408768
157.438919
158.465805
159.489456
160.509827
161.526978
162.540863
163.551529
164.558914
165.563049
166.563950
167.561600
168.556000
169.547150
170.535065
171.519714
172.501114
173.479263
174.454178
175.425842
176.395401
177.365631
178.336685
179.308533
180.281189
181.254669
182.228943
183.204056
184.179947
185.156662
186.134201
187.112518
188.091675
189.071625
190.052383
191.033966
192.016342
192.999527
193.983536
194.968338
195.953964
196.940414
197.927643
198.915695
199.904572
200.894226
201.884720
202.876007
203.868103
204.861023
205.854752
206.849274
207.844620
208.840759
209.837723
210.835495
211.834076
212.833466
213.833664
214.834686
215.836502
216.839127
217.842575
218.846832
219.851883
220.857758
221.864426
222.871918
223.880219
224.889328
225.899246
226.909973
227.921509
228.933868
229.947037
230.949509
231.929932
232.888245
233.824463
234.738586
235.630615
236.500534
237.348373
238.174088
238.977722
239.759262
240.518692
241.256027
241.971252
242.664398
243.335449
243.984375
244.611221
245.215973
245.798630
246.359177
246.897614
247.413971
247.908234
248.380371
248.830444
0.000000
1.015143
2.032742
3.052795
4.075304
5.100267
6.127686
7.157559
8.189889
9.224673
10.261911
11.301605
12.343754
13.388358
14.435417
15.482545
16.527355
17.569851
18.610031
19.647894
20.683439
21.716671
22.747581
23.776178
24.802462
25.826426
26.848074
27.867405
28.884418
29.899117
30.911499
31.921562
32.929314
33.934750
34.937862
35.938660
36.937149
37.933311
38.927162
39.918697
40.907913
41.894810
42.879398
43.861671
44.841621
45.819256
46.794571
47.767570
48.738266
49.706638
50.672691
51.636425
52.597843
53.556950
54.513737
55.468208
56.420361
57.370197
58.317719
59.262928
60.205814
61.146389
62.084641
63.020584
63.954201
64.885513
65.814507
66.741180
67.667282
68.597160
69.530991
70.468765
71.410484
72.356163
73.305794
74.259369
75.216904
76.178383
77.143806
78.113190
79.086525
80.063812
81.045044
82.030228
83.019363
84.012451
85.009483
86.010475
87.015411
88.024300
89.037140
90.053932
91.074669
92.099358
93.127998
94.160599
95.197144
96.237633
97.282074
98.330467
99.382820
100.439125
101.499367
102.563568
103.631714
104.703812
105.779861
106.859863
107.943817
109.031723
110.123581
111.219376
112.319130
113.422844
114.530487
115.642105
116.757660
117.877167
119.000633
120.128029
121.259399
122.393738
123.525261
124.652992
125.776955
126.897118
128.013489
129.126083
130.234879
131.339905
132.441132
133.538574
134.632233
135.722107
136.808197
137.890503
138.968994
140.043716
141.114670
142.181824
143.245178
144.304749
145.360550
146.412552
147.460770
148.505203
149.545853
150.582703
151.615768
152.645065
153.670563
154.692261
155.710205
156.724335
157.734695
158.741257
159.744034
160.743011
161.738235
162.729645
163.717285
164.701126
165.681183
166.657440
167.629929
168.598633
169.563553
170.524658
171.482010
172.435562
173.385330
174.331299
175.273499
176.211914
177.146683
178.081314
179.017258
179.954498
180.893021
181.832825
182.773941
183.716354
184.660065
185.605057
186.551346
187.498917
188.447800
189.397964
190.349426
191.302200
192.256241
193.211594
194.168228
195.126175
196.085388
197.045914
198.007736
198.970856
199.935257
200.900955
201.867935
202.836212
203.805801
204.776688
205.748856
206.722321
207.697067
208.673111
209.650467
210.629089
211.609039
212.590256
213.572769
214.556580
215.541702
216.528091
217.515808
218.504776
219.495071
220.486649
221.479523
222.473679
223.469147
224.465897
225.463943
226.463287
227.463928
228.465851
229.452271
230.406342
231.328064
232.217438
233.074478
233.899170
234.691513
235.451538
236.179199
236.874527
237.537506
238.168152
238.766449
239.332413
239.866013
240.367294
240.836227
241.272812
241.677048
242.048950
242.388519
242.695740
242.970627
243.213150
243.423340
243.601196
243.746689
243.859863
0.000000
0.961694
1.935447
2.921259
3.919131
4.929060
5.951049
6.985097
8.031203
9.082647
10.132706
11.181378
12.228667
13.274570
14.319090
15.362225
16.403975
17.444336
18.483316
19.520908
20.557119
21.591942
22.625381
23.657436
24.688105
25.717388
26.745289
27.771801
28.796932
29.820679
30.843039
31.864012
32.883602
33.901806
34.918629
35.934063
36.948109
37.960777
38.972054
39.981949
40.990456
41.997581
43.003323
44.007679
45.010647
46.012234
47.012432
48.011250
49.008682
50.004726
50.999390
51.992664
52.984554
53.975060
54.964176
55.951916
56.938263
57.923233
58.906815
59.889183
60.874149
61.863274
62.856552
63.853992
64.855583
65.861336
66.871239
67.885300
68.903519
69.925903
70.952431
71.983116
73.017960
74.056961
75.100128
76.147438
77.198906
78.254539
79.314323
80.378265
81.446365
82.518616
83.595032
84.675598
85.760323
86.849197
87.942238
89.039429
90.140778
91.246284
92.355942
93.469765
94.587730
95.709869
96.836159
97.966599
99.101204
100.239975
101.382881
102.529961
103.681183
104.836571
105.996109
107.159813
108.327660
109.499672
110.675842
111.856163
113.040642
114.229279
115.421074
116.610016
117.795097
118.976341
120.153725
121.327263
122.496948
123.662773
124.824753
125.982880
127.137161
128.287582
129.434158
130.576874
131.715744
132.850769
133.981918
135.109238
136.232712
137.352310
138.468063
139.579971
140.688034
141.792236
142.892578
143.989075
145.081726
146.170532
147.255478
148.336563
149.413788
150.487183
151.556717
152.622406
153.684250
154.742233
155.796356
156.846634
157.893051
158.935623
159.974350
161.009216
162.040237
163.067398
164.090729
165.110184
166.125793
167.137558
168.145462
169.149521
170.149734
171.146255
172.139587
173.129761
174.116745
175.100555
176.081192
177.058640
178.032928
179.004013
179.971954
180.936691
181.898239
182.856644
183.811859
184.763885
185.712738
186.658417
187.600906
188.540222
189.476379
190.409332
191.339127
192.265732
193.189178
194.109421
195.026489
195.940414
196.851120
197.758667
198.663040
199.564224
200.462219
201.357056
202.248703
203.137192
204.022491
204.904617
205.783554
206.659332
207.531906
208.401321
209.267548
210.130615
210.990494
211.847183
212.700714
213.551056
214.398224
215.242218
216.083023
216.920670
217.747208
218.554749
219.343292
220.112823
220.863373
221.594910
222.307449
223.000992
223.675537
224.331055
224.967590
225.585129
226.183655
226.763184
227.323715
227.865250
228.387772
228.891312
229.375839
229.841354
230.287888
230.715408
231.123917
231.513443
231.883972
232.235489
232.568008
232.881531
233.176041
233.451553
233.708069
233.945587
234.164093
234.363617
234.544113
234.705627
234.848129
234.971634
235.076157
235.161667
235.228149
235.275650
235.304169
235.313660
