0.966341
0.016830
0.016830
0.016830
0.966341
0.016830
0.016830
0.016830
0.966341
0.000001
0.911770
1.821354
2.728753
3.633967
4.536995
5.437839
6.336496
7.232970
8.127257
9.019361
9.909277
10.797009
11.682557
12.565919
13.447095
14.326088
15.202894
16.077515
16.949951
17.820204
18.688267
19.554150
20.417843
21.279356
22.138680
22.995819
23.850773
24.703543
25.554127
26.402527
27.248741
28.092770
28.934616
29.774275
30.611746
31.447037
32.280140
33.111053
33.939785
34.766338
35.593800
36.425278
37.260777
38.100288
38.943821
39.791370
40.642929
41.498512
42.358109
43.221722
44.089355
44.961002
45.836666
46.716351
47.600044
48.487762
49.379494
50.275242
51.175007
52.078789
52.986584
53.898403
54.814232
55.734077
56.657948
57.585831
58.517727
59.453644
60.393574
61.337524
62.285492
63.237476
64.193474
65.153496
66.117516
67.085564
68.057632
69.033722
70.013817
70.997940
71.986076
72.978218
73.974388
74.970879
75.964035
76.953842
77.940300
78.923416
79.903175
80.879585
81.852661
82.822380
83.788750
84.751778
85.711456
86.667778
87.620758
88.570396
89.516685
90.459618
91.399216
92.335457
93.268349
94.197906
95.124092
96.046951
96.966454
97.882614
98.795425
99.704887
100.611000
101.513771
102.413185
103.309258
104.201981
105.091354
105.977386
106.860069
107.739403
108.615387
109.488022
110.357307
111.223251
112.085854
112.945091
113.800995
114.656891
115.516136
116.378716
117.244644
118.113922
118.986526
119.862488
120.741783
121.624428
122.510414
123.399742
124.292412
125.188423
126.087784
126.990486
127.896530
128.805908
129.718658
130.634720
131.554138
132.476898
133.403000
134.332443
135.265228
136.201370
137.140839
138.083664
139.029831
139.979340
140.932175
141.888367
142.847916
143.810776
144.777008
145.746567
146.719482
147.695740
148.675323
149.658249
150.644531
151.634155
152.627121
153.623428
154.619431
155.611542
156.599747
157.584030
158.564392
159.540863
160.513397
161.482040
162.446777
163.407578
164.364471
165.317459
166.266525
167.211685
168.152939
169.090271
170.023682
170.953186
171.878784
172.800476
173.718246
174.632095
175.542038
176.448074
177.350189
178.248398
179.142700
180.033066
180.919540
181.802094
182.680725
183.555466
184.426285
185.293182
186.156174
187.015259
187.870438
188.721680
189.569016
190.412445
191.251953
192.087570
192.919250
193.760956
194.626556
195.516083
196.429520
197.366867
198.328125
199.313309
200.322388
201.355392
202.412308
203.493134
204.597900
205.726547
206.879135
208.055618
209.256027
210.480347
211.728577
213.000732
214.296799
215.616776
216.960648
218.328461
219.720184
221.135803
222.575363
224.038818
225.526199
227.037476
228.572693
230.131805
231.714844
233.321793
234.952652
236.607437
238.286133
239.988724
241.715240
243.465668
245.240021
247.038284
248.860458
250.706543
0.000000
0.000000
0.000000
0.000000
1.520991
3.364529
5.176332
6.956399
8.704730
10.421323
12.106181
13.759301
15.380686
16.970331
18.528244
20.054419
21.548861
23.011562
24.442528
25.841759
27.209251
28.545010
29.849030
31.121317
32.361862
33.570675
34.747753
35.893085
37.022232
38.150703
39.278515
40.405663
41.532146
42.657970
43.783123
44.907616
46.031445
47.154610
48.277111
49.398949
50.520126
51.640633
52.760479
53.879658
54.998180
56.116035
57.233219
58.349751
59.465614
60.580814
61.695351
62.809219
63.922428
65.034973
66.146851
67.258072
68.368622
69.478516
70.587730
71.696304
72.804192
73.911430
75.017990
76.123901
77.229156
78.333725
79.437637
80.540886
81.643486
82.745399
83.846664
84.947258
86.047188
87.146454
88.245064
89.343002
90.440285
91.536888
92.632843
93.728127
94.822746
95.916702
97.010002
98.102692
99.195061
100.287155
101.378983
102.470551
103.561852
104.652885
105.743652
106.834152
107.924393
109.014359
110.104065
111.193504
112.282669
113.371574
114.460213
115.548584
116.636696
117.724541
118.812111
119.899422
120.986458
122.073235
123.159744
124.245995
125.331963
126.417679
127.503128
128.588303
129.673203
130.757874
131.842255
132.926346
134.010208
135.093781
136.177109
137.260162
138.342941
139.425461
140.507721
141.589706
142.671417
143.752869
144.834061
145.914978
146.995651
148.076035
149.156158
150.236008
151.315598
152.394928
153.473984
154.552780
155.631302
156.709564
157.787567
158.863663
159.936249
161.005325
162.070877
163.132919
164.191452
165.246475
166.297974
167.345947
168.390427
169.431366
170.468826
171.502731
172.533142
173.560043
174.583420
175.603287
176.619629
177.632477
178.641785
179.647598
180.649872
181.648666
182.643921
183.635651
184.623886
185.608597
186.589798
187.567474
188.541656
189.512314
190.479446
191.443054
192.403183
193.359772
194.312851
195.262421
196.208466
197.150986
198.090012
199.025528
199.957504
200.885986
201.810944
202.732376
203.650314
204.564728
205.475616
206.383011
207.286865
208.187225
209.084076
209.977386
210.867188
211.753494
212.636185
213.514679
214.388885
215.258820
216.124451
216.985809
217.842896
218.695663
219.544174
220.388382
221.228317
222.063980
222.895340
223.722412
224.545212
225.363739
226.177948
226.987900
227.793564
228.594940
229.392014
230.184830
230.973343
231.757584
232.537537
233.313217
234.084579
234.851685
235.614502
236.373032
237.127274
237.877243
238.622910
239.364304
240.101410
240.834244
241.562775
242.287033
243.007004
243.722687
244.434082
245.141205
245.844040
246.542587
247.236847
247.926819
248.612518
249.293915
249.971039
250.643906
251.312454
251.976730
252.636703
253.292419
253.943832
254.590958
255.000000
255.000000
255.000000
255.000000
255.000000
255.000000
0.000000
3.027322
5.919083
8.675282
11.295922
13.781001
16.130520
18.344475
20.422873
22.365707
24.172983
25.844696
27.380848
28.781439
30.114523
31.448139
32.782291
34.116982
35.452213
36.787971
38.124275
39.461109
40.798489
42.136395
43.474846
44.813831
46.153351
47.493408
48.834007
50.175133
51.516800
52.859005
54.201752
55.545033
56.888844
58.233196
59.578087
60.923512
62.269474
63.615974
64.963013
66.310577
67.658691
69.007339
70.356514
71.706238
73.056488
74.407288
75.758614
77.110489
78.462883
79.815826
81.169304
82.523315
83.877869
85.232956
86.588585
87.944740
89.301437
90.658669
92.016441
93.374748
94.733597
96.092972
97.452888
98.813347
100.174339
101.534805
102.892159
104.246277
105.597153
106.944801
108.289207
109.630386
110.968330
112.303032
113.634514
114.962746
116.287750
117.609520
118.928055
120.243347
121.555420
122.864250
124.169846
125.472198
126.771332
128.067215
129.359879
130.649292
131.935471
133.218430
134.498138
135.774628
137.047867
138.317886
139.584656
140.848206
142.108521
143.365585
144.619431
145.870041
147.117401
148.361542
149.602448
150.840103
152.074524
153.305725
154.533676
155.758408
156.979904
158.198151
159.413177
160.624969
161.833511
163.038818
164.240906
165.439758
166.635376
167.827759
169.015976
170.194550
171.362549
172.519989
173.666855
174.803146
175.928894
177.044037
178.148636
179.242645
180.326096
181.398987
182.461304
183.513046
184.554230
185.584824
186.604874
187.614334
188.613235
189.601578
190.579315
191.546524
192.503143
193.449203
194.384674
195.309601
196.223953
197.127716
198.020935
198.903580
199.775650
200.637146
201.488083
202.328445
203.158249
203.977463
204.786118
205.584213
206.371735
207.148682
207.915070
208.670883
209.416122
210.150787
210.874893
211.588425
212.291397
212.983795
213.665619
214.336899
214.997574
215.647705
216.287247
216.916534
217.542023
218.166367
218.789581
219.411667
220.032623
220.652420
221.271088
221.888641
222.505020
223.120285
223.734421
224.347412
224.959274
225.569992
226.179581
226.788025
227.395340
228.001511
228.606552
229.210449
229.813217
230.414841
231.015350
231.614700
232.212921
232.810013
233.405975
234.000778
234.594452
235.186996
235.778412
236.368668
236.957809
237.545807
238.132675
238.718384
239.302979
239.886444
240.468765
241.049942
241.629990
242.208893
242.786667
243.363312
243.938812
244.513168
245.086411
245.658508
246.229446
246.799286
247.367950
247.935516
248.501923
249.058044
249.594620
250.111679
250.609238
251.087280
251.545807
251.984833
252.404327
252.804321
253.184814
253.545776
253.887238
254.209183
254.511627
254.794540
255.000000
255.000000
255.000000
255.000000
255.000000
255.000000
255.000000
255.000000
255.000000
255.000000
255.000000
255.000000
255.000000
255.000000
