0.994374
0.002813
0.002813
0.002813
0.994374
0.002813
0.002813
0.002813
0.994374
0.000000
1.138037
2.266665
3.385885
4.495698
5.596102
6.687098
7.768686
8.840867
9.903638
10.957001
12.000957
13.035503
14.060643
15.076373
16.086027
17.092926
18.097076
19.098475
20.097122
21.093019
22.086166
23.076561
24.064203
25.049099
26.031240
27.010632
27.987272
28.961163
29.932301
30.900686
31.866325
32.829212
33.789345
34.746731
35.701359
36.653244
37.602375
38.548756
39.492382
40.433262
41.371391
42.306767
43.239391
44.169266
45.096390
46.020763
46.942379
47.861259
48.777378
49.690746
50.601364
51.509235
52.414345
53.316715
54.216328
55.113194
56.007305
56.898663
57.787273
58.673134
59.556240
60.436600
61.314205
62.189240
63.065742
63.945354
64.828079
65.713921
66.602875
67.494926
68.390099
69.288383
70.189781
71.094292
72.001907
72.912643
73.826492
74.743439
75.663506
76.586693
77.512985
78.442383
79.374901
80.310524
81.249260
82.191109
83.136070
84.084145
85.035332
85.989632
86.947044
87.907562
88.871201
89.837936
90.807793
91.780762
92.756836
93.736031
94.718338
95.703751
96.692276
97.683922
98.678665
99.676529
100.677505
101.681595
102.688789
103.699097
104.712517
105.729050
106.748703
107.771461
108.797325
109.825806
110.853889
111.881081
112.907387
113.932800
114.957314
115.980934
117.003662
118.025497
119.046440
120.066498
121.085655
122.103920
123.121292
124.137764
125.153351
126.168053
127.181854
128.194748
129.206757
130.217880
131.228119
132.237442
133.245895
134.253433
135.260101
136.265854
137.270737
138.274704
139.277786
140.279984
141.281281
142.281693
143.281189
144.279816
145.277542
146.274368
147.270309
148.265366
149.259521
150.252777
151.245132
152.236618
153.227203
154.216888
155.205688
156.193604
157.180603
158.166733
159.151932
160.136627
161.121719
162.107224
163.093124
164.079483
165.066238
166.053436
167.041031
168.029068
169.017502
170.006378
170.995651
171.985367
172.975510
173.966049
174.957016
175.948425
176.940231
177.932465
178.925125
179.918182
180.911682
181.905609
182.899933
183.894684
184.889877
185.885483
186.881500
187.877945
188.874786
189.872070
190.869781
191.867905
192.866455
193.865417
194.864792
195.864609
196.864838
197.865479
198.866562
199.868042
200.869965
201.872284
202.875031
203.878204
204.881821
205.885834
206.890259
207.895111
208.900391
209.902298
210.897049
211.884613
212.865005
213.838242
214.804291
215.763199
216.714920
217.659485
218.596878
219.527100
220.450134
221.366028
222.274765
223.176300
224.070679
224.957901
225.837936
226.710815
227.576523
228.435059
229.286438
230.130646
230.967682
231.797546
232.620255
233.435791
234.244141
235.045349
235.839371
236.626236
237.405930
238.178452
238.943817
239.701996
240.453018
241.196854
241.933548
242.663071
243.385406
244.100586
244.808594
0.000000
1.187420
2.383064
3.586931
4.799021
6.019335
7.247872
8.484632
9.729614
10.982821
12.236210
13.481750
14.719437
15.949272
17.171253
18.385386
19.591663
20.790089
21.980661
23.163382
24.338253
25.505268
26.664433
27.815744
28.959206
30.094810
31.222565
32.342464
33.454517
34.558720
35.655067
36.743557
37.824203
38.896992
39.961929
41.019012
42.068241
43.109623
44.143150
45.168823
46.186642
47.196613
48.198734
49.193005
50.179417
51.159492
52.142334
53.129452
54.120846
55.116516
56.116467
57.120693
58.129200
59.141979
60.159042
61.180382
62.205994
63.235889
64.270065
65.308510
66.351234
67.398239
68.449516
69.505081
70.564911
71.629028
72.697418
73.770096
74.847038
75.928253
77.013763
78.103546
79.197601
80.295937
81.398552
82.505447
83.616608
84.732048
85.851776
86.975777
88.104057
89.233383
90.360550
91.485550
92.608391
93.729050
94.847549
95.963875
97.078041
98.190041
99.299866
100.407532
101.513023
102.616348
103.717506
104.816498
105.913330
107.007988
108.100479
109.190804
110.278961
111.364952
112.448769
113.530426
114.609924
115.687241
116.762390
117.835381
118.906197
119.974854
121.041336
122.105659
123.167816
124.227798
125.285614
126.341263
127.395195
128.450089
129.506393
130.564133
131.623245
132.683807
133.745758
134.809143
135.873917
136.940125
138.007721
139.076752
140.147186
141.219040
142.292297
143.366974
144.443069
145.520569
146.599472
147.679810
148.761536
149.844681
150.929260
152.015228
153.102615
154.191422
155.281647
156.373260
157.466324
158.560760
159.656647
160.753922
161.852600
162.952713
164.054214
165.157166
166.257660
167.351898
168.439880
169.521591
170.597031
171.666214
172.729141
173.785782
174.836166
175.880295
176.918152
177.949738
178.975082
179.994141
181.006943
182.013474
183.013748
184.007751
184.995483
185.976959
186.952179
187.921127
188.883804
189.840225
190.790375
191.734283
192.671906
193.603256
194.528336
195.447174
196.359741
197.266052
198.166092
199.059845
199.947357
200.828583
201.703568
202.572281
203.434723
204.290909
205.140839
205.984482
206.821869
207.653000
208.477859
209.296448
210.108780
210.914856
211.714661
212.508194
213.295471
214.076477
214.851212
215.619690
216.381912
217.137863
217.887543
218.630966
219.368118
220.098999
220.823624
221.541992
222.254089
222.959915
223.659485
224.352783
225.039825
225.720596
226.395111
227.063354
227.725342
228.381042
229.030487
229.673676
230.310593
230.941254
231.565659
232.183777
232.795639
233.401230
234.000565
234.593643
235.180450
235.760971
236.335251
236.903244
237.465012
238.020477
238.569702
239.112656
239.649338
240.179764
240.703903
241.221802
241.733429
242.238800
242.737885
243.230728
243.717285
244.197586
244.671631
245.139404
245.600922
246.056168
0.000000
2.522828
4.950913
7.284255
9.522855
11.666712
13.715826
15.670197
17.529825
19.294710
20.964853
22.540253
24.020908
25.406824
26.697996
27.894424
28.996111
30.003054
30.971895
31.959314
32.965302
33.989853
35.032974
36.094654
37.174904
38.273720
39.391102
40.527050
41.681561
42.854641
44.046288
45.256496
46.485271
47.732613
48.998524
50.277870
51.565517
52.861469
54.165726
55.478283
56.799152
58.128323
59.465797
60.811577
62.165661
63.528046
64.898743
66.277740
67.665039
69.060638
70.464554
71.876770
73.284233
74.673927
76.045845
77.399971
78.736313
80.054878
81.355659
82.638657
83.903877
85.151314
86.380966
87.592827
88.786919
89.963219
91.121742
92.262482
93.385437
94.506973
95.643433
96.794807
97.961113
99.142349
100.338509
101.549599
102.775612
104.016548
105.272408
106.543198
107.828918
109.129562
110.445129
111.775620
113.121048
114.481400
115.845184
117.200928
118.548622
119.888268
121.219879
122.543442
123.858955
125.166412
126.465843
127.757217
129.040543
130.315826
131.583069
132.842255
134.093399
135.336502
136.571548
137.798553
139.017517
140.228439
141.431305
142.626129
143.812912
144.991638
146.162323
147.324966
148.479553
149.626114
150.764603
151.895050
153.017471
154.131851
155.238144
156.336426
157.426651
158.508835
159.582977
160.649063
161.707108
162.757095
163.799042
164.832947
165.858810
166.876617
167.886398
168.888107
169.881790
170.867401
171.844986
172.814529
173.776031
174.729462
175.674866
176.612213
177.541519
178.462784
179.376007
180.281174
181.178284
182.067383
182.948410
183.821396
184.686325
185.543228
186.392075
187.232864
188.065628
188.890335
189.707016
190.515625
191.316193
192.108719
192.893204
193.669632
194.438034
195.198349
195.950653
196.694916
197.431107
198.159271
198.879379
199.591446
200.295456
200.991440
201.679382
202.359268
203.031097
203.694885
204.350632
204.998337
205.637970
206.269592
206.893158
207.508652
208.116135
208.715561
209.306931
209.890274
210.465561
211.032791
211.591980
212.143127
212.686234
213.221298
213.748291
214.267242
214.778183
215.281067
215.775879
216.262665
216.741394
217.212082
217.674728
218.129333
218.575867
219.014374
219.444824
219.867233
220.281616
220.687927
221.086212
221.476440
221.858597
222.232742
222.598831
222.956879
223.306870
223.648819
223.982758
224.308609
224.626404
224.936203
225.237915
225.531586
225.817215
226.094803
226.364334
226.625824
226.879288
227.124680
227.362045
227.591339
227.812607
228.025818
228.231018
228.428116
228.617203
228.798248
228.971222
229.136169
229.293076
229.441910
229.582703
229.715485
229.840179
229.956848
230.065475
230.166046
230.258591
230.343063
230.419479
230.487885
230.548233
230.600540
230.644775
230.681000
230.709152
230.729279
230.741348
230.745361
