0.988895
0.005553
0.005553
0.005553
0.988895
0.005553
0.005553
0.005553
0.988895
0.000000
1.119801
2.228456
3.325966
4.412331
5.487551
6.551625
7.604555
8.646339
9.676979
10.696473
11.704822
12.702024
13.688084
14.662997
15.626764
16.579388
17.520868
18.451200
19.370386
20.278429
21.175325
22.067551
22.961578
23.857409
24.755043
25.654480
26.555717
27.458757
28.363600
29.270243
30.178692
31.088942
32.000992
32.914848
33.830509
34.747967
35.667229
36.588295
37.511162
38.435825
39.362301
40.290577
41.220654
42.152531
43.086212
44.021694
44.958981
45.898071
46.838963
47.781654
48.726151
49.672447
50.620548
51.570454
52.522156
53.475662
54.430973
55.388084
56.347000
57.307720
58.270237
59.234562
60.200687
61.168617
62.138348
63.109879
64.083214
65.058350
66.035286
67.014023
67.994568
68.976921
69.960327
70.944054
71.928116
72.912506
73.897217
74.882256
75.867615
76.853310
77.839317
78.825661
79.812325
80.799316
81.786629
82.774269
83.762238
84.750534
85.739143
86.728088
87.717354
88.706947
89.696861
90.687111
91.677681
92.668579
93.659798
94.651337
95.643219
96.635414
97.627930
98.620781
99.613953
100.607452
101.601273
102.595428
103.589905
104.584709
105.579826
106.575279
107.571060
108.567162
109.563583
110.560341
111.557426
112.554825
113.552551
114.550606
115.548988
116.547699
117.546722
118.546082
119.545769
120.545341
121.544403
122.542961
123.541000
124.538528
125.535538
126.532036
127.528015
128.523468
129.518417
130.512848
131.506760
132.500168
133.493042
134.485413
135.477264
136.468597
137.459412
138.449722
139.439514
140.428787
141.417557
142.405792
143.393524
144.380737
145.367432
146.353622
147.339279
148.324432
149.309067
150.293182
151.276779
152.259872
153.242432
154.224487
155.206024
156.187057
157.167557
158.147552
159.127045
160.106003
161.084457
162.062378
163.039795
164.016693
164.993073
165.968948
166.944305
167.919128
168.893463
169.867264
170.842636
171.821640
172.804291
173.790573
174.780502
175.774048
176.771255
177.772110
178.776581
179.784714
180.796463
181.811859
182.830902
183.853577
184.879883
185.909836
186.943436
187.980667
189.021545
190.066055
191.114212
192.166000
193.221420
194.280487
195.343201
196.409546
197.479538
198.553162
199.630417
200.711319
201.795868
202.884048
203.975861
205.071335
206.170425
207.273163
208.379547
209.489548
210.603210
211.720505
212.841446
213.966019
215.094238
216.226089
217.361572
218.500687
219.643478
220.789871
221.939926
223.093613
224.250946
225.401443
226.534576
227.650375
228.748825
229.829941
230.893707
231.940140
232.969238
233.980988
234.975388
235.952454
236.912186
237.854553
238.779617
239.687302
240.577682
241.450699
242.306381
243.144730
243.965729
244.769379
245.555695
246.324677
247.076294
247.810608
248.527542
249.227173
249.909439
250.574371
251.221970
0.000000
1.052819
2.101171
3.145055
4.184473
5.219422
6.249905
7.275920
8.297467
9.314548
10.327161
11.335307
12.338985
13.338196
14.332940
15.323217
16.309025
17.290367
18.267242
19.239649
20.210146
21.181301
22.153109
23.125566
24.098679
25.072445
26.046865
27.021938
27.997663
28.974041
29.951077
30.928761
31.907101
32.886093
33.865734
34.846035
35.826984
36.808590
37.790848
38.773758
39.757324
40.741543
41.726414
42.711933
43.698112
44.684944
45.672424
46.660564
47.649357
48.638802
49.628899
50.619644
51.611046
52.603100
53.595814
54.589176
55.583191
56.577862
57.573181
58.569157
59.565784
60.563068
61.561005
62.559593
63.558838
64.558731
65.559280
66.560478
67.562332
68.564842
69.568008
70.571823
71.576210
72.580635
73.585014
74.589348
75.593643
76.597893
77.602104
78.606270
79.610390
80.614464
81.618492
82.622475
83.626427
84.630325
85.634186
86.638000
87.641769
88.645508
89.649193
90.652832
91.656425
92.659981
93.663490
94.666954
95.670387
96.673759
97.677101
98.680397
99.683640
100.686844
101.690010
102.693123
103.696205
104.699242
105.702225
106.705177
107.708069
108.710938
109.713745
110.716515
111.719246
112.721924
113.724571
114.727165
115.729721
116.732231
117.734695
118.737122
119.739494
120.741837
121.744133
122.746376
123.748581
124.751015
125.753922
126.757332
127.761230
128.765610
129.770462
130.775818
131.781662
132.787994
133.794800
134.802109
135.809906
136.818176
137.826950
138.836212
139.845947
140.856171
141.866898
142.878098
143.889801
144.901978
145.914642
146.927795
147.941437
148.955582
149.970200
150.985291
152.000885
153.016968
154.033554
155.050598
156.068146
157.086166
158.104691
159.123703
160.143204
161.163177
162.183655
163.204620
164.226059
165.248001
166.270416
167.293320
168.316711
169.340591
170.364975
171.389832
172.415176
173.441010
174.467331
175.494125
176.521439
177.548950
178.575134
179.599701
180.622650
181.643997
182.663742
183.681854
184.698380
185.713287
186.726593
187.738266
188.748337
189.756805
190.763672
191.768921
192.772552
193.774567
194.774994
195.773788
196.770996
197.766586
198.760574
199.752945
200.743683
201.732849
202.720383
203.706314
204.690628
205.673340
206.654434
207.633926
208.611816
209.588074
210.562744
211.535782
212.507233
213.477066
214.445297
215.411896
216.376892
217.340286
218.302078
219.262253
220.220795
221.177750
222.133102
223.086838
224.038956
224.989487
225.938385
226.885666
227.831345
228.775436
229.720963
230.671066
231.625717
232.584946
233.548706
234.517044
235.489929
236.467361
237.449371
238.435913
239.427017
240.422684
241.422913
242.427689
243.437027
244.450912
245.469360
246.492355
247.519928
248.552048
249.588715
250.629944
251.675720
252.726059
253.780960
254.840424
0.000000
1.284538
2.541039
3.769504
4.969933
6.142323
7.286677
8.402994
9.491275
10.551518
11.583726
12.587895
13.564030
14.512126
15.432186
16.324209
17.204000
18.087362
18.974297
19.864803
20.758883
21.656534
22.557758
23.462551
24.370920
25.282860
26.198370
27.117455
28.040110
28.966337
29.896137
30.829510
31.766453
32.706970
33.651054
34.598717
35.549950
36.504757
37.463131
38.425076
39.390598
40.359692
41.332359
42.308590
43.288403
44.271782
45.258732
46.249256
47.243359
48.241024
49.242264
50.247078
51.255466
52.267422
53.282951
54.302055
55.324726
56.350971
57.380791
58.414177
59.451138
60.491676
61.535778
62.583458
63.634712
64.689529
65.747925
66.808426
67.867523
68.925041
69.980972
71.035324
72.088089
73.139282
74.188889
75.236916
76.283363
77.328224
78.371506
79.413208
80.453323
81.491859
82.528816
83.564186
84.597984
85.630196
86.660828
87.689873
88.717339
89.743217
90.767532
91.790253
92.811386
93.830948
94.848930
95.865326
96.880142
97.893372
98.905029
99.915100
100.923584
101.930504
102.935822
103.939560
104.941734
105.942314
106.941307
107.938736
108.934578
109.928833
110.921501
111.912598
112.902107
113.890038
114.876389
115.861145
116.844337
117.825951
118.806435
119.788681
120.773148
121.759834
122.748749
123.739891
124.733246
125.728821
126.726639
127.726662
128.728912
129.733383
130.740067
131.748993
132.760132
133.773514
134.789093
135.806900
136.826935
137.849182
138.873672
139.900360
140.929291
141.960449
142.993805
144.029404
145.067215
146.107254
147.149506
148.194000
149.240707
150.289627
151.340775
152.394150
153.449753
154.507568
155.567612
156.629883
157.694366
158.761078
159.830002
160.901169
161.974548
163.050140
164.127975
165.208023
166.290298
167.374786
168.461502
169.550446
170.641602
171.734756
172.825073
173.910538
174.991180
176.066956
177.137894
178.204010
179.265259
180.321701
181.373260
182.419998
183.461914
184.498962
185.531189
186.558563
187.581100
188.598785
189.611649
190.619659
191.622818
192.621155
193.614639
194.603287
195.587097
196.566071
197.540176
198.509476
199.473907
200.433517
201.388275
202.338196
203.283279
204.223526
205.158905
206.089462
207.015182
207.936066
208.852081
209.763290
210.669632
211.571136
212.467819
213.359650
214.246628
215.128769
216.006088
216.878540
217.746155
218.608948
219.466888
220.319992
221.168243
222.018387
222.877106
223.744415
224.620300
225.504761
226.397842
227.299484
228.209717
229.128540
230.055954
230.991943
231.936523
232.889679
233.851440
234.821777
235.800705
236.788208
237.784302
238.789001
239.802277
240.824127
241.854568
242.893600
243.941208
244.997421
246.062210
247.135574
248.217545
249.308090
250.407211
251.514938
252.631241
253.756134
254.889603
255.000000
