0.953609
0.023196
0.023196
0.023196
0.953609
0.023196
0.023196
0.023196
0.953609
0.000000
0.669911
1.349775
2.039593
2.739365
3.449090
4.168770
4.898403
5.637989
6.387530
7.147025
7.916472
8.695873
9.485229
10.284537
11.093801
11.913020
12.742190
13.581313
14.430392
15.289424
16.158409
17.037350
17.926241
18.825089
19.733889
20.652643
21.581350
22.520014
23.468630
24.427198
25.395721
26.374201
27.362631
28.354380
29.342817
30.327944
31.309757
32.288258
33.263451
34.235325
35.203888
36.169140
37.131081
38.089703
39.045017
39.997017
40.945705
41.891083
42.833149
43.771900
44.707336
45.639465
46.568279
47.493782
48.415970
49.334843
50.250408
51.162659
52.071598
52.977222
53.879536
54.778538
55.674225
56.566601
57.455666
58.341415
59.223858
60.102978
60.978794
61.851295
62.720482
63.586357
64.448929
65.308174
66.164108
67.016739
67.866051
68.712051
69.554741
70.394119
71.230179
72.062935
72.895668
73.731697
74.571014
75.413612
76.259506
77.108681
77.961143
78.816895
79.675941
80.538269
81.403885
82.272781
83.144981
84.020454
84.899223
85.781281
86.666618
87.555244
88.447159
89.342369
90.240860
91.142639
92.047714
92.956070
93.867706
94.782646
95.700859
96.622368
97.547165
98.475243
99.406616
100.341270
101.279221
102.220451
103.164963
104.112778
105.063873
106.018265
106.975937
107.936890
108.901138
109.868675
110.839493
111.813606
112.791008
113.771683
114.755661
115.742920
116.733467
117.724976
118.715118
119.703903
120.691330
121.677383
122.662079
123.645401
124.627373
125.607971
126.587204
127.565086
128.541580
129.516739
130.490509
131.462952
132.433990
133.403687
134.372009
135.338974
136.304581
137.268814
138.231689
139.193207
140.153351
141.112137
142.069550
143.025604
143.980286
144.933609
145.885590
146.836197
147.785431
148.733307
149.679810
150.624954
151.568741
152.511169
153.452209
154.391922
155.330246
156.267212
157.202805
158.137039
159.069916
160.001419
160.931580
161.860352
162.787781
163.713837
164.637665
165.558380
166.475983
167.390472
168.301849
169.210114
170.115280
171.017334
171.916275
172.812119
173.704834
174.594452
175.480957
176.364349
177.244629
178.121811
178.995865
179.866837
180.734665
181.599411
182.461044
183.319550
184.174957
185.027252
185.876450
186.722534
187.565491
188.405350
189.242111
190.075745
190.906265
191.733704
192.558014
193.379211
194.197311
195.012283
195.824158
196.632919
197.438583
198.241104
199.040558
199.836868
200.630081
201.420197
202.207199
202.991074
203.771851
204.549530
205.324081
206.090485
206.843765
207.583893
208.310867
209.024689
209.725372
210.412888
211.087265
211.748489
212.396545
213.031464
213.653229
214.261856
214.857330
215.439636
216.008804
216.564819
217.107681
217.637390
218.153976
218.657379
219.147629
219.624756
220.088699
220.539520
220.977173
0.000001
1.283482
2.569673
3.858574
5.150184
6.444504
7.741535
9.041274
10.343723
11.648881
12.956751
14.267328
15.580616
16.896614
18.215322
19.536739
20.860865
22.187700
23.517250
24.849504
26.184467
27.522144
28.862530
30.200264
31.530005
32.851746
34.165489
35.471233
36.768978
38.058723
39.340466
40.614216
41.879963
43.137711
44.387463
45.629211
46.862961
48.088715
49.306465
50.516224
51.717976
52.911728
54.097488
55.275246
56.445004
57.606762
58.760521
59.906281
61.044048
62.173805
63.295570
64.409340
65.515099
66.612862
67.702629
68.784393
69.858170
70.923943
71.981712
73.031479
74.073257
75.107025
76.132797
77.157005
78.186020
79.219872
80.258553
81.302063
82.350410
83.403587
84.461594
85.524429
86.592102
87.664604
88.741928
89.824097
90.911079
92.002907
93.099556
94.201042
95.307358
96.418503
97.534492
98.655289
99.780930
100.911400
102.046700
103.186836
104.331802
105.481598
106.636215
107.795670
108.959961
110.129082
111.303024
112.481804
113.665421
114.853859
116.047142
117.245239
118.448174
119.655945
120.868538
122.081841
123.291748
124.498245
125.701347
126.901031
128.097305
129.290192
130.479675
131.665741
132.848404
134.027664
135.203522
136.375977
137.545013
138.710663
139.872894
141.031723
142.187149
143.339172
144.487793
145.633011
146.774811
147.913223
149.048218
150.179810
151.307999
152.432770
153.554153
154.672134
155.786697
156.897873
158.005615
159.109970
160.210922
161.308456
162.402603
163.493347
164.580658
165.664597
166.745117
167.821762
168.894089
169.962082
171.025757
172.085098
173.140121
174.190811
175.237167
176.279221
177.316925
178.350311
179.379364
180.404083
181.424484
182.440567
183.452316
184.459732
185.462830
186.461609
187.456039
188.446152
189.431931
190.413391
191.390533
192.363342
193.331818
194.295959
195.255783
196.211288
197.162445
198.109299
199.051819
199.990005
200.923874
201.853409
202.778610
203.699493
204.616043
205.528259
206.436172
207.335709
208.222824
209.097549
209.959854
210.809753
211.647263
212.472351
213.285034
214.085297
214.873169
215.648621
216.411667
217.162323
217.900558
218.626389
219.339813
220.040833
220.729446
221.405640
222.069427
222.720825
223.359802
223.986374
224.600540
225.202286
225.791641
226.368576
226.933105
227.485229
228.024963
228.552277
229.067184
229.569672
230.059769
230.537445
231.002716
231.455597
231.896057
232.324112
232.739761
233.142990
233.533829
233.912262
234.278275
234.631882
234.973083
235.301865
235.618256
235.922241
236.213806
236.492981
236.759735
237.014084
237.256027
237.485565
237.702698
237.907425
238.099731
238.279633
238.447144
238.602234
238.744919
238.875183
238.993073
239.098526
239.191589
239.272232
239.340485
239.396301
239.439728
239.470749
239.489349
239.495575
0.000000
3.150573
6.132764
8.946574
11.592003
14.069049
16.377714
18.517996
20.489899
22.293417
23.928555
25.474110
27.008900
28.532915
30.046160
31.548634
33.040333
34.521263
35.991417
37.450798
38.899410
40.337254
41.764320
43.180611
44.586140
45.980885
47.364861
48.738068
50.100502
51.452164
52.793056
54.123177
55.442520
56.751095
58.048897
59.335926
60.612186
61.877670
63.132378
64.376320
65.609489
66.831886
68.049217
69.275452
70.511223
71.756516
73.011353
74.275711
75.549606
76.833038
78.125999
79.428497
80.740524
82.062080
83.393173
84.733803
86.083961
87.443657
88.812874
90.191643
91.579926
92.977753
94.385109
95.801994
97.228416
98.664375
100.109856
101.564880
103.029434
104.503510
105.987137
107.480286
108.982971
110.493065
111.997841
113.495178
114.985069
116.467522
117.942528
119.410095
120.870224
122.322906
123.768150
125.205948
126.636314
128.059235
129.474701
130.882751
132.283340
133.676498
135.062195
136.440475
137.811310
139.174698
140.530640
141.879150
143.220215
144.553833
145.880005
147.198746
148.510040
149.813904
151.110321
152.399307
153.680725
154.952560
156.213913
157.464798
158.705231
159.935181
161.154678
162.363693
163.562241
164.750336
165.927948
167.095108
168.251801
169.398010
170.533768
171.659058
172.773865
173.878235
174.972107
176.055527
177.128479
178.190979
179.242996
180.284546
181.315628
182.336258
183.346390
184.346085
185.335297
186.314072
187.282349
188.240173
189.188782
190.129456
191.062195
191.987000
192.903854
193.812775
194.713776
195.606812
196.491928
197.369095
198.238327
199.099625
199.952972
200.798401
201.635880
202.465424
203.287018
204.100693
204.906418
205.704208
206.494064
207.275970
208.049942
208.815979
209.574097
210.324249
211.066467
211.800751
212.527100
213.245499
213.955963
214.658508
215.353104
216.039749
216.718475
217.389252
218.052094
218.706985
219.353958
219.992981
220.624069
221.247223
221.862427
222.469696
223.069031
223.660431
224.243896
224.819412
225.386993
225.946640
226.498337
227.042099
227.577942
228.105835
228.625778
229.137802
229.641876
230.138016
230.626205
231.106476
231.578796
232.043182
232.499634
232.948135
233.388702
233.821335
234.246033
234.662796
235.071625
235.472488
235.865433
236.250443
236.627502
236.996628
237.357819
237.711060
238.056381
238.393753
238.723190
239.044693
239.358246
239.663864
239.961548
240.251282
240.533096
240.806976
241.072891
241.330887
241.580948
241.823074
242.057236
242.283478
242.501770
242.712143
242.914566
243.109055
243.295593
243.474213
243.644882
243.807617
243.962418
244.109268
244.248184
244.379181
244.502213
244.617310
244.724472
244.823700
244.915009
244.998352
245.073761
245.141235
245.200775
245.252380
245.296036
245.331772
245.359558
245.379395
245.391296
245.395264
