0.955268
0.022366
0.022366
0.022366
0.955268
0.022366
0.022366
0.022366
0.955268
0.000000
1.511229
2.821283
3.930161
4.938274
5.946030
6.953431
7.960474
8.967162
9.973494
10.979469
11.985087
12.990352
13.995257
14.999807
16.004000
17.007837
18.011318
19.014444
20.017212
21.019627
22.021683
23.023382
24.024723
25.025711
26.026344
27.026615
28.026537
29.026094
30.025303
31.024153
32.022640
33.020779
34.018562
35.015984
36.013050
37.009762
38.006119
39.002121
39.997761
40.993050
41.987984
42.982552
43.976772
44.970627
45.964138
46.957287
47.950077
48.942513
49.934589
50.926315
51.917683
52.908695
53.899353
54.889648
55.879589
56.869179
57.858410
58.847279
59.835796
60.823959
61.811764
62.799210
63.786304
64.773033
65.759415
66.745392
67.730934
68.716019
69.700676
70.684883
71.668655
72.651978
73.634865
74.617310
75.599304
76.580864
77.561981
78.542648
79.522888
80.502670
81.482018
82.460915
83.439384
84.417397
85.394974
86.372108
87.348801
88.325050
89.300865
90.276222
91.251144
92.225624
93.199669
94.173264
95.146416
96.119125
97.091400
98.063225
99.034607
100.005554
100.976059
101.946114
102.915733
103.884895
104.853622
105.821922
106.789757
107.757172
108.724129
109.690643
110.656731
111.622360
112.587555
113.552299
114.516617
115.480484
116.443901
117.406883
118.369423
119.331520
120.293167
121.254379
122.215149
123.175484
124.135368
125.094810
126.053810
127.012794
127.972221
128.932068
129.892349
130.853058
131.814194
132.775772
133.737778
134.700195
135.663055
136.626328
137.590042
138.554184
139.518753
140.483749
141.449188
142.415054
143.381317
144.348053
145.315186
146.282761
147.250763
148.219193
149.188049
150.157349
151.127075
152.097198
153.067795
154.038788
155.010223
155.982086
156.954376
157.927109
158.900253
159.873840
160.847824
161.822281
162.797134
163.772430
164.748154
165.724304
166.700882
167.677902
168.655350
169.633224
170.611511
171.590240
172.569397
173.548965
174.528976
175.509430
176.490295
177.471603
178.453339
179.435486
180.418076
181.401093
182.384521
183.368408
184.352722
185.337448
186.322601
187.308853
188.296753
189.286346
190.277618
191.270569
192.265198
193.261536
194.259552
195.259247
196.260605
197.263672
198.268417
199.274857
200.282959
201.292770
202.304245
203.317429
204.332275
205.348816
206.367035
207.386948
208.408539
209.431808
210.456772
211.483429
212.511749
213.541763
214.573456
215.606842
216.641907
217.678665
218.717102
219.757233
220.799026
221.842529
222.887695
223.934555
224.983093
226.033340
227.085236
228.138824
229.194107
230.251083
231.309723
232.370056
233.432083
234.495789
235.561188
236.628250
237.697006
238.767456
239.839569
240.913376
241.988876
243.066055
244.144928
245.225464
246.307709
247.391617
248.477219
249.564514
250.653488
251.616135
252.324539
252.778687
252.978561
0.000000
0.905632
1.838516
2.798652
3.786040
4.800679
5.842571
6.911714
7.993827
9.074626
10.154113
11.232285
12.309145
13.384691
14.458925
15.531844
16.603453
17.673744
18.742725
19.810392
20.876749
21.941788
23.005516
24.067928
25.129032
26.188822
27.247293
28.304457
29.360302
30.414841
31.468058
32.519966
33.570564
34.619843
35.667812
36.714470
37.759811
38.803841
39.846558
40.887962
41.928051
42.966827
44.004292
45.040443
46.075279
47.108803
48.141010
49.171913
50.201492
51.229767
52.256721
53.282368
54.306698
55.329716
56.351421
57.371815
58.390888
59.408657
60.425106
61.440247
62.454071
63.466583
64.477783
65.487671
66.496239
67.503502
68.509445
69.514076
70.517403
71.519432
72.520966
73.522293
74.523422
75.524361
76.525093
77.525620
78.525963
79.526100
80.526031
81.525772
82.525307
83.524658
84.523796
85.522743
86.521477
87.520027
88.518379
89.516525
90.514473
91.512222
92.509766
93.507118
94.504272
95.501228
96.497978
97.494537
98.490898
99.487053
100.483009
101.478767
102.474327
103.469696
104.464859
105.459824
106.454590
107.449150
108.443520
109.437691
110.431656
111.425430
112.419006
113.412376
114.405556
115.398529
116.391296
117.383881
118.376259
119.368439
120.360413
121.352203
122.343781
123.335167
124.326347
125.317337
126.308128
127.298706
128.289093
129.279297
130.269272
131.259064
132.248672
133.238113
134.227737
135.217621
136.207718
137.198059
138.188629
139.179443
140.170502
141.161774
142.153290
143.145050
144.137054
145.129272
146.121750
147.114456
148.107391
149.100571
150.093979
151.087631
152.081512
153.075638
154.069992
155.064606
156.059418
157.054489
158.049805
159.045349
160.041122
161.037125
162.033386
163.029877
164.026596
165.023544
166.020752
167.018188
168.015839
169.013748
170.011887
171.010269
172.008881
173.007721
174.006821
175.006149
176.005707
177.005493
178.005524
179.005798
180.006302
181.007034
182.008011
183.009232
184.010681
185.012360
186.014297
187.016449
188.018829
189.021484
190.024338
191.027451
192.030777
193.034363
194.038177
195.041779
196.044098
197.045074
198.044708
199.042984
200.039948
201.035538
202.029816
203.022720
204.014313
205.004547
205.993454
206.981003
207.967224
208.952087
209.935623
210.917801
211.898651
212.878159
213.856323
214.833145
215.808624
216.782761
217.755554
218.727005
219.697128
220.665894
221.633316
222.599411
223.564163
224.527573
225.489624
226.450348
227.409729
228.367783
229.324478
230.279816
231.233826
232.186493
233.137833
234.087830
235.036469
235.983765
236.929718
237.874344
238.817627
239.759567
240.700150
241.639420
242.577332
243.513885
244.449127
245.383011
246.315552
247.246765
248.176620
249.105133
250.032318
250.958145
251.882645
252.805801
253.727600
254.961304
0.000000
0.733200
1.557967
2.474300
3.482200
4.581666
5.726690
6.871263
8.015385
9.159056
10.302277
11.445046
12.587367
13.729235
14.870651
16.011620
17.152136
18.292200
19.431812
20.570974
21.709686
22.847950
23.985762
25.123119
26.260031
27.396488
28.532494
29.668053
30.803158
31.937811
33.072014
34.205769
35.339073
36.471924
37.604324
38.736275
39.867771
40.998821
42.129414
43.259560
44.389263
45.518505
46.647305
47.775646
48.903538
50.030979
51.157970
52.284512
53.410599
54.536236
55.661423
56.786160
57.910446
59.034286
60.157669
61.280605
62.403084
63.525116
64.646698
65.767830
66.888504
68.008736
69.128502
70.247841
71.366714
72.485138
73.603111
74.720459
75.836205
76.950165
78.062340
79.172745
80.281364
81.388199
82.493256
83.596527
84.698021
85.797722
86.895653
87.991806
89.086174
90.178749
91.269562
92.358589
93.445824
94.531288
95.614967
96.696861
97.776978
98.855316
99.931870
101.006645
102.079636
103.150848
104.220276
105.287918
106.353783
107.417870
108.480179
109.540703
110.599442
111.656403
112.711578
113.764984
114.816589
115.866425
116.914482
117.960754
119.005249
120.047951
121.088875
122.128029
123.165398
124.200981
125.234779
126.266808
127.297043
128.325516
129.352188
130.377090
131.400208
132.421524
133.441086
134.458862
135.474838
136.489059
137.501495
138.512131
139.521011
140.528214
141.533875
142.538025
143.540619
144.541702
145.541245
146.539261
147.535736
148.530670
149.524078
150.515961
151.506287
152.495102
153.482376
154.468109
155.452332
156.434998
157.416138
158.395752
159.373825
160.350357
161.325378
162.298859
163.270798
164.241196
165.210068
166.177414
167.143234
168.107498
169.070236
170.031448
170.991135
171.949249
172.905884
173.860947
174.814484
175.766495
176.716965
177.665909
178.613327
179.559204
180.503540
181.446350
182.387619
183.327362
184.265564
185.202240
186.137390
187.070984
188.003052
188.933609
189.862625
190.790085
191.716034
192.640442
193.563309
194.484665
195.404449
196.322739
197.239487
198.154678
199.068268
199.979813
200.889252
201.796539
202.701721
203.604767
204.505676
205.404480
206.301147
207.195694
208.088120
208.978409
209.866577
210.752625
211.636551
212.518341
213.398010
214.275543
215.150955
216.024261
216.895416
217.764465
218.631378
219.496170
220.358826
221.219376
222.077774
222.934067
223.788239
224.640274
225.490173
226.337967
227.183624
228.027161
228.868576
229.707855
230.545013
231.380035
232.212952
233.043747
233.872406
234.698929
235.523346
236.345612
237.165756
237.983795
238.799713
239.613480
240.425140
241.234665
242.042068
242.847336
243.650497
244.451523
245.250427
246.047195
246.841858
247.634369
248.424774
249.213043
249.999191
250.783218
251.527527
252.194504
252.784164
253.296509
