0.937462
0.031269
0.031269
0.031269
0.937462
0.031269
0.031269
0.031269
0.937462
0.000000
1.289676
2.554429
3.794259
5.009166
6.199149
7.364209
8.504347
9.619560
10.709850
11.775219
12.815663
13.831183
14.821781
15.799629
16.776907
17.753614
18.729750
19.705313
20.680305
21.654724
22.628572
23.601849
24.574554
25.546688
26.518250
27.489241
28.459658
29.429504
30.398779
31.367481
32.335609
33.303177
34.270164
35.236580
36.202427
37.167698
38.132397
39.096527
40.060089
41.023075
41.985489
42.947330
43.908604
44.869305
45.829433
46.788986
47.747971
48.706387
49.664230
50.621498
51.578197
52.534325
53.489883
54.444862
55.399273
56.353111
57.306381
58.259075
59.211205
60.162758
61.113731
62.064144
63.013981
63.963253
64.911949
65.860069
66.807617
67.754601
68.701096
69.649040
70.599213
71.551620
72.506264
73.463142
74.422256
75.383598
76.347183
77.313004
78.281052
79.251328
80.223846
81.198601
82.175591
83.154816
84.136269
85.119957
86.105881
87.094040
88.084435
89.077057
90.071915
91.069016
92.068344
93.069908
94.073708
95.079735
96.088005
97.098511
98.111244
99.126205
100.143417
101.162857
102.184525
103.208435
104.234581
105.262955
106.293564
107.326408
108.361488
109.398796
110.438347
111.480125
112.524139
113.570389
114.618874
115.669594
116.722549
117.777733
118.835159
119.894814
120.956703
122.020828
123.087189
124.155777
125.225952
126.293724
127.358452
128.420135
129.478745
130.534317
131.586853
132.636322
133.682739
134.726105
135.766418
136.803696
137.837906
138.869064
139.897186
140.922241
141.944260
142.963226
143.979141
144.991989
146.001801
147.008560
148.012268
149.012924
150.010529
151.005081
151.996582
152.985046
153.970444
154.952805
155.932098
156.908340
157.881531
158.851685
159.818787
160.782837
161.743820
162.701767
163.656677
164.608505
165.557297
166.503021
167.445724
168.385345
169.321960
170.255493
171.185974
172.113403
173.037796
173.959122
174.877411
175.792633
176.704803
177.613937
178.520020
179.423050
180.324615
181.228653
182.135300
183.044586
183.956482
184.871033
185.788208
186.707993
187.630432
188.555481
189.483170
190.413498
191.346436
192.282013
193.220215
194.161057
195.104507
196.050598
196.999313
197.950668
198.904648
199.861252
200.820480
201.782349
202.746841
203.713974
204.683716
205.656113
206.631119
207.608749
208.589020
209.571915
210.557434
211.545593
212.536377
213.529785
214.525833
215.524506
216.525803
217.529739
218.536301
219.545486
220.557312
221.571747
222.588837
223.608536
224.630859
225.655838
226.683411
227.713638
228.746475
229.781967
230.820068
231.860809
232.904190
233.950180
234.998337
236.048294
237.099991
238.153473
239.208694
240.265686
241.324432
242.384949
243.447220
244.511246
245.577042
246.644577
247.713913
248.784973
249.857819
250.932388
252.008743
253.086868
254.166733
0.000000
0.000000
1.025739
2.342407
3.643048
4.927661
6.196247
7.448804
8.685334
9.905836
11.110309
12.298756
13.471173
14.627563
15.767925
16.892260
18.000565
19.092848
20.176210
21.257778
22.337551
23.415525
24.491701
25.566080
26.638664
27.709450
28.778437
29.845625
30.911018
31.974615
33.036411
34.096413
35.154617
36.211021
37.265633
38.318443
39.369457
40.418671
41.466091
42.511711
43.555534
44.597565
45.637794
46.676224
47.712860
48.747700
49.780739
50.811981
51.841431
52.869072
53.894924
54.918976
55.941238
56.961693
57.980350
58.997215
60.012283
61.025555
62.037022
63.046703
64.054573
65.060654
66.064941
67.067429
68.068108
69.067009
70.064102
71.059395
72.052895
73.044601
74.034500
75.022606
76.009308
76.996933
77.985893
78.976181
79.967781
80.960716
81.954971
82.950554
83.947456
84.945686
85.945244
86.946129
87.948334
88.951859
89.956718
90.962891
91.970398
92.979225
93.989380
95.000854
96.013657
97.027786
98.043236
99.060013
100.078110
101.097534
102.118286
103.140358
104.163765
105.188484
106.214531
107.241905
108.270615
109.300636
110.331978
111.364655
112.398651
113.433968
114.470619
115.508591
116.547874
117.588509
118.630440
119.673714
120.718307
121.764229
122.811478
123.860039
124.909935
125.961151
127.013695
128.067566
129.122757
130.179260
131.237122
132.294495
133.349640
134.402512
135.453156
136.501541
137.547684
138.591568
139.633224
140.672623
141.709778
142.744675
143.777344
144.807755
145.835922
146.861832
147.885498
148.906906
149.926086
150.943008
151.957687
152.970123
153.980301
154.988235
155.993927
156.997360
157.998566
158.997513
159.994202
160.988647
161.980850
162.970810
163.958527
164.943985
165.927200
166.908157
167.886871
168.863342
169.837570
170.809540
171.779266
172.746750
173.711990
174.674988
175.635712
176.594223
177.550461
178.504456
179.456192
180.405685
181.352966
182.297958
183.240707
184.181229
185.119492
186.055862
186.992371
187.929382
188.866898
189.804901
190.743423
191.682434
192.621933
193.561951
194.502441
195.443451
196.384949
197.326950
198.269455
199.212448
200.155945
201.099945
202.044434
202.989426
203.934906
204.880905
205.827393
206.774368
207.721863
208.669846
209.618317
210.567291
211.516769
212.466751
213.417236
214.368210
215.319687
216.271652
217.224136
218.177094
219.130569
220.084518
221.038986
221.993958
222.949417
223.905365
224.861847
225.818787
226.776260
227.734207
228.692657
229.651611
230.611053
231.570999
232.531464
233.492401
234.453842
235.415787
236.378235
237.341171
238.301910
239.257721
240.208588
241.154526
242.095535
243.031631
243.962799
244.889038
245.810333
246.726715
247.638168
248.544678
249.446274
250.342957
251.234695
252.121506
253.003387
253.880341
254.752380
255.000000
0.000000
1.740198
3.421968
5.045310
6.610222
8.116706
9.564760
10.954386
12.285583
13.558351
14.772691
15.928600
17.026081
18.065132
19.045755
19.998240
20.952868
21.909645
22.868572
23.829643
24.792862
25.758228
26.725742
27.695402
28.667213
29.641171
30.617275
31.595526
32.575920
33.558468
34.543159
35.530003
36.518990
37.510124
38.503407
39.498837
40.496414
41.496136
42.498009
43.502029
44.508198
45.516510
46.526970
47.539581
48.554333
49.571239
50.590286
51.611485
52.634838
53.660324
54.687965
55.717751
56.749687
57.783768
58.820000
59.858379
60.898899
61.941570
62.986393
64.033356
65.082466
66.133736
67.187134
68.242699
69.300400
70.360229
71.421989
72.485542
73.550919
74.618103
75.687103
76.757919
77.830536
78.904984
79.981239
81.059303
82.139183
83.220879
84.304382
85.389702
86.476837
87.565781
88.656540
89.749115
90.843506
91.939697
93.037720
94.137543
95.239182
96.342628
97.447899
98.554977
99.663864
100.774574
101.887093
103.001419
104.117577
105.235535
106.355309
107.476883
108.600288
109.725494
110.852524
111.981361
113.112015
114.244476
115.378754
116.514847
117.652756
118.792473
119.933998
121.077347
122.222511
123.369476
124.518257
125.668861
126.820526
127.968834
129.113022
130.253113
131.389099
132.520981
133.648758
134.772415
135.891968
137.007431
138.118774
139.225998
140.329132
141.428146
142.523071
143.613892
144.700577
145.783188
146.861679
147.936066
149.006348
150.072510
151.134567
152.192535
153.246368
154.296112
155.341766
156.383286
157.420700
158.454025
159.483231
160.508347
161.529327
162.546219
163.559006
164.567673
165.572250
166.572708
167.569061
168.561310
169.549454
170.533493
171.513428
172.489258
173.460968
174.428574
175.392090
176.351471
177.306747
178.257950
179.205032
180.148438
181.089279
182.027618
182.963455
183.896774
184.827576
185.755859
186.681641
187.604904
188.525650
189.443893
190.359619
191.272827
192.183533
193.091721
193.997391
194.900558
195.801193
196.699341
197.594955
198.488068
199.378662
200.266754
201.152313
202.035370
202.915924
203.793945
204.669464
205.542480
206.412979
207.280945
208.146423
209.009384
209.869827
210.727753
211.583160
212.436066
213.286469
214.134338
214.979691
215.822556
216.662888
217.500717
218.336029
219.168839
219.999115
220.826904
221.652161
222.474899
223.295135
224.112854
224.929520
225.746582
226.564056
227.381927
228.200195
229.018860
229.837936
230.657410
231.477280
232.297562
233.118240
233.939316
234.760788
235.582657
236.404938
237.227615
238.050690
238.874161
239.698059
240.522339
241.347015
242.172104
242.997589
243.823456
244.649750
245.476440
246.303528
247.131012
247.958908
248.787186
249.615875
250.444977
251.274460
252.104355
252.934647
253.765335
254.596436
255.000000
