0.972579
0.013711
0.013711
0.013711
0.972579
0.013711
0.013711
0.013711
0.972579
0.000000
0.868365
1.740866
2.617503
3.498277
4.383188
5.272234
6.165418
7.062739
7.964195
8.869788
9.779517
10.693383
11.611385
12.533525
13.459799
14.390212
15.324761
16.263445
17.206264
18.153223
19.104319
20.059549
21.018915
21.982420
22.950060
23.921837
24.897749
25.877798
26.861984
27.850307
28.842766
29.839365
30.840097
31.844965
32.853973
33.867111
34.884388
35.905800
36.931355
37.961040
38.994865
40.032825
41.071575
42.107758
43.141376
44.172432
45.200928
46.226856
47.250225
48.271027
49.289268
50.304943
51.318054
52.328602
53.336590
54.342018
55.344875
56.345169
57.342899
58.338074
59.330677
60.320713
61.308197
62.293114
63.275463
64.255249
65.232475
66.207138
67.179237
68.148766
69.115738
70.080147
71.041992
72.001274
72.957993
73.912148
74.863731
75.812775
76.759224
77.703133
78.644470
79.583244
80.519447
81.453094
82.384186
83.312706
84.238655
85.162048
86.082878
87.001152
87.916855
88.829994
89.740570
90.648582
91.554031
92.459229
93.366493
94.275818
95.187210
96.100662
97.016174
97.933746
98.853394
99.775093
100.698860
101.624687
102.552574
103.482529
104.414551
105.348633
106.284775
107.222984
108.163246
109.105583
110.049973
110.996437
111.944954
112.895538
113.848183
114.802895
115.759674
116.718506
117.679405
118.642365
119.607391
120.574478
121.543633
122.514839
123.488113
124.463463
125.440857
126.420326
127.401848
128.385437
129.371094
130.358810
131.348587
132.340439
133.334351
134.330307
135.328339
136.328430
137.330597
138.334808
139.341095
140.349457
141.359848
142.372330
143.385300
144.397217
145.408112
146.417938
147.426727
148.434464
149.441147
150.446793
151.451355
152.454895
153.457397
154.458832
155.459229
156.458588
157.456863
158.454117
159.450317
160.445465
161.439545
162.432602
163.424606
164.415573
165.405457
166.394318
167.382111
168.368881
169.354584
170.339233
171.322845
172.305420
173.286942
174.267395
175.246811
176.225159
177.202484
178.178741
179.153976
180.128143
181.101257
182.073334
183.044357
184.014343
184.983261
185.951141
186.917953
187.883743
188.848465
189.812149
190.774780
191.736359
192.696899
193.656387
194.614807
195.575150
196.540359
197.510422
198.485321
199.465103
200.449738
201.439209
202.433563
203.432755
204.436813
205.445740
206.459503
207.478119
208.501617
209.529953
210.563156
211.601227
212.644135
213.691910
214.744537
215.802032
216.864380
217.931580
219.003632
220.080551
221.162323
222.248962
223.340469
224.436798
225.538010
226.644073
227.754990
228.870773
229.991394
231.116898
232.247253
233.382462
234.522522
235.667450
236.817215
237.971848
239.131348
240.295700
241.464920
242.638977
243.817902
245.001678
246.190308
247.383804
248.582169
249.785370
250.993439
252.206375
254.256363
0.000000
1.143347
2.285402
3.426165
4.565636
5.703814
6.840701
7.976295
9.110600
10.243610
11.375329
12.505756
13.634890
14.762733
15.889284
17.014542
18.138510
19.261183
20.382566
21.502657
22.621456
23.738962
24.855177
25.970100
27.083729
28.196068
29.307114
30.416868
31.525331
32.632500
33.738380
34.842968
35.946266
37.048267
38.148972
39.248394
40.346519
41.443356
42.538895
43.633144
44.726109
45.817776
46.908318
47.997929
49.086605
50.174343
51.261143
52.347000
53.431923
54.515911
55.598957
56.681065
57.762238
58.842468
59.921761
61.000118
62.077538
63.154018
64.229568
65.304161
66.377831
67.450562
68.522354
69.593208
70.663124
71.732094
72.800133
73.867233
74.933395
75.998611
77.062904
78.126251
79.188660
80.250130
81.310669
82.370262
83.428917
84.486641
85.543419
86.599266
87.654167
88.708138
89.761169
90.813255
91.864410
92.914619
93.963905
95.012245
96.059647
97.106110
98.151627
99.196213
100.239868
101.282578
102.324341
103.365547
104.407013
105.448792
106.490898
107.533318
108.576057
109.619110
110.662483
111.706169
112.750183
113.794510
114.839149
115.884109
116.929382
117.974983
119.020889
120.067131
121.113686
122.160545
123.207726
124.255234
125.303047
126.351181
127.399643
128.448410
129.497513
130.546906
131.596634
132.646667
133.697037
134.747711
135.798706
136.850021
137.901657
138.953598
140.005875
141.058456
142.111359
143.164566
144.218109
145.271973
146.326141
147.380630
148.435440
149.490555
150.546005
151.601761
152.657837
153.714233
154.770950
155.827988
156.885330
157.942993
159.000595
160.055969
161.108719
162.158875
163.206390
164.251312
165.293625
166.333313
167.370377
168.404846
169.436707
170.465958
171.492569
172.516586
173.537979
174.556763
175.572952
176.586517
177.597458
178.605804
179.611511
180.614609
181.615112
182.613007
183.608276
184.600922
185.590958
186.578400
187.563232
188.545425
189.525009
190.501984
191.476364
192.448120
193.417252
194.383789
195.347702
196.308990
197.267670
198.223755
199.177216
200.128052
201.076309
202.021927
202.964920
203.905334
204.843109
205.778259
206.710831
207.640778
208.568100
209.492828
210.414932
211.334381
212.250931
213.164383
214.074768
214.982071
215.886292
216.787460
217.685532
218.580536
219.472473
220.361328
221.247116
222.129822
223.009445
223.885986
224.759476
225.629883
226.497208
227.361465
228.222641
229.080750
229.935791
230.787735
231.636597
232.482407
233.325150
234.164810
235.001373
235.834885
236.665314
237.492661
238.316940
239.138153
239.956268
240.771332
241.583298
242.392197
243.198029
244.000778
244.800461
245.597061
246.390594
247.181046
247.968414
248.752731
249.533951
250.312103
251.087189
251.859177
252.628113
253.393951
254.156723
254.916428
255.000000
255.000000
0.000000
1.279378
2.553148
3.821311
5.083867
6.340814
7.592155
8.837889
10.078015
11.312533
12.541445
13.764747
14.982444
16.194534
17.401014
18.601889
19.797155
20.986814
22.170866
23.349310
24.522148
25.689379
26.851002
28.007017
29.157423
30.302225
31.441414
32.574997
33.702980
34.825348
35.942112
37.056541
38.171917
39.288231
40.405491
41.523689
42.642830
43.762920
44.883949
46.005917
47.128834
48.252686
49.377483
50.503227
51.629910
52.757530
53.886101
55.015614
56.146069
57.277466
58.409805
59.543087
60.677311
61.812473
62.948582
64.085632
65.223633
66.362564
67.502441
68.643265
69.785027
70.927734
72.071381
73.215965
74.361511
75.507980
76.655403
77.803757
78.953079
80.103317
81.254509
82.406631
83.559715
84.713722
85.868690
87.024590
88.181427
89.339218
90.497948
91.657616
92.818230
93.979797
95.142288
96.305664
97.468369
98.629799
99.789932
100.948784
102.106346
103.262611
104.417603
105.571297
106.723701
107.874825
109.024658
110.173203
111.320457
112.466431
113.611115
114.754509
115.896606
117.037430
118.176956
119.315208
120.452164
121.587830
122.722206
123.855293
124.987106
126.117622
127.246841
128.374786
129.501450
130.626801
131.750885
132.873672
133.995178
135.115387
136.234299
137.351944
138.468292
139.583359
140.697128
141.809616
142.920822
144.030731
145.139359
146.246689
147.352737
148.457489
149.560959
150.663147
151.764038
152.863647
153.961960
155.059006
156.154282
157.245056
158.330887
159.411743
160.487640
161.558578
162.624542
163.685547
164.741592
165.792679
166.838806
167.879944
168.916153
169.947388
170.973648
171.994965
173.011307
174.022675
175.029114
176.030563
177.027054
178.018600
179.005173
179.986786
180.963425
181.935104
182.901825
183.863571
184.820374
185.772217
186.719070
187.660980
188.597946
189.529922
190.456940
191.378998
192.296097
193.208237
194.115402
195.017609
195.914856
196.807144
197.694458
198.576813
199.454208
200.326645
201.194107
202.056625
202.914169
203.766754
204.614380
205.457047
206.294724
207.128311
207.959869
208.789490
209.617203
210.442963
211.266815
212.088699
212.908691
213.726730
214.542847
215.357025
216.169296
216.979599
217.788010
218.594452
219.399002
220.201584
221.002274
221.800995
222.597809
223.392685
224.185638
224.976654
225.765732
226.552902
227.338120
228.121414
228.902786
229.682220
230.459717
231.235291
232.008926
232.780640
233.550430
234.318268
235.084183
235.848175
236.610229
237.370361
238.128555
238.884827
239.639160
240.391556
241.142029
241.890579
242.637177
243.381866
244.124619
244.865433
245.604324
246.341278
247.076294
247.809418
248.515396
249.169083
249.770462
250.319565
250.816360
251.260880
251.653091
251.993011
252.280640
252.515961
252.698990
252.829742
252.908188
252.934326
