0.977622
0.011189
0.011189
0.011189
0.977622
0.011189
0.011189
0.011189
0.977622
0.000000
1.234592
2.433887
3.597885
4.726587
5.819993
6.893893
7.964079
9.030551
10.093307
11.152350
12.207679
13.259294
14.307194
15.351379
16.391851
17.428610
18.461653
19.490982
20.516598
21.538498
22.556684
23.571157
24.581915
25.588959
26.592289
27.591904
28.587805
29.579992
30.568462
31.553221
32.534264
33.511597
34.485210
35.455112
36.421295
37.383770
38.342525
39.297569
40.248901
41.196518
42.140423
43.082275
44.026146
44.972229
45.920517
46.871014
47.823715
48.778625
49.735741
50.695065
51.656593
52.620331
53.586273
54.554428
55.524788
56.497353
57.472126
58.449100
59.428291
60.409683
61.393284
62.379093
63.367107
64.357330
65.349754
66.344391
67.341232
68.340286
69.341537
70.345001
71.350670
72.358543
73.368637
74.380920
75.395416
76.412132
77.431046
78.451920
79.473320
80.494995
81.516960
82.539192
83.561722
84.584518
85.607597
86.630959
87.654602
88.678528
89.702728
90.727211
91.751976
92.777016
93.802338
94.827942
95.853821
96.879982
97.906425
98.933159
99.960159
100.987442
102.015007
103.042854
104.070984
105.099380
106.128067
107.157028
108.186279
109.215805
110.245621
111.275703
112.306076
113.336716
114.367645
115.398636
116.425041
117.444931
118.458313
119.465202
120.465584
121.459457
122.446823
123.427689
124.402039
125.369896
126.331245
127.286087
128.234421
129.176254
130.111588
131.040405
131.962723
132.878540
133.787842
134.690643
135.586945
136.476730
137.360016
138.236801
139.107071
139.970840
140.828110
141.678864
142.523117
143.360886
144.192123
145.016861
145.835098
146.646820
147.452042
148.250763
149.047913
149.848389
150.652206
151.459366
152.269867
153.083725
153.900909
154.721436
155.545303
156.372513
157.203064
158.036957
158.874191
159.714767
160.558685
161.405945
162.256531
163.110474
163.967773
164.828369
165.692337
166.559662
167.430298
168.304291
169.181625
170.062286
170.946304
171.833649
172.724350
173.618378
174.515762
175.416489
176.320541
177.227951
178.138702
179.052780
179.970200
180.890961
181.815079
182.742523
183.673309
184.607437
185.544922
186.485733
187.429901
188.377380
189.328232
190.282410
191.239944
192.200806
193.165009
194.132538
195.103439
196.077652
197.055237
198.036133
199.020401
200.007980
200.998917
201.993195
202.990829
203.991776
204.996078
206.003723
207.014694
208.029022
209.046692
210.067703
211.092056
212.119736
213.150772
214.185150
215.222855
216.263901
217.308304
218.356049
219.407135
220.461548
221.519302
222.580414
223.644836
224.712646
225.783768
226.858231
227.936035
229.017197
230.101685
231.189499
232.280685
233.375214
234.473083
235.574249
236.678818
237.786682
238.897903
240.012482
241.130386
242.251617
243.376205
244.504135
245.635422
246.770020
247.907974
249.049271
250.193893
0.000000
0.984514
1.975689
2.973523
3.978017
4.989170
6.006983
7.031456
8.062588
9.100381
10.144833
11.195942
12.253714
13.313678
14.371374
15.426800
16.479956
17.530842
18.579458
19.625805
20.669880
21.711687
22.751225
23.788490
24.823486
25.856215
26.886671
27.914856
28.940775
29.964420
30.985798
32.004902
33.021744
34.036312
35.048607
36.058640
37.066395
38.071884
39.075100
40.076050
41.074730
42.071133
43.065273
44.057144
45.046734
46.034061
47.019127
48.002132
48.984406
49.966167
50.947414
51.928150
52.908367
53.888077
54.867271
55.845947
56.824116
57.801769
58.778904
59.755527
60.731640
61.707237
62.682320
63.656891
64.630943
65.604485
66.577522
67.550034
68.522034
69.493523
70.464500
71.434952
72.404900
73.374336
74.343254
75.311653
76.279549
77.246925
78.213791
79.180145
80.145981
81.111298
82.077660
83.046638
84.018227
84.992424
85.969223
86.948639
87.930649
88.915276
89.902504
90.892357
91.884796
92.879860
93.877518
94.877792
95.880676
96.886162
97.894257
98.904961
99.918266
100.934189
101.952721
102.973854
103.997589
105.023949
106.052902
107.084473
108.118645
109.155426
110.194824
111.236816
112.281418
113.328636
114.378464
115.430893
116.484947
117.534691
118.579140
119.618301
120.652176
121.680748
122.704033
123.722031
124.734726
125.742134
126.744247
127.741074
128.732605
129.718842
130.699799
131.675446
132.645813
133.610870
134.570663
135.525146
136.474335
137.418228
138.356842
139.290161
140.218185
141.140915
142.058350
142.970505
143.877365
144.778915
145.675201
146.566177
147.451859
148.332260
149.207352
150.080048
150.953201
151.826828
152.700897
153.575470
154.450470
155.325958
156.201889
157.078293
157.955170
158.832489
159.710312
160.588562
161.467285
162.346481
163.226151
164.106277
164.986862
165.867905
166.749435
167.631409
168.513870
169.396774
170.280151
171.164001
172.048309
172.933075
173.818314
174.704010
175.590179
176.476807
177.363907
178.251465
179.139481
180.027969
180.916931
181.806351
182.696228
183.586578
184.477386
185.368668
186.260391
187.152603
188.045288
188.938416
189.832001
190.726089
191.620605
192.515610
193.411072
194.306976
195.203369
196.100220
196.997543
197.895325
198.793564
199.692276
200.591446
201.491104
202.391205
203.291763
204.192810
205.094299
205.996277
206.898712
207.801605
208.704956
209.608795
210.513062
211.417831
212.323029
213.228714
214.134857
215.041473
215.948547
216.856094
217.764099
218.672577
219.581512
220.490906
221.400772
222.311096
223.221878
224.133148
225.044876
225.957062
226.869720
227.782822
228.696411
229.610458
230.524963
231.439926
232.355377
233.271271
234.187668
235.104477
236.021774
236.939560
237.857788
238.776489
239.695633
240.615250
241.535339
242.455902
243.376907
0.000000
1.564183
2.914578
4.051185
5.081667
6.113693
7.147262
8.182373
9.219027
10.257221
11.296959
12.338238
13.381062
14.425425
15.471332
16.518782
17.567772
18.618303
19.670380
20.723997
21.779160
22.835861
23.894106
24.953894
26.015224
27.078094
28.142508
29.208464
30.275965
31.345003
32.415585
33.487713
34.561378
35.636589
36.713341
37.791634
38.871216
39.950512
41.029266
42.107483
43.185154
44.262291
45.338879
46.414932
47.490444
48.565414
49.639843
50.713730
51.787079
52.859886
53.932152
55.003880
56.075066
57.145710
58.215809
59.285374
60.354397
61.422874
62.490814
63.558216
64.625076
65.691391
66.757172
67.822411
68.887100
69.951263
71.014877
72.077942
73.140472
74.202888
75.265656
76.328758
77.392197
78.455963
79.520073
80.584511
81.649292
82.714401
83.779846
84.845634
85.911751
86.978203
88.044991
89.112114
90.179573
91.247368
92.315498
93.383957
94.452766
95.521896
96.591362
97.661171
98.731316
99.801788
100.872604
101.943748
103.015228
104.087044
105.159203
106.231689
107.304520
108.377037
109.445503
110.509277
111.568359
112.622749
113.672447
114.717453
115.757767
116.793388
117.824310
118.850548
119.872093
120.888947
121.901108
122.908569
123.911346
124.909431
125.902817
126.891518
127.875526
128.854843
129.829453
130.799377
131.764618
132.725174
133.681015
134.632172
135.578644
136.520432
137.457504
138.389893
139.317596
140.240601
141.159637
142.075455
142.988052
143.897400
144.803513
145.706406
146.606064
147.502472
148.395676
149.285629
150.172363
151.055862
151.936142
152.813171
153.686981
154.557556
155.424896
156.289001
157.149887
158.007523
158.861954
159.713135
160.561081
161.405807
162.247299
163.085556
163.920593
164.752380
165.580948
166.406296
167.228394
168.047256
168.862915
169.675308
170.484497
171.290436
172.093140
172.892639
173.688889
174.481903
175.271698
176.058258
176.841583
177.621689
178.398544
179.172180
179.942566
180.709747
181.473694
182.234390
182.991852
183.746109
184.497131
185.244904
185.989456
186.730759
187.468872
188.203720
188.935349
189.663727
190.388885
191.110825
191.829514
192.544998
193.257233
193.966232
194.672012
195.374542
196.073853
196.769943
197.462784
198.152405
198.838806
199.521942
200.201859
200.878555
201.552017
202.222244
202.889252
203.553009
204.213531
204.870834
205.524918
206.175751
206.823364
207.467743
208.108887
208.746796
209.381485
210.012939
210.641144
211.266144
211.887909
212.506424
213.121719
213.733795
214.342621
214.948227
215.550598
216.149734
216.745636
217.338303
217.927765
218.513962
219.096939
219.676697
220.253220
220.826508
221.396561
221.963394
222.526978
223.087341
223.644470
224.198364
224.749039
225.296478
225.840668
226.381638
226.919388
227.453903
227.985184
228.513229
