0.993176
0.003412
0.003412
0.003412
0.993176
0.003412
0.003412
0.003412
0.993176
0.000000
0.695133
1.402004
2.120612
2.850957
3.593040
4.346860
5.112417
5.889711
6.678743
7.479513
8.292020
9.116263
9.952245
10.799964
11.659420
12.530613
13.413545
14.308212
15.214619
16.132761
17.062639
18.004257
18.957613
19.922703
20.899532
21.888100
22.888405
23.894188
24.899191
25.903419
26.906866
27.909534
28.911425
29.912537
30.912868
31.912424
32.911201
33.909199
34.906418
35.902855
36.898518
37.893398
38.887501
39.880829
40.873375
41.865143
42.856129
43.846344
44.835777
45.824432
46.812302
47.799397
48.785721
49.771255
50.756016
51.739998
52.723206
53.705627
54.687267
55.668137
56.648228
57.627533
58.606064
59.583820
60.560795
61.536991
62.512405
63.487045
64.460907
65.433983
66.406288
67.377808
68.348557
69.318520
70.287712
71.256119
72.223793
73.191887
74.160843
75.130676
76.101372
77.072952
78.045395
79.018707
79.992889
80.967949
81.943871
82.920670
83.898346
84.876884
85.856293
86.836571
87.817726
88.799751
89.782646
90.766411
91.751045
92.736565
93.722939
94.710182
95.698303
96.687302
97.677162
98.667892
99.659500
100.651978
101.645325
102.639534
103.634628
104.630585
105.627419
106.625122
107.623695
108.623131
109.623451
110.624634
111.626686
112.629608
113.633408
114.638077
115.643616
116.650032
117.657310
118.665459
119.674484
120.684380
121.694817
122.703804
123.711021
124.716454
125.720116
126.722000
127.722107
128.720428
129.716995
130.711777
131.704773
132.696014
133.685455
134.673126
135.659027
136.643143
137.625504
138.606064
139.584854
140.561874
141.537109
142.510574
143.482269
144.452179
145.420319
146.386673
147.351257
148.314072
149.275101
150.234360
151.191833
152.147537
153.101456
154.053619
155.003983
155.952591
156.899414
157.844452
158.787720
159.729218
160.668930
161.606873
162.543045
163.477432
164.410034
165.340881
166.269928
167.197220
168.122726
169.046448
169.968857
170.890976
171.812897
172.734604
173.656097
174.577362
175.498413
176.419266
177.339890
178.260284
179.180496
180.100464
181.020248
181.939804
182.859131
183.778259
184.697174
185.615860
186.534348
187.452606
188.370651
189.288483
190.206116
191.123520
192.040710
192.957687
193.874451
194.790985
195.707321
196.623444
197.539352
198.455032
199.370499
200.285767
201.200821
202.115631
203.030243
203.944641
204.858826
205.772812
206.686554
207.600098
208.513412
209.426529
210.339417
211.252106
212.164566
213.076813
213.988861
214.900696
215.820587
216.756882
217.709534
218.678574
219.663971
220.665756
221.683929
222.718460
223.769379
224.836685
225.920364
227.020416
228.136841
229.269638
230.418808
231.584381
232.766312
233.964615
235.179306
236.410385
237.657822
238.921631
240.201828
241.498413
242.811371
244.140686
245.486389
246.848480
248.226944
0.000000
1.151598
2.296721
3.435367
4.567537
5.693230
6.812447
7.925188
9.031453
10.131243
11.224555
12.311392
13.391751
14.465636
15.533042
16.593973
17.648430
18.696411
19.737913
20.772940
21.801491
22.823566
23.839165
24.852066
25.866066
26.881157
27.897337
28.914612
29.932978
30.952438
31.972990
32.994629
34.017365
35.041191
36.066109
37.092121
38.119225
39.147419
40.176704
41.207081
42.238556
43.271122
44.304771
45.339520
46.375355
47.412289
48.450314
49.489426
50.529636
51.570938
52.613331
53.656811
54.701385
55.747051
56.793812
57.841663
58.890606
59.940643
60.991772
62.043991
63.097084
64.149719
65.201675
66.252953
67.303558
68.353485
69.402733
70.451302
71.499199
72.546425
73.592964
74.638817
75.684006
76.728516
77.772346
78.815498
79.857979
80.899780
81.940903
82.981346
84.021118
85.060211
86.098625
87.136360
88.173416
89.209801
90.245506
91.280540
92.314888
93.348564
94.381561
95.413887
96.445526
97.476486
98.506783
99.536392
100.565331
101.593582
102.621216
103.648270
104.674744
105.700653
106.725983
107.750732
108.774910
109.798515
110.821541
111.843987
112.865868
113.887169
114.907890
115.928040
116.947617
117.966614
118.985039
120.002892
121.020164
122.036858
123.052979
124.068527
125.083496
126.097893
127.111710
128.124954
129.137619
130.149719
131.161240
132.172165
133.182556
134.192337
135.201553
136.210190
137.218246
138.225739
139.232666
140.238876
141.243759
142.247162
143.249100
144.249588
145.248611
146.246155
147.242249
148.236877
149.230026
150.221725
151.211975
152.200745
153.188049
154.173889
155.158264
156.141174
157.122635
158.102615
159.081131
160.058182
161.033783
162.007904
162.980560
163.951782
164.921509
165.889786
166.856583
167.821930
168.785812
169.748230
170.709183
171.668655
172.626678
173.583252
174.538345
175.491974
176.444138
177.393417
178.338348
179.278976
180.215256
181.147186
182.074814
182.998108
183.917068
184.831680
185.741974
186.647934
187.549576
188.446869
189.339844
190.228500
191.112793
191.992767
192.868423
193.739746
194.606720
195.469391
196.327713
197.181717
198.031372
198.876709
199.717712
200.554382
201.386734
202.214737
203.038406
203.857773
204.672775
205.483475
206.289841
207.091858
207.889557
208.682922
209.471954
210.256653
211.037033
211.813065
212.584793
213.352173
214.115234
214.873947
215.628342
216.378387
217.124115
217.865524
218.602570
219.335327
220.063736
220.787811
221.507553
222.222961
222.934036
223.640793
224.343216
225.041306
225.735062
226.424500
227.109589
227.790359
228.466797
229.138901
229.806686
230.470123
231.129242
231.784027
232.434464
233.080597
233.722382
234.359848
234.992981
235.621765
236.246246
236.866379
237.482193
238.093674
238.700821
239.303635
239.902115
240.496277
0.000000
2.030640
3.930820
5.700540
7.339800
8.848600
10.226941
11.535556
12.835180
14.125813
15.407455
16.680105
17.943766
19.198435
20.444113
21.680801
22.908497
24.127201
25.336916
26.537640
27.729370
28.912109
30.085859
31.250618
32.406391
33.553165
34.690948
35.819748
36.939552
38.050365
39.152184
40.245014
41.331200
42.424786
43.528114
44.641193
45.764015
46.896587
48.038898
49.190964
50.352772
51.524323
52.705624
53.896664
55.097458
56.307991
57.528275
58.758308
59.998081
61.247604
62.506866
63.775883
65.054634
66.343140
67.641396
68.949387
70.267128
71.594620
72.921982
74.239319
75.546661
76.844002
78.131325
79.408638
80.675957
81.933258
83.180557
84.417847
85.645126
86.862396
88.069656
89.266914
90.454163
91.631409
92.798637
93.955864
95.103081
96.240295
97.367493
98.484688
99.591881
100.689056
101.776230
102.854332
103.929008
105.001175
106.070854
107.138031
108.202713
109.264900
110.324593
111.381790
112.436493
113.488693
114.538399
115.585617
116.630333
117.672546
118.712273
119.749504
120.784241
121.816467
122.846214
123.873459
124.898209
125.920464
126.940216
127.957481
128.972260
129.982468
130.986084
131.983109
132.973526
133.957352
134.934586
135.905212
136.869247
137.826675
138.777527
139.721756
140.659393
141.590439
142.514862
143.432709
144.343948
145.248611
146.146652
147.038101
147.922943
148.801208
149.672852
150.537918
151.396378
152.248230
153.093491
153.932159
154.764221
155.589691
156.408554
157.220840
158.026505
158.825577
159.618057
160.403931
161.183197
161.955887
162.721970
163.481461
164.234329
164.980621
165.720306
166.453415
167.179901
167.899796
168.613098
169.319794
170.019882
170.713394
171.400284
172.080612
172.754303
173.421417
174.081924
174.735840
175.383148
176.023865
176.657990
177.285507
177.906418
178.520737
179.128464
179.729599
180.324127
180.912048
181.493378
182.068115
182.636261
183.197769
183.752731
184.301056
184.842804
185.377945
185.906479
186.428436
186.943802
187.452545
187.954697
188.450241
188.939194
189.421555
189.897324
190.366470
190.829041
191.285004
191.734375
192.177139
192.613312
193.042877
193.465866
193.882233
194.291992
194.695175
195.091751
195.481735
195.865128
196.241898
196.612091
196.975677
197.332672
197.683060
198.026855
198.364059
198.694656
199.018631
199.336060
199.646851
199.951050
200.248642
200.539673
200.824081
201.101883
201.373093
201.637695
201.895721
202.147141
202.391968
202.630173
202.861816
203.086823
203.305267
203.517075
203.722321
203.920959
204.112976
204.298431
204.477249
204.649490
204.815125
204.974167
205.126617
205.272461
205.411713
205.544357
205.670410
205.789856
205.902710
206.008957
206.108627
206.201675
206.288147
206.368027
206.441284
206.507950
206.568008
206.621475
206.668350
