0.973148
0.013426
0.013426
0.013426
0.973148
0.013426
0.013426
0.013426
0.973148
0.000000
1.198623
2.384888
3.558792
4.720338
5.869524
7.006350
8.130817
9.242927
10.342672
11.430062
12.505091
13.567761
14.618071
15.656022
16.681614
17.694849
18.702223
19.710251
20.718929
21.728260
22.738241
23.748875
24.760155
25.772091
26.784674
27.797911
28.811794
29.826332
30.841520
31.857357
32.873844
33.890987
34.908779
35.927219
36.946312
37.966053
38.986446
40.007496
41.029190
42.051537
43.074535
44.098183
45.122482
46.147430
47.173031
48.199284
49.226189
50.253738
51.281940
52.310799
53.340305
54.370457
55.401268
56.432724
57.464836
58.497601
59.531006
60.565067
61.599781
62.635147
63.671154
64.707825
65.745132
66.782623
67.819107
68.854538
69.888916
70.922226
71.954491
72.985695
74.015839
75.044937
76.072975
77.099960
78.125885
79.150757
80.174568
81.197327
82.219032
83.239677
84.259270
85.277809
86.295288
87.311707
88.327080
89.341393
90.354652
91.366852
92.377998
93.388084
94.397118
95.405098
96.412010
97.417877
98.422699
99.426453
100.429161
101.430801
102.431374
103.430923
104.429390
105.426811
106.423180
107.418488
108.412743
109.405930
110.398079
111.389160
112.379196
113.368164
114.356194
115.343925
116.331474
117.318832
118.306015
119.292999
120.279800
121.266426
122.252853
123.239105
124.225166
125.211044
126.196732
127.182236
128.167557
129.152695
130.137634
131.122406
132.106979
133.091370
134.075577
135.059586
136.043427
137.027084
138.010544
138.993820
139.976898
140.959824
141.942535
142.925079
143.907410
144.889587
145.871552
146.853348
147.834961
148.816376
149.797607
150.778656
151.759521
152.740204
153.720688
154.701004
155.681122
156.661057
157.640808
158.620361
159.599747
160.578918
161.557144
162.534180
163.510010
164.484619
165.458038
166.430222
167.401215
168.370987
169.339569
170.306931
171.273087
172.238037
173.201767
174.164291
175.125626
176.085724
177.044632
178.002335
178.958817
179.914093
180.868164
181.821030
182.772690
183.723129
184.672363
185.620407
186.567215
187.512817
188.457230
189.400421
190.342407
191.283188
192.222748
193.161118
194.098267
195.034210
195.968948
196.902466
197.834793
198.765900
199.695801
200.624496
201.551971
202.478256
203.403336
204.327179
205.249832
206.171921
207.094055
208.016251
208.938507
209.860809
210.783188
211.705612
212.628098
213.550644
214.473251
215.395905
216.318634
217.241425
218.164261
219.087158
220.010132
220.933136
221.856216
222.779343
223.702545
224.625793
225.549103
226.472488
227.395905
228.319397
229.242950
230.166550
231.090210
232.013947
232.937714
233.861572
234.785461
235.709427
236.633438
237.557526
238.481644
239.405853
240.330109
241.254425
242.178787
243.103226
244.027710
244.952255
245.876877
246.801529
247.726257
248.651047
249.575882
250.500778
251.425751
0.000000
1.025221
2.055214
3.089980
4.129519
5.173832
6.222919
7.276778
8.335409
9.398814
10.466994
11.539947
12.617671
13.700169
14.787442
15.879487
16.976303
18.077896
19.184261
20.291981
21.397646
22.501255
23.602806
24.702301
25.799740
26.895123
27.988447
29.079714
30.168926
31.256081
32.341179
33.424213
34.505199
35.584126
36.660995
37.735813
38.808563
39.879261
40.947906
42.014488
43.079018
44.141495
45.201908
46.260269
47.316566
48.370811
49.422997
50.473133
51.521206
52.567223
53.611183
54.653088
55.692932
56.730724
57.766457
58.800133
59.831749
60.861317
61.888817
62.914268
63.937664
64.959000
65.978279
66.995499
68.010666
69.024147
70.036880
71.048912
72.060242
73.070862
74.080780
75.089981
76.098488
77.106277
78.113365
79.119751
80.125420
81.130386
82.134651
83.138206
84.141060
85.143204
86.144638
87.145370
88.145393
89.144707
90.143326
91.141228
92.138420
93.134911
94.130699
95.125778
96.120148
97.113823
98.106773
99.099030
100.090576
101.081413
102.071548
103.060982
104.049706
105.037720
106.025024
107.011627
107.997520
108.982712
109.967194
110.950974
111.934044
112.916405
113.898071
114.879112
115.860107
116.841148
117.822220
118.803345
119.784508
120.765709
121.746956
122.728249
123.709572
124.690948
125.672363
126.653824
127.635315
128.616867
129.598450
130.580063
131.561737
132.543457
133.525208
134.507004
135.488831
136.470703
137.452637
138.434601
139.416595
140.398651
141.380753
142.362869
143.345047
144.327255
145.309525
146.291809
147.274155
148.256546
149.238968
150.221436
151.203949
152.186493
153.169098
154.151733
155.134415
156.117126
157.099899
158.082703
159.065567
160.048431
161.031021
162.013245
162.995071
163.976501
164.957550
165.938202
166.918457
167.898331
168.877823
169.856903
170.835617
171.813904
172.791824
173.769363
174.746475
175.723221
176.699585
177.675552
178.651123
179.626282
180.601089
181.575470
182.549484
183.523102
184.496338
185.469162
186.441605
187.413651
188.385315
189.356583
190.327469
191.297958
192.268036
193.237747
194.207062
195.175995
196.144531
197.112656
198.080429
199.047791
200.014740
200.981323
201.947525
202.913300
203.878723
204.843719
205.808624
206.773682
207.738892
208.704254
209.669769
210.635452
211.601288
212.567261
213.533401
214.499695
215.466141
216.432755
217.399506
218.366425
219.333481
220.300720
221.268097
222.235641
223.203323
224.171173
225.139175
226.107346
227.075653
228.044113
229.012741
229.981506
230.950455
231.919540
232.888779
233.858185
234.827728
235.797440
236.767303
237.737335
238.707504
239.677826
240.648315
241.618958
242.589737
243.560699
244.531799
245.503067
246.474487
247.446060
248.417786
249.389679
250.361710
251.333893
252.306244
253.278748
254.251404
255.000000
0.000000
1.278107
2.540994
3.788659
5.021104
6.238328
7.440332
8.627114
9.798676
10.955019
12.096140
13.222040
14.332721
15.428179
16.508417
17.581865
18.656958
19.733692
20.812069
21.892088
22.973751
24.057056
25.142002
26.228592
27.316826
28.406702
29.498219
30.591377
31.686180
32.782627
33.880711
34.980446
36.081814
37.184830
38.289490
39.395794
40.503735
41.613316
42.724545
43.837418
44.951931
46.068085
47.185883
48.305325
49.426411
50.549133
51.673500
52.799511
53.927170
55.056461
56.187401
57.319984
58.454205
59.590073
60.727581
61.865997
63.000927
64.131638
65.258125
66.380386
67.498421
68.612251
69.721840
70.827217
71.928375
73.025307
74.118019
75.206505
76.290771
77.370819
78.446640
79.518242
80.585625
81.648781
82.707718
83.762428
84.812920
85.859200
86.901245
87.939072
88.972672
90.002052
91.027214
92.048164
93.064873
94.077370
95.085640
96.089699
97.089523
98.085121
99.076515
100.063675
101.046623
102.025345
102.999840
103.970116
104.939110
105.909805
106.882172
107.856209
108.831940
109.809341
110.788429
111.769196
112.751640
113.735771
114.721573
115.709068
116.698227
117.689079
118.681602
119.675812
120.671700
121.669266
122.668510
123.669441
124.672050
125.676331
126.682297
127.689941
128.699280
129.710297
130.722977
131.737350
132.753387
133.771118
134.790527
135.811615
136.834396
137.858841
138.884964
139.912781
140.942261
141.973434
143.006302
144.040817
145.076569
146.110809
147.143066
148.173355
149.201675
150.227997
151.252365
152.274734
153.295151
154.313583
155.330048
156.344513
157.357025
158.367554
159.376114
160.382690
161.387299
162.389923
163.390579
164.389252
165.385956
166.380707
167.373444
168.364227
169.353027
170.339859
171.324707
172.307587
173.288483
174.267410
175.244370
176.219345
177.192337
178.163361
179.132416
180.099487
181.064590
182.027710
182.988846
183.948044
184.905228
185.861664
186.818558
187.775909
188.733734
189.692001
190.650742
191.609940
192.569611
193.529709
194.490295
195.451324
196.412827
197.374786
198.337204
199.300064
200.263397
201.227188
202.191437
203.156158
204.121323
205.086960
206.053055
207.019592
207.986618
208.954071
209.921997
210.890381
211.859238
212.828537
213.798309
214.768539
215.739227
216.710373
217.681976
218.654037
219.626572
220.599548
221.572998
222.546906
223.521255
224.496094
225.471359
226.447098
227.423294
228.399963
229.377090
230.354660
231.332718
232.311203
233.290176
234.269592
235.249466
236.229797
237.210602
238.191849
239.173569
240.155746
241.138367
242.121475
243.105026
244.089035
245.073502
246.058441
247.043839
248.029678
249.015991
250.002762
250.990005
251.977707
252.965836
253.954453
254.943527
255.000000
255.000000
255.000000
255.000000
255.000000
255.000000
255.000000
