0.968567
0.015716
0.015716
0.015716
0.968567
0.015716
0.015716
0.015716
0.968567
0.000000
0.998331
2.013253
3.044765
4.092868
5.157562
6.238845
7.336719
8.451182
9.582237
10.729882
11.883319
13.031757
14.175193
15.313626
16.447058
17.575489
18.698917
19.817347
20.930771
22.039194
23.142616
24.241039
25.334457
26.422874
27.506287
28.584703
29.658112
30.726522
31.789930
32.848335
33.901741
34.950150
35.993549
37.031952
38.065346
39.093742
40.117138
41.135529
42.148922
43.157314
44.160698
45.159084
46.152470
47.140846
48.124233
49.102612
50.075985
51.044369
52.008312
52.971207
53.933628
54.895573
55.857044
56.818035
57.778553
58.738594
59.698154
60.657242
61.615856
62.573990
63.531647
64.488831
65.445534
66.401764
67.357521
68.312798
69.267593
70.221916
71.175766
72.129143
73.082031
74.034454
74.986397
75.937859
76.888855
77.839371
78.789406
79.738968
80.688049
81.636658
82.584793
83.532448
84.479630
85.426331
86.372559
87.318314
88.263580
89.209282
90.156303
91.104660
92.054344
93.005371
93.957710
94.911385
95.866386
96.822716
97.780373
98.739365
99.699684
100.661324
101.624298
102.588608
103.554237
104.521202
105.489494
106.459114
107.430061
108.402336
109.375946
110.350883
111.327141
112.304733
113.283653
114.263908
115.245491
116.228401
117.212631
118.198196
119.185097
120.173317
121.162865
122.153748
123.145966
124.139503
125.134369
126.129791
127.121155
128.107666
129.089340
130.066162
131.038162
132.005310
132.967621
133.925079
134.877701
135.825485
136.768433
137.706528
138.639786
139.568192
140.491776
141.410507
142.324402
143.233444
144.137665
145.037033
145.931549
146.821228
147.706085
148.586090
149.461243
150.331558
151.197052
152.057693
152.913483
153.764435
154.610535
155.451797
156.288239
157.119843
157.946579
158.768478
159.585541
160.397751
161.207123
162.015656
162.823349
163.630173
164.436172
165.241318
166.045624
166.849075
167.651688
168.453461
169.254364
170.054428
170.853668
171.652039
172.449570
173.246262
174.042099
174.837097
175.631241
176.424545
177.217010
178.008606
178.799377
179.589294
180.378357
181.166580
181.953964
182.740494
183.526184
184.311020
185.095016
185.878174
186.660477
187.441925
188.222534
189.002304
189.781204
190.559296
191.336517
192.112885
192.888428
193.663116
194.436951
195.209930
195.982101
196.753403
197.523865
198.293457
199.062225
199.830154
200.597229
201.363449
202.128815
202.893372
203.657028
204.419876
205.181870
205.943024
206.703323
207.462784
208.221405
208.979172
209.736084
210.492172
211.247391
212.001770
212.755295
213.507996
214.259827
215.010818
215.760971
216.510284
217.258743
218.006348
218.753113
219.499039
220.244095
220.988327
221.731705
222.474243
223.215942
223.956772
224.696777
225.435913
226.174225
226.911682
227.648300
228.384064
229.118988
229.853058
230.586273
0.000000
0.693227
1.431450
2.214668
3.042881
3.916088
4.834292
5.797491
6.805685
7.858874
8.957058
10.100237
11.288412
12.521581
13.799747
15.122907
16.461924
17.787661
19.100121
20.399298
21.685198
22.957815
24.217154
25.463213
26.695992
27.915491
29.121710
30.314650
31.494310
32.660686
33.813786
34.953606
36.080151
37.193409
38.293388
39.380093
40.453510
41.513649
42.560509
43.594090
44.614391
45.621414
46.615154
47.595615
48.562794
49.516693
50.457317
51.384659
52.298729
53.199509
54.087013
54.961231
55.822174
56.678543
57.539055
58.403706
59.272499
60.145435
61.022507
61.903721
62.789074
63.678566
64.572197
65.469978
66.371887
67.277946
68.188141
69.102470
70.020950
70.943558
71.870316
72.801216
73.736252
74.675423
75.618736
76.566193
77.517792
78.473526
79.433411
80.397423
81.365578
82.337883
83.314316
84.294891
85.279610
86.268471
87.261467
88.258606
89.259888
90.265297
91.273407
92.282730
93.293289
94.305069
95.318085
96.332314
97.347778
98.364471
99.382393
100.401527
101.421898
102.443497
103.466324
104.490372
105.515648
106.542152
107.569885
108.598839
109.629028
110.660446
111.693077
112.726936
113.762039
114.798363
115.835899
116.874680
117.914680
118.955902
119.998360
121.042030
122.086945
123.133080
124.180435
125.229027
126.278839
127.329880
128.382141
129.432159
130.476456
131.515015
132.547852
133.574936
134.596298
135.611938
136.621857
137.626038
138.624481
139.617203
140.604187
141.585449
142.560974
143.530792
144.494858
145.453201
146.405807
147.352692
148.293854
149.229263
150.158966
151.082932
152.001160
152.913681
153.820450
154.721481
155.616806
156.506378
157.390244
158.268372
159.140762
160.007431
160.868378
161.723572
162.573059
163.416809
164.256668
165.094574
165.930481
166.764389
167.596313
168.426254
169.254181
170.080139
170.904099
171.726059
172.546036
173.364014
174.180008
174.994003
175.806015
176.616028
177.424057
178.230087
179.034149
179.836182
180.636246
181.434326
182.230392
183.024475
183.816574
184.606674
185.394791
186.180923
186.965042
187.747177
188.527344
189.305496
190.081650
190.855820
191.628006
192.398193
193.166397
193.932617
194.696823
195.459045
196.219284
196.977524
197.733780
198.488037
199.240295
199.990585
200.738861
201.485168
202.229462
202.971771
203.712097
204.450424
205.186768
205.921097
206.653458
207.383835
208.112198
208.838593
209.562973
210.285370
211.005783
211.724197
212.440628
213.155060
213.867493
214.577957
215.286423
215.992874
216.697357
217.399841
218.100327
218.798843
219.495346
220.189865
220.882385
221.572937
222.261475
222.948029
223.632599
224.315170
224.995743
225.674347
226.350937
227.025558
227.698166
228.368774
229.037415
229.704056
230.368713
231.031372
231.692032
232.350723
0.000000
0.958117
1.950312
2.976587
4.036941
5.131373
6.259884
7.422475
8.619144
9.849893
11.114719
12.392742
13.663081
14.925732
16.180700
17.427982
18.667576
19.899485
21.123709
22.340248
23.549099
24.750267
25.943747
27.129543
28.307655
29.478079
30.640818
31.795870
32.943237
34.082916
35.214912
36.339222
37.455849
38.564789
39.666042
40.759605
41.845490
42.923687
43.994194
45.057022
46.112156
47.159611
48.199375
49.234314
50.267277
51.298267
52.327278
53.354317
54.379375
55.402466
56.423580
57.442715
58.459877
59.475067
60.488277
61.499519
62.508781
63.516068
64.521385
65.524727
66.526085
67.525475
68.522896
69.518326
70.511787
71.503281
72.492790
73.480339
74.465897
75.449486
76.431107
77.410744
78.388412
79.364098
80.337814
81.312111
82.289551
83.270126
84.253853
85.240723
86.230728
87.223877
88.220169
89.219597
90.222176
91.227890
92.236755
93.248749
94.263893
95.282173
96.303596
97.328171
98.355873
99.386726
100.420723
101.457855
102.498131
103.541550
104.588112
105.637810
106.690651
107.746635
108.805763
109.868034
110.933441
112.001991
113.073685
114.143013
115.204445
116.257996
117.303673
118.341469
119.371368
120.393394
121.407532
122.413788
123.412163
124.402649
125.385254
126.359978
127.326813
128.285767
129.236847
130.180023
131.115341
132.042755
132.962296
133.873947
134.777725
135.673599
136.561615
137.441742
138.313980
139.178329
140.034805
140.883377
141.724091
142.556900
143.381836
144.201675
145.019073
145.834076
146.646698
147.456924
148.264740
149.070175
149.873230
150.673874
151.472122
152.268005
153.061462
153.852524
154.641220
155.427505
156.211380
156.992874
157.771988
158.548691
159.322998
160.094925
160.864456
161.631592
162.396332
163.158676
163.918625
164.676193
165.431335
166.184113
166.934494
167.682480
168.428055
169.171249
169.912048
170.650452
171.386475
172.120087
172.851318
173.580139
174.306595
175.030624
175.752274
176.471527
177.188385
177.902847
178.614929
179.324615
180.031891
180.736786
181.439285
182.139389
182.837097
183.532410
184.225327
184.915863
185.603989
186.289734
186.973083
187.654037
188.332596
189.008759
189.682526
190.353897
191.022888
191.689484
192.353668
193.015472
193.674881
194.331894
194.986511
195.638733
196.288574
196.936020
197.581055
198.223709
198.863953
199.501816
200.137299
200.770355
201.401047
202.029327
202.655228
203.278732
203.899826
204.518539
205.134857
205.748779
206.360306
206.969437
207.576172
208.180527
208.782471
209.382034
209.979202
210.573975
211.166336
211.756348
212.343918
212.929108
213.511932
214.092331
214.670349
215.245956
215.819183
216.390030
216.958466
217.524506
218.088150
218.649414
219.208282
219.764755
220.318817
220.870499
221.419785
221.966675
222.511185
223.053284
