0.957423
0.021288
0.021288
0.021288
0.957423
0.021288
0.021288
0.021288
0.957423
0.000000
1.175816
2.323156
3.442022
4.532412
5.594326
6.642046
7.689854
8.737749
9.785730
10.833800
11.881955
12.930199
13.978528
15.026946
16.075451
17.124043
18.172720
19.221485
20.270340
21.319279
22.368303
23.417418
24.466618
25.515905
26.565285
27.614744
28.664293
29.713928
30.763653
31.813465
32.863361
33.913349
34.963413
36.013573
37.063820
38.114155
39.164570
40.215076
41.265671
42.316353
43.367126
44.417980
45.468922
46.519951
47.571064
48.622269
49.673561
50.724937
51.776402
52.827953
53.879589
54.931320
55.982590
57.032894
58.082222
59.130566
60.177937
61.224327
62.269745
63.314178
64.357643
65.400124
66.441620
67.482155
68.521698
69.560272
70.597870
71.634483
72.670128
73.704788
74.738472
75.771179
76.802910
77.833656
78.863434
79.892227
80.920044
81.946892
82.972748
83.997643
85.021545
86.044479
87.066429
88.087402
89.107407
90.126419
91.144463
92.161530
93.177620
94.192726
95.206863
96.220016
97.232193
98.243393
99.253616
100.262863
101.271133
102.278427
103.284737
104.289200
105.290932
106.289932
107.286209
108.279755
109.270584
110.258675
111.244049
112.226685
113.206596
114.183784
115.158241
116.129967
117.098969
118.065247
119.028793
119.989609
120.947708
121.903069
122.855705
123.805618
124.752800
125.697258
126.638985
127.577988
128.514252
129.447800
130.378616
131.306717
132.232071
133.154709
134.074600
134.991791
135.906250
136.817963
137.726974
138.633240
139.536774
140.437592
141.335678
142.231033
143.123672
144.013580
144.900757
145.785202
146.666931
147.545914
148.423096
149.299347
150.174713
151.049149
151.922684
152.795303
153.667023
154.537811
155.407715
156.276688
157.144760
158.011917
158.878174
159.743515
160.607941
161.471466
162.334076
163.195770
164.056564
164.916443
165.775406
166.633469
167.490601
168.346848
169.202164
170.056595
170.910080
171.762680
172.614365
173.465149
174.315002
175.163971
176.012009
176.859146
177.705368
178.550690
179.395081
180.238571
181.081146
181.922821
182.763580
183.603439
184.442383
185.280396
186.117523
186.953735
187.789017
188.630920
189.486862
190.356873
191.240936
192.139069
193.051254
193.977524
194.917847
195.872223
196.840683
197.823196
198.819778
199.830414
200.855118
201.893890
202.946732
204.013626
205.094589
206.189606
207.298691
208.421860
209.559067
210.710358
211.875687
213.055099
214.248581
215.456116
216.677719
217.913376
219.163101
220.426895
221.704758
222.996674
224.302658
225.622711
226.956818
228.304993
229.667236
231.043533
232.433914
233.838333
235.256821
236.689392
238.136002
239.596695
241.071442
242.560257
244.063141
245.580078
247.111069
248.656143
250.215286
251.788467
253.375732
254.977066
255.000000
255.000000
255.000000
255.000000
255.000000
255.000000
255.000000
0.000000
0.927898
1.875586
2.843063
3.830330
4.837387
5.864232
6.910868
7.977293
9.053714
10.130337
11.207163
12.284192
13.361423
14.438856
15.516491
16.594330
17.672369
18.750612
19.829058
20.907705
21.986555
23.065607
24.144861
25.224319
26.303978
27.383839
28.463903
29.544170
30.624640
31.705313
32.786186
33.867264
34.948540
36.030025
37.111706
38.193592
39.275681
40.357971
41.440464
42.523159
43.606056
44.689152
45.772453
46.855961
47.939667
49.023579
50.107693
51.192013
52.276527
53.361248
54.446163
55.531288
56.616615
57.702145
58.787876
59.873814
60.959644
62.043621
63.125446
64.205109
65.282616
66.357971
67.431168
68.502205
69.571091
70.637817
71.702385
72.764793
73.825050
74.883148
75.939095
76.992882
78.044518
79.093987
80.141304
81.186462
82.229462
83.270309
84.308998
85.345535
86.379906
87.412125
88.442192
89.470100
90.495842
91.519440
92.540871
93.560158
94.577278
95.592247
96.605057
97.615707
98.624191
99.630547
100.634727
101.636757
102.636627
103.634331
104.629890
105.623299
106.614532
107.603630
108.590561
109.575325
110.557938
111.538391
112.516685
113.492798
114.466743
115.438530
116.408134
117.375580
118.340858
119.303970
120.264908
121.223679
122.180275
123.134712
124.086975
125.037079
125.985008
126.930771
127.874359
128.815781
129.755035
130.692139
131.627045
132.559799
133.490372
134.418793
135.345032
136.269104
137.191025
138.110764
139.028336
139.943741
140.856979
141.768036
142.676926
143.583664
144.488235
145.390625
146.290863
147.188904
148.084808
148.978516
149.870071
150.759460
151.646667
152.531723
153.414597
154.295319
155.173859
156.050552
156.927414
157.804764
158.682602
159.560913
160.439713
161.319000
162.198792
163.079056
163.959808
164.841034
165.722763
166.604980
167.487671
168.370850
169.254517
170.138672
171.023315
171.908447
172.794052
173.680161
174.566742
175.453812
176.341370
177.229416
178.117950
179.006973
179.896469
180.786453
181.676926
182.567886
183.459335
184.351288
185.243713
186.136612
187.030014
187.923889
188.818253
189.713104
190.608444
191.504272
192.400574
193.297379
194.194656
195.092422
195.990692
196.889435
197.788666
198.688370
199.595657
200.517548
201.454086
202.405228
203.371002
204.351395
205.346420
206.356079
207.380341
208.419235
209.472778
210.540924
211.623703
212.721115
213.833145
214.959793
216.101074
217.256973
218.427505
219.612671
220.812439
222.026855
223.255890
224.499557
225.757828
227.030746
228.318283
229.620453
230.937225
232.268646
233.614685
234.975342
236.350632
237.740555
239.145096
240.564255
241.998047
243.446457
244.909500
246.387177
247.879471
249.386398
250.907928
252.444107
253.994888
255.000000
255.000000
255.000000
255.000000
255.000000
255.000000
255.000000
255.000000
0.000000
1.061963
2.144453
3.247469
4.371012
5.515081
6.679677
7.854496
9.029241
10.203908
11.378500
12.553014
13.727454
14.901817
16.076101
17.250311
18.424446
19.598505
20.772482
21.946388
23.120216
24.293966
25.467640
26.641241
27.814766
28.988211
30.161581
31.334875
32.508087
33.681229
34.854294
36.027279
37.200195
38.373028
39.545788
40.718472
41.891075
43.063606
44.236057
45.408432
46.580738
47.752960
48.925110
50.097183
51.269176
52.441097
53.612938
54.784702
55.956390
57.127483
58.294903
59.458130
60.617165
61.771999
62.922653
64.069107
65.211365
66.349434
67.483307
68.612991
69.738480
70.859779
71.976875
73.089783
74.198502
75.303024
76.403351
77.499496
78.591431
79.679184
80.762741
81.842110
82.917282
83.988258
85.055046
86.117630
87.176033
88.230240
89.280251
90.326073
91.367691
92.405128
93.438370
94.467415
95.492264
96.512932
97.529396
98.541672
99.549751
100.553642
101.553337
102.548836
103.541122
104.531166
105.518974
106.504547
107.487877
108.468971
109.447830
110.424446
111.398819
112.370964
113.340866
114.308533
115.273956
116.237137
117.198090
118.156792
119.113274
120.067497
121.019493
121.969254
122.916771
123.862053
124.805092
125.745895
126.684456
127.620789
128.554871
129.486710
130.416321
131.343689
132.268829
133.191727
134.112396
135.030807
135.946976
136.860916
137.772629
138.682083
139.589310
140.494293
141.397049
142.297562
143.196136
144.094559
144.993103
145.891800
146.790649
147.689621
148.588745
149.488007
150.387421
151.286972
152.186646
153.086472
153.986450
154.886566
155.786804
156.687210
157.587738
158.488419
159.389236
160.290207
161.191299
162.092545
162.993927
163.895447
164.797119
165.698929
166.600876
167.502975
168.405197
169.307571
170.210083
171.112747
172.015549
172.918488
173.821579
174.724792
175.628159
176.531677
177.435303
178.339096
179.243042
180.147095
181.051315
181.958038
182.869659
183.786163
184.707565
185.633850
186.565033
187.501099
188.442078
189.387924
190.338669
191.294312
192.254822
193.220245
194.190536
195.165741
196.145813
197.130798
198.120651
199.115417
200.115051
201.119583
202.129013
203.143326
204.162537
205.186630
206.215622
207.249496
208.288269
209.331924
210.380463
211.433914
212.492249
213.555450
214.623566
215.696564
216.774460
217.857239
218.944916
220.037476
221.134918
222.237274
223.344513
224.456635
225.573639
226.695526
227.822342
228.954010
230.090591
231.232056
232.378418
233.529663
234.685806
235.846817
237.012741
238.183548
239.359253
240.539825
241.725311
242.915680
244.110947
245.311081
246.516113
247.726044
248.940872
250.160583
251.385178
252.614670
253.849060
255.000000
255.000000
255.000000
255.000000
255.000000
255.000000
255.000000
255.000000
255.000000
255.000000
255.000000
