0.995498
0.002251
0.002251
0.002251
0.995498
0.002251
0.002251
0.002251
0.995498
0.000000
1.162359
2.318674
3.468945
4.613171
5.751351
6.883487
8.009580
9.129627
10.244444
11.354852
12.460847
13.562430
14.659602
15.752362
16.840712
17.924644
19.004171
20.079283
21.149984
22.216272
23.278151
24.335615
25.388668
26.437311
27.481539
28.521358
29.556763
30.587759
31.614340
32.636509
33.654270
34.667618
35.676552
36.681076
37.681187
38.676888
39.668175
40.655052
41.637516
42.615570
43.589207
44.559978
45.531631
46.504341
47.478107
48.452930
49.428806
50.405743
51.383739
52.362785
53.342896
54.324059
55.306274
56.289555
57.273891
58.259281
59.245728
60.233231
61.221790
62.211411
63.202084
64.193817
65.186607
66.180450
67.175346
68.171303
69.168327
70.166397
71.165527
72.165710
73.166954
74.169250
75.172615
76.177017
77.182510
78.189148
79.196960
80.205956
81.216110
82.227440
83.239944
84.253624
85.268471
86.284492
87.301689
88.320061
89.339600
90.360313
91.382202
92.405258
93.429489
94.454887
95.481468
96.509216
97.538139
98.568230
99.599495
100.631935
101.665550
102.700333
103.736290
104.773422
105.811722
106.851196
107.891846
108.933662
109.976662
111.020737
112.064285
113.106606
114.147713
115.187599
116.226265
117.263710
118.299927
119.334938
120.368721
121.401283
122.432625
123.462753
124.491653
125.519341
126.545807
127.571053
128.595078
129.617889
130.639465
131.659836
132.678986
133.696899
134.713608
135.729095
136.743362
137.756409
138.768250
139.778839
140.788239
141.796402
142.803360
143.809082
144.813583
145.816391
146.816971
147.815369
148.811554
149.805527
150.797318
151.786896
152.774277
153.759460
154.742447
155.723206
156.701767
157.678131
158.652313
159.624268
160.594025
161.561584
162.526932
163.490082
164.451019
165.409775
166.366318
167.320663
168.272797
169.222733
170.170471
171.115997
172.059326
173.000443
173.939377
174.876083
175.810608
176.742920
177.673035
178.600952
179.526657
180.450165
181.371460
182.290558
183.207458
184.122147
185.034637
185.944931
186.853012
187.758896
188.662582
189.564056
190.463333
191.360413
192.255280
193.147949
194.038406
194.926682
195.812729
196.696594
197.578262
198.457718
199.334961
200.210007
201.082855
201.953491
202.821930
203.688171
204.552200
205.414047
206.273682
207.131088
207.986328
208.839340
209.690170
210.538803
211.385208
212.229416
213.071426
213.911224
214.748840
215.584229
216.417435
217.248428
218.077225
218.903824
219.728210
220.550400
221.370377
222.188156
223.003738
223.817108
224.628296
225.437256
226.244019
227.048599
227.850952
228.651123
229.449081
230.244827
231.038391
231.829742
232.618896
233.405823
234.190582
234.973114
235.753448
236.531586
237.307510
238.081253
238.852783
239.622101
240.389236
241.154144
241.916870
242.677383
243.435699
244.191803
244.945709
0.000000
0.722216
1.520169
2.393858
3.343284
4.368447
5.469346
6.645982
7.856045
9.057226
10.249524
11.432940
12.607474
13.773127
14.929894
16.077782
17.216787
18.346909
19.468149
20.580505
21.683981
22.778576
23.864283
24.941111
26.009060
27.068121
28.118303
29.159601
30.192019
31.215553
32.230206
33.235973
34.232857
35.221153
36.207314
37.193970
38.181126
39.168781
40.156933
41.145588
42.134735
43.124386
44.114536
45.105183
46.096329
47.087971
48.080116
49.072758
50.065899
51.059540
52.053680
53.048317
54.043449
55.039089
56.035221
57.031853
58.028988
59.026619
60.024750
61.023438
62.023010
63.023540
64.025017
65.027428
66.030807
67.035118
68.040398
69.046608
70.053772
71.061890
72.070946
73.080956
74.091911
75.103821
76.116676
77.130478
78.145233
79.160934
80.177582
81.195183
82.213730
83.233215
84.253662
85.275055
86.297394
87.319832
88.340279
89.358665
90.374969
91.389191
92.401344
93.411415
94.419411
95.425331
96.429176
97.430939
98.430634
99.428238
100.423775
101.417244
102.408623
103.397934
104.385155
105.370316
106.353394
107.334389
108.313309
109.290161
110.264931
111.237617
112.208237
113.174477
114.134026
115.086884
116.033066
116.972549
117.905357
118.831474
119.750893
120.663635
121.569695
122.469063
123.361740
124.247742
125.127045
125.999664
126.865601
127.724838
128.577408
129.423279
130.262466
131.094971
131.920776
132.739899
133.552353
134.358093
135.157166
135.949539
136.735245
137.514236
138.286560
139.052200
139.811142
140.563400
141.308975
142.047867
142.780060
143.505585
144.224396
144.936539
145.641983
146.340759
147.032837
147.718231
148.396927
149.068954
149.734283
150.392914
151.044876
151.690155
152.328751
152.960648
153.585846
154.204376
154.816223
155.421356
156.019821
156.611603
157.196701
157.775101
158.346802
158.911850
159.470200
160.021851
160.566818
161.105087
161.636703
162.161606
162.679825
163.191360
163.696213
164.194366
164.685837
165.170624
165.648743
166.120148
166.584885
167.042923
167.494278
167.938950
168.376923
168.808228
169.232834
169.650757
170.061996
170.466537
170.864395
171.255585
171.640076
172.017868
172.388977
172.753418
173.111160
173.462219
173.806564
174.144257
174.475250
174.799561
175.117172
175.428101
175.732361
176.029922
176.320786
176.604980
176.882492
177.153290
177.417404
177.674850
177.925598
178.169678
178.407059
178.637741
178.861755
179.079071
179.289703
179.493637
179.690918
179.881485
180.065369
180.242569
180.413071
180.576904
180.734055
180.884491
181.028259
181.165344
181.295715
181.419434
181.536438
181.646774
181.750412
181.847397
181.937653
182.021240
182.098145
182.168350
182.231873
182.288712
182.338867
182.382339
182.419098
182.449188
182.472595
182.489319
182.499344
182.502686
0.000000
2.141848
3.145580
4.150897
5.157809
6.166314
7.176414
8.188108
9.201394
10.216276
11.232752
12.250822
13.270484
14.291741
15.314592
16.339039
17.365076
18.392708
19.421938
20.452755
21.485172
22.518499
23.548683
24.575045
25.597582
26.616291
27.631178
28.642242
29.649483
30.652897
31.652485
32.648251
33.640194
34.628315
35.612606
36.593075
37.569721
38.542542
39.511543
40.476711
41.438057
42.398029
43.359070
44.321182
45.284363
46.248615
47.213936
48.180328
49.147785
50.116322
51.085922
52.056591
53.028332
54.001144
54.975025
55.949978
56.925999
57.903088
58.881252
59.860481
60.840771
61.822075
62.804390
63.787708
64.772034
65.757362
66.743698
67.731041
68.719391
69.708740
70.699097
71.690468
72.682831
73.676216
74.670601
75.665985
76.662376
77.659775
78.658180
79.657593
80.654678
81.646065
82.631783
83.611809
84.586159
85.554825
86.517815
87.475121
88.426743
89.372688
90.312943
91.247528
92.176430
93.099640
94.017174
94.929031
95.835205
96.735695
97.630508
98.519638
99.403084
100.280853
101.152939
102.019341
102.880066
103.735100
104.584465
105.428139
106.266136
107.098457
107.925095
108.746048
109.561317
110.370903
111.174812
111.973045
112.765594
113.552452
114.333649
115.109138
115.878960
116.643105
117.401566
118.154343
118.901436
119.642853
120.378578
121.108635
121.833008
122.551689
123.264702
123.972023
124.673676
125.369637
126.059921
126.744522
127.423439
128.096695
128.764236
129.426117
130.082306
130.732819
131.377640
132.016800
132.650269
133.278061
133.900162
134.516602
135.127335
135.732391
136.331787
136.925476
137.513489
138.095840
138.672501
139.243469
139.808762
140.368378
140.922302
141.470551
142.013107
142.550003
143.081223
143.606735
144.126572
144.640732
145.149216
145.652023
146.149124
146.640579
147.126312
147.606400
148.080795
148.549500
149.012527
149.469879
149.921539
150.367523
150.807831
151.242462
151.671387
152.094650
152.512238
152.924133
153.330353
153.730881
154.125732
154.514908
154.898392
155.276199
155.648331
156.014786
156.375534
156.730637
157.080032
157.423752
157.761795
158.094147
158.420822
158.741837
159.057129
159.366760
159.670715
159.968979
160.261566
160.548477
160.829712
161.105255
161.375122
161.639297
161.897812
162.150635
162.397751
162.639206
162.874985
163.105087
163.329498
163.548233
163.761292
163.968643
164.170349
164.366348
164.556671
164.741318
164.920288
165.093567
165.261154
165.423096
165.579315
165.729874
165.874756
166.013947
166.147446
166.275284
166.397415
166.513901
166.624695
166.729797
166.829208
166.922943
167.011032
167.093384
167.170090
167.241104
167.306458
167.366089
167.420074
167.468369
167.510971
167.547913
167.579163
167.604721
167.624603
167.638794
167.647324
167.650162
