0.973649
0.013176
0.013176
0.013176
0.973649
0.013176
0.013176
0.013176
0.973649
0.000000
1.483730
2.914010
4.290838
5.614215
6.884142
8.100617
9.263641
10.373217
11.429338
12.432011
13.381231
14.277001
15.148435
16.024652
16.905651
17.791433
18.681997
19.577343
20.477474
21.382383
22.292078
23.206553
24.125811
25.049852
25.978674
26.912277
27.850664
28.793833
29.741783
30.694515
31.652031
32.614330
33.581413
34.553272
35.529919
36.511345
37.497551
38.488541
39.484318
40.484871
41.490208
42.500324
43.515228
44.534908
45.559376
46.588623
47.622654
48.661472
49.705070
50.753445
51.806602
52.864548
53.927269
54.992111
56.056408
57.120163
58.183372
59.246033
60.308151
61.369728
62.430756
63.491241
64.551178
65.610580
66.669426
67.727730
68.785492
69.842705
70.899376
71.955505
73.011086
74.066124
75.120613
76.174561
77.227966
78.280823
79.333130
80.384903
81.436119
82.486809
83.536934
84.586533
85.635574
86.684074
87.732018
88.779434
89.826302
90.872627
91.918396
92.963623
94.008308
95.052452
96.096054
97.139099
98.181679
99.223862
100.265656
101.307045
102.348045
103.388649
104.428864
105.468674
106.508095
107.547119
108.585747
109.623978
110.661819
111.699265
112.736305
113.772957
114.809212
115.845078
116.880539
117.915604
118.950287
119.984566
121.018448
122.051933
123.085022
124.117729
125.150032
126.181931
127.213448
128.244568
129.275284
130.305618
131.335541
132.365082
133.394211
134.422958
135.451294
136.479263
137.506805
138.533981
139.560745
140.588715
141.619446
142.652954
143.689209
144.728256
145.770096
146.814667
147.862045
148.912170
149.965088
151.020767
152.079224
153.140442
154.204453
155.271225
156.340775
157.413086
158.488174
159.566040
160.646683
161.730087
162.816284
163.905228
164.996948
166.091446
167.188721
168.288757
169.391586
170.497177
171.605545
172.716660
173.830582
174.947266
176.066711
177.188950
178.313950
179.441711
180.572250
181.705566
182.841660
183.980515
185.118164
186.250671
187.378006
188.500198
189.617218
190.729065
191.835754
192.937286
194.033676
195.124878
196.210922
197.291809
198.367538
199.438095
200.503494
201.563736
202.618805
203.668716
204.713470
205.753067
206.787491
207.816757
208.840866
209.859802
210.873596
211.882202
212.885666
213.883957
214.877090
215.865051
216.847855
217.825516
218.798004
219.765305
220.727478
221.684479
222.636322
223.582993
224.524506
225.460861
226.392044
227.318069
228.238953
229.154633
230.065186
230.970566
231.870773
232.765839
233.655746
234.540466
235.420044
236.294449
237.163696
238.027771
238.886703
239.740463
240.589066
241.432495
242.270767
243.103882
243.931839
244.754623
245.572250
246.384720
247.192032
247.994171
248.791138
249.582947
250.369614
251.151108
251.927444
252.698593
253.464615
254.225464
254.981155
255.000000
255.000000
255.000000
255.000000
0.000000
0.429939
1.694624
2.940204
4.166679
5.374049
6.562315
7.731475
8.881532
10.012483
11.124329
12.217071
13.290707
14.345237
15.380664
16.396986
17.394205
18.372314
19.331322
20.282181
21.235847
22.192326
23.151611
24.113705
25.078609
26.046320
27.016842
27.990170
28.966309
29.945255
30.927010
31.911577
32.898945
33.889126
34.882122
35.877918
36.876526
37.877945
38.882172
39.889202
40.899044
41.911697
42.927158
43.945427
44.966507
45.990391
47.017090
48.046593
49.078911
50.114029
51.151958
52.192699
53.236244
54.282604
55.331772
56.383743
57.438526
58.496117
59.556522
60.619560
61.681488
62.740776
63.797413
64.851410
65.902756
66.951462
67.997528
69.040939
70.081711
71.119843
72.155334
73.188171
74.218361
75.245918
76.270821
77.293083
78.312706
79.329681
80.344009
81.355690
82.364731
83.371132
84.374886
85.375992
86.374451
87.370270
88.363441
89.353966
90.341858
91.327095
92.309692
93.289642
94.266953
95.241615
96.213631
97.183006
98.149742
99.113831
100.075279
101.034073
101.990822
102.949066
103.909431
104.871880
105.836441
106.803093
107.771851
108.742714
109.715675
110.690742
111.667908
112.647171
113.628540
114.612015
115.597580
116.585243
117.575027
118.566895
119.560867
120.556938
121.555122
122.555397
123.557770
124.562256
125.568832
126.577515
127.588295
128.601181
129.616165
130.633255
131.652451
132.673721
133.697113
134.722610
135.750214
136.779892
137.811691
138.845581
139.881592
140.919678
141.959885
143.001312
144.041870
145.081451
146.120071
147.157715
148.194366
149.230072
150.264786
151.298538
152.331299
153.363113
154.393936
155.423782
156.452667
157.480591
158.507523
159.533478
160.558472
161.582489
162.605530
163.627594
164.648697
165.668808
166.687973
167.706131
168.723343
169.739563
170.754822
171.769119
172.782425
173.794754
174.806122
175.816513
176.825943
177.834381
178.841843
179.848343
180.853882
181.858429
182.862000
183.864609
184.868149
185.874557
186.883789
187.895889
188.910828
189.928635
190.949280
191.972778
192.999130
194.028351
195.060410
196.095306
197.133057
198.173676
199.217117
200.263443
201.312592
202.364609
203.419464
204.477188
205.537750
206.601166
207.667435
208.736542
209.808502
210.883331
211.960999
213.041519
214.124893
215.211121
216.300201
217.392120
218.486908
219.584534
220.685013
221.788345
222.894516
224.003540
225.115433
226.230164
227.347763
228.468185
229.591476
230.717621
231.846619
232.978455
234.113129
235.250687
236.391083
237.534317
238.680420
239.829361
240.981155
242.135803
243.293320
244.453644
245.616867
246.782913
247.951797
249.123566
250.298157
251.475632
252.655930
253.839081
255.000000
255.000000
255.000000
255.000000
255.000000
255.000000
255.000000
255.000000
255.000000
255.000000
0.000000
1.676406
3.246840
4.711299
6.069785
7.322298
8.468838
9.509403
10.443996
11.329414
12.222465
13.123145
14.031456
14.947394
15.870964
16.802162
17.740993
18.687450
19.641539
20.603258
21.572605
22.549582
23.534189
24.526426
25.526293
26.533791
27.548918
28.571672
29.602057
30.640072
31.685719
32.738995
33.799900
34.868435
35.944595
37.028389
38.119812
39.218864
40.325550
41.439861
42.561806
43.691376
44.828583
45.973412
47.125874
48.285961
49.447338
50.603645
51.754883
52.901051
54.042152
55.178188
56.309155
57.435051
58.555885
59.671650
60.782345
61.887970
62.988533
64.084023
65.174454
66.259804
67.340096
68.415314
69.485474
70.550552
71.610580
72.665520
73.715408
74.760231
75.799973
76.834648
77.864265
78.888817
79.908287
80.922691
81.932037
82.936310
83.935516
84.929649
85.918724
86.902733
87.881668
88.860840
89.845558
90.835808
91.831612
92.832947
93.839828
94.852249
95.870216
96.893723
97.922768
98.957359
99.997498
101.043167
102.094383
103.151146
104.213432
105.281288
106.354668
107.433586
108.518051
109.608063
110.703606
111.804703
112.911339
114.023514
115.141235
116.264488
117.393288
118.527634
119.667519
120.812943
121.963913
123.120415
124.282471
125.450066
126.623199
127.801872
128.982300
130.160690
131.337051
132.511353
133.683640
134.853867
136.022064
137.188217
138.352341
139.514420
140.674469
141.832458
142.988434
144.142365
145.294250
146.444107
147.591904
148.737686
149.881424
151.023117
152.162781
153.300385
154.435974
155.569519
156.701019
157.830490
158.957901
160.083298
161.206650
162.327957
163.447220
164.564453
165.679657
166.792816
167.903931
169.013016
170.120041
171.224670
172.326492
173.425537
174.521774
175.615234
176.705887
177.793747
178.878830
179.961105
181.040604
182.117294
183.191193
184.262299
185.330612
186.396133
187.458862
188.518799
189.575928
190.630280
191.681839
192.730606
193.776581
194.819763
195.860138
196.897736
197.932526
198.964523
199.993744
201.020157
202.043793
203.064621
204.082657
205.097900
206.110352
207.120010
208.126877
209.130966
210.132233
211.130722
212.126419
213.119324
214.109421
215.096741
216.081253
217.062988
218.041916
219.018066
219.991409
220.961975
221.929733
222.894699
223.856888
224.816269
225.772842
226.726654
227.677658
228.625870
229.571289
230.513916
231.453751
232.390793
233.325043
234.256485
235.185150
236.111038
237.034088
237.954376
238.871872
239.786560
240.698471
241.607574
242.513885
243.417404
244.318130
245.216080
246.111206
247.003555
247.893112
248.779892
249.663849
250.545029
251.423416
252.299011
253.171814
254.041809
254.909012
255.000000
255.000000
255.000000
255.000000
255.000000
255.000000
255.000000
255.000000
255.000000
255.000000
255.000000
255.000000
255.000000
