0.993929
0.003036
0.003036
0.003036
0.993929
0.003036
0.003036
0.003036
0.993929
0.000000
1.083099
2.156742
3.220930
4.275662
5.320940
6.356761
7.383128
8.400039
9.407494
10.405493
11.394038
12.373126
13.342760
14.308558
15.276155
16.245548
17.216732
18.189711
19.164486
20.141054
21.119417
22.099573
23.081524
24.065271
25.050810
26.038143
27.027269
28.018192
29.010908
30.005419
31.001722
31.999823
32.999718
34.001404
35.004883
36.010162
37.017235
38.026096
39.036758
40.049206
41.063454
42.079498
43.097332
44.116962
45.138386
46.161602
47.186611
48.213425
49.242023
50.272419
51.304607
52.338593
53.374371
54.411453
55.446896
56.480202
57.511383
58.540436
59.567352
60.592136
61.614796
62.635323
63.653717
64.669983
65.684113
66.696121
67.705994
68.713730
69.719345
70.722824
71.724167
72.723389
73.720474
74.715431
75.708252
76.698952
77.687515
78.673950
79.658249
80.640419
81.620461
82.598373
83.574158
84.547806
85.519318
86.488708
87.455963
88.421089
89.384079
90.344940
91.303673
92.260277
93.214752
94.167091
95.118080
96.068481
97.018311
97.967560
98.916222
99.864311
100.811821
101.758751
102.705101
103.650871
104.596062
105.540672
106.484703
107.428154
108.371025
109.313324
110.255035
111.196175
112.136734
113.076706
114.016106
114.954918
115.893158
116.830818
117.767891
118.704399
119.640320
120.575661
121.510422
122.444603
123.378204
124.311226
125.243668
126.175529
127.106819
128.037521
128.967651
129.897202
130.826157
131.754562
132.682541
133.611252
134.540878
135.471420
136.402878
137.335220
138.268494
139.202667
140.137756
141.073746
142.010651
142.948471
143.887177
144.826828
145.767365
146.708801
147.651169
148.594452
149.538620
150.483704
151.429703
152.376617
153.324432
154.273163
155.222794
156.173340
157.124786
158.077164
159.030441
159.984619
160.939713
161.895706
162.852615
163.810440
164.769180
165.728821
166.689362
167.650833
168.613190
169.576477
170.540649
171.504837
172.468094
173.430435
174.391846
175.352325
176.311890
177.270538
178.228256
179.185043
180.140915
181.095871
182.049881
183.003006
183.955185
184.906433
185.856766
186.806168
187.754654
188.702225
189.648865
190.594574
191.539383
192.483246
193.426208
194.368225
195.309326
196.249496
197.188766
198.127106
199.064514
200.000992
200.936554
201.871185
202.804901
203.737701
204.669571
205.600525
206.530548
207.459641
208.387833
209.315079
210.241409
211.166809
212.091309
213.014862
213.937500
214.859222
215.780014
216.699875
217.618820
218.536850
219.453949
220.370132
221.285385
222.199707
223.113129
224.025620
224.937164
225.847809
226.757507
227.666306
228.574188
229.481125
230.387146
231.292252
232.196426
233.099670
234.002014
234.903412
235.803879
236.703461
237.602097
238.499817
239.396606
240.292465
241.187408
242.081421
242.974533
243.866699
244.757950
0.000000
0.895223
1.810419
2.745589
3.700731
4.675847
5.670935
6.685997
7.721032
8.776040
9.851021
10.945975
12.060903
13.195803
14.339214
15.479674
16.617184
17.751741
18.883347
20.012003
21.137707
22.260460
23.380259
24.497110
25.611010
26.721960
27.829954
28.934999
30.037094
31.136236
32.232426
33.325668
34.415955
35.503296
36.587681
37.669117
38.747601
39.823132
40.895714
41.965343
43.032021
44.095749
45.156521
46.214352
47.269218
48.321144
49.370113
50.416134
51.459206
52.499325
53.537758
54.575790
55.613415
56.650631
57.687443
58.723850
59.759846
60.795437
61.830624
62.865398
63.899773
64.933739
65.967293
67.000443
68.033180
69.065521
70.097450
71.128975
72.160095
73.190804
74.221107
75.251007
76.280495
77.309578
78.338257
79.366524
80.394394
81.421852
82.448898
83.475540
84.501778
85.527603
86.553032
87.578041
88.602661
89.626854
90.649513
91.669502
92.686821
93.701469
94.713448
95.722748
96.729370
97.733330
98.734619
99.733223
100.729164
101.722435
102.713036
103.700951
104.686203
105.668777
106.648689
107.625923
108.600479
109.572372
110.541588
111.508133
112.472008
113.433197
114.391731
115.347580
116.300766
117.251282
118.199120
119.144287
120.086777
121.026596
121.963745
122.898216
123.830025
124.759163
125.688866
126.622421
127.559807
128.501053
129.446121
130.395020
131.347763
132.304352
133.264771
134.229050
135.197144
136.169083
137.144867
138.124481
139.107956
140.095245
141.086365
142.081360
143.080170
144.082809
145.089294
146.099640
147.113800
148.131821
149.153656
150.179337
151.208862
152.242218
153.279434
154.320465
155.365326
156.414047
157.466599
158.522995
159.583221
160.647308
161.709732
162.764984
163.813065
164.853989
165.887756
166.914352
167.933792
168.946075
169.951202
170.949158
171.939957
172.923584
173.900070
174.869385
175.831528
176.786514
177.734344
178.675018
179.608521
180.534851
181.454041
182.366058
183.270920
184.168610
185.059143
185.942520
186.818741
187.687790
188.549683
189.404404
190.251968
191.092377
191.925613
192.751709
193.570633
194.382385
195.186981
195.984421
196.774689
197.557816
198.333755
199.102539
199.864166
200.618637
201.365952
202.106094
202.839081
203.564896
204.283554
204.995041
205.699387
206.396561
207.086578
207.769440
208.445129
209.113663
209.775024
210.429245
211.076279
211.716156
212.348892
212.974442
213.592850
214.204086
214.808151
215.405075
215.994827
216.577423
217.152847
217.721130
218.282242
218.836166
219.382965
219.922577
220.455048
220.980347
221.498489
222.009476
222.513275
223.009949
223.499420
223.981750
224.456940
224.924927
225.385788
225.839462
226.285995
226.725357
227.157562
227.582581
228.000473
228.411179
228.814758
229.211136
229.600372
229.982452
230.357346
230.725098
0.000000
1.312061
2.596921
3.854580
5.085038
6.288294
7.464350
8.613205
9.734859
10.829309
11.909830
12.989687
14.068878
15.147408
16.225273
17.302475
18.379013
19.454887
20.530096
21.604645
22.678528
23.751751
24.824303
25.896200
26.967426
28.037992
29.107895
30.177132
31.245708
32.313618
33.380867
34.447449
35.513374
36.578632
37.643223
38.707150
39.770416
40.833019
41.894955
42.956230
44.016846
45.076790
46.136112
47.194897
48.253143
49.310860
50.368038
51.424683
52.480789
53.536366
54.591404
55.645908
56.699883
57.753319
58.806217
59.858585
60.910419
61.961716
63.012482
64.062706
65.112411
66.161560
67.210190
68.258286
69.305840
70.352859
71.399345
72.445305
73.490715
74.535606
75.579948
76.623772
77.667046
78.709793
79.751663
80.790703
81.826561
82.859245
83.888756
84.915077
85.938232
86.958214
87.975014
88.988640
89.999084
91.006355
92.010460
93.011375
94.009125
95.003685
95.995087
96.983299
97.968338
98.950203
99.928894
100.904404
101.876747
102.845894
103.811882
104.774689
105.734322
106.690773
107.644051
108.594154
109.541084
110.484833
111.425652
112.368683
113.316032
114.267715
115.223724
116.184059
117.148735
118.117729
119.091042
120.068695
121.050674
122.036980
123.027618
124.022575
125.021866
126.025490
127.033432
128.045715
129.062302
130.083237
131.108505
132.138077
133.171997
134.210236
135.252808
136.299698
137.350922
138.406479
139.466370
140.530579
141.599106
142.671982
143.749176
144.827530
145.903885
146.978241
148.050598
149.120956
150.189316
151.255676
152.320023
153.382385
154.442749
155.501099
156.557449
157.611816
158.664169
159.714523
160.762878
161.809235
162.853592
163.895950
164.936310
165.974670
167.011032
168.045380
169.077728
170.108093
171.136444
172.162796
173.187164
174.209518
175.229874
176.248230
177.264587
178.278961
179.291290
180.301666
181.310013
182.316376
183.320724
184.323074
185.323441
186.321793
187.318146
188.312515
189.304871
190.295212
191.283554
192.269928
193.254288
194.236633
195.216980
196.195343
197.171707
198.146057
199.118408
200.088760
201.057129
202.023483
202.987839
203.950195
204.910538
205.868912
206.825256
207.779602
208.731964
209.682327
210.630676
211.577026
212.521378
213.463730
214.404099
215.342453
216.278809
217.213150
218.145508
219.075867
220.004227
220.930573
221.854919
222.777267
223.697647
224.615982
225.532333
226.446686
227.359055
228.269409
229.177750
230.084106
230.988464
231.890823
232.791168
233.689529
234.585892
235.480240
236.372574
237.262939
238.151291
239.037643
239.921997
240.804352
241.684708
242.563049
243.439407
244.313751
245.186111
246.056473
246.924820
247.791183
248.655533
249.517899
250.378235
251.236588
252.092941
252.947296
253.799652
254.649994
255.000000
255.000000
