0.972085
0.013957
0.013957
0.013957
0.972085
0.013957
0.013957
0.013957
0.972085
0.000000
0.935487
1.876876
2.824165
3.777355
4.736446
5.701438
6.672331
7.649126
8.628051
9.605340
10.580993
11.555009
12.527390
13.498133
14.467239
15.434710
16.400543
17.364740
18.327299
19.288225
20.247509
21.205162
22.161175
23.115555
24.068295
25.019398
25.968866
26.916697
27.862890
28.807449
29.750370
30.691656
31.631306
32.569313
33.505692
34.440434
35.373531
36.304996
37.234825
38.163017
39.089569
40.014488
40.937771
41.859421
42.779427
43.697800
44.614540
45.529636
46.443100
47.354927
48.265118
49.173672
50.080589
50.985977
51.892319
52.800625
53.710896
54.623131
55.537327
56.453487
57.371613
58.291698
59.213749
60.137764
61.063747
61.991688
62.921593
63.853462
64.787292
65.723091
66.660851
67.600571
68.542259
69.485909
70.431519
71.379097
72.328636
73.280136
74.233604
75.189034
76.146431
77.105789
78.067108
79.030396
79.995644
80.962845
81.932022
82.903160
83.876259
84.851334
85.828362
86.807343
87.788300
88.771225
89.756111
90.742950
91.731766
92.722534
93.715279
94.709785
95.704956
96.700584
97.696686
98.693253
99.690277
100.687782
101.685745
102.684181
103.683075
104.682434
105.682259
106.682556
107.683327
108.684547
109.686241
110.688408
111.691040
112.694122
113.697685
114.701714
115.706207
116.711166
117.716591
118.722488
119.728836
120.735664
121.742958
122.750710
123.758934
124.767624
125.776779
126.786407
127.796494
128.807053
129.818069
130.829544
131.841507
132.853928
133.866821
134.880173
135.893997
136.908279
137.923019
138.938232
139.953918
140.969467
141.983398
142.995651
144.006195
145.015076
146.022263
147.027756
148.031586
149.033722
150.034180
151.032928
152.030029
153.025421
154.019119
155.011154
156.001495
156.990158
157.977112
158.962402
159.946014
160.927933
161.908173
162.886703
163.863571
164.838760
165.812256
166.784073
167.754196
168.722641
169.689377
170.654465
171.617859
172.579544
173.539566
174.497894
175.454544
176.409515
177.362778
178.314392
179.264282
180.212509
181.159042
182.103912
183.047073
183.988556
184.928360
185.868546
186.811188
187.756287
188.703827
189.653824
190.606277
191.561188
192.518555
193.478363
194.440628
195.405350
196.372528
197.342163
198.314240
199.288773
200.265762
201.245209
202.227112
203.211456
204.198257
205.187531
206.179230
207.173401
208.170013
209.169098
210.170609
211.174591
212.181046
213.189911
214.201248
215.215057
216.231308
217.250015
218.271164
219.294769
220.320847
221.349350
222.380325
223.413757
224.449631
225.487961
226.528732
227.571976
228.617661
229.665817
230.716415
231.769470
232.824966
233.882935
234.943359
236.006210
237.071533
238.139313
239.209534
240.282242
241.357361
242.434952
243.514999
244.597488
245.682449
246.769852
247.859695
248.951996
250.046783
0.000000
0.929244
1.894173
2.894788
3.931088
5.003074
6.110745
7.254102
8.433146
9.647873
10.898287
12.184385
13.484368
14.776438
16.060591
17.336830
18.605154
19.865562
21.118055
22.362633
23.599295
24.828043
26.048876
27.261791
28.466795
29.663879
30.853052
32.034306
33.207649
34.373074
35.530586
36.680180
37.821869
38.955631
40.081482
41.199413
42.309433
43.411537
44.505726
45.592003
46.670361
47.740807
48.803333
49.857941
50.904644
51.943424
52.974293
53.997250
55.012291
56.019409
57.020027
58.022522
59.028309
60.037392
61.049759
62.065418
63.084366
64.106606
65.132141
66.160957
67.193062
68.228470
69.267159
70.309143
71.354408
72.402969
73.454834
74.509972
75.568398
76.630127
77.695137
78.763443
79.835037
80.909927
81.988091
83.069565
84.154320
85.242363
86.333702
87.428322
88.526253
89.627449
90.731949
91.839737
92.950813
94.065186
95.182838
96.303795
97.428032
98.554298
99.681351
100.809174
101.937767
103.067146
104.197296
105.328209
106.459915
107.592392
108.725632
109.859657
110.994461
112.130028
113.266380
114.403511
115.541405
116.680084
117.819534
118.959763
120.100761
121.242538
122.385086
123.528412
124.672516
125.817398
126.963043
128.109467
129.256683
130.404648
131.553406
132.702942
133.853241
135.004318
136.156174
137.308807
138.462204
139.616394
140.771347
141.926758
143.080765
144.233017
145.383514
146.532288
147.679306
148.824585
149.968155
151.109940
152.250015
153.388351
154.524918
155.659775
156.792877
157.924240
159.053864
160.181747
161.307877
162.432281
163.554947
164.675873
165.795044
166.912491
168.028183
169.142136
170.254349
171.364838
172.473572
173.580566
174.685806
175.789322
176.891098
177.991150
179.089432
180.185974
181.280792
182.373871
183.465210
184.554794
185.637436
186.708008
187.766495
188.812866
189.847168
190.869339
191.879425
192.877426
193.863312
194.837112
195.798828
196.748428
197.685944
198.611343
199.524658
200.425888
201.315002
202.192032
203.056961
203.909775
204.750519
205.579147
206.395691
207.200134
207.992477
208.772736
209.540878
210.296936
211.040894
211.772766
212.492523
213.200195
213.895752
214.579224
215.250610
215.909882
216.557068
217.192154
217.815155
218.426041
219.024841
219.611526
220.186127
220.748642
221.299042
221.837357
222.363586
222.877701
223.379715
223.869644
224.347458
224.813187
225.266830
225.708359
226.137802
226.555130
226.960373
227.353531
227.734573
228.103531
228.460403
228.805161
229.137833
229.458389
229.766861
230.063232
230.347504
230.619690
230.879776
231.127747
231.363647
231.587433
231.799133
231.998718
232.186218
232.361633
232.524933
232.676147
232.815277
232.942276
233.057190
233.160019
233.250748
233.329361
233.395905
233.450333
233.492676
233.522919
233.541061
233.547104
0.000000
1.005946
2.087837
3.245671
4.479451
5.789175
7.132958
8.468922
9.797065
11.117387
12.429886
13.734565
15.031423
16.320459
17.601673
18.875067
20.140640
21.398392
22.648319
23.890432
25.124716
26.351179
27.569828
28.780647
29.983652
31.178831
32.366192
33.545727
34.717445
35.881344
37.037418
38.185673
39.326099
40.458710
41.583500
42.700466
43.809612
44.910934
46.004440
47.091362
48.179184
49.269138
50.361225
51.455448
52.551811
53.650307
54.750935
55.853706
56.958607
58.065647
59.174816
60.286129
61.399574
62.515152
63.632870
64.752724
65.874710
66.998833
68.125092
69.253487
70.384018
71.516678
72.651489
73.788422
74.927498
76.068695
77.212036
78.357529
79.505142
80.654892
81.806778
82.960800
84.116951
85.275314
86.435966
87.598900
88.764122
89.931618
91.101402
92.273476
93.447830
94.624466
95.803383
96.984589
98.168083
99.353851
100.541908
101.732246
102.924873
104.119781
105.316971
106.516449
107.718201
108.922249
110.128571
111.337189
112.548073
113.761261
114.976715
116.194466
117.414490
118.636810
119.861397
121.088287
122.317444
123.548897
124.782219
126.015015
127.246872
128.477798
129.707794
130.936844
132.164948
133.392120
134.618362
135.843674
137.068024
138.291458
139.513947
140.735504
141.956131
143.175812
144.394562
145.612366
146.829224
148.045181
149.260178
150.474243
151.687363
152.899551
154.110809
155.321121
156.530502
157.738937
158.946442
160.153015
161.358643
162.563354
163.767105
164.969925
166.167099
167.353912
168.530350
169.696426
170.852142
171.997498
173.132477
174.257095
175.371353
176.475220
177.568756
178.651917
179.724701
180.787125
181.839188
182.880890
183.912216
184.933167
185.943787
186.944016
187.933884
188.913391
189.882523
190.841309
191.789703
192.727753
193.655441
194.572754
195.479691
196.376297
197.262497
198.138367
199.003845
199.858963
200.703720
201.538116
202.362152
203.175812
203.979111
204.772049
205.554611
206.326813
207.088638
207.840118
208.581238
209.311966
210.032349
210.742355
211.442001
212.131271
212.810196
213.478745
214.136932
214.784744
215.422211
216.049286
216.666031
217.272385
217.868393
218.454010
219.029282
219.594162
220.148712
220.692886
221.226685
221.750122
222.263199
222.765900
223.258255
223.740234
224.211853
224.673096
225.123978
225.564499
225.994629
226.414444
226.823853
227.222916
227.611603
227.989944
228.357895
228.715500
229.062714
229.399582
229.726089
230.042236
230.348007
230.643417
230.928436
231.203125
231.467438
231.721390
231.964966
232.198181
232.421036
232.633514
232.835632
233.027390
233.208771
233.379791
233.540451
233.690765
233.830704
233.960251
234.079453
234.188278
234.286758
234.374863
234.452591
234.519974
234.576981
234.623627
234.659897
234.685806
234.701370
234.706543
