0.926536
0.036732
0.036732
0.036732
0.926536
0.036732
0.036732
0.036732
0.926536
0.000000
0.422348
1.564995
2.704208
3.839988
4.972333
6.101245
7.226722
8.348765
9.467377
10.582552
11.694294
12.802603
13.907477
15.008917
16.106926
17.201498
18.292637
19.380339
20.464615
21.545452
22.622854
23.696825
24.767361
25.834461
26.898130
27.958364
29.015163
30.068527
31.118460
32.164963
33.208023
34.247635
35.283806
36.316528
37.345806
38.371639
39.394028
40.412971
41.428471
42.440521
43.449131
44.454292
45.456013
46.454281
47.449112
48.440483
49.428425
50.412918
51.393963
52.371563
53.345722
54.316433
55.283695
56.247517
57.207890
58.164825
59.118305
60.068348
61.014938
61.958088
62.897793
63.834053
64.766861
65.696243
66.622162
67.544640
68.463669
69.379265
70.291397
71.200096
72.105354
73.007156
73.905518
74.800430
75.691910
76.582123
77.476440
78.375122
79.278137
80.185509
81.097229
82.013306
82.933716
83.858482
84.787605
85.721062
86.658882
87.601036
88.547554
89.498405
90.453621
91.413177
92.377083
93.345345
94.317947
95.294899
96.276199
97.261856
98.251854
99.246208
100.244896
101.247955
102.255341
103.267090
104.283188
105.303627
106.328415
107.357559
108.391052
109.428894
110.471077
111.517616
112.568504
113.623741
114.683319
115.747253
116.815536
117.888168
118.965141
120.046471
121.131447
122.215958
123.299301
124.381477
125.462479
126.542320
127.621002
128.698502
129.774841
130.850021
131.924026
132.996857
134.068527
135.139038
136.208374
137.276535
138.343536
139.409363
140.474045
141.537537
142.599869
143.661041
144.721024
145.779861
146.837524
147.894028
148.949341
150.003525
151.056519
152.108337
153.158997
154.208496
155.256805
156.303970
157.349960
158.394791
159.438446
160.480942
161.522247
162.562424
163.601410
164.639221
165.675888
166.711380
167.745682
168.778824
169.810730
170.841339
171.870667
172.898682
173.925430
174.950912
175.975082
176.997971
178.019562
179.039886
180.058914
181.076660
182.093109
183.108276
184.122177
185.134781
186.146088
187.156097
188.164841
189.172287
190.178452
191.183334
192.186920
193.189240
194.190247
195.189972
196.188431
197.185593
198.181473
199.176041
200.169342
201.161362
202.152084
203.141525
204.129684
205.116547
206.102127
207.086426
208.069427
209.051147
210.031586
211.010727
211.988586
212.965164
213.940445
214.909225
215.866241
216.811478
217.744934
218.666641
219.576584
220.474762
221.361176
222.235855
223.098740
223.949860
224.789215
225.616821
226.432648
227.236710
228.029037
228.809570
229.578339
230.335358
231.080612
231.814102
232.535812
233.245789
233.943970
234.630417
235.305084
235.967972
236.619125
237.258514
237.886108
238.501968
239.106049
239.698380
240.278915
240.847717
241.404755
241.950012
242.483521
243.005264
243.515244
244.013443
244.499893
244.974579
245.437500
0.000000
1.044636
2.092160
3.142573
4.195875
5.252065
6.311142
7.373110
8.437967
9.505712
10.576344
11.649866
12.726277
13.805576
14.887763
15.972840
17.060804
18.151661
19.245399
20.342031
21.441551
22.543961
23.649256
24.757441
25.868515
26.982477
28.099327
29.219067
30.337664
31.451088
32.559338
33.662418
34.760323
35.853054
36.940613
38.023003
39.100212
40.172249
41.239120
42.300812
43.357334
44.408680
45.454857
46.495857
47.531689
48.562340
49.587826
50.608131
51.623268
52.633232
53.638023
54.637642
55.632084
56.621353
57.605457
58.584377
59.558132
60.526711
61.490116
62.448349
63.401405
64.349289
65.292000
66.229538
67.161919
68.089111
69.011131
69.927979
70.839653
71.746155
72.647491
73.543640
74.434624
75.320442
76.203926
77.092041
77.985115
78.883141
79.786118
80.694054
81.606926
82.524773
83.447556
84.375298
85.307991
86.245636
87.188240
88.135788
89.088295
90.045746
91.008156
91.975517
92.947830
93.925095
94.907318
95.894485
96.886612
97.883690
98.885712
99.892693
100.904633
101.921524
102.943352
103.970154
105.001892
106.038582
107.080238
108.126839
109.178391
110.234894
111.296364
112.362770
113.434135
114.510452
115.591721
116.677940
117.769119
118.865234
119.966316
121.072357
122.182426
123.291138
124.397568
125.501709
126.603577
127.703171
128.800476
129.895493
130.988266
132.078720
133.166931
134.252823
135.336456
136.417816
137.496902
138.573685
139.648209
140.720428
141.790390
142.858078
143.923477
144.986603
146.047440
147.106003
148.162292
149.216293
150.268021
151.317459
152.364624
153.409500
154.452103
155.492432
156.530472
157.566254
158.599731
159.630951
160.659882
161.686523
162.710907
163.733002
164.752808
165.770340
166.785599
167.798569
168.809265
169.817688
170.823853
171.828217
172.831024
173.832230
174.831863
175.829895
176.826355
177.821213
178.814499
179.806198
180.796326
181.784851
182.771790
183.757156
184.740936
185.723114
186.703720
187.682755
188.660187
189.636032
190.610291
191.582977
192.554077
193.523590
194.491516
195.457855
196.422607
197.385773
198.347366
199.307358
200.265778
201.222610
202.177856
203.131516
204.083603
205.034073
205.983002
206.930313
207.876053
208.820190
209.762772
210.703751
211.643158
212.580963
213.517181
214.451828
215.384888
216.315018
217.240768
218.162170
219.079239
219.991959
220.900345
221.804382
222.704086
223.599442
224.490448
225.377106
226.259430
227.137421
228.011063
228.880371
229.745331
230.605927
231.462204
232.314117
233.161728
234.004959
234.843857
235.678421
236.508621
237.334503
238.156036
238.973221
239.786057
240.594559
241.398727
242.198547
242.994019
243.785141
244.571930
245.354385
246.132477
246.906250
247.675659
248.440735
249.201477
249.957855
250.709915
251.457611
0.000000
1.043423
2.092296
3.146620
4.206394
5.271620
6.342295
7.418422
8.499998
9.587027
10.679503
11.777433
12.880812
13.989643
15.103923
16.223656
17.348835
18.479469
19.615551
20.757086
21.904070
23.056505
24.214390
25.377728
26.546513
27.720749
28.900440
30.085575
31.276167
32.465763
33.647907
34.822609
35.989864
37.149673
38.302036
39.446957
40.584431
41.714458
42.837040
43.952175
45.059872
46.160118
47.252918
48.338272
49.416180
50.486645
51.549664
52.605236
53.653366
54.694050
55.727283
56.753078
57.771423
58.782326
59.785778
60.781788
61.770351
62.751472
63.725143
64.691368
65.650146
66.601486
67.545372
68.481827
69.410828
70.332390
71.246490
72.153152
73.052376
73.944145
74.828888
75.715958
76.609154
77.508492
78.413963
79.325562
80.243294
81.167168
82.097168
83.033310
83.975578
84.923981
85.878525
86.839195
87.806007
88.778946
89.758026
90.743225
91.734573
92.732048
93.735657
94.745399
95.761276
96.783295
97.811440
98.845726
99.886139
100.932678
101.985359
103.044174
104.109123
105.180214
106.257431
107.340782
108.430267
109.525887
110.627640
111.735527
112.849541
113.969704
115.095993
116.228409
117.366150
118.504356
119.642204
120.779694
121.916840
123.053619
124.190056
125.326134
126.461868
127.597244
128.732254
129.866928
131.001236
132.135193
133.268784
134.402039
135.534943
136.667480
137.799667
138.931503
140.062973
141.194122
142.324890
143.455292
144.585373
145.715088
146.844421
147.973434
149.102081
150.230377
151.358322
152.485916
153.613144
154.740021
155.866562
156.992722
158.118546
159.244019
160.369125
161.493881
162.618286
163.742340
164.863968
165.978104
167.084534
168.183243
169.274231
170.357498
171.433060
172.500916
173.561020
174.613434
175.658127
176.695114
177.724365
178.745911
179.759735
180.765839
181.764236
182.754913
183.737885
184.713120
185.680649
186.640472
187.592560
188.536942
189.473618
190.402557
191.323792
192.237305
193.143097
194.041183
194.931549
195.814194
196.689133
197.556351
198.415848
199.267624
200.111710
200.948059
201.776688
202.597610
203.410812
204.216309
205.017975
205.819748
206.621582
207.423523
208.225555
209.027679
209.829895
210.632187
211.434570
212.237045
213.039612
213.842270
214.645004
215.447845
216.250778
217.053772
217.856888
218.660080
219.463364
220.266739
221.070190
221.873749
222.677368
223.481094
224.284912
225.088821
225.892822
226.696899
227.501068
228.305344
229.109680
229.914124
230.718658
231.523285
232.327988
233.132782
233.937668
234.742645
235.547714
236.352875
237.158112
237.963440
238.768875
239.574387
240.379990
241.185669
241.991455
242.797333
243.603287
244.409348
245.215485
246.021698
246.828018
247.634430
248.440933
249.247498
250.054184
250.860947
251.667786
252.474731
