0.993653
0.003173
0.003173
0.003173
0.993653
0.003173
0.003173
0.003173
0.993653
0.000000
0.927889
1.859837
2.795846
3.735915
4.680044
5.628232
6.580482
7.536791
8.497161
9.461590
10.430079
11.402630
12.379240
13.359908
14.344639
15.333430
16.326281
17.323191
18.321430
19.318268
20.313704
21.307741
22.300375
23.291609
24.281439
25.269869
26.256899
27.242525
28.226751
29.209576
30.190998
31.171019
32.149643
33.126858
34.102676
35.077091
36.050110
37.021721
37.991936
38.960743
39.928150
40.894157
41.858768
42.821968
43.783775
44.744179
45.703178
46.660782
47.616978
48.571770
49.525166
50.477161
51.427753
52.376945
53.324734
54.271122
55.216110
56.159695
57.101879
58.042660
58.982048
59.920021
60.856602
61.791782
62.725559
63.657936
64.588905
65.518478
66.446648
67.373421
68.298782
69.222755
70.145317
71.066475
71.986244
72.905472
73.825050
74.744972
75.665245
76.585861
77.506828
78.428139
79.349800
80.271797
81.194145
82.116829
83.039871
83.963257
84.886986
85.811058
86.735481
87.660255
88.585365
89.510826
90.436638
91.362785
92.289284
93.216125
94.143318
95.070847
95.998726
96.926956
97.855522
98.784439
99.713699
100.643318
101.573280
102.503571
103.434219
104.365211
105.296555
106.228241
107.160271
108.092651
109.025368
109.958435
110.891853
111.825615
112.759720
113.694168
114.628967
115.564110
116.499596
117.435432
118.371613
119.308144
120.245018
121.182228
122.119789
123.057701
123.995964
124.934563
125.873100
126.811203
127.748856
128.686050
129.622803
130.559113
131.494965
132.430374
133.365341
134.299835
135.233887
136.167496
137.100662
138.033371
138.965622
139.897446
140.828796
141.759705
142.690170
143.620193
144.549759
145.478867
146.407547
147.335754
148.263519
149.190842
150.117706
151.044128
151.970093
152.895615
153.820694
154.745316
155.669495
156.593216
157.516495
158.439301
159.361679
160.283615
161.205109
162.126129
163.046707
163.966843
164.886520
165.805740
166.724533
167.642868
168.560745
169.478180
170.395172
171.311707
172.227798
173.143417
174.058624
174.973358
175.887650
176.801483
177.714890
178.628906
179.544586
180.461975
181.381012
182.301758
183.224182
184.148285
185.074066
186.001541
186.930679
187.861511
188.794022
189.728226
190.664108
191.601669
192.540909
193.481827
194.424438
195.368729
196.314697
197.262375
198.211716
199.162720
200.115433
201.069809
202.025894
202.983627
203.943069
204.904175
205.866974
206.831467
207.797607
208.765457
209.734985
210.706207
211.679092
212.653656
213.629913
214.607864
215.587479
216.568787
217.551758
218.536423
219.522797
220.510818
221.500534
222.491928
223.485001
224.479782
225.476227
226.474350
227.474152
228.475647
229.478821
230.483688
231.490219
232.498428
233.615219
234.947525
236.495300
238.258591
240.237350
242.431610
244.841370
247.466599
250.307327
0.000000
0.000000
1.268428
3.033884
4.745347
6.402814
8.006289
9.555768
11.051255
12.492745
13.880243
15.213745
16.493256
17.743683
18.989950
20.232052
21.469992
22.703764
23.933376
25.158823
26.380104
27.597223
28.810175
30.018967
31.223593
32.424057
33.620354
34.812489
36.000462
37.184265
38.363907
39.539387
40.710705
41.877857
43.040840
44.199661
45.354321
46.504814
47.651146
48.793312
49.931313
51.065151
52.194828
53.320339
54.441681
55.558865
56.671883
57.780735
58.885433
59.985958
61.082321
62.174522
63.262554
64.346428
65.426132
66.501678
67.573051
68.642891
69.713821
70.785835
71.858932
72.933113
74.008385
75.084747
76.162193
77.240723
78.320343
79.401039
80.482834
81.565712
82.649673
83.734726
84.820854
85.908089
86.996391
88.085785
89.176270
90.267838
91.360489
92.454231
93.549065
94.644974
95.741974
96.840057
97.939232
99.039497
100.140846
101.243271
102.346794
103.451393
104.557091
105.663864
106.771729
107.880676
108.990723
110.101845
111.214058
112.327354
113.441734
114.557205
115.673759
116.790718
117.907410
119.023819
120.139961
121.255829
122.371422
123.486740
124.601791
125.716560
126.831062
127.945290
129.059235
130.172913
131.286316
132.399445
133.512299
134.624893
135.737198
136.849228
137.960983
139.072479
140.183685
141.294632
142.405289
143.515686
144.625809
145.735641
146.845215
147.954514
149.063538
150.172287
151.280762
152.388962
153.496902
154.604553
155.711929
156.819046
157.925873
159.032440
160.138718
161.244720
162.350464
163.455933
164.561127
165.662888
166.758072
167.846664
168.928680
170.004120
171.072983
172.135254
173.190933
174.240051
175.282562
176.318497
177.347870
178.370651
179.386856
180.396454
181.399506
182.395966
183.385818
184.369095
185.345810
186.315933
187.279480
188.236435
189.186813
190.130615
191.067825
191.998474
192.922516
193.839981
194.750870
195.655182
196.552902
197.444031
198.328598
199.206573
200.077972
200.942795
201.801010
202.652664
203.497726
204.336227
205.168121
205.993454
206.812180
207.626358
208.437988
209.247040
210.053513
210.857468
211.658829
212.457657
213.253906
214.047607
214.838745
215.627319
216.413345
217.196808
217.977707
218.756058
219.531830
220.305069
221.075729
221.843842
222.609390
223.372375
224.132812
224.890686
225.645996
226.398758
227.148941
227.896576
228.641663
229.384171
230.124130
230.861542
231.596375
232.328659
233.058380
233.785538
234.510147
235.232193
235.951675
236.668610
237.382980
238.094803
238.804031
239.510727
240.214874
240.916443
241.615448
242.311905
243.005814
243.697144
244.385925
245.072144
245.755814
246.436905
247.115448
247.791443
248.464874
249.135727
249.804031
250.469772
251.132965
251.793594
252.451675
253.107178
253.760147
254.410522
255.000000
255.000000
0.000000
2.369246
4.538484
6.507712
8.276931
9.846141
11.215342
12.481909
13.743219
14.999274
16.250071
17.495613
18.735897
19.970924
21.200695
22.425207
23.644464
24.858463
26.067207
27.270695
28.468922
29.661894
30.849607
32.032070
33.209267
34.381218
35.547901
36.709328
37.865505
39.016422
40.162083
41.302483
42.437626
43.567520
44.692154
45.811527
46.925644
48.034508
49.138111
50.236458
51.329552
52.417389
53.499966
54.577286
55.652241
56.727726
57.803741
58.880283
59.957359
61.034958
62.113094
63.191753
64.270943
65.350662
66.430908
67.511681
68.592995
69.674835
70.757195
71.840096
72.923515
74.007477
75.091949
76.176956
77.262497
78.348572
79.435173
80.522301
81.609962
82.698143
83.786858
84.876106
85.965881
87.056183
88.147018
89.238380
90.330276
91.422691
92.515640
93.609116
94.703125
95.797699
96.892906
97.988739
99.085182
100.182259
101.279945
102.378265
103.477203
104.576759
105.676941
106.777740
107.879166
108.981209
110.083878
111.187172
112.291084
113.395615
114.500771
115.606544
116.712944
117.819969
118.927605
120.035873
121.144753
122.254257
123.364395
124.475143
125.586517
126.698517
127.811127
128.924377
130.038239
131.152710
132.267822
133.383545
134.499893
135.616867
136.732346
137.844238
138.952560
140.057297
141.158432
142.255981
143.349945
144.440323
145.527130
146.610336
147.689941
148.765991
149.838425
150.907288
151.972565
153.034256
154.092361
155.146866
156.197800
157.245132
158.288879
159.329056
160.365631
161.398621
162.428024
163.453857
164.476089
165.494736
166.509796
167.521255
168.529144
169.533447
170.534164
171.531296
172.524826
173.514786
174.501160
175.482468
176.457336
177.425690
178.387589
179.342987
180.291901
181.234344
182.170303
183.099777
184.022751
184.939270
185.849289
186.752838
187.649887
188.540466
189.424561
190.302185
191.173309
192.037949
192.896133
193.747803
194.593018
195.431732
196.263962
197.089722
197.908997
198.721786
199.528076
200.327911
201.121246
201.908112
202.688477
203.462372
204.229797
204.990738
205.745178
206.493134
207.234619
207.969620
208.698135
209.420166
210.135712
210.844788
211.547379
212.243484
212.933090
213.616241
214.292908
214.963089
215.626770
216.283981
216.934708
217.578949
218.216721
218.847992
219.472794
220.091125
220.702942
221.308304
221.907166
222.499557
223.085449
223.664871
224.237823
224.804260
225.364258
225.917740
226.464752
227.005280
227.539337
228.066879
228.587967
229.102570
229.610672
230.112305
230.607452
231.096115
231.578293
232.054001
232.523239
232.985977
233.442215
233.891998
234.335281
234.772095
235.202408
235.626266
236.043625
236.454498
236.858887
237.256805
237.648224
238.033188
238.411652
238.783630
239.149139
239.508148
239.860687
240.206741
240.546310
240.879410
