0.916234
0.041883
0.041883
0.041883
0.916234
0.041883
0.041883
0.041883
0.916234
0.000000
0.995098
1.988245
2.979441
3.968687
4.955981
5.941325
6.924717
7.906160
8.885651
9.863191
10.838779
11.812418
12.784105
13.753841
14.721627
15.687463
16.651346
17.613281
18.573263
19.531292
20.487371
21.441504
22.393682
23.343908
24.295595
25.252174
26.213636
27.179981
28.151209
29.127321
30.108318
31.094198
32.084961
33.080612
34.081139
35.086555
36.096855
37.112038
38.132103
39.157051
40.186886
41.221603
42.261204
43.305687
44.355057
45.409313
46.468445
47.532463
48.601368
49.675156
50.753826
51.837379
52.925816
54.019138
55.117348
56.220436
57.328407
58.441261
59.559002
60.681625
61.809135
62.941528
64.078804
65.220963
66.368004
67.519936
68.676750
69.833298
70.984497
72.130318
73.270775
74.405869
75.535583
76.659927
77.778900
78.892509
80.000740
81.103600
82.201096
83.293221
84.379967
85.461349
86.537361
87.608002
88.673271
89.733170
90.787704
91.836861
92.880653
93.919075
94.952118
95.979797
97.002106
98.019035
99.030602
100.036804
101.037628
102.033081
103.023170
104.007896
104.987244
105.961205
106.929817
107.893051
108.850914
109.803406
110.750526
111.692276
112.628662
113.559669
114.488724
115.419228
116.351181
117.284584
118.219437
119.155739
120.093498
121.032700
121.973366
122.915466
123.859024
124.804039
125.750496
126.698402
127.647766
128.598587
129.550842
130.504547
131.459717
132.416321
133.374390
134.333908
135.294876
136.257278
137.221161
138.186478
139.153244
140.121460
141.091125
142.062241
143.034821
144.008850
144.984314
145.961227
146.939621
147.919434
148.900711
149.883438
150.867615
151.853241
152.840317
153.828842
154.818832
155.809235
156.799103
157.788376
158.777084
159.765228
160.752808
161.739792
162.726242
163.712082
164.697388
165.682114
166.666260
167.649841
168.632874
169.615311
170.597183
171.578491
172.559235
173.539398
174.518982
175.498001
176.476471
177.454361
178.431671
179.408417
180.384598
181.360214
182.335251
183.309723
184.283615
185.256943
186.229706
187.201889
188.173523
189.144562
190.115051
191.084961
192.054306
193.023071
193.991272
194.958908
195.925964
196.892471
197.858231
198.823074
199.786972
200.749969
201.712051
202.673203
203.633453
204.592789
205.551193
206.508667
207.465256
208.420898
209.375641
210.329453
211.282349
212.234329
213.185394
214.135529
215.084747
216.033066
216.980453
217.926926
218.872482
219.817108
220.760834
221.703629
222.645508
223.586472
224.526520
225.465637
226.403854
227.341141
228.277527
229.212967
230.147507
231.081131
232.013840
232.945618
233.876480
234.806427
235.735458
236.663574
237.590759
238.517029
239.442383
240.366837
241.290344
242.212952
243.134628
244.055405
244.975250
245.894180
246.812195
247.729294
248.645462
249.560730
250.475067
251.388489
252.300995
0.000000
1.028013
2.053275
3.075786
4.095547
5.112556
6.126815
7.138324
8.147081
9.153087
10.156343
11.156847
12.154602
13.149606
14.141858
15.131360
16.118113
17.102112
18.083363
19.061859
20.037607
21.010607
21.980850
22.948345
23.913092
24.878670
25.848667
26.823090
27.801929
28.785191
29.772871
30.764973
31.761494
32.762440
33.767799
34.777580
35.791782
36.810410
37.833454
38.860916
39.892807
40.929108
41.969833
43.014980
44.064548
45.118534
46.176937
47.239773
48.307022
49.378689
50.454777
51.535282
52.620216
53.709564
54.803333
55.901524
57.004135
58.111168
59.222614
60.338486
61.458782
62.583492
63.712624
64.846184
65.984161
67.126556
68.273369
69.419930
70.561569
71.698288
72.830086
73.956955
75.078903
76.195930
77.308037
78.415215
79.517471
80.614807
81.707222
82.794716
83.877281
84.954926
86.027649
87.095444
88.158325
89.216278
90.269310
91.317413
92.360603
93.398865
94.432205
95.460617
96.484116
97.502693
98.516342
99.525063
100.528862
101.527748
102.521706
103.510750
104.494858
105.474045
106.448311
107.417648
108.382080
109.341576
110.296150
111.245804
112.190529
113.133530
114.077950
115.023796
115.971077
116.919785
117.869934
118.821510
119.774521
120.728958
121.684837
122.642143
123.600876
124.561050
125.522644
126.485680
127.450150
128.416046
129.383377
130.352127
131.322327
132.293961
133.267014
134.241501
135.217422
136.194763
137.173553
138.153778
139.135437
140.118515
141.103027
142.088974
143.076340
144.065155
145.055389
146.047058
147.040161
148.034698
149.030685
150.028076
151.026901
152.027176
153.028885
154.030411
155.030182
156.028183
157.024429
158.018921
159.011627
160.002594
160.991776
161.979218
162.964874
163.948807
164.930939
165.911316
166.889938
167.866806
168.841888
169.815231
170.786789
171.756592
172.724640
173.690933
174.655441
175.618195
176.579178
177.538422
178.495895
179.451599
180.405533
181.357712
182.308136
183.256790
184.203690
185.148819
186.092194
187.033798
187.973633
188.911728
189.848038
190.782593
191.715378
192.646408
193.575684
194.504333
195.433456
196.363098
197.293228
198.223862
199.154984
200.086624
201.018738
201.951385
202.884506
203.818146
204.752274
205.686890
206.622009
207.557648
208.493759
209.430389
210.367523
211.305145
212.243256
213.181870
214.121002
215.060623
216.000732
216.941345
217.882462
218.824081
219.766190
220.708817
221.651932
222.595535
223.539642
224.484268
225.429367
226.374985
227.321091
228.267685
229.214798
230.162399
231.110519
232.059113
233.008224
233.957825
234.907928
235.858521
236.809631
237.761215
238.713318
239.665924
240.619019
241.572617
242.526718
243.481308
244.436401
245.391983
246.348099
247.304688
248.261780
249.219360
250.177444
251.136032
252.095139
253.054718
0.000000
1.087606
2.169997
3.247175
4.319137
5.385885
6.447418
7.503736
8.554841
9.600730
10.641405
11.676866
12.707111
13.732143
14.751958
15.766562
16.775948
17.780121
18.779079
19.772823
20.761353
21.744667
22.722767
23.695654
24.663322
25.630932
26.603628
27.581417
28.564293
29.552259
30.545315
31.543461
32.546692
33.555016
34.568428
35.586929
36.610523
37.639202
38.672974
39.711838
40.755783
41.804821
42.858948
43.918163
44.982471
46.051868
47.126354
48.205933
49.290592
50.380348
51.475193
52.575123
53.680145
54.790257
55.905457
57.025745
58.151123
59.281593
60.417145
61.557800
62.703537
63.854359
65.009995
66.164444
67.315224
68.462349
69.605812
70.745621
71.881760
73.014252
74.143074
75.268242
76.389748
77.507591
78.621780
79.732307
80.839180
81.942390
83.041939
84.137817
85.230057
86.318634
87.403534
88.484787
89.562378
90.636307
91.706589
92.773193
93.836143
94.895439
95.951073
97.003052
98.051369
99.096024
100.137016
101.174355
102.208023
103.238045
104.264397
105.287109
106.306488
107.324677
108.342018
109.358513
110.374153
111.388947
112.402893
113.415993
114.428246
115.439644
116.450203
117.459908
118.468758
119.476768
120.483925
121.490242
122.495697
123.500313
124.504082
125.506996
126.509064
127.510292
128.510651
129.510178
130.508865
131.506668
132.503662
133.499786
134.495056
135.489502
136.483078
137.475815
138.467697
139.458755
140.448929
141.438278
142.426773
143.414413
144.401505
145.388779
146.376236
147.363876
148.351746
149.339798
150.328049
151.316498
152.305161
153.294022
154.283081
155.272324
156.261780
157.251434
158.241272
159.231339
160.221588
161.212036
162.202682
163.193542
164.184601
165.175842
166.167282
167.158936
168.150803
169.142838
170.135086
171.127533
172.120178
173.113022
174.106079
175.099319
176.092758
177.086411
178.080261
179.074295
180.068542
181.062988
182.055939
183.045654
184.032135
185.015411
185.995453
186.972290
187.945908
188.916290
189.883453
190.847397
191.808136
192.765640
193.719925
194.670990
195.618835
196.563461
197.504852
198.443039
199.378006
200.309753
201.238266
202.163574
203.085648
204.004517
204.920151
205.832565
206.741776
207.647751
208.550507
209.450043
210.346344
211.239441
212.129318
213.015961
213.899399
214.779617
215.656586
216.530365
217.400925
218.268250
219.132355
219.993240
220.850891
221.705353
222.556580
223.404587
224.249374
225.090927
225.929276
226.764404
227.596298
228.424988
229.250443
230.072678
230.891693
231.707489
232.520065
233.329422
234.135559
234.938492
235.738174
236.534653
237.327911
238.117935
238.904755
239.688339
240.468719
241.245865
242.019791
242.790512
243.557999
244.322266
245.083328
245.841141
246.595734
247.347122
248.095291
248.840225
249.581955
250.320465
