0.997133
0.001434
0.001434
0.001434
0.997133
0.001434
0.001434
0.001434
0.997133
0.000000
2.147176
3.057030
3.967492
4.878557
5.790224
6.702497
7.615371
8.528850
9.442930
10.357616
11.272905
12.188797
13.105291
14.022390
14.940092
15.858397
16.777304
17.696821
18.616934
19.537655
20.458977
21.380901
22.303431
23.226561
24.150299
25.074638
25.999580
26.925127
27.851274
28.778028
29.705385
30.633345
31.561909
32.491077
33.420845
34.351215
35.282196
36.213779
37.145958
38.078743
39.012135
39.946129
40.880726
41.815929
42.751732
43.688137
44.625149
45.562759
46.500977
47.439800
48.379219
49.319195
50.258083
51.195095
52.130215
53.063461
53.994816
54.924297
55.851887
56.777603
57.701431
58.623375
59.543438
60.461620
61.377918
62.292336
63.204865
64.115517
65.024284
65.931168
66.836166
67.739281
68.640518
69.539871
70.437347
71.332932
72.226639
73.118462
74.008400
74.896461
75.782631
76.666924
77.549332
78.429855
79.308502
80.185257
81.060135
81.933136
82.804245
83.673470
84.540817
85.406281
86.269875
87.131569
87.991386
88.849319
89.705376
90.559540
91.411827
92.262222
93.110741
93.957382
94.802559
95.650101
96.500961
97.355118
98.212593
99.073372
99.937454
100.804855
101.675560
102.549576
103.426895
104.307526
105.191475
106.078720
106.969276
107.863144
108.760315
109.660805
110.564598
111.471703
112.382111
113.295830
114.212860
115.133202
116.056839
116.983788
117.914055
118.847626
119.784515
120.724709
121.668198
122.615005
123.565125
124.518539
125.475281
126.435326
127.398674
128.365341
129.335297
130.308578
131.285156
132.265060
133.248276
134.234772
135.224594
136.217743
137.214157
138.213898
139.216965
140.223328
141.233017
142.244797
143.253845
144.259644
145.262161
146.261414
147.257401
148.250122
149.239578
150.225754
151.208679
152.188324
153.164703
154.137817
155.107666
156.074234
157.037552
157.997589
158.954361
159.907867
160.858109
161.805084
162.748795
163.689224
164.626389
165.560287
166.490921
167.418304
168.342392
169.263229
170.180801
171.095093
172.006119
172.913864
173.818359
174.719589
175.617554
176.512238
177.403671
178.291809
179.176712
180.058319
180.936676
181.811768
182.683578
183.552124
184.417404
185.279419
186.138168
186.993652
187.845856
188.694809
189.545181
190.406601
191.279358
192.163483
193.058960
193.965790
194.883972
195.813492
196.754379
197.706635
198.670227
199.645172
200.631470
201.629135
202.638138
203.658493
204.690216
205.733276
206.787704
207.853470
208.930603
210.019073
211.118912
212.230103
213.352646
214.486526
215.631775
216.788376
217.956329
219.135635
220.326294
221.528305
222.741684
223.966400
225.202469
226.449890
227.708679
228.978806
230.260284
231.553131
232.857315
234.172867
235.499771
236.838013
238.187622
239.548569
240.920883
242.304550
243.699554
245.105942
246.523651
0.000000
0.757595
1.658759
2.703491
3.891792
5.148893
6.400025
7.645190
8.884386
10.117614
11.344872
12.566163
13.781485
14.990840
16.194223
17.391642
18.583092
19.768570
20.948080
22.121624
23.289198
24.450804
25.606440
26.756113
27.899813
29.037546
30.169310
31.295105
32.414932
33.528793
34.636684
35.738602
36.834557
37.924541
39.008564
40.086605
41.158684
42.224792
43.284939
44.339111
45.387321
46.429562
47.465828
48.496128
49.520462
50.538822
51.551220
52.557644
53.558102
54.552589
55.541115
56.523666
57.500252
58.470871
59.435513
60.394192
61.349358
62.307007
63.267422
64.230591
65.196526
66.165222
67.136665
68.110878
69.087852
70.067589
71.050079
72.035324
73.023338
74.014114
75.007637
76.003929
77.002983
78.004799
79.009369
80.016701
81.026794
82.039635
83.055244
84.073624
85.094749
86.118637
87.145294
88.174706
89.206871
90.241798
91.279495
92.319939
93.363152
94.409111
95.457840
96.509331
97.563583
98.620590
99.680359
100.742882
101.808182
102.876228
103.947037
105.020607
106.096931
107.176018
108.257866
109.342476
110.429840
111.519974
112.612854
113.707870
114.801270
115.892418
116.981323
118.067970
119.152374
120.234535
121.314430
122.392097
123.467499
124.540657
125.611572
126.680229
127.746651
128.810806
129.872726
130.932404
131.989807
133.044983
134.097900
135.148575
136.197006
137.243179
138.287109
139.328781
140.368210
141.405396
142.440323
143.473007
144.503448
145.531631
146.557556
147.581253
148.602707
149.621887
150.638824
151.653503
152.665955
153.676163
154.684113
155.689804
156.693253
157.694458
158.693405
159.690109
160.684555
161.676773
162.666733
163.654434
164.639908
165.623108
166.604095
167.583374
168.561157
169.537445
170.512238
171.485535
172.457321
173.427612
174.396408
175.363724
176.329544
177.293854
178.256668
179.217987
180.177826
181.136139
182.092972
183.048309
184.002151
184.954483
185.905334
186.854691
187.802536
188.748886
189.693756
190.637115
191.578964
192.519348
193.458206
194.395599
195.331467
196.265854
197.198746
198.130142
199.060043
199.988434
200.915329
201.840729
202.764648
203.687057
204.607971
205.527390
206.445312
207.361740
208.276672
209.190094
210.102036
211.012466
211.921417
212.828857
213.734818
214.639267
215.544235
216.451752
217.361801
218.274384
219.189499
220.107178
221.027359
221.950104
222.875366
223.803192
224.733536
225.666428
226.601837
227.539795
228.480316
229.423340
230.368912
231.317032
232.267670
233.220856
234.176575
235.134827
236.095627
237.058975
238.024857
238.993256
239.964203
240.937683
241.913712
242.892273
243.873383
244.857010
245.843170
246.831879
247.823120
248.816910
249.813248
250.812103
251.813492
252.817429
253.823898
254.832916
255.000000
255.000000
255.000000
255.000000
0.000000
1.504278
2.991008
4.460190
5.911825
7.345911
8.762449
10.161441
11.542883
12.906778
14.253124
15.581923
16.893173
18.186876
19.463032
20.721640
21.962700
23.186211
24.392174
25.580589
26.751457
27.904776
29.040548
30.158773
31.259447
32.342575
33.408157
34.456184
35.486671
36.500053
37.511105
38.526978
39.547668
40.573189
41.603535
42.638702
43.678692
44.723503
45.773140
46.827599
47.886887
48.950996
50.019924
51.093681
52.172260
53.255661
54.343887
55.436935
56.534813
57.637512
58.745029
59.857376
60.974541
62.096535
63.223347
64.354988
65.491447
66.632736
67.778343
68.923698
70.067673
71.210266
72.351486
73.491325
74.629784
75.766861
76.902565
78.036888
79.169838
80.301399
81.431602
82.560402
83.687843
84.813896
85.938576
87.061874
88.183792
89.304329
90.423492
91.541275
92.657684
93.772713
94.886368
95.998634
97.109528
98.219048
99.327179
100.434319
101.541985
102.650352
103.759422
104.869186
105.979660
107.090828
108.202705
109.315277
110.428551
111.542526
112.657204
113.772583
114.888664
116.005440
117.122925
118.241104
119.359985
120.479576
121.599861
122.720848
123.842537
124.964928
126.088013
127.211800
128.336304
129.461487
130.587387
131.713974
132.838715
133.956329
135.066635
136.169662
137.265381
138.353836
139.434967
140.508820
141.575378
142.634628
143.686600
144.731277
145.768661
146.798752
147.821548
148.837067
149.845276
150.846207
151.839844
152.826172
153.805206
154.776962
155.741425
156.698593
157.648468
158.591034
159.526321
160.454330
161.375015
162.287949
163.192612
164.089005
164.977142
165.857025
166.728638
167.591995
168.447083
169.293930
170.132492
170.962799
171.784851
172.598618
173.404144
174.201416
174.990402
175.771133
176.543625
177.307816
178.063782
178.811478
179.550888
180.282059
181.004959
181.719604
182.425995
183.124100
183.813950
184.495560
185.168884
185.833954
186.490768
187.139313
187.779602
188.411621
189.035385
189.650894
190.258133
190.857101
191.447830
192.030273
192.604477
193.170395
193.728073
194.277481
194.818619
195.351501
195.876129
196.392487
196.900589
197.400421
197.891998
198.375320
198.850357
199.317154
199.775681
200.225937
200.667953
201.101685
201.527176
201.944397
202.353333
202.754028
203.146484
203.530655
203.906555
204.274216
204.633591
204.984711
205.327576
205.662186
205.988525
206.306595
206.616409
206.917953
207.211258
207.496292
207.773071
208.041565
208.301819
208.553787
208.797516
209.032990
209.260178
209.479111
209.689789
209.892197
210.086349
210.272232
210.449875
210.619232
210.780350
210.933182
211.077759
211.214081
211.342133
211.461929
211.573471
211.676727
211.771744
211.858505
211.936966
212.007202
212.069168
212.122879
212.168304
212.205475
212.234406
212.255066
212.267441
212.271576
