0.964344
0.017828
0.017828
0.017828
0.964344
0.017828
0.017828
0.017828
0.964344
0.000000
1.018832
2.040577
3.065235
4.092805
5.123287
6.156682
7.192989
8.232209
9.274339
10.319384
11.367339
12.418209
13.471989
14.528682
15.588287
16.650805
17.714577
18.777954
19.840933
20.903513
21.965694
23.027479
24.088865
25.149853
26.210443
27.270636
28.330425
29.389820
30.448818
31.507416
32.565617
33.623421
34.680824
35.737827
36.794437
37.850643
38.906456
39.961872
41.016884
42.071503
43.125717
44.179539
45.232960
46.285984
47.338608
48.390835
49.442665
50.494091
51.545124
52.595760
53.646000
54.695839
55.745281
56.794315
57.842960
58.891209
59.939056
60.986507
62.033558
63.080212
64.126457
65.172318
66.217773
67.262833
68.307495
69.351768
70.395630
71.438576
72.479362
73.517929
74.554276
75.588387
76.620285
77.649956
78.677406
79.702637
80.725639
81.746422
82.764984
83.781319
84.795425
85.807320
86.816986
87.824432
88.829659
89.832649
90.833427
91.831985
92.828316
93.822418
94.814301
95.803963
96.791397
97.776611
98.759605
99.740379
100.718925
101.695244
102.669350
103.641228
104.610878
105.578308
106.543526
107.506508
108.467278
109.425812
110.382133
111.336227
112.288094
113.237747
114.185173
115.130371
116.073357
117.014114
117.952644
118.888962
119.823044
120.754913
121.684860
122.614792
123.545029
124.475555
125.406372
126.337494
127.268906
128.200607
129.132599
130.064911
130.997482
131.930374
132.863556
133.797028
134.730804
135.664871
136.599213
137.533859
138.468811
139.404068
140.339600
141.275436
142.211548
143.147964
144.084686
145.021698
145.959000
146.896606
147.834503
148.772690
149.711182
150.649948
151.589020
152.528397
153.468048
154.408005
155.348251
156.288803
157.229645
158.170776
159.112213
160.053955
160.995956
161.938278
162.880890
163.823792
164.766983
165.710480
166.654266
167.598358
168.542725
169.487427
170.433319
171.380722
172.329681
173.280136
174.232147
175.185669
176.140717
177.097290
178.055389
179.015015
179.976166
180.938858
181.903061
182.868805
183.836044
184.804840
185.775162
186.746994
187.720352
188.695267
189.671677
190.649612
191.629089
192.610077
193.592606
194.576660
195.562241
196.549347
197.537964
198.528122
199.519821
200.513016
201.507751
202.504013
203.501801
204.501114
205.501953
206.504333
207.508224
208.513626
209.520584
210.529053
211.539062
212.550583
213.563629
214.578217
215.594315
216.611954
217.631104
218.651794
219.673996
220.691284
221.697235
222.691818
223.675064
224.646927
225.607452
226.556625
227.494446
228.420914
229.336029
230.239777
231.132172
232.013229
232.882919
233.741272
234.588257
235.423874
236.248154
237.061081
237.862656
238.652878
239.431732
240.199249
240.955414
241.700195
242.433655
243.155746
243.866486
244.565872
245.253906
245.930588
246.595901
247.249878
247.892502
0.000000
0.895151
1.804796
2.728934
3.667564
4.620687
5.588304
6.570413
7.567017
8.578112
9.603701
10.643782
11.698357
12.767425
13.850985
14.949039
16.061586
17.188625
18.330158
19.477194
20.620756
21.760839
22.897446
24.030573
25.160223
26.286392
27.409088
28.528303
29.644039
30.756298
31.865078
32.970383
34.072205
35.170551
36.265423
37.356812
38.444721
39.529156
40.610115
41.687592
42.761589
43.832111
44.899151
45.962719
47.022804
48.079418
49.132542
50.182198
51.228374
52.271072
53.310287
54.346027
55.378288
56.407074
57.432381
58.454208
59.472553
60.487427
61.498821
62.506737
63.511173
64.512131
65.509613
66.503624
67.494141
68.481186
69.464760
70.444946
71.423637
72.401619
73.378899
74.355469
75.331337
76.306496
77.280945
78.254684
79.227722
80.200066
81.171684
82.142601
83.112808
84.082321
85.051117
86.019211
86.986595
87.953270
88.919250
89.884514
90.849075
91.812920
92.776070
93.738510
94.700241
95.661270
96.621590
97.581200
98.540115
99.498306
100.455803
101.412590
102.368675
103.324043
104.278717
105.232674
106.185928
107.138474
108.090317
109.041451
109.991875
110.941597
111.890602
112.838921
113.786522
114.733414
115.679604
116.625084
117.570175
118.516815
119.465324
120.415695
121.367935
122.322044
123.278015
124.235855
125.195557
126.157127
127.120567
128.085861
129.053040
130.022079
130.992966
131.965729
132.940369
133.916870
134.895233
135.875458
136.857559
137.841522
138.827362
139.815048
140.804626
141.796051
142.789352
143.784500
144.781540
145.780426
146.781189
147.783798
148.788300
149.794647
150.802872
151.812958
152.824905
153.838745
154.854431
155.871979
156.891403
157.912689
158.935852
159.960861
160.987762
162.016495
163.047119
164.079605
165.113953
166.149185
167.182816
168.214783
169.245056
170.273651
171.300552
172.325790
173.349335
174.371185
175.391357
176.409851
177.426666
178.441788
179.455215
180.466965
181.477051
182.485443
183.492142
184.497162
185.500504
186.502136
187.502106
188.500412
189.497009
190.491928
191.485153
192.476700
193.466568
194.454742
195.441254
196.426071
197.409195
198.390640
199.370407
200.348495
201.324890
202.299591
203.272614
204.243958
205.213623
206.181610
207.147888
208.112503
209.075439
210.036682
210.996231
211.954117
212.910294
213.864807
214.816238
215.763229
216.705765
217.643845
218.577469
219.506638
220.431366
221.351639
222.267441
223.178802
224.085724
224.988174
225.886185
226.779739
227.668823
228.553482
229.433670
230.309418
231.180695
232.047531
232.909912
233.767838
234.621307
235.470337
236.314911
237.155029
237.990677
238.821899
239.648651
240.470963
241.288818
242.102219
242.911163
243.715652
244.515701
245.311279
246.102432
246.889114
247.671326
248.449112
249.222427
249.991302
0.000000
0.768259
1.582740
2.443445
3.350373
4.303524
5.302897
6.348494
7.440315
8.578358
9.762624
10.993114
12.244215
13.490315
14.731416
15.967517
17.198616
18.424715
19.645817
20.861914
22.073015
23.279112
24.480213
25.676310
26.867409
28.053507
29.234606
30.410702
31.581799
32.747898
33.908993
35.065090
36.216187
37.362286
38.503380
39.639477
40.770569
41.896667
43.017761
44.133858
45.244946
46.351044
47.452137
48.548233
49.639320
50.725414
51.806511
52.882603
53.953705
55.019794
56.080887
57.136974
58.188072
59.234158
60.275253
61.311340
62.342434
63.368523
64.389610
65.405792
66.419205
67.430710
68.440323
69.448029
70.453827
71.457726
72.459724
73.459816
74.458008
75.454300
76.448692
77.441170
78.431747
79.420433
80.407204
81.392082
82.375053
83.356117
84.335281
85.312546
86.287903
87.261368
88.232925
89.202568
90.170319
91.136162
92.100113
93.062149
94.022293
94.980522
95.936859
96.891289
97.843826
98.794441
99.743164
100.689995
101.634911
102.577927
103.519028
104.458252
105.395554
106.330956
107.264458
108.196053
109.125755
110.053543
110.979439
111.903961
112.830307
113.759026
114.690102
115.623543
116.559341
117.497505
118.438034
119.380913
120.326164
121.273781
122.223755
123.176102
124.130798
125.087860
126.047287
127.009071
127.973228
128.939728
129.908615
130.879837
131.853439
132.829407
133.807739
134.788422
135.771469
136.756882
137.744659
138.734802
139.727310
140.722168
141.719391
142.718979
143.720917
144.725235
145.731903
146.740952
147.752335
148.766113
149.782227
150.800720
151.821564
152.844772
153.870361
154.898300
155.928589
156.961243
157.996277
159.032349
160.066299
161.097977
162.127396
163.154510
164.179367
165.201935
166.222244
167.240280
168.256027
169.269501
170.280701
171.289627
172.296280
173.300659
174.302765
175.302597
176.300140
177.295410
178.288422
179.279160
180.267609
181.253784
182.237671
183.219315
184.198654
185.175735
186.150558
187.123077
188.093323
189.061310
190.026993
190.990433
191.951584
192.910461
193.867050
194.821381
195.773438
196.723221
197.670731
198.615952
199.558914
200.499588
201.437988
202.374115
203.307968
204.239548
205.168854
206.093033
207.009232
207.917435
208.817673
209.709930
210.594193
211.470490
212.338791
213.199127
214.051468
214.895844
215.732224
216.560623
217.381042
218.193481
218.997955
219.794434
220.582916
221.363449
222.135986
222.900543
223.657104
224.405701
225.146317
225.878937
226.603592
227.320267
228.028961
228.729675
229.422394
230.107132
230.783905
231.452682
232.113480
232.766296
233.411133
234.048004
234.676880
235.297775
235.910690
236.515625
237.112579
237.701553
238.282532
238.855545
239.420578
239.977631
240.526703
241.067795
241.600891
242.126022
242.643158
243.152328
