0.961272
0.019364
0.019364
0.019364
0.961272
0.019364
0.019364
0.019364
0.961272
0.000000
0.000000
1.114068
2.487485
3.846637
5.191523
6.522145
7.838502
9.140594
10.428422
11.701984
12.961280
14.206314
15.437082
16.653584
17.855822
19.043793
20.217503
21.376945
22.522123
23.653038
24.769686
25.872066
26.960186
28.034040
29.093628
30.138952
31.170010
32.186802
33.189335
34.177601
35.151596
36.111332
37.056805
37.988007
38.904949
39.807621
40.696030
41.570179
42.430058
43.284988
44.144299
45.007984
45.876045
46.748478
47.625286
48.506477
49.392033
50.281967
51.176281
52.074966
52.978027
53.885464
54.797272
55.713459
56.634018
57.558952
58.488262
59.421947
60.360012
61.302444
62.249260
63.200443
64.155998
65.115936
66.080246
67.048935
68.021996
68.999435
69.981239
70.967430
71.957993
72.952934
73.952240
74.955925
75.963989
76.976425
77.993233
79.014420
80.039986
81.069916
82.104233
83.139488
84.172264
85.202560
86.230385
87.255722
88.278572
89.298958
90.316849
91.332260
92.345200
93.355652
94.363625
95.369125
96.372139
97.372673
98.370728
99.366295
100.359383
101.349998
102.338127
103.323784
104.306946
105.287636
106.265854
107.241585
108.214828
109.185593
110.153885
111.119690
112.083015
113.043869
114.002235
114.958122
115.911530
116.862457
117.810898
118.756859
119.700340
120.641342
121.579872
122.515915
123.449478
124.381241
125.311882
126.241402
127.169800
128.097076
129.023224
129.948257
130.872162
131.794952
132.716614
133.637161
134.556580
135.474884
136.392075
137.308121
138.223068
139.136871
140.049576
140.961136
141.871597
142.780930
143.689133
144.596222
145.502182
146.407028
147.310760
148.213364
149.114822
150.015198
150.914413
151.812546
152.709518
153.605392
154.500153
155.393768
156.286285
157.177658
158.067932
158.957062
159.845078
160.731979
161.617767
162.504333
163.393600
164.285599
165.180298
166.077698
166.977829
167.880661
168.786194
169.694458
170.605408
171.519073
172.435455
173.354553
174.276352
175.200867
176.128082
177.058014
177.990662
178.926010
179.864059
180.804840
181.748322
182.694519
183.643417
184.595016
185.549347
186.506378
187.466110
188.428574
189.393738
190.361603
191.332199
192.305481
193.281494
194.260193
195.241623
196.225754
197.212601
198.202148
199.194412
200.189392
201.187073
202.188889
203.196320
204.209366
205.228027
206.252258
207.282120
208.317581
209.358627
210.405289
211.457565
212.515427
213.578888
214.647964
215.722626
216.802917
217.888794
218.980270
220.077347
221.180038
222.288330
223.402222
224.521713
225.646820
226.777512
227.913818
229.055725
230.203232
231.356339
232.515060
233.679367
234.849289
236.024811
237.205933
238.392654
239.584991
240.782928
241.986465
243.195587
244.410339
245.630676
246.856613
248.088150
249.325302
250.568069
251.816406
253.070374
254.329926
255.000000
0.000000
0.000000
0.000000
0.000000
0.419265
1.907690
3.377976
4.830123
6.264132
7.680003
9.077734
10.457325
11.818778
13.162094
14.487268
15.794308
17.083206
18.353966
19.606590
20.841068
22.057413
23.255619
24.435682
25.597612
26.741404
27.867050
28.974566
30.063938
31.135168
32.188267
33.223225
34.240040
35.238724
36.219265
37.181664
38.125927
39.052052
39.960033
40.860878
41.765579
42.674137
43.586552
44.502827
45.422955
46.346943
47.274788
48.206486
49.142044
50.081455
51.024731
51.971859
52.922844
53.877689
54.836388
55.798943
56.765358
57.735630
58.709751
59.687740
60.669582
61.655277
62.644836
63.638248
64.635521
65.636642
66.641632
67.650467
68.663170
69.679718
70.700134
71.724396
72.752525
73.784500
74.820343
75.860039
76.903595
77.951012
79.002274
80.057213
81.111702
82.164062
83.214294
84.262398
85.308380
86.352219
87.393936
88.433517
89.470978
90.506310
91.539505
92.570572
93.599510
94.626320
95.651009
96.673561
97.693985
98.712273
99.728439
100.742477
101.754372
102.764145
103.771790
104.777313
105.780701
106.781960
107.781090
108.778084
109.772957
110.765701
111.756302
112.744797
113.731148
114.715370
115.697472
116.677437
117.655258
118.630974
119.604538
120.575996
121.545425
122.513481
123.480293
124.445847
125.410149
126.373192
127.334991
128.295532
129.254807
130.212845
131.169617
132.125122
133.079391
134.032410
134.984177
135.934662
136.883911
137.831909
138.778641
139.724121
140.668365
141.611328
142.553055
143.493530
144.432739
145.370697
146.307404
147.242859
148.177048
149.109985
150.041687
150.972107
151.901291
152.829208
153.755875
154.681290
155.605453
156.528366
157.450012
158.370407
159.289551
160.208206
161.128189
162.049637
162.972488
163.896790
164.822525
165.749695
166.678299
167.608337
168.539810
169.472717
170.407059
171.342819
172.280029
173.218674
174.158768
175.100281
176.043213
176.987595
177.933411
178.880676
179.829361
180.779480
181.731033
182.684021
183.638443
184.594315
185.551605
186.510330
187.470490
188.432083
189.395126
190.359589
191.325500
192.292816
193.261597
194.231796
195.203430
196.176514
197.151016
198.126968
199.104156
200.082489
201.061890
202.042404
203.024033
204.006744
204.990570
205.975479
206.961517
207.948624
208.936859
209.926193
210.916626
211.908157
212.900787
213.894501
214.889359
215.885284
216.882309
217.880463
218.879700
219.880035
220.881485
221.884033
222.887680
223.892426
224.898270
225.905212
226.913269
227.922424
228.932678
229.944031
230.956497
231.970062
232.984711
234.000473
235.017349
236.035309
237.054382
238.074539
239.095810
240.118179
241.141663
242.166229
243.191910
244.218674
245.246567
246.275543
247.305618
248.336792
249.369080
250.402466
251.436966
252.472549
253.509232
0.000000
0.000000
0.000000
0.001429
1.886247
3.734954
5.547548
7.324034
9.064407
10.768670
12.436820
14.068861
15.664790
17.224607
18.748314
20.235909
21.687395
23.102768
24.482031
25.825182
27.132225
28.403151
29.637970
30.836678
31.999275
33.125755
34.216129
35.270390
36.288548
37.270580
38.216511
39.126335
40.000042
40.837631
41.639114
42.426476
43.221695
44.024784
44.835732
45.654545
46.481220
47.315758
48.158161
49.008423
49.866547
50.732536
51.606388
52.488102
53.377682
54.275120
55.180428
56.093590
57.014618
57.943508
58.880264
59.824879
60.777359
61.737705
62.705910
63.681980
64.665909
65.657700
66.657364
67.664886
68.680267
69.703514
70.734619
71.773590
72.820427
73.875122
74.935402
75.995667
77.055679
78.115425
79.174911
80.234138
81.293114
82.351822
83.410263
84.468460
85.526382
86.584045
87.641457
88.698601
89.755493
90.812119
91.868484
92.924591
93.980438
95.036026
96.091347
97.146416
98.201225
99.255768
100.310059
101.364075
102.417839
103.471352
104.524597
105.577576
106.630302
107.682770
108.734970
109.786919
110.838608
111.889580
112.937096
113.980728
115.020454
116.056267
117.088196
118.116211
119.140335
120.160561
121.176880
122.189301
123.197815
124.202438
125.203163
126.199974
127.192902
128.181915
129.167038
130.148239
131.125565
132.098984
133.068497
134.034119
134.995850
135.953644
136.907562
137.857574
138.803696
139.745911
140.684235
141.618637
142.549149
143.475769
144.398483
145.317291
146.232376
147.147552
148.064392
148.982895
149.903046
150.824844
151.748322
152.673447
153.600235
154.528687
155.458786
156.390549
157.323959
158.259048
159.195770
160.134171
161.074203
162.015915
162.959290
163.904312
164.850998
165.799332
166.749329
167.700989
168.654297
169.609283
170.565903
171.524200
172.484131
173.445740
174.408997
175.373917
176.340500
177.308731
178.278625
179.250183
180.221481
181.190659
182.157715
183.122620
184.085373
185.046005
186.004501
186.960846
187.915070
188.867157
189.817108
190.764923
191.710602
192.654129
193.595535
194.534805
195.471924
196.406921
197.339767
198.270493
199.199066
200.125519
201.049820
201.971985
202.892029
203.809937
204.725693
205.639328
206.550812
207.460175
208.367386
209.272461
210.175400
211.076218
211.974884
212.871414
213.765808
214.658081
215.548203
216.436188
217.322037
218.205750
219.087341
219.966782
220.844086
221.719254
222.592285
223.463181
224.331940
225.198563
226.063049
226.925400
227.785614
228.643692
229.499634
230.353424
231.205093
232.054626
232.902023
233.747284
234.590393
235.431381
236.270233
237.106949
237.941513
238.773956
239.604263
240.432419
241.258453
242.082336
242.904099
243.723724
244.541199
245.356537
246.169754
246.980820
247.789764
248.596558
249.401230
250.203751
