0.994639
0.002680
0.002680
0.002680
0.994639
0.002680
0.002680
0.002680
0.994639
0.000000
0.989938
1.984494
2.983667
3.987456
4.995863
6.008887
7.026528
8.048786
9.075661
10.107153
11.143263
12.183989
13.229332
14.279292
15.333869
16.393064
17.456877
18.525305
19.598351
20.676014
21.758293
22.841213
23.920786
24.997017
26.069904
27.139450
28.205650
29.268511
30.328028
31.384199
32.437027
33.486515
34.532661
35.575459
36.614918
37.651031
38.683800
39.713234
40.739315
41.762062
42.781456
43.797512
44.810226
45.819599
46.825626
47.828312
48.827652
49.823654
50.816307
51.805618
52.791588
53.774212
54.753498
55.729435
56.702030
57.671284
58.637199
59.599766
60.558990
61.514877
62.467411
63.416607
64.362457
65.304977
66.244141
67.179970
68.112450
69.041580
69.967377
70.889832
71.808937
72.724701
73.637131
74.548759
75.462166
76.377327
77.294266
78.212967
79.133438
80.055672
80.979675
81.905441
82.832977
83.762291
84.693352
85.626190
86.560799
87.497169
88.435310
89.375214
90.316879
91.260323
92.205536
93.152504
94.101242
95.051750
96.004021
96.958061
97.913879
98.871445
99.830788
100.791893
101.754768
102.719414
103.685829
104.653999
105.623940
106.595650
107.569130
108.544373
109.521385
110.500168
111.480713
112.463020
113.447090
114.432945
115.420555
116.409927
117.401085
118.393997
119.388672
120.385124
121.383331
122.383316
123.385063
124.388184
125.392288
126.397377
127.403442
128.410492
129.418518
130.427536
131.437531
132.448502
133.460464
134.473404
135.487320
136.502213
137.518097
138.534973
139.552811
140.571655
141.591446
142.612244
143.634003
144.656784
145.680511
146.705215
147.730927
148.757614
149.785278
150.813904
151.843536
152.874146
153.905731
154.938293
155.971848
157.006393
158.041901
159.078400
160.115891
161.154343
162.193787
163.234192
164.275620
165.317993
166.361359
167.405701
168.451035
169.497360
170.544647
171.592926
172.642181
173.692413
174.743637
175.795837
176.849014
177.902573
178.955902
180.008957
181.061783
182.114380
183.166718
184.218842
185.270706
186.322311
187.373703
188.424850
189.475739
190.526398
191.576828
192.626999
193.676926
194.726624
195.776077
196.825287
197.874268
198.922989
199.971481
201.019714
202.067734
203.115494
204.163010
205.210297
206.257339
207.304138
208.350693
209.397003
210.443069
211.488922
212.534515
213.579849
214.624969
215.669830
216.714462
217.758835
218.802994
219.846893
220.890549
221.933975
222.977158
224.020096
225.062790
226.105255
227.147461
228.189423
229.231171
230.272659
231.313904
232.348297
233.369186
234.376617
235.370590
236.351059
237.318054
238.271576
239.211639
240.138199
241.051285
241.950897
242.837036
243.709686
244.568863
245.414551
246.246796
247.065521
247.870789
248.662582
249.440887
250.205719
250.957077
251.694946
252.419342
253.130280
253.827713
0.000000
0.591976
1.785685
2.977636
4.167829
5.356263
6.542939
7.727857
8.911017
10.092419
11.272061
12.449946
13.626073
14.800443
15.973051
17.143904
18.312998
19.480333
20.645908
21.809731
22.971788
24.130482
25.284204
26.432955
27.576731
28.715538
29.849371
30.978233
32.102123
33.221035
34.334980
35.443951
36.547947
37.646973
38.741028
39.830109
40.914219
41.993351
43.067520
44.136707
45.200932
46.260178
47.314445
48.363750
49.408081
50.447433
51.481819
52.511230
53.535667
54.555138
55.569633
56.579155
57.583706
58.583279
59.577885
60.567520
61.552174
62.531860
63.506577
64.476326
65.441093
66.400887
67.355721
68.305565
69.250458
70.190361
71.125298
72.056374
72.990364
73.928383
74.870430
75.816505
76.766602
77.720734
78.678886
79.641075
80.607285
81.577530
82.551796
83.530090
84.512413
85.498764
86.489143
87.483551
88.481979
89.484436
90.490929
91.501450
92.515991
93.534561
94.557167
95.583786
96.614441
97.649132
98.687836
99.730576
100.777344
101.828140
102.882957
103.941811
105.004684
106.071579
107.142517
108.217476
109.296471
110.379486
111.466522
112.557594
113.652695
114.751823
115.854973
116.962158
118.073357
119.188599
120.305153
121.420280
122.533997
123.646286
124.757164
125.866623
126.974663
128.081299
129.186508
130.290298
131.392685
132.493637
133.593170
134.691299
135.788010
136.883301
137.977188
139.069656
140.160690
141.250320
142.338531
143.425323
144.510696
145.594666
146.677200
147.758347
148.838043
149.916351
150.993225
152.068695
153.142746
154.215363
155.286575
156.356384
157.424744
158.491714
159.557266
160.621399
161.684113
162.745407
163.805283
164.863739
165.920807
166.976410
168.030624
169.083435
170.134598
171.182922
172.228210
173.270462
174.309647
175.345795
176.378891
177.408951
178.435959
179.459915
180.480835
181.498703
182.513519
183.525284
184.534027
185.539703
186.542343
187.541931
188.538467
189.531967
190.522415
191.509811
192.494171
193.475479
194.453735
195.428955
196.401123
197.370239
198.336319
199.299332
200.259323
201.216263
202.170135
203.120987
204.068787
205.013535
205.955246
206.893875
207.829498
208.762054
209.691574
210.618042
211.541458
212.461838
213.379181
214.293457
215.204697
216.111191
217.011215
217.904800
218.791916
219.672577
220.546799
221.414566
222.275848
223.130722
223.979095
224.821045
225.656525
226.485565
227.308136
228.124268
228.933929
229.737152
230.533905
231.324219
232.108063
232.885468
233.656403
234.420898
235.178925
235.930496
236.675613
237.414307
238.146500
238.872269
239.591583
240.304443
241.010834
241.710770
242.404266
243.091309
243.771881
244.445999
245.113678
245.774902
246.429657
247.077972
247.719818
248.355225
248.984161
249.606659
250.222687
250.832275
251.435394
252.032074
0.000000
2.005264
3.882041
5.630330
7.250133
8.741449
10.104278
11.338619
12.507146
13.672529
14.834769
15.993866
17.149820
18.302631
19.452299
20.598822
21.742205
22.882441
24.019537
25.153488
26.284296
27.411961
28.536480
29.657858
30.776094
31.891188
33.003132
34.111938
35.217602
36.320118
37.419495
38.515728
39.608818
40.698761
41.785568
42.869225
43.949738
45.027111
46.101341
47.172424
48.240372
49.305176
50.367561
51.431927
52.499004
53.568787
54.641281
55.716488
56.794395
57.875019
58.958351
60.044388
61.133137
62.224598
63.318764
64.415642
65.515228
66.617523
67.722527
68.830246
69.940666
71.053802
72.169640
73.288185
74.409454
75.533424
76.660103
77.789490
78.921585
80.056389
81.193909
82.334137
83.477066
84.622711
85.771065
86.922127
88.075897
89.231201
90.386887
91.542938
92.699364
93.856155
95.013321
96.170853
97.328758
98.487038
99.645683
100.804703
101.964096
103.123848
104.283974
105.444481
106.605347
107.766586
108.928200
110.090187
111.252533
112.415260
113.578354
114.741821
115.905655
117.069855
118.234436
119.399384
120.564705
121.730392
122.896446
124.062874
125.229683
126.396843
127.564384
128.731949
129.897491
131.060669
132.221481
133.379913
134.535995
135.689682
136.841019
137.989990
139.136581
140.280807
141.422684
142.562164
143.699295
144.834045
145.966431
147.096466
148.224106
149.349396
150.472305
151.592850
152.711029
153.826843
154.940292
156.051361
157.160065
158.266403
159.370377
160.471970
161.571213
162.668076
163.762558
164.854706
165.944458
167.031830
168.113113
169.184509
170.246017
171.297668
172.339447
173.371338
174.393356
175.405502
176.407791
177.400177
178.382706
179.355347
180.318130
181.271027
182.214050
183.147186
184.070480
184.983871
185.887405
186.781067
187.664825
188.538742
189.402771
190.256912
191.101196
191.935608
192.760132
193.574799
194.379578
195.174469
195.959518
196.734650
197.499954
198.255356
199.000885
199.736542
200.462326
201.178223
201.884277
202.580429
203.266724
203.943130
204.609665
205.266327
205.913116
206.550018
207.177063
207.794220
208.401520
208.998917
209.586456
210.164124
210.731918
211.289841
211.837875
212.376053
212.904343
213.422760
213.931290
214.429962
214.918747
215.397675
215.866714
216.325882
216.775177
217.214615
217.644150
218.063828
218.473602
218.873535
219.263580
219.643753
220.014069
220.374481
220.725037
221.065689
221.396500
221.717422
222.028473
222.329651
222.620956
222.902374
223.173920
223.435608
223.687393
223.929337
224.161392
224.383575
224.595871
224.798309
224.990845
225.173553
225.346344
225.509262
225.662323
225.805496
225.938812
226.062241
226.175812
226.279495
226.373306
226.457245
226.531296
226.595474
226.649780
226.694229
226.728790
226.753464
226.768295
226.773224
