0.938122
0.030939
0.030939
0.030939
0.938122
0.030939
0.030939
0.030939
0.938122
0.000000
0.169855
0.366028
0.588519
0.837329
1.112456
1.413902
1.741666
2.095748
2.476148
2.882866
3.315902
3.775257
4.260930
4.772920
5.311229
5.875856
6.466801
7.084064
7.727645
8.397545
9.093762
9.816298
10.565152
11.340324
12.141814
12.969623
13.823749
14.704191
15.610955
16.544037
17.503435
18.489155
19.501190
20.539543
21.604214
22.695204
23.812513
24.956137
26.126080
27.322340
28.544926
29.793821
31.069036
32.370571
33.698421
35.052597
36.433083
37.839890
39.273014
40.732460
42.218224
43.730301
45.268696
46.833420
48.424450
50.017532
51.588398
53.137043
54.663471
56.167683
57.649673
59.109447
60.547001
61.962337
63.355453
64.726349
66.075035
67.401497
68.705742
69.987762
71.247566
72.485153
73.700523
74.893677
76.064606
77.213326
78.339821
79.444092
80.526146
81.585991
82.623619
83.639015
84.632202
85.603157
86.551910
87.478439
88.382751
89.264839
90.124718
90.962372
91.778725
92.594025
93.416550
94.246300
95.083267
95.927475
96.778893
97.637543
98.503403
99.376503
100.256821
101.144363
102.039131
102.941116
103.850342
104.766777
105.690445
106.621338
107.559448
108.504784
109.457344
110.417137
111.384148
112.358383
113.339836
114.328522
115.324432
116.327568
117.337914
118.355499
119.380310
120.412338
121.451591
122.498070
123.551765
124.612701
125.679298
126.742195
127.799850
128.852234
129.899384
130.941299
131.977936
133.009338
134.035477
135.056381
136.072037
137.082428
138.087570
139.087479
140.082108
141.071518
142.055649
143.034561
144.008194
144.976578
145.939728
146.897629
147.850266
148.797653
149.739792
150.676697
151.608337
152.534729
153.455856
154.371750
155.282394
156.187775
157.087921
157.982803
158.872437
159.756836
160.638733
161.524918
162.415741
163.311127
164.211151
165.115768
166.024963
166.938782
167.857193
168.780212
169.707825
170.640060
171.576874
172.518311
173.464340
174.414963
175.370193
176.330017
177.294479
178.263504
179.237137
180.215393
181.198227
182.185684
183.177734
184.174362
185.175629
186.181488
187.191940
188.207001
189.226654
190.250916
191.279785
192.313248
193.351318
194.393982
195.439011
196.484116
197.529297
198.574585
199.619949
200.665405
201.710938
202.756577
203.802292
204.848083
205.893982
206.939972
207.986038
209.032181
210.078430
211.124756
212.171173
213.217667
214.264267
215.310944
216.357712
217.404572
218.451508
219.498535
220.545654
221.592865
222.640152
223.687531
224.734985
225.782547
226.830200
227.877914
228.925735
229.973648
231.021652
232.069717
233.117889
234.166138
235.214493
236.262924
237.311432
238.360046
239.408737
240.457504
241.506378
242.555328
243.604385
244.653503
245.702713
246.752029
247.801422
248.850906
249.900482
250.950134
251.999863
253.049698
254.099625
0.000000
0.000000
0.000000
0.000000
0.000000
0.000000
0.000000
0.000000
0.000000
0.000000
0.000000
0.754449
1.649858
2.557487
3.477337
4.409407
5.353698
6.310208
7.278941
8.259892
9.253065
10.258457
11.276071
12.305904
13.347957
14.402233
15.468726
16.547443
17.638380
18.741533
19.856915
20.984510
22.124329
23.276365
24.440626
25.617104
26.805805
28.006723
29.219866
30.445225
31.682806
32.932610
34.194630
35.468872
36.755341
38.054020
39.364922
40.688053
42.023396
43.370960
44.730743
46.102757
47.486980
48.883423
50.292095
51.699673
53.092884
54.471710
55.836166
57.186237
58.521935
59.843246
61.150188
62.442745
63.720924
64.984726
66.234146
67.469193
68.689857
69.896141
71.088051
72.265579
73.428734
74.577507
75.711891
76.831909
77.937538
79.028801
80.105675
81.168175
82.216301
83.250038
84.269402
85.274384
86.264992
87.241219
88.203072
89.150543
90.083626
91.002335
91.906670
92.798874
93.692383
94.589462
95.490105
96.394310
97.302078
98.213402
99.128288
100.046738
100.968750
101.894333
102.823463
103.756165
104.692421
105.632248
106.575630
107.522583
108.473083
109.427162
110.384789
111.345985
112.310738
113.279068
114.250946
115.226387
116.205399
117.187958
118.174095
119.163780
120.157028
121.153847
122.154228
123.158165
124.165665
125.176727
126.191360
127.209541
128.227921
129.243088
130.255051
131.263809
132.269348
133.271713
134.270859
135.266800
136.259537
137.249054
138.235397
139.218521
140.198441
141.175156
142.148682
143.118988
144.086090
145.050003
146.010712
146.968201
147.922485
148.873581
149.821457
150.766159
151.707626
152.645889
153.580978
154.512848
155.441498
156.366959
157.289215
158.208267
159.124115
160.036758
160.946198
161.852432
162.756149
163.661407
164.568924
165.478653
166.390625
167.304825
168.221252
169.139923
170.060852
170.983978
171.909363
172.836960
173.766800
174.698883
175.633194
176.569733
177.508514
178.449524
179.392761
180.338242
181.285965
182.235916
183.188080
184.142502
185.099152
186.058029
187.019150
187.982513
188.948090
189.915909
190.885971
191.858246
192.832764
193.809525
194.788528
195.769730
196.753204
197.739456
198.729095
199.722107
200.718506
201.718262
202.721405
203.727905
204.737808
205.751053
206.767700
207.787704
208.811096
209.837860
210.867996
211.901505
212.938400
213.978653
215.022278
216.069305
217.119690
218.173462
219.230591
220.291092
221.354996
222.422256
223.492874
224.566895
225.644302
226.725052
227.809189
228.896698
229.987579
231.081848
232.179489
233.280487
234.384888
235.492630
236.603775
237.718277
238.836182
239.957428
241.082077
242.210083
243.341476
244.476242
245.614365
246.755875
247.900772
249.049026
250.200668
251.355682
252.514069
253.675812
254.840958
255.000000
0.000000
0.351753
0.727851
1.128294
1.553081
2.002213
2.475689
2.973510
3.495676
4.042186
4.613041
5.208240
5.827785
6.471673
7.139907
7.832484
8.549407
9.290674
10.056287
10.846243
11.660544
12.499189
13.362180
14.249515
15.161193
16.097219
17.057587
18.042299
19.051357
20.084761
21.142508
22.224600
23.331038
24.461819
25.616947
26.796415
28.000231
29.228392
30.480894
31.757744
33.058937
34.384476
35.734360
37.108585
38.507156
39.930073
41.377331
42.848942
44.344891
45.865185
47.409824
48.978806
50.572136
52.189808
53.808369
55.404358
56.977776
58.528622
60.056896
61.562595
63.045727
64.506279
65.944267
67.359688
68.752533
70.122803
71.470505
72.795624
74.098183
75.378166
76.635582
77.870422
79.082695
80.272392
81.439514
82.584076
83.706055
84.805466
85.882309
86.936577
87.968277
88.977402
89.963951
90.927933
91.869339
92.802475
93.741631
94.686806
95.638008
96.595230
97.558472
98.527740
99.503029
100.484329
101.471664
102.465012
103.464378
104.469780
105.481194
106.498627
107.522087
108.551567
109.587067
110.628593
111.676140
112.729706
113.789284
114.854904
115.926537
117.004189
118.087860
119.177551
120.273277
121.375015
122.482773
123.596558
124.709618
125.815231
126.913391
128.004089
129.087341
130.163147
131.231476
132.292358
133.345810
134.391785
135.430313
136.461380
137.485001
138.501175
139.509872
140.511139
141.504944
142.491287
143.470184
144.441620
145.405609
146.362137
147.311218
148.252838
149.187012
150.113739
151.033005
151.944809
152.849167
153.746063
154.635513
155.521515
156.408142
157.295395
158.183258
159.071716
159.960800
160.850494
161.740784
162.631699
163.523209
164.415344
165.308075
166.201447
167.095398
167.989960
168.885147
169.780945
170.677338
171.574356
172.471985
173.370209
174.269058
175.168503
176.068573
176.969254
177.870544
178.772430
179.674942
180.578064
181.481781
182.386124
183.290024
184.192413
185.093292
185.992676
186.890549
187.786926
188.681793
189.575150
190.467010
191.357376
192.246231
193.133575
194.019424
194.903763
195.786606
196.667938
197.547760
198.426102
199.302902
200.178223
201.052048
201.924362
202.795166
203.664459
204.532257
205.398560
206.263351
207.126648
207.988419
208.848694
209.707474
210.564743
211.420517
212.274780
213.127533
213.978806
214.828537
215.676788
216.523544
217.368774
218.212524
219.054749
219.895477
220.734695
221.572433
222.408646
223.243362
224.076553
224.908279
225.738464
226.567169
227.394379
228.220062
229.044250
229.866928
230.688110
231.507782
232.325943
233.142609
233.957794
234.771439
235.583603
236.394257
237.203400
238.011047
238.817184
239.621811
240.424957
241.226578
242.026703
242.825333
243.622437
244.418060
245.212173
246.004776
246.795868
247.585480
248.373550
