0.985896
0.007052
0.007052
0.007052
0.985896
0.007052
0.007052
0.007052
0.985896
0.000000
0.000000
0.000000
0.000000
0.609584
2.206463
3.771824
5.305666
6.807990
8.278795
9.718083
11.125852
12.502102
13.846834
15.160048
16.441740
17.691919
18.910578
20.097717
21.253338
22.377443
23.470026
24.531092
25.560640
26.558668
27.525179
28.476284
29.428095
30.380613
31.333836
32.287766
33.242397
34.197739
35.153786
36.110538
37.067997
38.026165
38.985031
39.944607
40.904888
41.865879
42.827572
43.789974
44.753078
45.716888
46.681412
47.646637
48.612564
49.579201
50.546543
51.514591
52.483345
53.452805
54.422970
55.393845
56.365421
57.337708
58.310692
59.284389
60.258793
61.233902
62.209713
63.186234
64.163452
65.141396
66.120033
67.099365
68.079430
69.060181
70.041641
71.023811
72.006683
72.990257
73.974548
74.959358
75.943626
76.927177
77.910004
78.892097
79.873474
80.854126
81.834068
82.813271
83.791756
84.769524
85.746567
86.722878
87.698471
88.673340
89.647484
90.620918
91.593620
92.565605
93.536858
94.507385
95.477203
96.446289
97.414658
98.382301
99.349220
100.315414
101.280891
102.245644
103.209663
104.172974
105.135559
106.097420
107.058556
108.018974
108.978661
109.937630
110.895882
111.853394
112.810204
113.766273
114.721634
115.676262
116.630165
117.583351
118.535820
119.487549
120.438576
121.388870
122.339119
123.290039
124.241623
125.193863
126.146767
127.100319
128.054535
129.009415
129.964951
130.921158
131.878006
132.835526
133.793701
134.752533
135.712021
136.672195
137.633011
138.594482
139.556595
140.519394
141.482849
142.446976
143.411743
144.377167
145.343246
146.309998
147.277405
148.245468
149.214203
150.183594
151.153641
152.124329
153.095703
154.067734
155.040405
156.013763
156.987762
157.962418
158.937744
159.913727
160.890381
161.867661
162.845627
163.824265
164.803528
165.783463
166.764069
167.745316
168.726959
169.707260
170.685944
171.663040
172.638519
173.612381
174.584641
175.555298
176.524353
177.491776
178.457596
179.421814
180.384399
181.345413
182.304794
183.262573
184.218735
185.173294
186.126236
187.077560
188.027298
188.975418
189.921921
190.866821
191.810120
192.751801
193.691864
194.630325
195.567169
196.502411
197.436050
198.368088
199.298492
200.227295
201.154495
202.080078
203.004044
203.926422
204.847168
205.766327
206.683853
207.599792
208.514114
209.426819
210.337921
211.247421
212.155289
213.061569
213.966232
214.874542
215.791763
216.717865
217.652863
218.596786
219.549591
220.511307
221.481903
222.461426
223.449844
224.447144
225.453354
226.468460
227.492477
228.525375
229.567184
230.617889
231.677521
232.746017
233.823425
234.909744
236.004959
237.109070
238.222092
239.343994
240.474808
241.614517
242.763138
243.920639
245.087067
246.262390
247.446579
248.639709
249.841721
251.052628
252.272446
0.000000
0.000000
0.000000
0.000000
0.000000
1.584527
3.389828
5.153059
6.874219
8.553306
10.190323
11.785268
13.338140
14.848943
16.317677
17.744333
19.128922
20.471443
21.771885
23.030260
24.246563
25.420795
26.552956
27.643045
28.711323
29.778053
30.843237
31.906872
32.968960
34.029503
35.088493
36.145939
37.201839
38.256187
39.308990
40.360241
41.409950
42.458107
43.504715
44.549778
45.593296
46.635262
47.675682
48.714554
49.751877
50.787651
51.821877
52.854561
53.885693
54.915276
55.943314
56.969807
57.994743
59.018139
60.039986
61.060284
62.079033
63.096230
64.111885
65.125999
66.138550
67.149567
68.159035
69.166946
70.173317
71.178139
72.181404
73.183128
74.183304
75.181938
76.179016
77.174622
78.170059
79.165909
80.162155
81.158806
82.155846
83.153297
84.151146
85.149399
86.148041
87.147087
88.146538
89.146385
90.146637
91.147285
92.148331
93.149780
94.151627
95.153885
96.156532
97.159584
98.163033
99.166878
100.171135
101.175789
102.180832
103.186287
104.192139
105.198387
106.205048
107.212090
108.219543
109.227402
110.235657
111.244308
112.253365
113.262817
114.272667
115.282928
116.293571
117.304626
118.316078
119.327942
120.340195
121.352844
122.365906
123.379356
124.393211
125.407303
126.420517
127.432693
128.443817
129.453918
130.462967
131.470963
132.477951
133.483871
134.488754
135.492599
136.495407
137.497177
138.497894
139.497574
140.496216
141.493820
142.490356
143.485886
144.480362
145.473801
146.466187
147.457535
148.447845
149.437119
150.425354
151.412537
152.398682
153.383789
154.367859
155.350876
156.332870
157.313812
158.293701
159.272552
160.250381
161.227158
162.202896
163.177597
164.151230
165.123856
166.095428
167.065964
168.035446
169.003891
169.971313
170.937668
171.903000
172.866974
173.828888
174.788742
175.746460
176.702118
177.655670
178.607117
179.556473
180.503738
181.448914
182.391998
183.332977
184.271866
185.208664
186.143356
187.075974
188.006485
188.934891
189.861221
190.785446
191.707581
192.627625
193.545563
194.461426
195.375183
196.286850
197.196411
198.103897
199.009262
199.912552
200.813736
201.712845
202.609833
203.504745
204.397568
205.288284
206.176910
207.063446
207.947891
208.830231
209.710480
210.588623
211.464691
212.338654
213.210510
214.080307
214.947983
215.813568
216.678909
217.545731
218.414093
219.283966
220.155380
221.028320
221.902786
222.778778
223.656281
224.535339
225.415894
226.298004
227.181610
228.066757
228.953430
229.841644
230.731354
231.622604
232.515396
233.409698
234.305527
235.202881
236.101761
237.002182
237.904114
238.807587
239.712570
240.619080
241.527130
242.436691
243.347794
244.260406
245.174545
246.090225
247.007416
247.926147
248.846405
249.768173
250.691483
251.616318
252.542664
0.000000
1.476582
2.928212
4.354890
5.756617
7.133390
8.485213
9.812084
11.114005
12.390972
13.642987
14.870051
16.072163
17.249325
18.401533
19.528788
20.631096
21.721169
22.811739
23.902807
24.994371
26.086430
27.178984
28.272034
29.365580
30.459621
31.554157
32.649185
33.744713
34.840736
35.937256
37.034267
38.131775
39.229778
40.328285
41.427277
42.526772
43.626755
44.727238
45.828217
46.929688
48.031658
49.134117
50.237076
51.340530
52.444481
53.548931
54.653870
55.759308
56.865238
57.971668
59.078590
60.186008
61.293922
62.402328
63.511238
64.620636
65.730530
66.840919
67.950783
69.059059
70.165756
71.270882
72.374428
73.476402
74.576790
75.675606
76.772850
77.868515
78.962608
80.055122
81.146057
82.235413
83.323204
84.409416
85.494041
86.577103
87.658577
88.738487
89.816811
90.893562
91.968735
93.042343
94.114357
95.184807
96.253677
97.320969
98.386688
99.450829
100.513397
101.574387
102.633797
103.691635
104.747902
105.802589
106.855690
107.907234
108.957184
110.005562
111.052368
112.097595
113.141594
114.184731
115.226990
116.268379
117.308899
118.348549
119.387329
120.425232
121.462265
122.498436
123.533730
124.568146
125.601700
126.634377
127.666191
128.697113
129.727188
130.756378
131.784714
132.812164
133.838745
134.864441
135.889282
136.913254
137.936356
138.958572
139.979935
141.000412
142.020020
143.038757
144.056641
145.073639
146.089767
147.105026
148.119415
149.132919
150.145569
151.157349
152.168243
153.178284
154.187424
155.195724
156.201614
157.203568
158.201630
159.195740
160.185944
161.172195
162.154556
163.132965
164.107483
165.078049
166.044708
167.007416
167.966232
168.921112
169.872070
170.819107
171.762207
172.701385
173.636658
174.567978
175.495407
176.418900
177.338455
178.254089
179.165817
180.073608
180.977478
181.877426
182.773453
183.665543
184.553726
185.437973
186.318298
187.194702
188.067184
188.935745
189.800369
190.661072
191.517853
192.370712
193.219650
194.064667
194.905197
195.740723
196.571228
197.396713
198.217178
199.032639
199.843079
200.648499
201.448883
202.244263
203.034622
203.819977
204.600311
205.375626
206.145920
206.911179
207.671448
208.426682
209.176910
209.922104
210.662292
211.397461
212.127594
212.852737
213.572861
214.287949
214.998032
215.703079
216.403137
217.098160
217.788177
218.473175
219.153137
219.828079
220.498032
221.162933
221.822845
222.477722
223.127594
223.772446
224.412277
225.047089
225.676880
226.301666
226.921417
227.536163
228.145889
228.750580
229.350281
229.944946
230.534607
231.119232
231.698853
232.273453
232.843033
233.407593
233.967163
234.521683
235.071198
235.615692
236.155151
236.689606
237.219055
237.743469
238.262878
238.777267
239.286621
239.790985
240.290314
240.784622
241.273926
