0.969756
0.015122
0.015122
0.015122
0.969756
0.015122
0.015122
0.015122
0.969756
0.000000
1.065328
2.129469
3.192423
4.254189
5.314769
6.374160
7.432365
8.489383
9.545214
10.599857
11.653314
12.705583
13.757013
14.807962
15.858424
16.908401
17.957893
19.006901
20.055422
21.103460
22.151012
23.198078
24.244659
25.290756
26.336369
27.381495
28.426136
29.470291
30.513962
31.557148
32.599850
33.642063
34.683796
35.725040
36.765800
37.806080
38.845867
39.885166
40.923992
41.962326
43.000172
44.037540
45.074421
46.110813
47.146721
48.182144
49.217087
50.251545
51.285515
52.318996
53.351986
54.384506
55.416538
56.448074
57.479137
58.509708
59.539795
60.569397
61.598518
62.627144
63.655293
64.682953
65.710129
66.736832
67.763031
68.788757
69.814453
70.840591
71.867172
72.894196
73.921661
74.949554
75.977898
77.006683
78.035912
79.065575
80.095673
81.126221
82.157211
83.188629
84.220497
85.252800
86.285561
87.318741
88.352371
89.386444
90.420952
91.455894
92.491295
93.527115
94.563393
95.600105
96.637253
97.674850
98.712883
99.751358
100.790276
101.829628
102.869415
103.909668
104.950340
105.991455
107.033012
108.075012
109.117455
110.160332
111.203644
112.247406
113.291603
114.336243
115.381332
116.426849
117.472816
118.519218
119.566055
120.613350
121.661072
122.709229
123.757843
124.806892
125.855637
126.903366
127.950066
128.995728
130.040359
131.083984
132.126556
133.168106
134.208649
135.248138
136.286606
137.324036
138.360458
139.395844
140.430191
141.463516
142.495819
143.527084
144.557327
145.586548
146.614731
147.641876
148.668015
149.693115
150.717178
151.740234
152.762253
153.783234
154.803192
155.822113
156.840027
157.856888
158.872726
159.887543
160.901337
161.914093
162.925827
163.936539
164.946198
165.954849
166.962463
167.969055
168.974625
169.979156
170.982651
171.985123
172.986572
173.987000
174.986389
175.984741
176.982071
177.978378
178.973648
179.967911
180.961334
181.954132
182.946304
183.937866
184.928802
185.919098
186.908783
187.897858
188.886276
189.874100
190.861298
191.847855
192.833801
193.819122
194.803833
195.787903
196.771347
197.754181
198.736389
199.717987
200.698944
201.679291
202.658997
203.638077
204.616562
205.594391
206.571625
207.548218
208.524200
209.499557
210.474289
211.448395
212.421890
213.394745
214.366989
215.338593
216.309601
217.279953
218.249710
219.218826
220.187332
221.155212
222.122467
223.089096
224.055099
225.020493
225.985260
226.949387
227.912903
228.875809
229.838089
230.799728
231.760757
232.721161
233.672119
234.604889
235.519394
236.415680
237.293732
238.153564
238.995148
239.818527
240.623657
241.410568
242.179230
242.929672
243.661896
244.375870
245.071625
245.749161
246.408447
247.049500
247.672333
248.276947
248.863312
249.431458
249.981384
250.513046
251.026505
251.521729
251.998718
0.000000
0.931990
1.875412
2.830264
3.796548
4.774261
5.763407
6.763983
7.775990
8.799428
9.834298
10.880597
11.938329
13.007489
14.088083
15.180106
16.276859
17.371647
18.464466
19.555317
20.644197
21.731112
22.816057
23.899035
24.980043
26.059084
27.136156
28.211260
29.284393
30.355560
31.424761
32.491989
33.557255
34.620548
35.681870
36.741230
37.798615
38.854038
39.907494
40.958977
42.008492
43.056038
44.101620
45.145226
46.186871
47.226543
48.264252
49.299984
50.333755
51.365559
52.395393
53.423252
54.449150
55.473080
56.495037
57.515026
58.533051
59.549107
60.563190
61.575314
62.585457
63.593639
64.599846
65.604095
66.606369
67.606682
68.605019
69.601387
70.595787
71.589355
72.583206
73.577347
74.571770
75.566483
76.561485
77.556770
78.552345
79.548218
80.544365
81.540802
82.537529
83.534554
84.531853
85.529442
86.527313
87.525482
88.523941
89.522682
90.521706
91.521019
92.520630
93.520523
94.520706
95.521172
96.521927
97.522964
98.524307
99.525925
100.527832
101.530022
102.532501
103.535278
104.538330
105.541679
106.545311
107.549232
108.553444
109.557938
110.562721
111.567787
112.573158
113.578796
114.584740
115.590950
116.597466
117.604263
118.611351
119.618721
120.626381
121.634331
122.642570
123.651093
124.659592
125.667770
126.675613
127.683121
128.690308
129.697174
130.703705
131.709900
132.715775
133.721313
134.726532
135.731400
136.735962
137.740173
138.744080
139.747635
140.750870
141.753799
142.756363
143.758606
144.760529
145.762131
146.763382
147.764313
148.764923
149.765198
150.765152
151.764755
152.764038
153.763000
154.761627
155.759918
156.757889
157.755524
158.752838
159.749832
160.746490
161.742783
162.738785
163.734467
164.729797
165.724808
166.719482
167.713821
168.707840
169.701538
170.694901
171.687927
172.680634
173.673004
174.665039
175.656769
176.648148
177.638947
178.628891
179.617966
180.606201
181.593582
182.580093
183.565765
184.550583
185.534531
186.517639
187.499893
188.481293
189.461838
190.441513
191.420334
192.398331
193.375443
194.351715
195.327118
196.301697
197.275391
198.248245
199.220245
200.191376
201.161682
202.131119
203.099686
204.067413
205.034271
206.000290
206.965454
207.929764
208.893219
209.855820
210.817566
211.778442
212.738480
213.697678
214.656006
215.613464
216.570084
217.525848
218.480774
219.434814
220.388016
221.340363
222.291855
223.242493
224.192276
225.141205
226.089279
227.036499
227.982880
228.928299
229.872772
230.816284
231.758835
232.700409
233.641006
234.580643
235.519318
236.457001
237.393723
238.329483
239.264267
240.198090
241.130920
242.062805
242.993713
243.923660
244.852615
245.780609
246.707642
247.633698
248.558792
249.482910
250.406067
251.328247
252.249451
253.169678
254.088959
0.000000
1.369335
2.705466
4.008391
5.278113
6.514629
7.717941
8.888048
10.024951
11.128647
12.215582
13.302203
14.388510
15.474501
16.560177
17.645535
18.730579
19.815310
20.899723
21.983822
23.067604
24.151072
25.234222
26.317059
27.399582
28.481789
29.563679
30.645252
31.726511
32.807453
33.888088
34.968399
36.048401
37.128082
38.207451
39.286503
40.365238
41.443661
42.521767
43.599556
44.677029
45.754189
46.831032
47.907562
48.983776
50.059677
51.135258
52.210526
53.285480
54.360119
55.434441
56.508442
57.582138
58.655510
59.728569
60.801315
61.873745
62.945858
64.017654
65.089195
66.160461
67.231461
68.302208
69.372681
70.442886
71.512833
72.582512
73.651924
74.721077
75.789955
76.858582
77.926933
78.995026
80.062851
81.130409
82.197708
83.264732
84.331505
85.398003
86.464241
87.530212
88.595924
89.661354
90.726540
91.791443
92.856094
93.920479
94.984596
96.048447
97.112038
98.175362
99.238419
100.301208
101.363731
102.425995
103.487991
104.549736
105.611198
106.672409
107.733337
108.794014
109.854424
110.914566
111.974449
113.034073
114.093414
115.152504
116.211082
117.268974
118.326149
119.382622
120.438393
121.493439
122.547791
123.601433
124.654366
125.706581
126.758095
127.808891
128.858994
129.908386
130.957062
132.005035
133.052292
134.098846
135.144684
136.189835
137.234253
138.277985
139.320984
140.363297
141.404877
142.445770
143.485962
144.525421
145.564178
146.602234
147.639572
148.676208
149.712128
150.747345
151.781860
152.815674
153.848755
154.881149
155.912827
156.943787
157.974045
159.003586
160.032440
161.060577
162.087997
163.114716
164.140717
165.166016
166.190247
167.211243
168.228622
169.242386
170.252533
171.259109
172.262054
173.261383
174.257111
175.249237
176.237762
177.222672
178.203979
179.181686
180.155762
181.126251
182.093124
183.056396
184.016052
184.972107
185.924561
186.873398
187.818634
188.760254
189.698273
190.632675
191.563477
192.490677
193.414276
194.334244
195.250626
196.163376
197.072556
197.978104
198.880051
199.778381
200.673111
201.564224
202.451752
203.335663
204.215973
205.092651
205.965744
206.835220
207.701096
208.563354
209.422028
210.277069
211.128510
211.978531
212.829300
213.680832
214.533112
215.386154
216.239944
217.094513
217.949829
218.805893
219.662720
220.520294
221.378632
222.237717
223.097565
223.958176
224.819534
225.681656
226.544525
227.408157
228.272537
229.137680
230.003571
230.870224
231.737640
232.605804
233.474731
234.344406
235.214844
236.086029
236.957977
237.830688
238.704132
239.578354
240.453323
241.329041
242.205536
243.082779
243.960770
244.839523
245.719025
246.599289
247.480316
248.362091
249.244614
250.127914
251.011948
251.896759
252.782318
253.668625
254.555695
255.000000
255.000000
