0.913965
0.043018
0.043018
0.043018
0.913965
0.043018
0.043018
0.043018
0.913965
0.000000
1.103419
2.152100
3.146042
4.085245
4.969709
5.799436
6.574422
7.323947
8.077288
8.834442
9.595410
10.360195
11.128795
11.901208
12.677437
13.457479
14.241339
15.029011
15.820498
16.615801
17.414917
18.217852
19.024595
19.835159
20.649536
21.467728
22.289734
23.115555
23.945189
24.778639
25.615904
26.456985
27.301878
28.150589
29.003115
29.859451
30.719606
31.583574
32.451355
33.322956
34.198372
35.077599
35.960640
36.847496
37.738171
38.632656
39.530960
40.433075
41.339008
42.248753
43.162312
44.079685
45.000877
45.925884
46.854706
47.787342
48.723789
49.664055
50.607544
51.550678
52.492874
53.434124
54.374428
55.313797
56.252216
57.189697
58.126232
59.061829
59.996479
60.930187
61.862953
62.794777
63.725655
64.655594
65.584587
66.512634
67.439743
68.365906
69.291138
70.215416
71.138748
72.061150
72.982597
73.903107
74.822678
75.741295
76.658981
77.575706
78.491508
79.406364
80.320267
81.233231
82.145256
83.056335
83.966476
84.875671
85.783920
86.691238
87.597595
88.503029
89.407501
90.311043
91.213631
92.115288
93.015999
93.915771
94.814598
95.712471
96.609406
97.505402
98.401413
99.298401
100.196358
101.095299
101.995224
102.896118
103.797989
104.700836
105.604660
106.509460
107.415245
108.321999
109.229721
110.138435
111.048111
111.958771
112.870415
113.783028
114.696617
115.611183
116.526726
117.443245
118.360748
119.279221
120.198662
121.119095
122.040489
122.962868
123.886230
124.810555
125.735870
126.662155
127.589417
128.517639
129.446869
130.377060
131.308228
132.240372
133.173492
134.107590
135.042664
135.978714
136.915741
137.853745
138.792725
139.732681
140.673615
141.615524
142.558411
143.502274
144.447128
145.392517
146.335876
147.276779
148.215256
149.151276
150.084824
151.015930
151.944595
152.870804
153.794540
154.715836
155.634689
156.551102
157.465042
158.376556
159.285599
160.192184
161.096329
161.998016
162.897263
163.794037
164.688385
165.580261
166.469711
167.356689
168.241211
169.123306
170.002930
170.880096
171.754822
172.627106
173.496933
174.364304
175.229218
176.091690
176.951706
177.809265
178.664398
179.517044
180.367264
181.215027
182.060333
182.903183
183.743591
184.581558
185.417053
186.250107
187.080719
187.908859
188.734543
189.557800
190.378601
191.210342
192.066513
192.947067
193.852005
194.781357
195.735092
196.713226
197.715759
198.742676
199.793991
200.869705
201.969818
203.094315
204.243210
205.416489
206.614182
207.836258
209.082733
210.353592
211.648849
212.968506
214.312576
215.681015
217.073853
218.491089
219.932709
221.398743
222.889175
224.403976
225.943176
227.506775
229.094788
230.707169
232.343964
234.005142
235.690720
237.400681
239.135040
240.893799
242.676956
244.484512
246.316452
0.000000
1.009211
2.110794
3.304750
4.591079
5.969781
7.440855
9.004303
10.660124
12.354282
14.032745
15.695514
17.342585
18.973961
20.589642
22.189627
23.773914
25.342508
26.895405
28.432610
29.954115
31.459925
32.950039
34.424461
35.883186
37.326210
38.753548
40.165184
41.561123
42.941368
44.305920
45.654770
46.987930
48.305393
49.607166
50.893238
52.163609
53.418293
54.657276
55.880569
57.088150
58.280048
59.456253
60.616764
61.763889
62.911442
64.061737
65.214767
66.370544
67.529068
68.690331
69.854324
71.021072
72.190544
73.362770
74.537743
75.715454
76.895897
78.079094
79.265022
80.453690
81.645111
82.839264
84.036163
85.235794
86.438179
87.643303
88.851166
90.061768
91.275108
92.491196
93.710022
94.931595
96.155907
97.382950
98.612747
99.845284
101.080566
102.318581
103.559341
104.801193
106.042526
107.283333
108.523605
109.763344
111.002548
112.241219
113.479362
114.716980
115.954063
117.190605
118.426628
119.662117
120.897064
122.131485
123.365379
124.598740
125.831573
127.063866
128.295639
129.526871
130.757584
131.987747
133.217392
134.446503
135.675064
136.903122
138.130630
139.357620
140.584061
141.809982
143.035370
144.260239
145.484558
146.708344
147.931274
149.151276
150.367981
151.581421
152.791580
153.998474
155.202072
156.402420
157.599487
158.793289
159.983795
161.171036
162.354996
163.535690
164.713104
165.887253
167.058105
168.225708
169.390030
170.551071
171.708832
172.863327
174.014557
175.162506
176.307159
177.448563
178.586685
179.721527
180.853088
181.981384
183.106415
184.228165
185.346634
186.461838
187.573746
188.682404
189.784607
190.877213
191.960190
193.033600
194.097366
195.151550
196.196121
197.231094
198.256454
199.272202
200.278366
201.274902
202.261841
203.239182
204.206894
205.165024
206.113525
207.052444
207.981750
208.901443
209.811539
210.712006
211.602890
212.484177
213.355835
214.217896
215.070358
215.913193
216.746445
217.570099
218.384109
219.188553
219.983368
220.768585
221.544189
222.310196
223.066605
223.813385
224.550583
225.278152
225.996124
226.704498
227.403259
228.092422
228.771973
229.441925
230.102264
230.752991
231.394119
232.025635
232.647568
233.259857
233.862564
234.455673
235.039169
235.613052
236.177338
236.732010
237.277084
237.812531
238.338394
238.854645
239.361298
239.858337
240.345779
240.823593
241.291824
241.750443
242.199463
242.638870
243.068665
243.488846
243.899460
244.300430
244.691803
245.073578
245.445740
245.808289
246.161255
246.504593
246.838348
247.162476
247.477005
247.781937
248.077255
248.362976
248.639084
248.905579
249.162460
249.409760
249.647446
249.875519
250.093994
250.302856
250.502121
250.691772
250.871826
251.042252
251.203110
251.354340
251.495956
251.627975
251.750397
251.863190
251.966415
0.000000
3.739532
6.197351
8.612659
10.985463
13.315761
15.603557
17.848846
20.051632
22.211912
24.329691
26.404964
28.437729
30.427994
32.375751
34.281006
36.143757
37.964001
39.741745
41.476982
43.169712
44.819939
46.427666
47.992886
49.515594
50.995808
52.433510
53.828709
55.181408
56.513519
57.846977
59.181778
60.517918
61.855400
63.194221
64.534386
65.875893
67.218742
68.562935
69.908463
71.255341
72.603554
73.953117
75.304008
76.656250
78.009834
79.364761
80.721031
82.078636
83.437584
84.797874
86.159508
87.522484
88.886795
90.252464
91.619453
92.990417
94.367958
95.752075
97.142769
98.540039
99.943886
101.354309
102.771317
104.194893
105.625061
107.061790
108.505112
109.954994
111.411469
112.874519
114.344139
115.820343
117.303123
118.792488
120.288422
121.790932
123.300026
124.815689
126.337936
127.866753
129.402161
130.944153
132.480942
134.000854
135.503876
136.989975
138.459183
139.911484
141.346878
142.765381
144.166977
145.551666
146.919449
148.270325
149.604309
150.921402
152.221558
153.504837
154.771194
156.020660
157.253220
158.468887
159.667648
160.849503
162.014465
163.162506
164.293640
165.407898
166.505234
167.590408
168.668106
169.738342
170.801117
171.856445
172.904327
173.944733
174.977676
176.003174
177.021210
178.031784
179.034912
180.030563
181.018768
181.999512
182.972794
183.938629
184.897003
185.847916
186.791367
187.727356
188.655914
189.576981
190.490601
191.396759
192.295471
193.186722
194.070511
194.946838
195.815720
196.677124
197.531097
198.377579
199.216629
200.048203
200.872330
201.688995
202.498199
203.299957
204.094254
204.881088
205.660446
206.432373
207.196838
207.953827
208.703369
209.445465
210.180084
210.907257
211.626968
212.339218
213.044022
213.741348
214.431213
215.113647
215.788589
216.456116
217.116150
217.768753
218.413879
219.051544
219.681747
220.304504
220.919815
221.527649
222.128021
222.720947
223.306396
223.884415
224.454956
225.018036
225.573685
226.121857
226.662567
227.195831
227.721634
228.239960
228.750839
229.254272
229.750229
230.238739
230.719788
231.193390
231.659531
232.118210
232.569412
233.013168
233.449478
233.878311
234.299698
234.713638
235.120102
235.519119
235.910660
236.294754
236.671402
237.040573
237.402298
237.756546
238.103348
238.442703
238.774582
239.099014
239.415985
239.725494
240.027557
240.322144
240.609283
240.888962
241.161179
241.425949
241.683243
241.933105
242.175491
242.410431
242.637894
242.857925
243.070465
243.275558
243.473206
243.663391
243.846115
244.021393
244.189178
244.349533
244.502426
244.647873
244.785843
244.916367
245.039413
245.154999
245.263153
245.363846
245.457077
245.542847
245.621155
245.691986
245.755402
245.811340
245.859802
245.900833
245.934387
245.960495
245.979126
245.990326
245.994064
