0.952684
0.023658
0.023658
0.023658
0.952684
0.023658
0.023658
0.023658
0.952684
0.000000
0.854466
1.773193
2.698566
3.630586
4.569252
5.514566
6.466526
7.425133
8.390387
9.362288
10.340835
11.326029
12.317869
13.316357
14.321491
15.333273
16.347418
17.359650
18.369968
19.378370
20.384861
21.389435
22.392094
23.392839
24.391668
25.388584
26.383585
27.376673
28.367842
29.357100
30.344442
31.329868
32.313381
33.294979
34.274662
35.252434
36.228287
37.202225
38.174248
39.144360
40.112556
41.078835
42.043201
43.005653
43.966190
44.924816
45.881519
46.836315
47.789192
48.740154
49.689671
50.638203
51.585758
52.532330
53.477921
54.422527
55.366158
56.308804
57.250469
58.191151
59.130856
60.069572
61.007313
61.944073
62.879848
63.814644
64.748451
65.681282
66.613136
67.544006
68.473892
69.402802
70.330727
71.257668
72.183632
73.108612
74.032616
74.955627
75.877670
76.798729
77.718796
78.637894
79.556007
80.473129
81.391960
82.315155
83.242744
84.174698
85.111031
86.051743
86.996826
87.946289
88.900131
89.858345
90.820930
91.787903
92.759247
93.734970
94.715073
95.699547
96.688393
97.681625
98.679230
99.681206
100.687561
101.698296
102.713409
103.732887
104.756752
105.784996
106.817612
107.854599
108.895973
109.941719
110.991837
112.046333
113.105209
114.168465
115.228638
116.278290
117.317413
118.346016
119.364090
120.371643
121.368675
122.355171
123.331154
124.296608
125.251534
126.195930
127.129807
128.053162
128.965988
129.868286
130.760071
131.641327
132.512054
133.372253
134.221924
135.061081
135.889709
136.707809
137.515381
138.312439
139.098969
139.874969
140.640457
141.395401
142.139832
142.873734
143.597107
144.309967
145.021576
145.741165
146.468781
147.204391
147.948013
148.699631
149.459259
150.226898
151.002533
151.786179
152.577835
153.377487
154.185165
155.000839
155.824509
156.656204
157.495895
158.343582
159.199280
160.062988
160.934708
161.814423
162.702148
163.597885
164.501617
165.413361
166.333130
167.260864
168.196640
169.140396
170.092178
171.051956
172.019745
172.995529
173.979340
174.971146
175.970947
176.978760
177.994583
179.018417
180.050247
181.090088
182.137939
183.193787
184.257645
185.329514
186.409378
187.497253
188.593140
189.697021
190.808914
191.928833
193.056732
194.192642
195.336563
196.488480
197.648407
198.816345
199.992294
201.176239
202.368195
203.568146
204.776123
205.992096
207.216080
208.448059
209.688034
210.936050
212.192047
213.456055
214.728058
216.008087
217.296112
218.592148
219.896179
221.208237
222.528275
223.856339
225.192398
226.536469
227.888550
229.248627
230.616714
231.992798
233.376907
234.768997
236.169128
237.577240
238.993347
240.417480
241.849609
243.289764
244.737900
246.194061
247.658218
249.130386
250.610535
252.098724
253.594910
255.000000
255.000000
255.000000
255.000000
0.000000
1.011631
2.039931
3.084901
4.146541
5.224851
6.319832
7.431483
8.559805
9.704795
10.866457
12.044789
13.239789
14.451461
15.679804
16.924814
18.186499
19.451962
20.708321
21.955572
23.193718
24.422758
25.642693
26.853519
28.055244
29.247858
30.431368
31.605774
32.771069
33.927261
35.074345
36.212326
37.341198
38.460968
39.571629
40.673183
41.765633
42.848976
43.923210
44.988342
46.044373
47.091286
48.129101
49.157806
50.177410
51.187904
52.189289
53.181576
54.166183
55.151691
56.139534
57.129707
58.122211
59.117050
60.114220
61.113720
62.115555
63.119720
64.126221
65.135048
66.146210
67.159706
68.175529
69.193695
70.214180
71.237015
72.262169
73.289658
74.319473
75.351631
76.386108
77.422928
78.462074
79.503563
80.547363
81.593513
82.641991
83.692802
84.745941
85.801414
86.858398
87.916100
88.974518
90.033646
91.093475
92.154015
93.215271
94.277229
95.339905
96.403282
97.467377
98.532173
99.597687
100.663902
101.730835
102.798470
103.866821
104.935875
106.005638
107.076118
108.147301
109.219200
110.291801
111.365120
112.439140
113.513878
114.589325
115.665474
116.742340
117.819916
118.898193
119.977135
121.056404
122.135948
123.215767
124.295860
125.376236
126.456871
127.537804
128.618988
129.700455
130.782211
131.864227
132.946533
134.029114
135.111969
136.195084
137.278488
138.362152
139.446121
140.530334
141.614838
142.699631
143.784683
144.870010
145.955612
147.041489
148.127655
149.214066
150.300781
151.387772
152.475021
153.562561
154.647232
155.725952
156.798676
157.865448
158.926224
159.981033
161.029877
162.072739
163.109619
164.140533
165.165482
166.184448
167.197449
168.204453
169.205490
170.200562
171.189651
172.172760
173.149902
174.121078
175.086273
176.045502
176.998734
177.945999
178.887299
179.822617
180.751968
181.675339
182.592728
183.504166
184.409607
185.309082
186.202576
187.090103
187.971664
188.847229
189.716827
190.580444
191.438110
192.289780
193.135483
193.975220
194.808960
195.636749
196.458542
197.274384
198.084244
198.888123
199.686020
200.477951
201.263916
202.043900
202.817902
203.585938
204.347992
205.104080
205.854202
206.598312
207.336487
208.068680
208.794891
209.515121
210.229385
210.937683
211.639999
212.336334
213.026688
213.711075
214.389496
215.061935
215.728409
216.388901
217.043411
217.691956
218.334518
218.971130
219.601730
220.226379
220.845062
221.457733
222.064468
222.665222
223.259995
223.848785
224.431610
225.008453
225.579330
226.144226
226.703156
227.256104
227.803085
228.344086
228.879105
229.408157
229.931229
230.448334
230.959473
231.464615
231.963791
232.457001
232.944229
233.425491
233.900772
234.370087
234.833420
235.290756
235.742142
236.187561
236.626984
237.060455
237.487930
237.909439
238.324982
0.000000
1.068318
2.142842
3.223570
4.310503
5.403641
6.502983
7.608529
8.720283
9.838240
10.962400
12.092768
13.229339
14.372115
15.517501
16.661913
17.805347
18.947803
20.089283
21.229784
22.369308
23.507853
24.645420
25.782011
26.917627
28.052261
29.185919
30.318596
31.450298
32.581024
33.710770
34.839535
35.967331
37.094143
38.219978
39.344837
40.468719
41.591618
42.713547
43.834492
44.954464
46.073456
47.191399
48.306801
49.419033
50.528103
51.634014
52.736763
53.836346
54.932770
56.026024
57.116127
58.203056
59.286827
60.367435
61.444885
62.519165
63.590286
64.658241
65.723038
66.784668
67.843140
68.898453
69.950592
70.999580
72.045395
73.088051
74.127548
75.163879
76.197044
77.227051
78.254776
79.285538
80.320198
81.358772
82.401253
83.447639
84.497948
85.552162
86.610283
87.672318
88.738258
89.808113
90.881874
91.959541
93.041122
94.126617
95.216019
96.309326
97.406555
98.507683
99.612724
100.721680
101.834541
102.951309
104.071991
105.196579
106.325081
107.457497
108.593819
109.731140
110.862419
111.987305
113.105804
114.217918
115.323654
116.422997
117.515961
118.602531
119.682724
120.756523
121.823952
122.884979
123.939629
124.987892
126.029770
127.065262
128.094376
129.117096
130.133438
131.143387
132.146957
133.144135
134.134933
135.119339
136.097366
137.069016
138.034271
138.993134
139.947586
140.899597
141.849182
142.796326
143.741013
144.683273
145.623093
146.560471
147.495407
148.427902
149.357956
150.285583
151.210754
152.133499
153.053802
153.971649
154.887054
155.800049
156.710587
157.618668
158.524338
159.427551
160.328323
161.226669
162.122559
163.016022
163.907028
164.795609
165.681747
166.565445
167.446716
168.325531
169.201889
170.075836
170.947342
171.816391
172.683014
173.547180
174.408920
175.268204
176.125076
176.979492
177.831467
178.681000
179.528107
180.372757
181.214981
182.054749
182.892090
183.726974
184.559448
185.389450
186.217026
187.042160
187.864868
188.685120
189.502945
190.318314
191.131256
191.941742
192.749817
193.555420
194.358597
195.159332
195.957626
196.753494
197.546906
198.337875
199.126419
199.912521
200.696167
201.477402
202.256149
203.032501
203.806396
204.577866
205.346878
206.113449
206.877594
207.639282
208.398544
209.155334
209.909729
210.661667
211.411163
212.158218
212.902817
213.644989
214.384735
215.122040
215.856903
216.589325
217.319275
218.046829
218.771927
219.494568
220.214783
220.932556
221.647903
222.360779
223.071259
223.779266
224.484848
225.187988
225.888672
226.586929
227.282730
227.976120
228.667053
229.355545
230.041595
230.725220
231.406403
232.085129
232.761429
233.435272
234.106705
234.775665
235.442200
236.106308
236.767975
237.427170
238.083939
238.738281
239.390182
240.039642
240.686661
