0.949172
0.025414
0.025414
0.025414
0.949172
0.025414
0.025414
0.025414
0.949172
0.000000
1.288319
2.503648
3.645989
4.750834
5.853671
6.954500
8.053322
9.150139
10.244947
11.337750
12.428545
13.517335
14.604116
15.688891
16.771662
17.852421
18.931177
20.007925
21.082663
22.155399
23.226124
24.294847
25.361561
26.426268
27.488968
28.549662
29.608345
30.665028
31.719702
32.772366
33.823025
34.871674
35.918324
36.962959
38.005596
39.046219
40.084839
41.121452
42.156055
43.188652
44.219246
45.247829
46.274406
47.298977
48.321545
49.342102
50.360645
51.377266
52.392155
53.405312
54.416740
55.426445
56.434422
57.440666
58.445183
59.447979
60.449039
61.448376
62.445984
63.441868
64.436012
65.428444
66.419136
67.408112
68.395348
69.380867
70.364655
71.346710
72.327034
73.305641
74.282516
75.257668
76.231094
77.202782
78.172752
79.140984
80.107491
81.072273
82.035332
82.996651
83.956253
84.914116
85.870270
86.824684
87.777374
88.728333
89.677559
90.625069
91.570847
92.514900
93.457214
94.398186
95.339996
96.283043
97.227295
98.172783
99.119492
100.067421
101.016571
101.966934
102.918533
103.871346
104.825386
105.780655
106.737129
107.694839
108.653770
109.613922
110.575287
111.537888
112.501701
113.466736
114.433006
115.400482
116.369186
117.339119
118.310272
119.282646
120.256233
121.231049
122.207092
123.184349
124.162834
125.142548
126.123474
127.105629
128.089005
129.073593
130.059402
131.046448
132.034714
133.024185
134.014893
135.006821
135.999969
136.994385
137.990707
138.989227
139.989960
140.992874
141.998001
143.005325
144.014862
145.026581
146.040482
147.056610
148.074921
149.095444
150.118164
151.143082
152.170197
153.199493
154.231018
155.264725
156.300629
157.338745
158.379059
159.421555
160.466278
161.513168
162.562271
163.613586
164.667084
165.722794
166.780685
167.840790
168.903076
169.967590
171.034286
172.103180
173.174286
174.247574
175.323059
176.400757
177.480652
178.562729
179.647018
180.733505
181.822205
182.913086
183.998550
185.070908
186.130219
187.176437
188.209579
189.229660
190.236664
191.230606
192.211456
193.179230
194.133942
195.075562
196.004120
196.919601
197.822006
198.711334
199.587601
200.450775
201.300888
202.137939
202.961884
203.772781
204.570587
205.355331
206.126999
206.885574
207.631088
208.363525
209.082901
209.789169
210.482391
211.162537
211.829605
212.483597
213.124512
213.752365
214.367126
214.968811
215.557449
216.132996
216.695450
217.244858
217.781174
218.304428
218.814606
219.311707
219.795731
220.266678
220.724564
221.169357
221.601089
222.019730
222.425323
222.817825
223.197235
223.563599
223.916870
224.257095
224.584213
224.898270
225.199265
225.487167
225.761993
226.023758
226.272446
226.508057
226.730591
226.940063
227.136444
227.319763
227.489990
227.647156
227.791245
227.922256
228.040207
0.000000
0.770683
1.606803
2.508362
3.475358
4.507793
5.605666
6.768978
7.997727
9.291915
10.651540
12.038465
13.414553
14.779802
16.134214
17.477787
18.810522
20.132420
21.443480
22.743700
24.033083
25.311630
26.579338
27.836208
29.082237
30.317432
31.541784
32.755306
33.957985
35.149822
36.330826
37.500992
38.660324
39.808811
40.946465
42.073280
43.189255
44.294392
45.388691
46.472153
47.544773
48.606564
49.657505
50.697617
51.726887
52.745319
53.752918
54.749676
55.735600
56.710682
57.674923
58.634979
59.597523
60.562546
61.530045
62.500027
63.472485
64.447433
65.424843
66.404739
67.387115
68.371971
69.359314
70.349121
71.341415
72.336189
73.333443
74.333176
75.335381
76.340073
77.347237
78.356888
79.369019
80.383621
81.400703
82.420265
83.442314
84.466835
85.493835
86.523315
87.555283
88.589722
89.626640
90.666039
91.707909
92.752274
93.799110
94.848412
95.900215
96.954483
98.011238
99.068794
100.125465
101.181252
102.236160
103.290184
104.343338
105.395599
106.446983
107.497490
108.547119
109.595863
110.643723
111.690704
112.736801
113.782028
114.826363
115.869827
116.912399
117.954102
118.994919
120.034851
121.073906
122.112083
123.149376
124.185791
125.221321
126.255974
127.289742
128.322647
129.354645
130.385773
131.416016
132.445389
133.473877
134.501480
135.528214
136.554047
137.579010
138.603088
139.626282
140.650879
141.679092
142.710953
143.746460
144.785583
145.828354
146.874771
147.924820
148.978500
150.035812
151.096786
152.161377
153.229614
154.301498
155.377014
156.456177
157.538971
158.625397
159.715454
160.809158
161.906509
163.007492
164.112137
165.220398
166.332291
167.447815
168.567001
169.689804
170.816269
171.946350
173.080078
174.217453
175.358459
176.503098
177.651382
178.803299
179.958862
181.118057
182.280899
183.447357
184.609207
185.758087
186.894043
188.017075
189.127167
190.224335
191.308548
192.379852
193.438202
194.483627
195.516129
196.535675
197.542297
198.535980
199.516739
200.484573
201.439453
202.381409
203.310425
204.226532
205.129684
206.019913
206.897202
207.761536
208.612976
209.451462
210.277008
211.089630
211.889328
212.676071
213.449905
214.210785
214.958740
215.693756
216.415833
217.125000
217.821213
218.504501
219.174850
219.832275
220.476761
221.108307
221.726929
222.332626
222.925369
223.505188
224.072083
224.626022
225.167038
225.695114
226.210266
226.712494
227.201767
227.678131
228.141541
228.592026
229.029572
229.454178
229.865875
230.264618
230.650436
231.023315
231.383270
231.730270
232.064362
232.385498
232.693726
232.988998
233.271332
233.540756
233.797226
234.040787
234.271393
234.489059
234.693832
234.885635
235.064514
235.230453
235.383484
235.523560
235.650696
235.764893
235.866165
235.954529
236.029922
0.000000
1.204867
2.439280
3.703238
4.996741
6.302005
7.601244
8.894460
10.181651
11.462818
12.737963
14.007081
15.270176
16.527246
17.778296
19.023317
20.262318
21.495293
22.722244
23.943171
25.158072
26.366953
27.569807
28.766636
29.957445
31.142229
32.320988
33.493721
34.660431
35.821117
36.975777
38.124420
39.267033
40.403618
41.534187
42.658730
43.777237
44.889736
45.996204
47.096813
48.195091
49.292492
50.389008
51.484650
52.579411
53.673286
54.766285
55.858406
56.949646
58.040005
59.129482
60.218082
61.305801
62.392635
63.478596
64.563683
65.647873
66.731201
67.813629
68.895187
69.975876
71.055672
72.134583
73.212624
74.289780
75.366058
76.441460
77.515976
78.589615
79.662376
80.734253
81.805244
82.875366
83.944611
85.013054
86.081200
87.149132
88.216843
89.284340
90.351631
91.418701
92.485558
93.552193
94.618629
95.684837
96.750839
97.816620
98.882195
99.947556
101.012695
102.077621
103.142334
104.206833
105.271118
106.335190
107.399040
108.462677
109.526115
110.589317
111.652321
112.715103
113.777664
114.840019
115.902161
116.964096
118.025803
119.087296
120.148582
121.209648
122.272324
123.341072
124.416092
125.497391
126.584961
127.678802
128.778931
129.885330
130.997986
132.116928
133.242142
134.373627
135.511398
136.655441
137.805740
138.962326
140.125183
141.294327
142.469742
143.651413
144.839371
146.033600
147.234100
148.440872
149.653915
150.873245
152.098846
153.330719
154.568863
155.813278
157.063995
158.320953
159.584198
160.853714
162.129501
163.402710
164.664520
165.914886
167.153854
168.381393
169.597519
170.802216
171.995499
173.177368
174.347809
175.506836
176.654449
177.790634
178.915405
180.028763
181.130707
182.221207
183.300308
184.367981
185.424240
186.469070
187.502487
188.524490
189.535080
190.534241
191.521973
192.498306
193.463211
194.416687
195.358765
196.289413
197.208633
198.116440
199.012833
199.897797
200.771362
201.633499
202.484207
203.323502
204.151382
204.967834
205.772888
206.566513
207.348709
208.119476
208.878845
209.626785
210.363312
211.088409
211.802109
212.504379
213.195221
213.874649
214.542679
215.199265
215.844437
216.478180
217.100525
217.711441
218.310928
218.899017
219.475677
220.040924
220.594727
221.137146
221.668121
222.187683
222.695831
223.192566
223.677856
224.151749
224.614212
225.065262
225.504898
225.933105
226.349899
226.755280
227.149231
227.531769
227.902893
228.262604
228.610870
228.947739
229.273163
229.587189
229.889786
230.180984
230.460754
230.729095
230.986023
231.231537
231.465607
231.688278
231.899536
232.099380
232.287796
232.464783
232.630356
232.784500
232.927261
233.058563
233.178467
233.286957
233.384003
233.469650
233.543869
233.606689
233.658066
233.698044
233.726578
233.743713
233.749405
