0.947162
0.026419
0.026419
0.026419
0.947162
0.026419
0.026419
0.026419
0.947162
0.000000
1.017650
2.018155
3.001516
3.967733
4.916805
5.848732
6.763517
7.661157
8.541652
9.414053
10.287410
11.161720
12.036988
12.913212
13.790391
14.668525
15.547614
16.427660
17.308661
18.190619
19.073530
19.957399
20.842222
21.728003
22.614735
23.502424
24.391069
25.280670
26.171228
27.062744
27.955210
28.848637
29.743013
30.638350
31.534641
32.431889
33.330090
34.229248
35.129356
36.030426
36.932449
37.835430
38.739361
39.644253
40.550102
41.456905
42.364658
43.273376
44.183044
45.093670
46.005249
46.917786
47.831276
48.745724
49.660397
50.574577
51.488258
52.401440
53.314129
54.226322
55.138016
56.049213
56.959911
57.870117
58.779819
59.689030
60.597744
61.505959
62.413673
63.320896
64.227615
65.133850
66.039574
66.944809
67.849541
68.753784
69.657524
70.560768
71.463516
72.365761
73.267525
74.168785
75.069542
75.969803
76.869568
77.768829
78.667603
79.565880
80.463661
81.360939
82.257721
83.154007
84.049797
84.945091
85.839890
86.734192
87.627991
88.521294
89.414093
90.305542
91.194771
92.081772
92.966553
93.849113
94.729446
95.607567
96.483467
97.357140
98.228584
99.097816
99.964813
100.829605
101.692162
102.552505
103.410622
104.266518
105.120186
105.971649
106.820869
107.667885
108.512672
109.355232
110.195580
111.033691
111.869591
112.703270
113.534721
114.363953
115.190964
116.015755
116.838318
117.658669
118.476784
119.292686
120.106354
120.917816
121.727043
122.534065
123.338860
124.141418
124.941765
125.739891
126.535797
127.329475
128.122772
128.917511
129.713699
130.511353
131.310455
132.110992
132.912994
133.716431
134.521332
135.327682
136.135483
136.944733
137.755417
138.567581
139.381165
140.196228
141.012726
141.830673
142.650070
143.470932
144.293228
145.116989
145.942184
146.768845
147.596954
148.426514
149.257507
150.089966
150.923874
151.759216
152.596024
153.434296
154.274002
155.115158
155.957764
156.801819
157.647339
158.494293
159.342697
160.192566
161.043869
161.896637
162.750839
163.606506
164.463623
165.328354
166.206863
167.099182
168.005264
168.925140
169.858810
170.806244
171.767487
172.742493
173.731308
174.733917
175.750275
176.780457
177.824402
178.882156
179.953659
181.038971
182.138077
183.250961
184.377625
185.518082
186.672318
187.840347
189.022171
190.217758
191.427139
192.650330
193.887283
195.138031
196.402557
197.680878
198.972977
200.278885
201.598541
202.932022
204.279251
205.640305
207.015121
208.403732
209.806122
211.222305
212.652283
214.096008
215.553558
217.024887
218.509995
220.008896
221.521576
223.048050
224.588303
226.142349
227.710175
229.291794
230.887192
232.496384
234.119354
235.756104
237.406677
239.070984
240.749115
242.441010
244.146713
245.866165
247.599457
249.346481
251.107330
0.000000
1.140959
2.326162
3.555610
4.829302
6.147240
7.509422
8.915847
10.366519
11.861435
13.371396
14.867202
16.348852
17.816349
19.269690
20.708876
22.133907
23.544783
24.941504
26.324072
27.692484
29.046741
30.386845
31.712791
33.024582
34.322220
35.605705
36.875031
38.130203
39.371223
40.598087
41.810795
43.009354
44.193748
45.363991
46.520081
47.662018
48.789795
49.903419
51.002888
52.088207
53.159359
54.216366
55.259216
56.287907
57.310722
58.335903
59.363457
60.393391
61.425697
62.460381
63.497444
64.536880
65.578690
66.622871
67.669426
68.718369
69.769684
70.823372
71.879433
72.937874
73.998688
75.061882
76.127449
77.195389
78.265709
79.338394
80.413467
81.490913
82.570732
83.652931
84.737495
85.824448
86.913773
88.005463
89.099541
90.195992
91.294815
92.396011
93.499588
94.604218
95.708557
96.812622
97.916405
99.019913
100.123138
101.226089
102.328751
103.431145
104.533249
105.635078
106.736633
107.837891
108.938896
110.039604
111.140030
112.240189
113.340050
114.439644
115.538956
116.637993
117.736748
118.835220
119.933418
121.031334
122.128967
123.226326
124.323402
125.420204
126.516716
127.612961
128.708908
129.804596
130.899994
131.995117
133.090347
134.186127
135.282425
136.379272
137.476624
138.574524
139.672958
140.771896
141.871384
142.971405
144.071945
145.173019
146.274628
147.376770
148.479431
149.582626
150.686356
151.790604
152.895386
154.000702
155.106552
156.212936
157.319824
158.427277
159.535233
160.643723
161.752747
162.862305
163.972382
165.083008
166.194138
167.305832
168.418030
169.530762
170.644028
171.752319
172.850098
173.937363
175.014130
176.080399
177.136139
178.181396
179.216141
180.240372
181.254105
182.257324
183.250046
184.232269
185.203979
186.165192
187.115891
188.056091
188.985779
189.904968
190.813660
191.711823
192.599503
193.476669
194.343338
195.199493
196.045151
196.880295
197.704941
198.519073
199.322708
200.115829
200.898453
201.670578
202.432190
203.183304
203.923904
204.653992
205.373596
206.082672
206.781250
207.469345
208.146912
208.813980
209.470535
210.116592
210.752167
211.377197
211.991745
212.595779
213.189331
213.772339
214.344879
214.906891
215.458389
215.999405
216.529922
217.049911
217.559387
218.058380
218.546875
219.024857
219.492340
219.949295
220.395752
220.831711
221.257172
221.672104
222.076553
222.470490
222.853943
223.226868
223.589279
223.941193
224.282608
224.613510
224.933929
225.243820
225.543228
225.832092
226.110489
226.378357
226.635742
226.882599
227.118988
227.344818
227.560181
227.765015
227.959381
228.143204
228.316544
228.479370
228.631699
228.773514
228.904831
229.025635
229.135941
229.235748
229.325043
229.403809
229.472107
229.529877
229.577164
229.613922
229.640198
229.655945
229.661194
0.000000
2.681418
5.083683
7.206792
9.176097
11.116960
13.029375
14.913342
16.768866
18.595940
20.394567
22.164747
23.906485
25.619770
27.304609
28.961002
30.588949
32.188450
33.759502
35.302105
36.816265
38.301975
39.759243
41.188061
42.588428
43.960354
45.303833
46.618862
47.905445
49.163582
50.401928
51.641663
52.883736
54.128151
55.374916
56.624027
57.875477
59.129272
60.385410
61.643894
62.904724
64.167892
65.433411
66.701271
67.971474
69.244019
70.518913
71.796143
73.075729
74.357658
75.641922
76.928528
78.217491
79.508789
80.802437
82.098427
83.396118
84.691734
85.984627
87.274803
88.562263
89.847008
91.129036
92.408333
93.684921
94.958794
96.229950
97.498383
98.764091
100.027092
101.287369
102.544937
103.799774
105.051903
106.301308
107.547997
108.791977
110.033226
111.271759
112.507576
113.740677
114.971062
116.199051
117.431732
118.672012
119.919876
121.175354
122.438423
123.709084
124.987343
126.273193
127.566650
128.867676
130.176331
131.492569
132.816406
134.147827
135.486862
136.833481
138.187714
139.549530
140.918945
142.295944
143.680557
145.072754
146.472549
147.879944
149.294937
150.717529
152.139084
153.550903
154.953018
156.345459
157.728165
159.101181
160.464508
161.818115
163.162018
164.496231
165.820709
167.135529
168.440613
169.736008
171.021698
172.297684
173.563950
174.820526
176.067398
177.304565
178.532043
179.749802
180.957870
182.156219
183.344879
184.523834
185.693069
186.852615
188.002457
189.142609
190.273026
191.393753
192.504791
193.606094
194.697723
195.779648
196.851852
197.914368
198.967178
200.010284
201.043686
202.067383
203.081375
204.085663
205.080261
206.065125
207.040314
208.005798
208.961578
209.907639
210.844009
211.770676
212.687637
213.594894
214.492447
215.380310
216.258453
217.126892
217.985641
218.834686
219.674011
220.503647
221.323578
222.133804
222.934311
223.725128
224.506256
225.277664
226.039368
226.791382
227.533676
228.266281
228.989182
229.702377
230.405853
231.099625
231.783737
232.458084
233.122787
233.777740
234.423019
235.058578
235.684448
236.300613
236.907074
237.503830
238.090881
238.668198
239.235855
239.793793
240.342026
240.880569
241.409393
241.928513
242.437927
242.937653
243.427673
243.908005
244.378601
244.839493
245.290710
245.732208
246.164017
246.586090
246.998474
247.401169
247.794159
248.177429
248.551010
248.914886
249.269058
249.613525
249.948288
250.273346
250.588715
250.894363
251.190308
251.476562
251.753098
252.019943
252.277069
252.524506
252.762238
252.990280
253.208588
253.417221
253.616150
253.805344
253.984848
254.154663
254.314758
254.465164
254.605850
254.736862
254.858154
254.969742
255.000000
255.000000
255.000000
255.000000
255.000000
255.000000
255.000000
255.000000
255.000000
255.000000
255.000000
