0.971896
0.014052
0.014052
0.014052
0.971896
0.014052
0.014052
0.014052
0.971896
0.000000
1.336507
2.665035
3.985582
5.298149
6.602736
7.899343
9.187970
10.468617
11.741285
13.005973
14.262680
15.511407
16.752155
17.984921
19.209709
20.426516
21.635345
22.836191
24.029060
25.213945
26.390856
27.559780
28.720728
29.873695
31.018684
32.155689
33.284718
34.405762
35.518833
36.623920
37.721027
38.810158
39.891304
40.964470
42.029663
43.086868
44.136093
45.177341
46.210613
47.235901
48.253204
49.262531
50.263882
51.257252
52.242638
53.220047
54.189468
55.150921
56.104389
57.049877
57.987381
58.916912
59.838455
60.752029
61.657612
62.555222
63.444851
64.326500
65.200165
66.065857
66.923561
67.778755
68.636948
69.498116
70.362274
71.229408
72.099518
72.972626
73.848694
74.727753
75.609795
76.494820
77.382828
78.273811
79.167770
80.064720
80.964653
81.867554
82.773453
83.682327
84.594177
85.509010
86.426826
87.347626
88.271408
89.198158
90.127907
91.060623
91.996330
92.935020
93.876686
94.821327
95.768959
96.719566
97.673164
98.629745
99.589294
100.551834
101.517342
102.485847
103.457321
104.431786
105.409233
106.388695
107.367836
108.346542
109.324814
110.302658
111.280060
112.257042
113.233582
114.209686
115.185371
116.160614
117.135422
118.109802
119.083748
120.057266
121.030342
122.002998
122.975212
123.946991
124.918343
125.889259
126.859741
127.829788
128.799408
129.768600
130.737366
131.705673
132.673569
133.641022
134.608047
135.574646
136.540787
137.506516
138.471817
139.436676
140.401093
141.365112
142.328659
143.291794
144.254486
145.216766
146.178589
147.139969
148.100769
149.060944
150.020508
150.979462
151.937805
152.895538
153.852661
154.809174
155.765091
156.720367
157.675064
158.629135
159.582596
160.535446
161.487686
162.439301
163.390335
164.340744
165.290543
166.239731
167.188293
168.136261
169.083618
170.030365
170.976486
171.922012
172.866943
173.811234
174.754913
175.697998
176.640472
177.582336
178.523575
179.464218
180.404236
181.343658
182.282471
183.220673
184.158249
185.095215
186.031570
186.967422
187.905182
188.845795
189.789261
190.735611
191.684830
192.636917
193.591843
194.549652
195.510330
196.473862
197.440277
198.409561
199.381683
200.356705
201.334564
202.315292
203.298904
204.285370
205.274704
206.266907
207.261978
208.259888
209.260696
210.264359
211.270889
212.280273
213.292542
214.307663
215.325653
216.346512
217.370239
218.396820
219.426285
220.458588
221.493774
222.531830
223.572754
224.616531
225.663193
226.712708
227.765076
228.820312
229.858032
230.857742
231.819443
232.743164
233.628906
234.476669
235.286423
236.058197
236.791992
237.487808
238.145615
238.765442
239.347290
239.891144
240.397018
240.864899
241.294785
241.686707
242.040634
242.356552
242.634506
242.874466
243.076447
243.240433
243.366440
0.000000
1.310958
2.614063
3.909316
5.196715
6.476261
7.747954
9.011795
10.267782
11.515917
12.756198
13.988626
15.213202
16.429926
17.638794
18.839809
20.032976
21.218287
22.395742
23.565346
24.727097
25.880999
27.027044
28.165234
29.295572
30.418064
31.532696
32.639477
33.738400
34.829479
35.912701
36.988071
38.055584
39.115253
40.167061
41.211014
42.247120
43.275368
44.295769
45.308315
46.313007
47.309845
48.298832
49.279964
50.253246
51.218670
52.176243
53.125969
54.067833
55.001850
55.928009
56.846325
57.756779
58.659382
59.554127
60.441029
61.320076
62.191265
63.054604
63.910084
64.757721
65.597496
66.435165
67.276482
68.121445
68.970047
69.822296
70.678185
71.537712
72.400887
73.267708
74.138168
75.012276
75.890022
76.771408
77.656441
78.545113
79.437439
80.333397
81.233002
82.136246
83.043144
83.953674
84.867851
85.785667
86.707130
87.632233
88.560982
89.493378
90.429413
91.369087
92.312408
93.259369
94.209969
95.164223
96.122108
97.083649
98.048828
99.017647
99.990112
100.966225
101.945969
102.929367
103.916397
104.906952
105.898407
106.889687
107.880783
108.871696
109.862442
110.853004
111.843384
112.833588
113.823608
114.813446
115.803116
116.792603
117.781906
118.771034
119.759979
120.748756
121.737350
122.725761
123.713989
124.702042
125.689919
126.677620
127.665138
128.652481
129.639633
130.626602
131.613419
132.600037
133.586487
134.572739
135.558838
136.544724
137.530457
138.516006
139.501389
140.486572
141.471573
142.456421
143.441071
144.425537
145.409836
146.393951
147.377930
148.361938
149.346008
150.330185
151.314407
152.298706
153.283066
154.267502
155.252014
156.236603
157.221268
158.205978
159.190781
160.175659
161.160599
162.145615
163.130707
164.115860
165.101089
166.086395
167.071777
168.057220
169.042725
170.028320
171.013992
171.999710
172.985519
173.971405
174.957352
175.943375
176.929459
177.915634
178.901886
179.888184
180.874557
181.861008
182.847519
183.834137
184.820801
185.807541
186.794357
187.781235
188.768188
189.755478
190.743744
191.733002
192.723236
193.714508
194.706741
195.699982
196.694229
197.689468
198.685699
199.682938
200.681168
201.680405
202.680618
203.681854
204.684067
205.687302
206.691513
207.696732
208.702942
209.710159
210.718369
211.727554
212.737778
213.748962
214.761169
215.774353
216.788544
217.803741
218.819916
219.837112
220.855286
221.874466
222.894638
223.915833
224.938004
225.961166
226.985336
228.010498
229.036667
230.063828
231.091980
232.121140
233.128647
234.091827
235.010727
235.885330
236.715607
237.501587
238.243271
238.940628
239.593689
240.202454
240.766922
241.287064
241.762924
242.194458
242.581711
242.924637
243.223267
243.477585
243.687607
243.853333
243.974747
244.051849
244.084656
0.000001
1.403600
2.797569
4.181905
5.556611
6.921684
8.277126
9.622937
10.959117
12.285666
13.602582
14.909868
16.207521
17.495546
18.773933
20.042694
21.301825
22.551319
23.791185
25.021418
26.242023
27.452995
28.654335
29.846043
31.028120
32.200562
33.363377
34.516560
35.660114
36.794033
37.918320
39.032978
40.138008
41.233398
42.319164
43.395298
44.461800
45.518665
46.565907
47.603508
48.631477
49.649826
50.658535
51.657616
52.647064
53.626881
54.597065
55.557625
56.508545
57.449841
58.381500
59.303528
60.215927
61.118694
62.011829
62.895332
63.769203
64.633446
65.494682
66.359596
67.228165
68.100388
68.976273
69.855820
70.739014
71.625870
72.516388
73.410553
74.308388
75.209877
76.115013
77.023819
77.936279
78.852394
79.772171
80.695602
81.622696
82.553444
83.487854
84.425911
85.367630
86.313011
87.262047
88.214745
89.171089
90.131104
91.094765
92.062088
93.033066
94.007706
94.986000
95.967957
96.953575
97.942848
98.935760
99.932350
100.932602
101.936493
102.944054
103.953979
104.963112
105.971321
106.978592
107.984940
108.990349
109.994835
110.998383
112.000999
113.002693
114.003441
115.003265
116.002167
117.000130
117.997162
118.993263
119.988434
120.982674
121.975975
122.968353
123.959808
124.950325
125.939903
126.928558
127.916275
128.903061
129.888916
130.873856
131.857849
132.840912
133.823044
134.804260
135.784531
136.763870
137.742279
138.719757
139.696320
140.671921
141.646606
142.620361
143.593185
144.565186
145.537018
146.508804
147.480530
148.452179
149.423798
150.395340
151.366821
152.338242
153.309631
154.280930
155.252197
156.223389
157.194534
158.165619
159.136642
160.107620
161.078522
162.049377
163.020172
163.990906
164.961578
165.932205
166.902756
167.873276
168.843719
169.814102
170.784454
171.754715
172.724930
173.695099
174.665192
175.635239
176.605225
177.575134
178.545013
179.514832
180.484589
181.454285
182.423920
183.393509
184.363007
185.332397
186.301651
187.270752
188.239700
189.208496
190.177139
191.145630
192.113983
193.082169
194.050217
195.018127
195.985855
196.953461
197.920914
198.888199
199.855347
200.822342
201.789185
202.755890
203.722443
204.688828
205.655075
206.621185
207.587112
208.552902
209.518555
210.484055
211.449417
212.414612
213.379654
214.344543
215.309296
216.273880
217.238327
218.202621
219.166763
220.130783
221.094620
222.058319
223.021866
223.985260
224.934006
225.853546
226.743896
227.605057
228.437012
229.239761
230.013351
230.757736
231.472931
232.158936
232.815735
233.443359
234.041779
234.611023
235.151062
235.661926
236.143585
236.596054
237.019333
237.413422
237.778320
238.114029
238.420532
238.697861
238.945984
239.164917
239.354660
239.515213
239.646576
239.748749
239.821732
239.865524
239.880112
