0.974891
0.012554
0.012554
0.012554
0.974891
0.012554
0.012554
0.012554
0.974891
0.000000
1.000281
2.009615
3.028001
4.055439
5.091929
6.137474
7.192069
8.255716
9.328416
10.410169
11.500972
12.600829
13.709739
14.827700
15.954713
17.090782
18.235899
19.390068
20.546276
21.697512
22.843777
23.985067
25.121386
26.252729
27.379101
28.500498
29.616922
30.728374
31.834852
32.936359
34.032890
35.124451
36.211033
37.292652
38.369286
39.440956
40.507648
41.569366
42.626114
43.677887
44.724686
45.766514
46.803364
47.835251
48.862156
49.884087
50.901051
51.913044
52.920055
53.922096
54.919163
55.911259
56.898384
57.880531
58.857708
59.829910
60.797142
61.759396
62.716679
63.668987
64.616325
65.558693
66.496078
67.428505
68.355957
69.278419
70.195923
71.108444
72.015999
72.918571
73.816177
74.708809
75.597404
76.487625
77.380386
78.275711
79.173584
80.074005
80.976990
81.882523
82.790611
83.701256
84.614449
85.530197
86.448502
87.369347
88.292763
89.218727
90.147247
91.078308
92.011932
92.948112
93.886833
94.828125
95.771957
96.718353
97.667297
98.618797
99.572853
100.529449
101.488609
102.450325
103.414589
104.381409
105.350784
106.322708
107.297188
108.274223
109.253815
110.235954
111.220650
112.207893
113.197693
114.190048
115.184959
116.182419
117.182442
118.185013
119.190132
120.197807
121.208038
122.220825
123.236160
124.254044
125.274490
126.297485
127.323044
128.349548
129.375351
130.400497
131.424957
132.448746
133.471848
134.494278
135.516052
136.537125
137.557526
138.577255
139.596313
140.614685
141.632401
142.649429
143.665756
144.681427
145.696426
146.710754
147.724396
148.737366
149.749664
150.761276
151.772217
152.782471
153.792068
154.800980
155.809204
156.816757
157.823654
158.829865
159.835388
160.840240
161.844421
162.847916
163.850754
164.852905
165.854385
166.855179
167.855301
168.854752
169.853516
170.851593
171.849014
172.845764
173.841827
174.837219
175.831924
176.825958
177.819321
178.812012
179.804016
180.795349
181.785995
182.776077
183.766342
184.756912
185.747742
186.738876
187.730301
188.722000
189.713989
190.706268
191.698853
192.691696
193.684830
194.678268
195.671997
196.666000
197.660294
198.654877
199.649734
200.644882
201.640350
202.636078
203.632095
204.628403
205.625000
206.621872
207.619049
208.616516
209.614258
210.612289
211.610611
212.609222
213.608124
214.607300
215.606766
216.606522
217.606567
218.606903
219.607529
220.608444
221.609634
222.611115
223.612900
224.614960
225.617294
226.619934
227.622864
228.626068
229.629578
230.633362
231.637421
232.641785
233.646439
234.651382
235.656601
236.662125
237.658310
238.635605
239.593964
240.533432
241.453979
242.355637
243.238358
244.102173
244.947083
245.773071
246.580154
247.368317
248.137589
248.887939
249.619370
250.331894
251.025497
251.700195
252.356003
0.000000
1.036436
2.075181
3.116234
4.159596
5.205266
6.253245
7.303531
8.356128
9.411031
10.468243
11.527764
12.589593
13.653733
14.720179
15.788934
16.859997
17.933371
19.009050
20.085180
21.159906
22.233227
23.305140
24.375647
25.444748
26.512444
27.578733
28.643616
29.707090
30.769163
31.829828
32.889088
33.946938
35.003387
36.058422
37.112061
38.164288
39.215107
40.264523
41.312534
42.359138
43.404335
44.448132
45.490513
46.531490
47.571068
48.609234
49.645992
50.681351
51.715302
52.747837
53.778976
54.808708
55.837032
56.863953
57.889465
58.913570
59.936272
60.957569
61.977451
62.995937
64.013008
65.028679
66.042946
67.055809
68.067261
69.077301
70.085945
71.093178
72.099007
73.103424
74.106438
75.108047
76.109207
77.110886
78.113083
79.115799
80.119034
81.122780
82.127045
83.131836
84.137131
85.142944
86.149277
87.156128
88.163490
89.171371
90.179779
91.188690
92.198128
93.208076
94.218544
95.229530
96.241028
97.253044
98.265587
99.278641
100.292206
101.306290
102.320892
103.336006
104.351646
105.367798
106.384476
107.401665
108.419373
109.437584
110.456329
111.475578
112.495354
113.515640
114.536438
115.557762
116.579597
117.601959
118.624832
119.648216
120.672127
121.696541
122.721481
123.746941
124.772919
125.799408
126.826416
127.853928
128.881973
129.910522
130.938950
131.966583
132.993408
134.019455
135.044708
136.069168
137.092834
138.115707
139.137772
140.159073
141.179565
142.199265
143.218170
144.236298
145.253616
146.270142
147.285889
148.300827
149.314987
150.328354
151.340927
152.352707
153.363678
154.373871
155.383270
156.391876
157.399689
158.406708
159.412933
160.418381
161.423019
162.426880
163.429932
164.432190
165.433670
166.434357
167.434250
168.433334
169.431625
170.429153
171.425873
172.421799
173.416916
174.411270
175.404816
176.397568
177.389526
178.380692
179.371078
180.360672
181.349457
182.337463
183.324661
184.311081
185.296860
186.282120
187.266876
188.251114
189.234833
190.218048
191.200775
192.182968
193.164673
194.145859
195.126541
196.106705
197.086365
198.065521
199.044174
200.022293
200.999924
201.977051
202.953659
203.929764
204.905365
205.880447
206.855011
207.829086
208.802643
209.775696
210.748245
211.720276
212.691788
213.662811
214.633316
215.603317
216.572815
217.541794
218.510269
219.478226
220.445694
221.412628
222.379074
223.345001
224.310425
225.275345
226.239746
227.203644
228.167038
229.129929
230.092285
231.054153
232.015503
232.976349
233.936691
234.896530
235.855835
236.814651
237.765198
238.699722
239.618225
240.520706
241.407150
242.277588
243.131989
243.970383
244.792740
245.599075
246.389389
247.163681
247.921951
248.664185
249.390411
250.100601
250.794785
251.472931
252.135056
252.781158
253.411240
0.000000
1.039301
2.086545
3.141734
4.204867
5.275945
6.354966
7.441932
8.536842
9.639695
10.750495
11.869239
12.995924
14.130556
15.273130
16.417982
17.559441
18.697508
19.832182
20.963465
22.091356
23.215853
24.336960
25.454674
26.568998
27.679926
28.787464
29.891609
30.992363
32.089722
33.183689
34.274269
35.361454
36.445248
37.525646
38.602654
39.676270
40.746490
41.813324
42.876762
43.936806
44.993462
46.046726
47.096596
48.143074
49.186165
50.225849
51.262154
52.295067
53.324581
54.350712
55.373440
56.392780
57.408733
58.421288
59.430454
60.436222
61.438599
62.437595
63.433189
64.425392
65.414200
66.399620
67.381638
68.360283
69.335526
70.307373
71.275978
72.244553
73.214409
74.185547
75.157974
76.131691
77.106682
78.082962
79.060524
80.039375
81.019501
82.000923
82.983627
83.967606
84.952881
85.939430
86.927277
87.916397
88.906799
89.898491
90.891472
91.885727
92.881271
93.878105
94.876221
95.875618
96.876297
97.878265
98.881516
99.886047
100.891869
101.898972
102.907364
103.917038
104.927994
105.940231
106.953758
107.968567
108.984665
110.002045
111.020706
112.040649
113.061882
114.084404
115.108200
116.133293
117.159660
118.187309
119.216248
120.246468
121.277977
122.310768
123.344849
124.380013
125.415077
126.449852
127.484329
128.518509
129.552429
130.586014
131.619324
132.652344
133.685059
134.717499
135.749649
136.781494
137.813049
138.844299
139.875275
140.905960
141.936340
142.966415
143.996216
145.025726
146.054932
147.083862
148.112488
149.140808
150.168854
151.196609
152.224075
153.251236
154.278107
155.304672
156.330963
157.356964
158.382645
159.408066
160.433167
161.457993
162.482513
163.506760
164.530701
165.554352
166.577713
167.600769
168.623550
169.646027
170.668213
171.690109
172.711700
173.733017
174.754044
175.774750
176.795181
177.815323
178.834625
179.851700
180.866531
181.879059
182.889359
183.897385
184.903122
185.906601
186.907822
187.906769
188.903458
189.897888
190.890045
191.879913
192.867523
193.852890
194.835968
195.816788
196.795334
197.771622
198.745651
199.717392
200.686874
201.654099
202.619049
203.581741
204.542145
205.500305
206.456177
207.409805
208.361145
209.310226
210.257050
211.201599
212.143890
213.083908
214.021667
214.957138
215.890350
216.821320
217.749985
218.676407
219.600571
220.522446
221.442078
222.359421
223.274506
224.187317
225.097870
226.006165
226.912186
227.815918
228.717422
229.614548
230.505234
231.389465
232.267258
233.138611
234.003525
234.862015
235.714035
236.559601
237.398743
238.231430
239.057663
239.877487
240.690842
241.497757
242.298218
243.092255
243.879837
244.660980
245.435669
246.203934
246.965744
247.721100
248.470016
249.212494
249.948532
250.678131
251.401276
252.117981
252.828232
