0.957247
0.021377
0.021377
0.021377
0.957247
0.021377
0.021377
0.021377
0.957247
0.000000
1.160259
2.282706
3.367341
4.414164
5.423174
6.394372
7.346890
8.299864
9.253293
10.207177
11.161515
12.116310
13.071559
14.027263
14.983420
15.940035
16.897104
17.854626
18.812605
19.771038
20.729927
21.689270
22.649067
23.609320
24.570028
25.531191
26.492811
27.454884
28.417410
29.380392
30.343830
31.307722
32.272072
33.236870
34.202129
35.167843
36.134010
37.100628
38.067703
39.035244
40.003227
40.971664
41.940567
42.909920
43.879726
44.849983
45.820702
46.791874
47.763496
48.735577
49.708111
50.681103
51.654549
52.628452
53.602810
54.577618
55.552883
56.528603
57.504784
58.481407
59.458496
60.436039
61.414028
62.392487
63.371387
64.350746
65.330566
66.311134
67.293190
68.276764
69.261856
70.248466
71.236595
72.226242
73.217415
74.210098
75.204300
76.200035
77.197273
78.196037
79.196312
80.198120
81.201439
82.206276
83.212631
84.220505
85.229897
86.240822
87.253242
88.267197
89.282669
90.299660
91.318169
92.338188
93.359734
94.382797
95.407387
96.433487
97.461105
98.490250
99.520905
100.553085
101.586792
102.621994
103.658737
104.696983
105.736755
106.778046
107.820854
108.865181
109.911034
110.958397
112.007286
113.057686
114.109612
115.163048
116.218010
117.274490
118.332489
119.392014
120.453049
121.515594
122.579674
123.645271
124.712379
125.781013
126.851166
127.922829
128.995529
130.066391
131.134949
132.201172
133.265076
134.326675
135.385925
136.442886
137.497513
138.549820
139.599808
140.647491
141.692841
142.735870
143.776581
144.814972
145.851059
146.884796
147.916245
148.945343
149.972153
150.996628
152.018784
153.038605
154.056137
155.071335
156.084213
157.094757
158.102997
159.108917
160.112518
161.113800
162.112762
163.109406
164.103729
165.095734
166.085403
167.072769
168.057800
169.040527
170.020935
170.999023
171.974792
172.948227
173.919342
174.888153
175.854645
176.818802
177.780655
178.740189
179.697388
180.652283
181.604843
182.555099
183.503021
184.448624
185.391922
186.332886
187.271530
188.207870
189.141891
190.073700
191.006256
191.940689
192.877075
193.815353
194.755554
195.697662
196.641663
197.587601
198.535461
199.485214
200.436874
201.390457
202.345932
203.303345
204.262665
205.223892
206.187027
207.152084
208.119049
209.087921
210.058716
211.031418
212.006027
212.982559
213.960983
214.941330
215.923599
216.907776
217.893845
218.881866
219.871765
220.863586
221.857330
222.852966
223.850540
224.850006
225.851379
226.854660
227.859879
228.867004
229.876038
230.886978
231.899826
232.914597
233.931290
234.949875
235.970383
236.992798
238.017136
239.043365
240.071518
241.101578
242.133560
243.167450
244.203247
245.240967
246.280594
247.322113
248.365570
249.410934
250.458206
251.464249
252.385818
253.222931
253.975586
0.000000
0.318238
1.431636
2.543854
3.654895
4.764757
5.873441
6.980946
8.087275
9.192422
10.296349
11.399014
12.500416
13.600555
14.699431
15.797045
16.893396
17.988482
19.082310
20.174871
21.266171
22.356207
23.444979
24.532490
25.618740
26.703722
27.787445
28.869904
29.951099
31.031034
32.109707
33.187111
34.263260
35.338142
36.411758
37.484119
38.555210
39.625042
40.693604
41.760910
42.826958
43.891735
44.955246
46.017502
47.078491
48.138218
49.196686
50.253887
51.309830
52.364502
53.417919
54.470066
55.520962
56.570583
57.618946
58.666042
59.711876
60.756454
61.799767
62.841812
63.882599
64.922119
65.960373
66.997375
68.033104
69.067574
70.100784
71.132729
72.163414
73.192833
74.220985
75.248512
76.276939
77.306351
78.336731
79.368095
80.400436
81.433746
82.468048
83.503319
84.539566
85.576797
86.614998
87.654182
88.694336
89.735474
90.777588
91.820671
92.864754
93.909798
94.955818
96.002815
97.050789
98.099747
99.149673
100.200584
101.252472
102.305336
103.359184
104.413994
105.469803
106.526573
107.584320
108.643051
109.702759
110.763435
111.825096
112.887733
113.951355
115.015938
116.081505
117.148056
118.215576
119.284081
120.353554
121.424019
122.495453
123.567863
124.641243
125.715614
126.790955
127.867271
128.944580
130.022858
131.102097
132.182343
133.263535
134.345718
135.428879
136.513031
137.598145
138.684235
139.770737
140.854248
141.934204
143.010605
144.083435
145.152725
146.218445
147.280609
148.339218
149.394272
150.445755
151.493698
152.538071
153.578888
154.616150
155.649841
156.680008
157.706589
158.729614
159.749084
160.764999
161.777359
162.786148
163.791382
164.793076
165.791183
166.785751
167.776764
168.764221
169.748108
170.728439
171.705215
172.678436
173.648102
174.614182
175.576752
176.535736
177.491150
178.443024
179.391342
180.336105
181.277298
182.214935
183.149017
184.079544
185.006516
185.929916
186.849762
187.766052
188.678787
189.587967
190.493576
191.395645
192.294159
193.189102
194.080490
194.968307
195.852585
196.733292
197.610443
198.484055
199.354218
200.224197
201.095276
201.967468
202.840759
203.715149
204.590652
205.467270
206.344986
207.223801
208.103729
208.984741
209.866867
210.750107
211.634445
212.519913
213.406464
214.294113
215.182861
216.072723
216.963699
217.855774
218.748962
219.643250
220.538635
221.435120
222.332733
223.231430
224.131241
225.032150
225.934174
226.837296
227.741531
228.646866
229.553299
230.460846
231.369492
232.279236
233.190094
234.102066
235.015121
235.929291
236.844574
237.760956
238.678452
239.597031
240.516724
241.437531
242.359436
243.282440
244.206558
245.131775
246.058105
246.985535
247.914062
248.843704
249.774445
250.706299
251.639252
252.573303
253.508469
254.444748
254.985855
0.000000
1.231934
2.464284
3.697050
4.930231
6.163828
7.397840
8.632268
9.865608
11.096356
12.324515
13.550082
14.773059
15.993444
17.211237
18.426441
19.639053
20.849075
22.056505
23.261343
24.463593
25.663250
26.860313
28.054787
29.246674
30.435968
31.622671
32.806778
33.988300
35.167229
36.343567
37.517315
38.688473
39.857033
41.023010
42.186390
43.347179
44.505383
45.660995
46.814007
47.964443
49.112278
50.257523
51.400177
52.540245
53.677711
54.812599
55.944885
57.074585
58.201694
59.326214
60.448135
61.567478
62.684219
63.798378
64.909935
66.018913
67.125290
68.229080
69.330276
70.428886
71.524902
72.618332
73.709167
74.797409
75.883057
76.966125
78.046593
79.125328
80.204430
81.284004
82.364044
83.444557
84.525528
85.606964
86.688866
87.771240
88.854073
89.937370
91.021133
92.105370
93.190071
94.275238
95.360863
96.446960
97.533516
98.620544
99.708031
100.795998
101.884422
102.973305
104.062660
105.152489
106.242767
107.333527
108.424736
109.516418
110.608566
111.701187
112.794266
113.887817
114.981827
116.076309
117.171249
118.266655
119.362526
120.458870
121.555672
122.652946
123.750687
124.848892
125.947556
127.046700
128.146301
129.246353
130.346893
131.447891
132.549347
133.651291
134.753677
135.856537
136.959869
138.063660
139.167908
140.272629
141.377823
142.483475
143.589615
144.695526
145.797272
146.894165
147.986206
149.073410
150.155762
151.233276
152.305954
153.373764
154.436737
155.494873
156.548157
157.596588
158.640182
159.678925
160.712830
161.741882
162.766083
163.785446
164.799973
165.809631
166.814468
167.814453
168.809570
169.799881
170.785324
171.765900
172.741669
173.712555
174.678619
175.639832
176.596207
177.547729
178.494400
179.436234
180.373215
181.305359
182.232651
183.155090
184.072708
184.985458
185.893372
186.796432
187.694656
188.588013
189.476562
190.360229
191.239059
192.113052
192.982208
193.846497
194.705948
195.560547
196.410324
197.255234
198.095306
198.930527
199.760910
200.586426
201.407135
202.223114
203.037415
203.851273
204.664703
205.477692
206.290268
207.102386
207.914078
208.725327
209.536133
210.346527
211.156464
211.965973
212.775055
213.583679
214.391876
215.199661
216.006973
216.813873
217.620346
218.426376
219.231964
220.037109
220.841827
221.646103
222.449936
223.253357
224.056335
224.858856
225.660950
226.462616
227.263855
228.064636
228.865005
229.664932
230.464417
231.263458
232.062088
232.860260
233.658005
234.455322
235.252182
236.048630
236.844635
237.640198
238.435318
239.230011
240.024277
240.818100
241.611481
242.404434
243.196945
243.989029
244.780655
245.571869
246.362640
247.152985
247.942886
248.732346
249.521378
250.309967
251.042038
251.661469
252.168289
252.562469
252.844040
253.012985
253.069290
