0.993353
0.003324
0.003324
0.003324
0.993353
0.003324
0.003324
0.003324
0.993353
0.000000
0.992621
1.982117
2.968485
3.951727
4.931842
5.908830
6.882691
7.853426
8.821033
9.785514
10.746869
11.705096
12.660196
13.612170
14.561017
15.506738
16.449333
17.388798
18.325136
19.258350
20.188435
21.115395
22.039228
22.959934
23.877512
24.791964
25.703287
26.611485
27.516558
28.418505
29.317324
30.213015
31.105579
31.995016
32.881325
33.764511
34.647766
35.534302
36.424118
37.317215
38.213593
39.113247
40.016178
40.922390
41.831879
42.744652
43.660698
44.580025
45.502632
46.428516
47.357681
48.290123
49.225842
50.164845
51.107121
52.052681
53.001518
53.953632
54.909031
55.867702
56.829651
57.794884
58.763390
59.735180
60.710247
61.688595
62.670219
63.655125
64.643303
65.634766
66.629509
67.627525
68.628822
69.633400
70.641258
71.652390
72.666809
73.684502
74.705467
75.729568
76.751877
77.769997
78.783928
79.793678
80.799255
81.800636
82.797829
83.790855
84.779686
85.764328
86.744789
87.721077
88.693169
89.661079
90.624802
91.584343
92.539703
93.490875
94.437866
95.380676
96.319298
97.253731
98.183990
99.110054
100.031944
100.949638
101.863159
102.772491
103.677635
104.578606
105.475380
106.367981
107.256386
108.140617
109.020668
109.896515
110.768196
111.635689
112.499001
113.358116
114.213058
115.063812
115.910378
116.753418
117.598824
118.448051
119.301102
120.157974
121.018661
121.883171
122.751511
123.623657
124.499634
125.379425
126.263046
127.150482
128.041748
128.936829
129.835724
130.738449
131.644989
132.555344
133.469528
134.387527
135.309357
136.235001
137.164459
138.097748
139.034866
139.975800
140.920547
141.869125
142.821503
143.777725
144.737762
145.701614
146.669281
147.640793
148.616104
149.595230
150.578201
151.564987
152.555588
153.550003
154.548248
155.550323
156.556198
157.564682
158.570740
159.573822
160.573929
161.571060
162.565216
163.556412
164.544632
165.529877
166.512161
167.491455
168.467789
169.441132
170.411530
171.378937
172.343369
173.304840
174.263336
175.218842
176.171387
177.120956
178.067566
179.011185
179.951859
180.889542
181.824249
182.755981
183.684753
184.610535
185.533371
186.453217
187.370087
188.283997
189.194916
190.102890
191.007858
191.909882
192.808914
193.704987
194.598083
195.488205
196.375351
197.259537
198.140732
199.024551
199.922562
200.835144
201.762238
202.703888
203.660095
204.630829
205.616104
206.615921
207.630280
208.659180
209.702621
210.760605
211.833130
212.920197
214.021805
215.137955
216.268646
217.413879
218.573654
219.747955
220.936813
222.140213
223.358154
224.590637
225.837662
227.099228
228.375336
229.665985
230.971176
232.290894
233.625168
234.973984
236.337341
237.715240
239.107666
240.514664
241.936172
243.372238
244.822845
246.287979
247.767685
249.261917
250.770676
0.000000
1.364533
2.721553
4.071058
5.413049
6.747526
8.074489
9.393938
10.705873
12.010293
13.307199
14.596592
15.878469
17.152834
18.419683
19.679016
20.930841
22.175146
23.413975
24.649366
25.881319
27.109833
28.334908
29.556541
30.774738
31.989496
33.200813
34.408691
35.613129
36.814129
38.011692
39.205814
40.396500
41.583740
42.767544
43.947910
45.124836
46.298328
47.468376
48.634979
49.798157
50.957886
52.114178
53.267033
54.416443
55.562416
56.704952
57.844048
58.979710
60.111927
61.240707
62.366047
63.487946
64.606407
65.721436
66.833015
67.941162
69.045868
70.147133
71.244965
72.339348
73.430298
74.517807
75.601875
76.682518
77.759712
78.833458
79.903770
80.970642
82.034088
83.094078
84.150642
85.203758
86.253441
87.302185
88.352493
89.404373
90.457825
91.512840
92.569420
93.627571
94.687286
95.748566
96.811417
97.875839
98.941826
100.009384
101.078506
102.149200
103.221458
104.295280
105.370682
106.447639
107.526169
108.606262
109.687927
110.771156
111.855957
112.942329
114.030258
115.119766
116.210831
117.303467
118.397675
119.493439
120.590782
121.689690
122.790169
123.892204
124.995819
126.100998
127.207741
128.316055
129.425934
130.537384
131.650391
132.764984
133.881134
134.998856
136.118149
137.238998
138.361435
139.485413
140.610962
141.738098
142.866791
143.997040
145.128860
146.262268
147.397217
148.530869
149.660324
150.785568
151.906616
153.023483
154.136139
155.244629
156.348892
157.448959
158.544830
159.636520
160.723999
161.807297
162.886383
163.961273
165.031967
166.098465
167.160782
168.218887
169.272797
170.322495
171.368027
172.409348
173.446472
174.479385
175.508133
176.532654
177.552994
178.569138
179.581070
180.588821
181.592377
182.591721
183.586868
184.577835
185.564606
186.547180
187.525543
188.499710
189.469696
190.435471
191.397049
192.354431
193.307617
194.256607
195.201416
196.142014
197.078415
198.010620
198.938629
199.862442
200.782059
201.697479
202.608704
203.515732
204.418564
205.317841
206.214172
207.107635
207.998154
208.885757
209.770447
210.652222
211.531082
212.407028
213.280045
214.150162
215.017349
215.881622
216.742981
217.601440
218.456955
219.309570
220.159256
221.006042
221.849915
222.690857
223.528885
224.364014
225.196198
226.025482
226.851837
227.675308
228.495834
229.313446
230.128143
230.939941
231.748795
232.554764
233.357788
234.157898
234.955109
235.749390
236.540756
237.329208
238.114761
238.897369
239.677094
240.453873
241.227753
241.998703
242.766754
243.531860
244.294067
245.053360
245.809753
246.563202
247.313736
248.061371
248.806091
249.547867
250.286758
250.997833
251.656235
252.261978
252.815048
253.315430
253.763153
254.158188
254.500565
254.790268
255.000000
255.000000
255.000000
255.000000
255.000000
0.000000
1.701648
3.360633
4.976955
6.550616
8.081614
9.569949
11.015622
12.418633
13.778980
15.096666
16.371689
17.623152
18.870159
20.112711
21.350803
22.584438
23.813618
25.038340
26.258604
27.474415
28.685764
29.892662
31.095098
32.293079
33.486603
34.675671
35.860279
37.040436
38.216129
39.387371
40.554153
41.716480
42.874344
44.027760
45.176716
46.321217
47.461254
48.596840
49.727970
50.854641
51.976849
53.094604
54.207905
55.316750
56.421135
57.521061
58.616535
59.707558
60.794117
61.876213
62.953857
64.027046
65.095779
66.160049
67.219864
68.275230
69.326134
70.372581
71.414566
72.452103
73.485176
74.515877
75.549309
76.585693
77.625046
78.667343
79.712608
80.760818
81.811996
82.866135
83.923225
84.983276
86.046280
87.112244
88.181160
89.253036
90.327881
91.405670
92.486420
93.570129
94.656799
95.746429
96.839005
97.934547
99.033035
100.134491
101.238907
102.346275
103.456604
104.569885
105.686127
106.805328
107.927490
109.052597
110.180672
111.311714
112.445702
113.582649
114.722549
115.865410
117.011223
118.160011
119.311745
120.466423
121.624077
122.784683
123.948250
125.114769
126.284248
127.456680
128.632080
129.809631
130.984604
132.156219
133.324463
134.489349
135.650833
136.808975
137.963730
139.115128
140.263138
141.407791
142.549057
143.686981
144.821503
145.952682
147.080475
148.204910
149.325958
150.443634
151.557953
152.668900
153.776474
154.880676
155.981506
157.078979
158.173065
159.263794
160.351151
161.435135
162.515732
163.592987
164.666840
165.737350
166.804489
167.868240
168.928635
169.985641
171.039291
172.089569
173.136475
174.180008
175.220184
176.256973
177.290405
178.320465
179.347153
180.370468
181.390411
182.406998
183.420181
184.429993
185.435165
186.435272
187.430313
188.420258
189.405136
190.384933
191.359665
192.329315
193.293884
194.253372
195.207779
196.157120
197.101379
198.040573
198.974686
199.903702
200.827667
201.746536
202.660339
203.569061
204.472717
205.371277
206.264771
207.153183
208.036530
208.914795
209.787979
210.656082
211.519119
212.377075
213.229950
214.077744
214.920486
215.758118
216.590683
217.418198
218.240601
219.057938
219.870209
220.677399
221.479507
222.276550
223.068497
223.855377
224.637177
225.413910
226.185547
226.952118
227.713638
228.470032
229.227661
229.992676
230.765106
231.544968
232.332260
233.126968
233.929092
234.738663
235.555634
236.380035
237.211884
238.051117
238.897797
239.751892
240.613403
241.482361
242.358734
243.242523
244.133743
245.032379
245.938431
246.851929
247.772827
248.701172
249.636917
250.580109
251.530716
252.488724
253.454178
254.427048
255.000000
255.000000
255.000000
255.000000
255.000000
255.000000
255.000000
255.000000
255.000000
255.000000
255.000000
255.000000
255.000000
