0.966642
0.016679
0.016679
0.016679
0.966642
0.016679
0.016679
0.016679
0.966642
0.000000
1.106283
2.210967
3.314051
4.415536
5.515423
6.613709
7.710398
8.805486
9.898976
10.990866
12.081158
13.169848
14.256942
15.342434
16.426329
17.508625
18.589321
19.668417
20.745916
21.821812
22.896112
23.968809
25.039913
26.109413
27.177317
28.243618
29.308323
30.371429
31.432934
32.492844
33.551147
34.607861
35.662968
36.716476
37.768387
38.818699
39.867901
40.916489
41.964455
43.011806
44.058537
45.104652
46.150146
47.195026
48.239285
49.282928
50.325954
51.368366
52.410156
53.451324
54.491879
55.531815
56.571136
57.609837
58.647923
59.685383
60.722233
61.758465
62.794079
63.829067
64.863449
65.897202
66.930344
67.962868
68.994774
70.026062
71.056732
72.086784
73.116226
74.145042
75.173233
76.200821
77.227783
78.254128
79.279861
80.304970
81.329460
82.353333
83.376587
84.399231
85.421249
86.442657
87.463440
88.483612
89.503166
90.522087
91.540413
92.558105
93.575188
94.591644
95.607094
96.621147
97.633797
98.645050
99.654900
100.663338
101.670387
102.676033
103.680275
104.683121
105.684555
106.684593
107.683235
108.680473
109.676315
110.670746
111.663780
112.655411
113.645645
114.634483
115.621910
116.607948
117.592560
118.575798
119.557617
120.538040
121.517067
122.494698
123.470917
124.445732
125.419159
126.391174
127.361794
128.330994
129.298828
130.265228
131.230240
132.193863
133.156067
134.116867
135.076279
136.034302
136.990906
137.946091
138.899902
139.852310
140.803314
141.752914
142.701111
143.647919
144.593307
145.537292
146.479889
147.421082
148.361099
149.300095
150.238098
151.175110
152.111145
153.046173
153.980194
154.913254
155.845291
156.776352
157.706406
158.635468
159.563553
160.490616
161.416702
162.341812
163.265900
164.189011
165.111115
166.032227
166.952362
167.871475
168.789612
169.706772
170.622910
171.538071
172.452225
173.365387
174.277573
175.188751
176.098938
177.008133
177.916336
178.823547
179.729752
180.634979
181.539200
182.442444
183.344666
184.245911
185.146164
186.045425
186.943680
187.840958
188.737244
189.632523
190.526810
191.420090
192.312393
193.203705
194.094025
194.983353
195.871674
196.759003
197.647995
198.541214
199.438675
200.340408
201.246384
202.156616
203.071106
203.989838
204.912827
205.840073
206.771576
207.707306
208.647324
209.591583
210.540085
211.492859
212.449875
213.411133
214.376663
215.346436
216.320480
217.298752
218.281296
219.268082
220.259125
221.254425
222.253967
223.257782
224.265839
225.278152
226.294693
227.315521
228.340591
229.369919
230.403488
231.441330
232.483414
233.529739
234.580338
235.635178
236.694275
237.757614
238.825226
239.897079
240.973190
242.053543
243.138168
244.227036
245.320160
246.417542
247.519180
248.625046
249.735184
250.849579
251.966049
253.082504
254.198898
0.000000
1.141282
2.277665
3.409149
4.535735
5.657421
6.774209
7.886098
8.993090
10.095181
11.192374
12.284669
13.372064
14.454562
15.532160
16.604858
17.672659
18.735563
19.793566
20.846670
21.894875
22.938183
23.976591
25.010099
26.038715
27.062426
28.081238
29.095152
30.104170
31.108286
32.107506
33.101826
34.091251
35.079117
36.068794
37.060272
38.053558
39.048641
40.045536
41.044228
42.044720
43.047020
44.051121
45.057026
46.064735
47.074245
48.085560
49.098679
50.113598
51.130322
52.148849
53.169178
54.191315
55.215252
56.240990
57.268536
58.297878
59.329029
60.361980
61.396736
62.433296
63.471657
64.511818
65.553787
66.597549
67.643135
68.690514
69.739693
70.790672
71.843460
72.898056
73.954445
75.012642
76.072639
77.134445
78.198051
79.263458
80.330360
81.395912
82.459412
83.520874
84.580284
85.637650
86.692963
87.746239
88.797455
89.846634
90.893768
91.938850
92.981895
94.022888
95.061821
96.098724
97.133575
98.166382
99.197136
100.225845
101.252510
102.277138
103.299706
104.320229
105.338707
106.355141
107.369522
108.381859
109.392159
110.400398
111.406601
112.410751
113.412849
114.412910
115.410927
116.406891
117.400810
118.392677
119.382507
120.370293
121.356018
122.339706
123.321350
124.300934
125.278488
126.254837
127.231758
128.209290
129.187439
130.166214
131.145599
132.125610
133.106232
134.087479
135.069336
136.051819
137.034897
138.018631
139.002960
139.987915
140.973465
141.959656
142.946457
143.933884
144.921921
145.910583
146.899857
147.889755
148.880264
149.871384
150.863144
151.855515
152.848480
153.842087
154.836304
155.831146
156.826599
157.822678
158.819366
159.816666
160.814606
161.813141
162.812317
163.812103
164.812500
165.813507
166.815140
167.817383
168.820267
169.823715
170.825775
171.825546
172.823029
173.818207
174.811096
175.801682
176.789978
177.775970
178.759674
179.741089
180.720200
181.697006
182.671539
183.643753
184.613693
185.581329
186.546661
187.509705
188.470444
189.428909
190.385056
191.338913
192.290497
193.239761
194.186722
195.131409
196.073792
197.013885
197.951675
198.887161
199.820358
200.751282
201.679886
202.606186
203.530212
204.451950
205.371384
206.288498
207.203339
208.115875
209.026123
209.934082
210.839722
211.743088
212.644897
213.548401
214.453903
215.361404
216.270920
217.182419
218.095917
219.011444
219.928955
220.848480
221.770004
222.693527
223.619064
224.546600
225.476135
226.407669
227.341202
228.276764
229.214310
230.153870
231.095428
232.038971
232.984528
233.932114
234.881653
235.833237
236.786819
237.742386
238.699966
239.659561
240.621140
241.584732
242.550323
243.517914
244.487518
245.459106
246.432724
247.408325
248.385941
249.365555
250.347168
251.330795
252.316406
253.304047
254.293671
0.000000
1.371610
2.729872
4.074788
5.406356
6.724578
8.029453
9.320982
10.599163
11.863997
13.115483
14.353624
15.578420
16.789867
17.987965
19.172718
20.344126
21.502184
22.646896
23.778261
24.896278
26.000950
27.092274
28.170252
29.234882
30.286167
31.324104
32.356075
33.389458
34.424255
35.460464
36.498089
37.537128
38.577579
39.619446
40.662720
41.707413
42.753517
43.801037
44.849968
45.900314
46.952072
48.005241
49.059830
50.115829
51.173237
52.232067
53.292309
54.353958
55.417023
56.481506
57.547398
58.614704
59.683426
60.753555
61.825108
62.898064
63.972439
65.048225
66.125427
67.204048
68.284065
69.365509
70.448364
71.532639
72.618324
73.705414
74.793922
75.883842
76.975182
78.067924
79.162086
80.257668
81.354652
82.453056
83.552872
84.654106
85.756744
86.860802
87.966270
89.073166
90.181458
91.291168
92.401054
93.508110
94.612198
95.713318
96.811462
97.906639
98.998848
100.088081
101.174355
102.257645
103.337967
104.415329
105.489708
106.561127
107.629578
108.695053
109.757553
110.817085
111.873650
112.927254
113.977867
115.025528
116.070213
117.111923
118.150665
119.186440
120.219238
121.249077
122.275932
123.299828
124.320755
125.338707
126.353691
127.365700
128.374741
129.380814
130.383911
131.384048
132.381210
133.375397
134.366608
135.354858
136.340149
137.322464
138.301788
139.278168
140.251572
141.221985
142.189453
143.153946
144.115463
145.073990
146.029587
146.982193
147.931839
148.878510
149.822464
150.765366
151.707474
152.648773
153.589279
154.528992
155.467911
156.406021
157.343338
158.279861
159.215591
160.150528
161.084656
162.017990
162.950516
163.882263
164.813202
165.743332
166.672684
167.601242
168.528992
169.455948
170.382111
171.307465
172.232040
173.155792
174.078766
175.000946
175.922318
176.842896
177.762665
178.681656
179.599838
180.517227
181.433823
182.349609
183.264618
184.178818
185.092224
186.004822
186.916641
187.827652
188.737854
189.647278
190.555878
191.463715
192.370743
193.276962
194.182388
195.087036
195.990875
196.893890
197.796143
198.697586
199.598236
200.498077
201.397141
202.295166
203.192108
204.087967
204.982712
205.876358
206.768936
207.660385
208.550781
209.440048
210.328247
211.215347
212.101334
212.986252
213.870071
214.752777
215.634399
216.514938
217.394379
218.272720
219.149979
220.026123
220.901199
221.775162
222.648041
223.519821
224.390503
225.260086
226.128586
226.996002
227.862305
228.727524
229.591660
230.454681
231.316635
232.177460
233.037231
233.895874
234.753433
235.609909
236.465271
237.319565
238.172745
239.024841
239.875839
240.725754
241.574554
242.422287
243.268906
244.114441
244.958878
245.802216
246.644455
247.485611
248.325668
249.164642
250.002502
250.745163
251.298325
251.662094
251.836411
