0.983533
0.008234
0.008234
0.008234
0.983533
0.008234
0.008234
0.008234
0.983533
0.000000
2.052105
3.416151
4.435232
5.452443
6.467785
7.481257
8.492862
9.502595
10.510460
11.516454
12.520579
13.522836
14.523223
15.521740
16.518389
17.513165
18.506075
19.497112
20.486284
21.473587
22.459019
23.442577
24.424271
25.404095
26.382050
27.358133
28.332348
29.304693
30.275167
31.243776
32.210514
33.175381
34.138378
35.099506
36.058765
37.016163
37.971684
38.925331
39.877113
40.827023
41.775066
42.721245
43.665546
44.607979
45.548542
46.487244
47.424290
48.361019
49.297646
50.234177
51.170616
52.106949
53.043186
53.979324
54.915363
55.851311
56.787151
57.722900
58.658546
59.594093
60.529545
61.464897
62.400154
63.335304
64.270370
65.205322
66.140182
67.074951
68.009621
68.944176
69.878647
70.813019
71.747284
72.681458
73.615540
74.549515
75.483391
76.417168
77.350853
78.284431
79.217918
80.151306
81.084595
82.017784
82.950882
83.883873
84.816772
85.749565
86.682266
87.614861
88.547363
89.479980
90.412918
91.346184
92.279778
93.213707
94.147957
95.082535
96.017433
96.952667
97.888222
98.824097
99.760300
100.696838
101.633698
102.570892
103.508408
104.446243
105.384415
106.322899
107.261726
108.200874
109.140343
110.080147
111.020271
111.960724
112.901505
113.842613
114.784042
115.725800
116.667892
117.610298
118.553040
119.496109
120.439491
121.383217
122.327263
123.271629
124.216331
125.161354
126.106705
127.052383
127.998383
128.944717
129.891373
130.838211
131.784454
132.729950
133.674683
134.618668
135.561920
136.504425
137.446182
138.387192
139.327438
140.266968
141.205734
142.143738
143.081009
144.017532
144.953293
145.888336
146.822617
147.756149
148.688934
149.620972
150.552261
151.482803
152.412598
153.341660
154.269958
155.197525
156.124313
157.050369
157.975708
158.900269
159.824081
160.747147
161.669479
162.591049
163.511887
164.431961
165.351303
166.269897
167.187729
168.104828
169.021179
169.936768
170.851624
171.765732
172.680557
173.597580
174.516785
175.438171
176.361755
177.287521
178.215485
179.145645
180.077972
181.012497
181.949219
182.888123
183.829224
184.772507
185.717987
186.665649
187.615494
188.567535
189.521774
190.478180
191.436798
192.397598
193.360596
194.325775
195.293137
196.262695
197.234436
198.208374
199.184494
200.162796
201.143295
202.125992
203.110886
204.097946
205.087204
206.078659
207.072296
208.068115
209.066132
210.066330
211.068741
212.073303
213.080093
214.089050
215.100189
216.113541
217.129074
218.146774
219.166687
220.188797
221.213074
222.239563
223.268219
224.299072
225.332123
226.367355
227.404770
228.444382
229.486176
230.530167
231.576355
232.624725
233.675278
234.728027
235.782959
236.840073
237.899399
238.960892
240.024597
241.090469
242.158539
243.228806
244.301254
245.375870
246.452713
0.000000
0.852045
1.734315
2.646808
3.589524
4.562465
5.565628
6.599016
7.662627
8.756462
9.880520
11.017348
12.149498
13.276968
14.399758
15.517870
16.631302
17.740051
18.844120
19.943512
21.038223
22.128254
23.213604
24.294277
25.370270
26.441580
27.508211
28.570162
29.627434
30.680025
31.727936
32.771168
33.809723
34.843594
35.872787
36.897297
37.917133
38.932285
39.942757
40.948547
41.949661
42.946095
43.937843
44.924915
45.907310
46.885021
47.858055
48.826416
49.790085
50.749084
51.703396
52.653030
53.599510
54.546589
55.494431
56.443035
57.392399
58.342529
59.293419
60.245075
61.197495
62.150677
63.104618
64.059326
65.014801
65.971031
66.928024
67.885788
68.844307
69.803596
70.763649
71.724457
72.686035
73.648369
74.611473
75.575333
76.539963
77.505356
78.471504
79.438423
80.406105
81.374550
82.343750
83.313721
84.284447
85.255936
86.228195
87.201218
88.174995
89.149544
90.124855
91.100929
92.077766
93.055252
94.032784
95.010269
95.987694
96.965057
97.942368
98.919617
99.896797
100.873932
101.851006
102.828018
103.804970
104.781868
105.758705
106.735489
107.712212
108.688873
109.665474
110.642021
111.618515
112.594940
113.571312
114.547630
115.523880
116.500076
117.476212
118.452293
119.428314
120.404274
121.380180
122.356026
123.331802
124.307541
125.283203
126.258820
127.234375
128.209869
129.185303
130.160675
131.136002
132.111267
133.086426
134.060791
135.034027
136.006149
136.977158
137.947052
138.915833
139.883499
140.850052
141.815491
142.779816
143.743027
144.705124
145.666107
146.625977
147.584717
148.542358
149.498886
150.454315
151.408600
152.361771
153.313858
154.264801
155.214645
156.163376
157.110992
158.057495
159.002869
159.947144
160.890305
161.832321
162.773270
163.713074
164.651779
165.589355
166.525818
167.461182
168.395432
169.328552
170.260559
171.191467
172.121246
173.050995
173.981735
174.913498
175.846268
176.780045
177.714844
178.650635
179.587448
180.525284
181.464127
182.403961
183.344849
184.286713
185.229599
186.173492
187.118408
188.064331
189.011246
189.959198
190.908157
191.858124
192.809097
193.761093
194.714096
195.668106
196.623123
197.579147
198.536209
199.494263
200.453339
201.413422
202.374512
203.336624
204.299744
205.263855
206.229004
207.195160
208.162323
209.130508
210.099701
211.069885
212.041107
213.013321
213.986557
214.960800
215.936066
216.912338
217.889618
218.867905
219.847198
220.827515
221.808838
222.791199
223.774536
224.758896
225.744278
226.730652
227.718063
228.706467
229.695877
230.686325
231.677765
232.670212
233.663696
234.658157
235.653641
236.650146
237.647675
238.646194
239.645721
240.646271
241.647827
242.650391
243.653992
244.658569
245.664169
246.670807
247.678436
248.687057
249.696716
0.000000
2.091302
3.470010
4.491693
5.511919
6.530687
7.547999
8.563855
9.578255
10.591195
11.602679
12.612707
13.621281
14.628394
15.634054
16.638252
17.640999
18.642286
19.642115
20.640490
21.637407
22.632866
23.626871
24.619419
25.610508
26.600142
27.588318
28.575037
29.560301
30.544106
31.526457
32.507347
33.486782
34.464764
35.441284
36.416348
37.389965
38.362114
39.332809
40.302048
41.269829
42.236156
43.201183
44.165867
45.130371
46.094692
47.058834
48.022793
48.986568
49.950157
50.913574
51.876801
52.839851
53.802715
54.765396
55.727901
56.690224
57.652359
58.614315
59.576088
60.537678
61.499088
62.460320
63.421364
64.382225
65.342903
66.303406
67.263725
68.223854
69.183815
70.143585
71.103165
72.062576
73.021805
73.980843
74.939705
75.898392
76.856880
77.815193
78.773331
79.731277
80.689049
81.647041
82.605690
83.564987
84.524933
85.485527
86.446770
87.408653
88.371193
89.334373
90.298210
91.262688
92.227821
93.193604
94.160019
95.127098
96.094818
97.063187
98.032204
99.001862
99.972183
100.943130
101.914742
102.887001
103.859901
104.833458
105.807663
106.782509
107.758011
108.734146
109.710938
110.688377
111.666473
112.645203
113.624588
114.604614
115.585297
116.566635
117.548607
118.531235
119.514122
120.494965
121.473358
122.449326
123.422852
124.393944
125.362602
126.328819
127.292610
128.253952
129.212875
130.169342
131.123383
132.074982
133.024155
133.970886
134.915176
135.857040
136.796478
137.733459
138.668015
139.600128
140.529816
141.457062
142.381866
143.304245
144.224182
145.141678
146.056747
146.969376
147.879562
148.787323
149.692642
150.595520
151.495987
152.393997
153.289581
154.182709
155.073425
155.961685
156.850967
157.744690
158.642853
159.545486
160.452545
161.364075
162.280029
163.200455
164.125320
165.054626
165.988388
166.926605
167.869278
168.816391
169.767929
170.723938
171.684387
172.649292
173.618637
174.592453
175.570709
176.553391
177.540543
178.532150
179.528183
180.528671
181.533615
182.542999
183.556839
184.575119
185.597855
186.625046
187.656677
188.692749
189.733276
190.778259
191.827698
192.881561
193.939896
195.002655
196.069870
197.141541
198.217667
199.298233
200.383255
201.472702
202.566620
203.664978
204.767792
205.875046
206.986755
208.102921
209.223511
210.348572
211.478058
212.612015
213.750412
214.893265
216.040558
217.192307
218.348495
219.509125
220.674225
221.843765
223.017761
224.196198
225.379074
226.566406
227.758179
228.954422
230.155106
231.360229
232.569809
233.783829
235.002289
236.225220
237.452591
238.684402
239.920670
241.161392
242.406570
243.656158
244.910233
246.168747
247.431702
248.699097
249.970947
251.247253
252.528015
253.813217
255.000000
255.000000
255.000000
255.000000
255.000000
