0.968461
0.015770
0.015770
0.015770
0.968461
0.015770
0.015770
0.015770
0.968461
0.000000
1.033958
2.070745
3.110360
4.149116
5.183328
6.212995
7.238117
8.258694
9.274725
10.286212
11.293153
12.295550
13.293401
14.286706
15.275468
16.259686
17.239355
18.214479
19.185061
20.151098
21.112587
22.069532
23.021933
23.969788
24.913097
25.851862
26.786081
27.715757
28.640884
29.561468
30.477507
31.389002
32.295948
33.198353
34.096210
34.989525
35.878296
36.762520
37.642193
38.517330
39.387917
40.253960
41.119865
41.990051
42.864510
43.743240
44.626251
45.513531
46.405090
47.300922
48.201035
49.105415
50.014072
50.927006
51.844215
52.765701
53.691460
54.621490
55.555801
56.494389
57.437248
58.384377
59.335789
60.291470
61.251434
62.215664
63.184177
64.156960
65.134026
66.115356
67.100967
68.090851
69.085014
70.083450
71.086159
72.093147
73.104401
74.119934
75.139755
76.163826
77.192192
78.223312
79.255684
80.289307
81.324181
82.360298
83.397675
84.436295
85.476166
86.517281
87.559662
88.603279
89.648148
90.694267
91.741638
92.790260
93.840126
94.891251
95.943619
96.997238
98.052101
99.108231
100.165596
101.224213
102.284081
103.345200
104.407570
105.471184
106.536057
107.602173
108.669533
109.738159
110.808022
111.879135
112.951508
114.025116
115.099991
116.176102
117.253471
118.332077
119.411530
120.491394
121.571693
122.652405
123.733536
124.815086
125.897064
126.979462
128.062271
129.145508
130.229172
131.313248
132.397736
133.482651
134.567993
135.653748
136.739929
137.826538
138.913559
140.000992
141.088867
142.177155
143.265854
144.354980
145.444519
146.534485
147.624878
148.715683
149.806915
150.898560
151.990631
153.083115
154.176025
155.269363
156.363113
157.457291
158.551880
159.646896
160.742340
161.832245
162.910767
163.977890
165.033585
166.077866
167.110748
168.132202
169.142258
170.140884
171.128098
172.103928
173.068314
174.021301
174.962860
175.893021
176.811768
177.719086
178.615005
179.499512
180.372620
181.234283
182.084564
182.923401
183.750839
184.566879
185.371490
186.164688
186.946472
187.716843
188.475815
189.223358
189.959503
190.684204
191.397522
192.099426
192.789902
193.468979
194.136627
194.792877
195.437714
196.071136
196.693146
197.303741
197.902908
198.490677
199.067032
199.631989
200.185516
200.727615
201.258331
201.777618
202.285492
202.781952
203.267014
203.740646
204.202866
204.653671
205.093079
205.521057
205.937637
206.342789
206.736542
207.118896
207.489807
207.849319
208.197403
208.534088
208.859344
209.173218
209.475662
209.766693
210.046310
210.314514
210.571289
210.816681
211.050644
211.273193
211.484344
211.684067
211.872375
212.049286
212.214767
212.368835
212.511505
212.642761
212.762589
212.871017
212.968018
213.053619
213.127808
213.190582
213.241943
213.281891
213.310410
213.327530
213.333237
0.000000
0.692686
1.493824
2.403415
3.421459
4.547955
5.782904
7.126305
8.516568
9.892101
11.252904
12.598975
13.930319
15.246931
16.548811
17.835964
19.108387
20.366079
21.609039
22.837271
24.050772
25.249542
26.433582
27.602894
28.757477
29.897324
31.022448
32.132835
33.228497
34.309425
35.375626
36.427094
37.463837
38.485844
39.493122
40.485672
41.463493
42.426582
43.374939
44.308563
45.227467
46.131638
47.032349
47.940887
48.857246
49.781433
50.713444
51.653275
52.600929
53.556408
54.519714
55.490841
56.469788
57.456562
58.451157
59.453579
60.463821
61.481892
62.507782
63.541496
64.583038
65.632393
66.689583
67.754593
68.827423
69.908073
70.996552
72.092857
73.196983
74.308937
75.428703
76.556297
77.691719
78.834961
79.986031
81.144920
82.306778
83.466721
84.624771
85.780922
86.935173
88.087509
89.237953
90.386497
91.533134
92.677879
93.820709
94.961647
96.100685
97.237816
98.373047
99.506386
100.637810
101.767342
102.894966
104.020699
105.144516
106.266434
107.386467
108.504585
109.620804
110.735115
111.847527
112.958046
114.066658
115.173370
116.278183
117.381096
118.482094
119.581207
120.680542
121.782265
122.886360
123.992851
125.101707
126.212944
127.326553
128.442551
129.560913
130.681656
131.804794
132.930283
134.058182
135.188431
136.321075
137.456085
138.593491
139.733261
140.875412
142.019943
143.166855
144.316147
145.467804
146.621857
147.778259
148.937088
150.098251
151.261810
152.427734
153.596054
154.766739
155.939819
157.115265
158.293091
159.466858
160.630081
161.782791
162.924973
164.056610
165.177734
166.288315
167.388382
168.477921
169.556931
170.625412
171.683365
172.730804
173.767700
174.794067
175.809921
176.815247
177.810043
178.794296
179.768051
180.731262
181.683960
182.626099
183.557739
184.478851
185.389420
186.289474
187.179001
188.057999
188.926468
189.784424
190.631836
191.468735
192.295090
193.110931
193.916245
194.711029
195.495285
196.269012
197.032211
197.784897
198.527039
199.258667
199.979736
200.690323
201.390350
202.079880
202.758850
203.427307
204.085251
204.732651
205.369537
205.995880
206.611710
207.217010
207.811798
208.396027
208.969742
209.532928
210.085602
210.627747
211.159348
211.680435
212.190979
212.691025
213.180511
213.659500
214.127930
214.585876
215.033264
215.470108
215.896469
216.312271
216.717575
217.112320
217.496567
217.870255
218.233444
218.586105
218.928223
219.259811
219.580887
219.891434
220.191437
220.480942
220.759903
221.028336
221.286255
221.533630
221.770477
221.996811
222.212616
222.417892
222.612640
222.796844
222.970551
223.133728
223.286362
223.428467
223.560059
223.681122
223.791656
223.891647
223.981140
224.060089
224.128510
224.186417
224.233780
224.270630
224.296951
224.312729
224.317978
0.000000
0.000000
0.751672
2.127441
3.766256
5.380853
6.971233
8.537394
10.079337
11.597063
13.090571
14.559859
16.004932
17.425785
18.822422
20.194841
21.543039
22.867022
24.166786
25.442329
26.693661
27.920771
29.123663
30.302338
31.456793
32.587032
33.693054
34.774857
35.832443
36.865807
37.874954
38.859886
39.820602
40.773701
41.735809
42.706921
43.687035
44.676147
45.674271
46.681393
47.697514
48.722641
49.756771
50.799908
51.852039
52.913177
53.983322
55.062466
56.150612
57.247761
58.353916
59.469070
60.593227
61.726387
62.868553
64.019722
65.179886
66.349060
67.527229
68.714409
69.910591
71.115776
72.325157
73.533936
74.742104
75.949669
77.156631
78.362984
79.568733
80.773880
81.978409
83.182343
84.385666
85.588387
86.790504
87.992012
89.192917
90.393211
91.592911
92.791992
93.990479
95.188347
96.385620
97.582291
98.778343
99.973801
101.168648
102.362892
103.556526
104.749557
105.941978
107.133698
108.324623
109.514763
110.704094
111.892632
113.080376
114.267319
115.453468
116.638824
117.823380
119.007133
120.190102
121.372269
122.553635
123.734215
124.913994
126.092972
127.271164
128.448547
129.625137
130.800934
131.975937
133.150146
134.323547
135.496155
136.667969
137.838989
139.009201
140.178635
141.343353
142.499481
143.647018
144.785965
145.916306
147.038071
148.151215
149.255768
150.351730
151.439102
152.517868
153.588043
154.649612
155.702606
156.746979
157.782776
158.809982
159.828568
160.838577
161.839981
162.832794
163.817017
164.792648
165.759659
166.718094
167.667938
168.609161
169.541809
170.465866
171.381302
172.288162
173.186401
174.076080
174.957138
175.829620
176.693497
177.548767
178.395462
179.233536
180.063034
180.883942
181.696228
182.499939
183.295044
184.081558
184.859467
185.628815
186.389526
187.141663
187.885208
188.620132
189.346481
190.064224
190.773376
191.473923
192.165894
192.849258
193.524033
194.190186
194.847763
195.496765
196.137146
196.768936
197.392105
198.006714
198.612732
199.210129
199.798935
200.379150
200.950775
201.513794
202.068237
202.614059
203.151291
203.679932
204.199982
204.711426
205.214279
205.708527
206.194199
206.671280
207.139740
207.599609
208.050888
208.493561
208.927658
209.353134
209.770035
210.178329
210.578049
210.969147
211.351654
211.725586
212.090912
212.447632
212.795761
213.135284
213.466217
213.788574
214.102310
214.407455
214.704010
214.991974
215.271332
215.542099
215.804276
216.057831
216.302811
216.539215
216.766998
216.986191
217.196793
217.398804
217.592194
217.776993
217.953217
218.120834
218.279846
218.430283
218.572113
218.705353
218.829987
218.946014
219.053467
219.152328
219.242584
219.324234
219.397293
219.461761
219.517639
219.564911
219.603592
219.633682
219.655167
219.668060
219.672348
