0.990842
0.004579
0.004579
0.004579
0.990842
0.004579
0.004579
0.004579
0.990842
0.000000
1.032938
2.068148
3.105630
4.145384
5.187410
6.231708
7.278277
8.327118
9.378233
10.430327
11.482114
12.533590
13.584760
14.635617
15.686168
16.736410
17.786343
18.835966
19.885279
20.934284
21.982983
23.031370
24.079449
25.127220
26.174679
27.221834
28.268675
29.315210
30.361435
31.407349
32.452957
33.498253
34.543247
35.587925
36.632298
37.676357
38.720112
39.763554
40.806690
41.849518
42.892033
43.934242
44.976143
46.017731
47.059013
48.099987
49.140656
50.180321
51.218315
52.254631
53.289276
54.322243
55.353531
56.383141
57.411079
58.437340
59.461922
60.484829
61.506062
62.525616
63.543495
64.559692
65.574219
66.587074
67.598244
68.607735
69.615555
70.621704
71.626175
72.628952
73.630074
74.629517
75.627274
76.623360
77.617767
78.610504
79.601555
80.590935
81.578636
82.564659
83.549019
84.531685
85.512688
86.492004
87.469650
88.444946
89.417213
90.386459
91.352676
92.315880
93.276047
94.233192
95.187317
96.138420
97.086494
98.031540
98.973572
99.912567
100.848549
101.781502
102.711433
103.638329
104.562210
105.483063
106.400894
107.315697
108.227478
109.136238
110.041977
110.944687
111.844360
112.741020
113.634659
114.525269
115.412849
116.297409
117.178947
118.057465
118.932953
119.805412
120.674850
121.541267
122.404655
123.268188
124.135063
125.005264
125.878792
126.755653
127.635834
128.519348
129.406204
130.296371
131.189880
132.086716
132.986877
133.890381
134.797195
135.707352
136.620819
137.537628
138.457764
139.381226
140.308014
141.238144
142.171600
143.108398
144.048508
144.991943
145.938705
146.888809
147.842239
148.798996
149.759079
150.722504
151.689240
152.659317
153.632721
154.609451
155.589523
156.572906
157.559631
158.548187
159.537125
160.526413
161.516068
162.506073
163.496445
164.487183
165.478271
166.469742
167.461548
168.453735
169.446274
170.439163
171.432434
172.426056
173.420044
174.414398
175.409103
176.404175
177.399612
178.395401
179.391556
180.388077
181.384949
182.382187
183.379791
184.377747
185.376083
186.374756
187.373795
188.373199
189.372971
190.373108
191.373596
192.374451
193.375671
194.377243
195.379181
196.381485
197.384155
198.387161
199.390549
200.394287
201.398407
202.402863
203.407684
204.412888
205.418442
206.424347
207.430634
208.437256
209.444244
210.451614
211.459320
212.467407
213.475861
214.484665
215.493820
216.503357
217.513229
218.523499
219.534103
220.545074
221.556412
222.568100
223.580154
224.592575
225.605362
226.618500
227.632004
228.645859
229.660095
230.674683
231.689621
232.704926
233.720596
234.736633
235.753036
236.769791
237.786911
238.804382
239.822220
240.840408
241.858978
242.877899
243.897186
244.916824
245.936844
246.957199
247.977951
248.999023
250.020493
251.042313
252.064484
0.000000
0.733302
1.510828
2.332577
3.198549
4.108745
5.063165
6.061808
7.104674
8.191764
9.323077
10.498613
11.693186
12.881609
14.063884
15.240009
16.409985
17.573811
18.731485
19.883015
21.028391
22.167620
23.300697
24.427628
25.548409
26.663036
27.771517
28.873844
29.970030
31.060062
32.143944
33.221680
34.293259
35.358696
36.417984
37.471115
38.518101
39.558937
40.593624
41.622162
42.644547
43.660786
44.670876
45.674812
46.672600
47.664238
48.651581
49.639172
50.627209
51.615696
52.604630
53.594013
54.583843
55.574123
56.564850
57.556030
58.547653
59.539730
60.532253
61.525223
62.518646
63.512512
64.506828
65.501595
66.496811
67.492470
68.488579
69.485146
70.482155
71.479607
72.477516
73.475868
74.474670
75.473923
76.473625
77.473770
78.474373
79.475418
80.476913
81.478851
82.480766
83.479736
84.475281
85.467400
86.456100
87.441376
88.423233
89.401657
90.376663
91.348244
92.316406
93.281143
94.242455
95.200340
96.154816
97.105858
98.053474
98.997665
99.938446
100.875793
101.809715
102.740227
103.667297
104.590958
105.511192
106.428001
107.341393
108.251358
109.157898
110.061012
110.960701
111.856979
112.749832
113.639259
114.525467
115.413460
116.305222
117.200783
118.100128
119.003250
119.910164
120.820869
121.735359
122.653633
123.575691
124.501534
125.431168
126.364594
127.301788
128.242783
129.187561
130.136124
131.088470
132.044601
133.004517
133.968231
134.935730
135.906998
136.882065
137.860916
138.843567
139.829971
140.820190
141.814178
142.811966
143.813538
144.818893
145.828033
146.840958
147.854263
148.864563
149.871857
150.876129
151.877396
152.875641
153.870880
154.863098
155.852295
156.838501
157.821686
158.801849
159.779007
160.753159
161.724289
162.692398
163.657501
164.619598
165.578690
166.534744
167.487808
168.437851
169.384857
170.328888
171.269882
172.207870
173.142853
174.074814
175.003754
175.929688
176.852615
177.772522
178.689423
179.603302
180.514175
181.422043
182.326874
183.228729
184.127533
185.023346
185.916138
186.805908
187.692673
188.576431
189.457184
190.334900
191.209610
192.081314
192.950012
193.815689
194.678360
195.537994
196.394638
197.248260
198.098877
198.946472
199.791061
200.632645
201.471191
202.306732
203.139252
203.968781
204.795303
205.618790
206.439270
207.256744
208.071198
208.882629
209.691071
210.496490
211.298874
212.098282
212.894653
213.688004
214.478363
215.265717
216.050034
216.831345
217.609634
218.384918
219.157211
219.926468
220.692703
221.455948
222.216187
222.973373
223.727570
224.478760
225.226929
225.972076
226.714233
227.453369
228.189468
228.922577
229.652649
230.379761
231.103806
231.824860
232.542908
233.257935
233.969955
234.678940
235.384933
236.087891
236.787872
237.484818
238.178757
0.000000
1.057357
2.112458
3.165304
4.215896
5.264230
6.310311
7.356338
8.404508
9.454824
10.507287
11.561895
12.618649
13.677548
14.738592
15.801784
16.867121
17.934603
19.004230
20.076002
21.149923
22.225986
23.304195
24.384554
25.467054
26.551704
27.638494
28.727434
29.818518
30.911747
32.007122
33.104645
34.204311
35.306126
36.410084
37.516186
38.624432
39.734833
40.846481
41.954090
43.056759
44.154495
45.247299
46.335167
47.418098
48.496098
49.569164
50.637291
51.700489
52.758747
53.812073
54.860470
55.903923
56.942444
57.976036
59.004684
60.028404
61.047192
62.061039
63.069958
64.073936
65.072983
66.067093
67.056274
68.040520
69.019814
69.994186
70.963631
71.928131
72.887703
73.844231
74.799629
75.753891
76.707016
77.659012
78.609863
79.559586
80.508163
81.455605
82.401917
83.347084
84.291130
85.234024
86.175789
87.116417
88.055916
88.994263
89.931496
90.867569
91.802521
92.736336
93.669006
94.600548
95.530952
96.460220
97.388351
98.315346
99.241203
100.165932
101.089516
102.011971
102.933495
103.855453
104.778053
105.701302
106.625183
107.549713
108.474876
109.400681
110.327133
111.254227
112.181969
113.110336
114.039360
114.969017
115.899323
116.830261
117.761848
118.694084
119.626961
120.560471
121.494621
122.429413
123.364853
124.300934
125.237663
126.175026
127.113037
128.051682
128.990982
129.930908
130.871490
131.812698
132.752930
133.690506
134.625458
135.557770
136.487457
137.414505
138.338913
139.260696
140.179840
141.096359
142.010239
142.921478
143.830093
144.736053
145.639404
146.540115
147.438171
148.333618
149.226410
150.116577
151.004105
151.889008
152.771271
153.650894
154.527893
155.402252
156.273987
157.143082
158.009537
158.873352
159.734543
160.593094
161.449020
162.302307
163.152954
164.000961
164.846344
165.689087
166.529205
167.366684
168.201538
169.033752
169.863312
170.690247
171.514557
172.336227
173.155273
173.971680
174.785446
175.596573
176.405075
177.210938
178.014175
178.814774
179.612732
180.408051
181.200760
181.990814
182.778229
183.563034
184.345184
185.124695
185.901596
186.675842
187.447464
188.216446
188.982803
189.746506
190.507584
191.266037
192.021851
192.775024
193.525558
194.273468
195.018738
195.761383
196.501373
197.238754
197.973495
198.705597
199.435059
200.161896
200.886093
201.607651
202.326584
203.042877
203.756546
204.467575
205.175949
205.881714
206.584839
207.285324
207.983185
208.678406
209.370987
210.060944
210.748245
211.432938
212.114990
212.794388
213.471176
214.145325
214.816818
215.485703
216.151947
216.815552
217.476532
218.134857
218.790558
219.443634
220.094070
220.741852
221.387039
222.029572
222.669449
223.306717
223.941345
224.573334
225.202698
225.829422
226.453522
227.074966
227.693787
