0.947940
0.026030
0.026030
0.026030
0.947940
0.026030
0.026030
0.026030
0.947940
0.000000
1.022386
2.040780
3.055179
4.065587
5.072001
6.074421
7.072850
8.067286
9.057728
10.044178
11.026634
12.005096
12.979568
13.950046
14.916529
15.879023
16.837521
17.792027
18.742538
19.689060
20.631586
21.570120
22.504662
23.438549
24.375118
25.314371
26.256304
27.200922
28.148224
29.098207
30.050873
31.006222
31.964256
32.924973
33.888367
34.854450
35.823212
36.794662
37.768787
38.745602
39.725098
40.707275
41.692139
42.679684
43.669910
44.662819
45.658409
46.656685
47.657646
48.661289
49.667614
50.676620
51.688309
52.702686
53.719738
54.739475
55.761894
56.787003
57.814785
58.845261
59.878410
60.914249
61.952774
62.993977
64.037857
65.084427
66.133682
67.185616
68.240227
69.297531
70.357513
71.420174
72.485527
73.553558
74.624268
75.695526
76.765221
77.833336
78.899872
79.964836
81.028221
82.090034
83.150269
84.208931
85.266014
86.321518
87.375450
88.427803
89.478584
90.527794
91.575424
92.621475
93.665947
94.708855
95.750175
96.789925
97.828094
98.864693
99.899712
100.933159
101.965019
102.995316
104.024033
105.051170
106.076736
107.100723
108.123138
109.143974
110.163231
111.180923
112.197037
113.211563
114.224525
115.235909
116.245720
117.253944
118.260597
119.265678
120.269173
121.271103
122.271454
123.270218
124.267426
125.263046
126.257088
127.249565
128.240448
129.229843
130.217865
131.204483
132.189713
133.173553
134.155975
135.137024
136.116669
137.094925
138.071777
139.047241
140.021317
140.993988
141.965271
142.935150
143.903641
144.870758
145.836441
146.800766
147.763672
148.725189
149.685303
150.644043
151.601379
152.557312
153.511871
154.465027
155.416779
156.367142
157.316101
158.263687
159.209854
160.154648
161.098038
162.040024
162.980637
163.919846
164.857651
165.794067
166.729095
167.662720
168.594955
169.525803
170.455231
171.383301
172.309952
173.235214
174.159073
175.081543
176.002640
176.922302
177.840607
178.759583
179.681274
180.605713
181.532867
182.462753
183.395401
184.330765
185.268860
186.209702
187.153275
188.099594
189.048630
190.000397
190.954910
191.912155
192.872131
193.834854
194.800308
195.768494
196.739395
197.713058
198.689453
199.668564
200.650421
201.635025
202.622345
203.612411
204.605209
205.600739
206.598999
207.600006
208.603745
209.610214
210.619415
211.631363
212.646027
213.663452
214.683578
215.706467
216.732071
217.760437
218.791519
219.825333
220.861893
221.901184
222.943192
223.987946
225.035446
226.085678
227.138626
228.194321
229.252762
230.293732
231.297043
232.262680
233.190659
234.080963
234.933624
235.748627
236.525940
237.265610
237.967606
238.631958
239.258636
239.847641
240.399002
240.912689
241.388718
241.827072
242.227798
242.590820
242.916214
243.203918
243.453964
243.666351
243.841080
0.000000
0.000000
0.760098
1.904742
3.040827
4.168353
5.287318
6.397725
7.499573
8.592861
9.677588
10.753757
11.821366
12.880418
13.930907
14.972838
16.006212
17.031023
18.047277
19.054970
20.054104
21.044678
22.026693
23.000151
23.970207
24.942026
25.915611
26.890955
27.868065
28.846939
29.827576
30.809975
31.794136
32.780060
33.767746
34.757198
35.748413
36.741390
37.736134
38.732632
39.730900
40.730927
41.732719
42.736275
43.741592
44.748676
45.757519
46.768127
47.780499
48.794632
49.810528
50.828186
51.847610
52.868797
53.891743
54.916454
55.942932
56.971165
58.001167
59.032932
60.066456
61.101746
62.138794
63.177612
64.218201
65.260544
66.304642
67.350510
68.398148
69.447533
70.498695
71.551620
72.606300
73.662743
74.720955
75.780922
76.842659
77.906067
78.968987
80.030571
81.090790
82.149651
83.207176
84.263336
85.318153
86.371605
87.423721
88.474472
89.523880
90.571922
91.618629
92.663979
93.707970
94.750610
95.791901
96.831848
97.870430
98.907669
99.943542
100.978073
102.011253
103.043083
104.073555
105.102676
106.130447
107.156868
108.181931
109.205643
110.228012
111.249016
112.268669
113.286980
114.303932
115.319527
116.333786
117.346672
118.358223
119.368408
120.377251
121.384743
122.390877
123.395660
124.399094
125.401169
126.401894
127.401268
128.399292
129.395966
130.391281
131.385239
132.377853
133.369019
134.358109
135.345062
136.329849
137.312469
138.292938
139.271255
140.247391
141.221390
142.193207
143.162888
144.130386
145.095749
146.058929
147.019958
147.978836
148.935547
149.890106
150.842499
151.792740
152.740814
153.686737
154.630478
155.572083
156.511536
157.448807
158.383942
159.316895
160.247696
161.176346
162.102829
163.027145
163.949310
164.869324
165.787170
166.702866
167.616394
168.527756
169.436966
170.344009
171.248901
172.151642
173.052216
173.950623
174.846893
175.740982
176.632919
177.522690
178.410309
179.295761
180.179062
181.060211
181.939194
182.816010
183.692612
184.573837
185.459839
186.350647
187.246277
188.146698
189.051926
189.961960
190.876785
191.796432
192.720871
193.650116
194.584167
195.523026
196.466675
197.415146
198.368408
199.326462
200.289352
201.257019
202.229492
203.206787
204.188889
205.175766
206.167465
207.163971
208.165268
209.171371
210.182281
211.197998
212.218521
213.243851
214.273987
215.308914
216.348648
217.393188
218.442520
219.496674
220.555618
221.619385
222.687943
223.761307
224.839462
225.922440
227.010208
228.102798
229.200180
230.302368
231.409363
232.521149
233.637756
234.759155
235.885361
237.016373
238.136780
239.231140
240.299469
241.341751
242.358002
243.348236
244.312408
245.250565
246.162674
247.048767
247.908783
248.742798
249.550766
250.332718
251.088608
251.818481
252.522324
0.000000
0.000000
0.350969
1.488229
2.621168
3.749785
4.874080
5.994054
7.109706
8.221038
9.328046
10.430734
11.529100
12.623144
13.712869
14.798270
15.879352
16.956110
18.028545
19.096661
20.160454
21.219925
22.275078
23.328461
24.382647
25.437626
26.493404
27.549978
28.607349
29.665518
30.724482
31.784243
32.844799
33.906151
34.968300
36.031246
37.094994
38.159531
39.224869
40.291000
41.357929
42.425659
43.494175
44.563499
45.633614
46.704525
47.776234
48.848740
49.922039
50.996143
52.071037
53.146729
54.223217
55.300499
56.378578
57.457458
58.537132
59.617603
60.698872
61.780933
62.863792
63.947453
65.031906
66.117149
67.203209
68.290047
69.377686
70.466125
71.555359
72.645386
73.736214
74.827835
75.920258
77.012398
78.103195
79.192635
80.280731
81.367477
82.452881
83.536926
84.619629
85.700981
86.780983
87.859634
88.936943
90.012901
91.087502
92.160767
93.232674
94.303230
95.372444
96.440308
97.506821
98.571983
99.635796
100.698265
101.759384
102.819153
103.877571
104.934647
105.990364
107.044739
108.097763
109.149445
110.199768
111.248741
112.296379
113.342659
114.387589
115.431160
116.473404
117.514290
118.553818
119.592003
120.628845
121.664337
122.698471
123.731255
124.762703
125.792801
126.821541
127.848946
128.874985
129.899033
130.920456
131.939224
132.955368
133.968872
134.979752
135.987991
136.993576
137.996521
138.996841
139.994537
140.989578
141.981995
142.971771
143.958908
144.943405
145.925278
146.904495
147.881088
148.855042
149.826355
150.795029
151.761078
152.724472
153.685242
154.643372
155.598862
156.551727
157.501938
158.449539
159.394485
160.336792
161.276443
162.213486
163.147888
164.079651
165.008774
165.935272
166.859131
167.780334
168.698914
169.614853
170.528168
171.438828
172.346848
173.252243
174.154999
175.055115
175.952591
176.847458
177.742203
178.639313
179.538849
180.440781
181.345108
182.251846
183.160965
184.072495
184.986435
185.902756
186.821487
187.742630
188.666168
189.592102
190.520447
191.451172
192.384308
193.319839
194.257782
195.198120
196.140854
197.085999
198.033554
198.983475
199.935822
200.890564
201.847702
202.807251
203.769211
204.733551
205.700287
206.669434
207.640976
208.614929
209.591278
210.570023
211.551178
212.534729
213.520660
214.509018
215.499786
216.492920
217.488480
218.486435
219.486786
220.489532
221.494705
222.502258
223.512207
224.524567
225.525177
226.499985
227.448959
228.372086
229.269394
230.140869
230.986511
231.806305
232.600281
233.368408
234.110718
234.827164
235.517807
236.182602
236.821579
237.434692
238.021988
238.583466
239.119080
239.628876
240.112839
240.570969
241.003265
241.409729
241.790344
242.145142
242.474091
242.777206
243.054504
243.305954
243.531570
243.731369
243.905304
