0.961184
0.019408
0.019408
0.019408
0.961184
0.019408
0.019408
0.019408
0.961184
0.000000
0.932260
1.870146
2.813656
3.762791
4.717550
5.677934
6.643942
7.615576
8.592834
9.575715
10.564221
11.558352
12.558107
13.563488
14.574492
15.591123
16.613377
17.641256
18.674759
19.713886
20.758636
21.809013
22.865015
23.926640
24.993889
26.066765
27.145264
28.229387
29.319136
30.414507
31.515505
32.622131
33.729832
34.834072
35.934849
37.032166
38.126022
39.216412
40.303345
41.386810
42.466808
43.543354
44.616432
45.686050
46.752205
47.814896
48.874126
49.929890
50.982201
52.031040
53.076420
54.118340
55.156792
56.191784
57.223320
58.251385
59.275990
60.297134
61.314808
62.329029
63.339790
64.347076
65.350914
66.351280
67.348190
68.341629
69.331612
70.318130
71.301193
72.280785
73.256912
74.229576
75.198784
76.164536
77.126816
78.085632
79.041107
79.995918
80.951164
81.906830
82.862930
83.819450
84.776405
85.733788
86.691597
87.649826
88.608498
89.567589
90.527100
91.487053
92.447426
93.408226
94.369453
95.331116
96.293205
97.255714
98.218658
99.182030
100.145821
101.110054
102.074699
103.039787
104.005287
104.971222
105.937584
106.904381
107.871605
108.839249
109.807327
110.775833
111.744759
112.714127
113.683914
114.654121
115.624763
116.595833
117.567329
118.539261
119.511612
120.484390
121.457611
122.431137
123.404366
124.377190
125.349602
126.321617
127.293221
128.264420
129.235199
130.205597
131.175552
132.145126
133.114288
134.083038
135.051376
136.019318
136.986862
137.953979
138.920700
139.887009
140.852921
141.818420
142.783508
143.748199
144.712463
145.676346
146.639801
147.602859
148.565506
149.527756
150.489594
151.451004
152.412048
153.372650
154.332855
155.292648
156.252060
157.211029
158.169617
159.127792
160.085556
161.042908
161.999863
162.956421
163.912552
164.868271
165.823898
166.780045
167.736786
168.694107
169.652008
170.610489
171.569565
172.529221
173.489471
174.450287
175.411697
176.373672
177.336243
178.299393
179.263138
180.227448
181.192352
182.157837
183.123901
184.090561
185.057785
186.025620
186.994019
187.962997
188.932571
189.902710
190.873459
191.844772
192.816666
193.789139
194.762222
195.735870
196.710098
197.684906
198.660324
199.636307
200.612869
201.590012
202.567734
203.546066
204.524963
205.504440
206.484512
207.465164
208.446381
209.416748
210.364807
211.290558
212.194016
213.075165
213.933990
214.770523
215.584747
216.376648
217.146255
217.893555
218.618530
219.321228
220.001602
220.659668
221.295410
221.908875
222.500015
223.068848
223.615387
224.139603
224.641510
225.121124
225.578430
226.013428
226.426117
226.816483
227.184555
227.530319
227.853790
228.154922
228.433777
228.690308
228.924530
229.136444
229.326050
229.493362
229.638367
229.761063
229.861435
229.939514
229.995270
230.028748
230.039902
0.000000
0.310871
1.384781
2.461870
3.542137
4.625584
5.712209
6.802013
7.894998
8.991159
10.090501
11.193021
12.298720
13.407598
14.519655
15.634892
16.753309
17.874903
18.999676
20.127626
21.258757
22.393068
23.530560
24.671225
25.815073
26.962099
28.112305
29.265684
30.422251
31.581989
32.744911
33.911011
35.080292
36.252750
37.423710
38.588501
39.747128
40.899582
42.045868
43.185982
44.319927
45.447708
46.569317
47.684753
48.794025
49.897125
50.994057
52.084820
53.169415
54.247833
55.320091
56.386173
57.446095
58.499836
59.547413
60.588821
61.624062
62.653133
63.676033
64.692757
65.703323
66.707718
67.705940
68.697990
69.683876
70.663589
71.637131
72.604515
73.565727
74.520760
75.469627
76.412315
77.348854
78.279221
79.203407
80.121429
81.033279
81.941696
82.853325
83.768456
84.687119
85.609291
86.534973
87.464188
88.396904
89.333145
90.272903
91.216179
92.162979
93.113281
94.067108
95.024445
95.985306
96.949677
97.917572
98.888977
99.863899
100.842346
101.824310
102.809784
103.798775
104.791283
105.787308
106.786858
107.789917
108.796494
109.806587
110.820206
111.837334
112.857971
113.882141
114.909813
115.941002
116.975723
118.013954
119.055695
120.100960
121.149734
122.202034
123.257843
124.316559
125.374535
126.431137
127.486389
128.540283
129.592804
130.643982
131.693787
132.742233
133.789322
134.835037
135.879395
136.922409
137.964066
139.004333
140.043259
141.080841
142.117020
143.151871
144.185364
145.217484
146.248245
147.277634
148.305679
149.332367
150.357681
151.381638
152.404251
153.425476
154.445358
155.463882
156.481049
157.496841
158.511261
159.524353
160.536072
161.546417
162.555420
163.563049
164.569321
165.574234
166.577789
167.579971
168.580780
169.579712
170.576553
171.571320
172.563980
173.554565
174.543076
175.529480
176.513794
177.496048
178.476196
179.454269
180.430252
181.404129
182.375961
183.345673
184.313324
185.278870
186.242325
187.203705
188.162994
189.120209
190.075333
191.028366
191.979324
192.928192
193.874954
194.819656
195.762253
196.702789
197.641205
198.577560
199.511826
200.443985
201.374084
202.302094
203.228012
204.151840
205.073578
205.993240
206.910812
207.826309
208.739700
209.651016
210.552017
211.434448
212.298279
213.143509
213.970200
214.778290
215.567810
216.338760
217.091141
217.824921
218.540131
219.236771
219.914841
220.574326
221.215225
221.837555
222.441315
223.026474
223.593094
224.141113
224.670547
225.181412
225.673706
226.147415
226.602554
227.039124
227.457108
227.856506
228.237335
228.599594
228.943268
229.268356
229.574875
229.862823
230.132187
230.382980
230.615189
230.828827
231.023895
231.200378
231.358276
231.497604
231.618347
231.720520
231.804123
231.869141
231.915588
231.943451
231.952728
0.000000
1.516130
3.023594
4.522388
6.012516
7.493975
8.966766
10.430890
11.886346
13.333132
14.771252
16.200705
17.621487
19.033600
20.437048
21.831827
23.217939
24.595385
25.964159
27.324265
28.675705
30.018476
31.352581
32.678013
33.995556
35.305973
36.609268
37.905445
39.194492
40.476425
41.751232
43.018917
44.279480
45.532921
46.779240
48.018436
49.250511
50.475464
51.693291
52.904007
54.107594
55.304058
56.493397
57.675617
58.850716
60.018692
61.179543
62.333275
63.479885
64.619370
65.751732
66.876976
67.995102
69.106102
70.209976
71.306732
72.396362
73.478867
74.554260
75.622520
76.683929
77.744095
78.805321
79.867630
80.931007
81.995453
83.060966
84.127556
85.195213
86.263939
87.333733
88.404594
89.476532
90.549538
91.623619
92.698761
93.774979
94.852257
95.930618
97.010040
98.090546
99.172112
100.254745
101.338448
102.423233
103.509079
104.595985
105.683975
106.773033
107.863152
108.954353
110.046616
111.139946
112.234360
113.329834
114.426376
115.524002
116.622665
117.722298
118.822868
119.924385
121.026840
122.130241
123.234589
124.339874
125.446114
126.553291
127.661400
128.770462
129.880463
130.991425
132.103317
133.216141
134.329926
135.444641
136.560303
137.676910
138.794464
139.912964
141.032394
142.152771
143.274094
144.396362
145.519577
146.643723
147.768814
148.894852
150.021835
151.149765
152.278641
153.408432
154.539200
155.670898
156.803543
157.935074
159.060486
160.179535
161.292236
162.398590
163.498581
164.592224
165.679520
166.760452
167.835037
168.903244
169.965118
171.020645
172.069809
173.112625
174.149094
175.179199
176.202957
177.220367
178.231415
179.236115
180.234451
181.226440
182.212082
183.191360
184.164291
185.130875
186.091095
187.044968
187.992477
188.933640
189.868454
190.796906
191.719009
192.634766
193.544159
194.447205
195.343018
196.230743
197.110352
197.981873
198.845276
199.700577
200.547791
201.386902
202.217896
203.040817
203.855606
204.662308
205.460907
206.251419
207.033813
207.808105
208.574295
209.332382
210.082367
210.824249
211.558044
212.283722
213.001312
213.710785
214.412170
215.105453
215.790634
216.467712
217.136688
217.797562
218.450317
219.095001
219.731567
220.360031
220.980392
221.592667
222.196838
222.792877
223.380844
223.960693
224.532455
225.096115
225.651672
226.199112
226.738464
227.269714
227.792862
228.307907
228.814850
229.313690
229.804428
230.287064
230.761612
231.228043
231.686386
232.136612
232.578735
233.012787
233.438705
233.856537
234.266266
234.667877
235.061401
235.446823
235.824142
236.193359
236.554489
236.907501
237.252411
237.589218
237.917923
238.238541
238.551041
238.855453
239.151749
239.439957
239.720062
239.992050
240.255951
240.511749
240.759445
240.999039
241.230545
241.453918
241.669205
