0.946558
0.026721
0.026721
0.026721
0.946558
0.026721
0.026721
0.026721
0.946558
0.000000
1.221105
2.374251
3.459439
4.476670
5.425941
6.307255
7.155203
8.004382
8.854793
9.706431
10.559300
11.413400
12.268728
13.125288
13.983076
14.842094
15.702344
16.563822
17.426531
18.290468
19.155636
20.022034
20.889662
21.758522
22.628609
23.499926
24.372473
25.246250
26.121258
26.997496
27.874962
28.753660
29.633585
30.514744
31.397131
32.280746
33.165592
34.051666
34.939156
35.829117
36.721733
37.617008
38.514938
39.415524
40.318764
41.224659
42.133209
43.044422
43.958282
44.874802
45.793980
46.715809
47.640293
48.567436
49.497238
50.429688
51.364799
52.302567
53.242985
54.186062
55.131798
56.080185
57.031227
57.984928
58.941280
59.900291
60.861958
61.826283
62.793259
63.762897
64.735184
65.706833
66.674576
67.638397
68.598297
69.554283
70.506348
71.454498
72.398720
73.339035
74.275429
75.207901
76.136452
77.061089
77.981812
78.898605
79.811485
80.720451
81.625496
82.526619
83.423828
84.317108
85.206482
86.091934
86.973465
87.851082
88.724777
89.594559
90.460411
91.322357
92.180374
93.034477
93.884666
94.731300
95.576736
96.421326
97.265076
98.107994
98.950073
99.791306
100.631714
101.471275
102.310005
103.147888
103.984940
104.821152
105.656532
106.491066
107.324768
108.157623
108.989647
109.820839
110.651184
111.480698
112.309372
113.137207
113.964203
114.790367
115.615685
116.440170
117.263817
118.086632
118.908600
119.729729
120.550018
121.369484
122.189888
123.013062
123.838989
124.667664
125.499092
126.333282
127.170227
128.009918
128.852356
129.697556
130.545517
131.396240
132.249695
133.105911
133.964874
134.826614
135.691101
136.558319
137.428314
138.301056
139.176559
140.054794
140.935806
141.819565
142.706085
143.595337
144.487366
145.382141
146.279678
147.179947
148.082993
148.988785
149.897339
150.808640
151.722687
152.639481
153.559052
154.481369
155.406433
156.334244
157.264832
158.198151
159.134247
160.073105
161.014694
161.959030
162.906128
163.855988
164.808609
165.763962
166.722076
167.682953
168.646576
169.612961
170.582092
171.553986
172.528610
173.506012
174.486160
175.469086
176.454727
177.443146
178.434326
179.428238
180.424911
181.424332
182.426529
183.431458
184.439148
185.449600
186.462799
187.478745
188.497452
189.518921
190.543137
191.570099
192.599823
193.632309
194.667542
195.705521
196.746262
197.789749
198.835999
199.884995
200.936737
201.991257
203.048538
204.108536
205.171326
206.236847
207.305130
208.376175
209.449966
210.526489
211.605774
212.687836
213.772644
214.860199
215.950516
217.043579
218.139389
219.237976
220.339294
221.443390
222.550232
223.659821
224.772171
225.887268
227.005112
228.125717
229.249084
230.375198
231.504074
232.635681
233.770050
234.907196
236.047073
237.189713
238.335114
0.000000
1.175691
2.429674
3.761951
5.172521
6.661384
8.228540
9.825943
11.405542
12.967338
14.511330
16.037519
17.545908
19.036491
20.509272
21.964251
23.401428
24.820803
26.222372
27.606140
28.972103
30.320267
31.650623
32.963177
34.257935
35.534885
36.794033
38.035378
39.258919
40.465126
41.664322
42.860729
44.054348
45.245178
46.433216
47.618465
48.800930
49.980598
51.157478
52.331573
53.502876
54.671391
55.837120
57.000050
58.160194
59.317554
60.472122
61.623901
62.772888
63.919090
65.062500
66.203117
67.341904
68.484550
69.632027
70.784317
71.941444
73.103378
74.270142
75.441719
76.618126
77.799355
78.985397
80.176270
81.371956
82.572472
83.777802
84.987961
86.202934
87.422729
88.647354
89.876793
91.111053
92.350136
93.594048
94.838058
96.070694
97.291397
98.500191
99.697067
100.882027
102.055069
103.216194
104.365402
105.502693
106.628067
107.741524
108.843063
109.932693
111.010399
112.076187
113.130051
114.172020
115.202049
116.220177
117.226379
118.220673
119.203041
120.177330
121.147392
122.113220
123.074806
124.032150
124.985275
125.934158
126.878807
127.819214
128.755386
129.687332
130.615036
131.538513
132.457748
133.372757
134.283508
135.190048
136.092331
136.990387
137.884201
138.773804
139.659149
140.540268
141.417145
142.289795
143.158203
144.022385
144.882324
145.738022
146.589493
147.436722
148.279724
149.118484
149.953003
150.783295
151.609360
152.431183
153.248749
154.062103
154.871216
155.676102
156.476746
157.273148
158.065323
158.853256
159.636978
160.416428
161.191666
161.962662
162.729416
163.491943
164.250229
165.004288
165.754105
166.499695
167.241028
167.978149
168.711029
169.439667
170.164078
170.884247
171.600174
172.311874
173.019333
173.722580
174.421570
175.116318
175.806854
176.493149
177.175186
177.853012
178.526581
179.195938
179.861038
180.521912
181.178558
181.830963
182.479126
183.123062
183.762756
184.398239
185.029465
185.656464
186.279205
186.897720
187.512009
188.122070
188.727875
189.329468
189.926804
190.519913
191.108780
191.693420
192.273819
192.849991
193.421936
193.989624
194.553085
195.112305
195.667313
196.218063
196.764572
197.306854
197.844910
198.378723
198.908295
199.433640
199.954758
200.471619
200.984253
201.492661
201.996826
202.496765
202.992432
203.483917
203.971130
204.454102
204.932861
205.407379
205.877670
206.343719
206.805527
207.263107
207.716446
208.165558
208.610413
209.051056
209.487442
209.919617
210.347534
210.771240
211.190689
211.605911
212.016891
212.423645
212.826172
213.224442
213.618484
214.008301
214.393890
214.775208
215.152328
215.525192
215.893829
216.258224
216.618378
216.974319
217.325989
217.673447
218.016678
218.355667
218.690399
219.020935
219.347198
219.669250
219.987045
220.300629
220.609955
0.000000
3.437464
5.785034
7.586003
9.383698
11.178105
12.969229
14.757066
16.541618
18.322887
20.100866
21.875563
23.646975
25.415100
27.179937
28.941492
30.699760
32.454746
34.206436
35.954853
37.684395
39.379478
41.040104
42.666267
44.257977
45.815228
47.338020
48.826359
50.280231
51.699654
53.084610
54.435116
55.751160
57.032745
58.279873
59.492546
60.670761
61.840797
63.028946
64.235214
65.459579
66.702065
67.962662
69.241364
70.538185
71.853111
73.186150
74.537292
75.906555
77.293930
78.699409
80.123001
81.564705
83.024529
84.482140
85.917259
87.329872
88.719978
90.087585
91.432701
92.755302
94.055405
95.333000
96.588097
97.820686
99.030777
100.218369
101.383453
102.526039
103.646118
104.743698
105.828911
106.911911
107.992691
109.071259
110.147598
111.221725
112.293633
113.363319
114.430794
115.496040
116.559074
117.619888
118.678482
119.734863
120.789017
121.840965
122.890678
123.938187
124.983475
126.026535
127.067383
128.106018
129.142426
130.176620
131.208588
132.238342
133.265884
134.291214
135.314301
136.335175
137.353851
138.370285
139.384521
140.396530
141.406311
142.413879
143.419235
144.422379
145.423294
146.421982
147.418457
148.412704
149.404755
150.394577
151.382172
152.367569
153.350739
154.331680
155.310410
156.286926
157.261215
158.233292
159.203140
160.170776
161.136185
162.099396
163.060379
164.019135
164.975693
165.930008
166.882126
167.832016
168.779678
169.725128
170.668365
171.609375
172.548172
173.484772
174.419128
175.351257
176.281174
177.208893
178.134369
179.057632
179.978683
180.897507
181.814133
182.728516
183.640701
184.550659
185.458374
186.363907
187.267212
188.168289
189.067154
189.963791
190.858231
191.750412
192.640427
193.528168
194.413742
195.297073
196.178177
197.057098
197.933746
198.808228
199.680466
200.550491
201.418289
202.283875
203.147247
204.008392
204.867310
205.724030
206.578537
207.430801
208.280853
209.128693
209.974319
210.817703
211.658890
212.497849
213.334595
214.169128
215.001434
215.831512
216.659393
217.485046
218.308502
219.129700
219.948700
220.765472
221.580032
222.392380
223.202515
224.010406
224.816086
225.619553
226.420807
227.219849
228.016647
228.811249
229.603622
230.393768
231.181702
231.967422
232.750916
233.532211
234.311264
235.088120
235.862732
236.635162
237.405334
238.173325
238.939087
239.702591
240.463928
241.223038
241.979889
242.734558
243.487015
244.237213
244.985229
245.731018
246.474564
247.215927
247.955063
248.691971
249.426666
250.159149
250.889404
251.617416
252.343246
253.066849
253.788223
254.507401
255.000000
255.000000
255.000000
255.000000
255.000000
255.000000
255.000000
255.000000
255.000000
255.000000
255.000000
255.000000
255.000000
255.000000
255.000000
255.000000
255.000000
255.000000
255.000000
