0.990141
0.004930
0.004930
0.004930
0.990141
0.004930
0.004930
0.004930
0.990141
0.000000
0.970995
1.943509
2.917542
3.893095
4.870167
5.848759
6.828869
7.810500
8.793650
9.778318
10.764508
11.752214
12.741442
13.732188
14.723138
15.712967
16.701681
17.689274
18.675753
19.661114
20.645355
21.628483
22.610491
23.591381
24.571157
25.549812
26.527349
27.503771
28.479074
29.453260
30.426331
31.398281
32.369118
33.338833
34.307430
35.274914
36.241276
37.206524
38.170654
39.133667
40.095562
41.056335
42.015995
42.974541
43.931965
44.888268
45.843460
46.797535
47.750492
48.702328
49.653049
50.602654
51.551136
52.498505
53.444756
54.389885
55.333904
56.276806
57.218582
58.159245
59.098793
60.037220
60.974529
61.910728
62.845802
63.779758
64.712601
65.644318
66.574936
67.504425
68.433167
69.363403
70.295502
71.229462
72.165283
73.102982
74.042542
74.983963
75.927246
76.872391
77.819405
78.768280
79.719025
80.671631
81.626099
82.582428
83.540627
84.500687
85.462616
86.426407
87.392059
88.359573
89.328957
90.300209
91.273323
92.248291
93.225128
94.203827
95.184395
96.166824
97.151131
98.137291
99.125313
100.115196
101.106949
102.100571
103.096046
104.093391
105.092598
106.093666
107.096603
108.101402
109.108078
110.116600
111.126991
112.139252
113.153366
114.169357
115.187202
116.206917
117.228493
118.251938
119.277245
120.304413
121.333450
122.364342
123.397102
124.430481
125.463219
126.495323
127.526794
128.557632
129.587845
130.617416
131.646347
132.674652
133.702316
134.729355
135.755737
136.781525
137.806641
138.831131
139.854996
140.878220
141.900803
142.922760
143.944092
144.964767
145.984818
147.004242
148.023041
149.041183
150.058685
151.075577
152.091827
153.107437
154.122406
155.136734
156.150452
157.163528
158.175964
159.187775
160.198944
161.209488
162.219376
163.228653
164.237274
165.245270
166.252625
167.259369
168.265457
169.270920
170.275726
171.279922
172.283478
173.286423
174.288696
175.290344
176.291351
177.291733
178.291489
179.290619
180.289093
181.287262
182.287033
183.288681
184.292267
185.297760
186.305145
187.314453
188.325684
189.338806
190.353836
191.370804
192.389648
193.410431
194.433105
195.457703
196.484207
197.512604
198.542938
199.575165
200.609329
201.645370
202.683350
203.723206
204.765015
205.808701
206.854309
207.901825
208.951263
210.002609
211.055847
212.111008
213.168076
214.227066
215.287949
216.350754
217.415451
218.482086
219.550629
220.621063
221.693420
222.767685
223.843857
224.921951
226.001953
227.083862
228.167664
229.253403
230.341019
231.430588
232.522049
233.615417
234.710693
235.807877
236.906982
238.007996
239.110931
240.215759
241.304214
242.358002
243.377136
244.361603
245.311401
246.226547
247.107025
247.952835
248.763992
249.540466
250.282288
250.989456
251.661957
252.299789
252.902954
0.000000
0.749196
2.060944
3.342438
4.593679
5.814667
7.005403
8.165884
9.296114
10.396090
11.465813
12.505281
13.514500
14.508724
15.503219
16.497982
17.493015
18.488316
19.483889
20.479727
21.475838
22.472216
23.468863
24.465782
25.462969
26.460424
27.458149
28.456142
29.454405
30.452938
31.451740
32.450813
33.450153
34.449764
35.449642
36.449787
37.450207
38.450893
39.451847
40.453075
41.454567
42.456329
43.458363
44.460667
45.463234
46.466072
47.469185
48.472561
49.476215
50.480133
51.484314
52.488773
53.493496
54.498493
55.503754
56.509285
57.515091
58.521156
59.527496
60.534103
61.540989
62.548138
63.555550
64.563232
65.571198
66.579422
67.587914
68.596672
69.605698
70.615013
71.624664
72.634743
73.645264
74.656204
75.667580
76.679390
77.691628
78.704292
79.717400
80.730934
81.744896
82.759293
83.774117
84.789383
85.805069
86.821190
87.837738
88.854721
89.872139
90.889984
91.908249
92.926964
93.946098
94.965675
95.985680
97.006104
98.026970
99.048264
100.069992
101.092155
102.114738
103.137756
104.161209
105.185097
106.209412
107.234154
108.259331
109.284943
110.310982
111.337448
112.364349
113.391678
114.419449
115.447639
116.476257
117.505318
118.534813
119.564735
120.595085
121.625862
122.657082
123.688728
124.720810
125.753311
126.786247
127.819626
128.853424
129.887115
130.920227
131.952728
132.984589
134.015869
135.046539
136.076599
137.106033
138.134872
139.163101
140.190689
141.217697
142.244095
143.269882
144.295059
145.319611
146.343567
147.366913
148.389648
149.411774
150.433289
151.454193
152.474472
153.494156
154.513229
155.531708
156.549561
157.566803
158.583420
159.599457
160.614868
161.629684
162.643875
163.657455
164.670425
165.682800
166.694565
167.705704
168.716232
169.726166
170.735474
171.744171
172.752274
173.759750
174.766632
175.772903
176.778549
177.783600
178.788040
179.791870
180.795074
181.797684
182.799683
183.801056
184.801834
185.802002
186.801559
187.800400
188.798340
189.795425
190.791641
191.786987
192.781464
193.775085
194.767838
195.759705
196.750717
197.740875
198.730148
199.718567
200.706100
201.692780
202.678589
203.663528
204.647598
205.630798
206.613159
207.594620
208.575211
209.554962
210.533829
211.511841
212.488983
213.465256
214.440643
215.415176
216.388840
217.361649
218.333572
219.304642
220.274841
221.244156
222.212616
223.180237
224.146957
225.112823
226.077805
227.041946
228.005219
228.967590
229.929123
230.889771
231.849579
232.808487
233.766556
234.723740
235.680069
236.635529
237.590103
238.543823
239.496674
240.448669
241.399780
242.350037
243.288849
244.205719
245.100647
245.973618
246.824631
247.653671
248.460770
249.245911
250.009094
250.750305
251.469559
252.166870
252.842239
253.495621
254.127045
0.000000
0.943763
1.889748
2.837955
3.788384
4.741034
5.695907
6.653001
7.612318
8.573856
9.537617
10.503599
11.471409
12.440657
13.411341
14.383461
15.357018
16.332012
17.308443
18.286310
19.265612
20.246353
21.228529
22.212141
23.197193
24.183678
25.171598
26.160957
27.151752
28.143984
29.137653
30.132757
31.129301
32.127281
33.126690
34.127541
35.129829
36.133553
37.138714
38.145309
39.153347
40.162819
41.173725
42.186066
43.199844
44.215057
45.231709
46.249798
47.269329
48.290291
49.312691
50.336525
51.361794
52.388508
53.416649
54.446228
55.477249
56.509701
57.543591
58.578918
59.615681
60.653881
61.693520
62.734592
63.777100
64.821045
65.866425
66.912239
67.957474
69.002136
70.046234
71.089752
72.132698
73.175064
74.216866
75.258087
76.298737
77.338806
78.378311
79.417244
80.455589
81.493378
82.530579
83.567215
84.603264
85.638756
86.673660
87.707993
88.741760
89.774948
90.807556
91.839600
92.871071
93.901962
94.932281
95.962029
96.991196
98.019798
99.047821
100.075272
101.102142
102.128441
103.154175
104.179329
105.203903
106.227913
107.251343
108.274200
109.296486
110.318207
111.339333
112.359894
113.379890
114.399307
115.418137
116.436409
117.454102
118.471222
119.487762
120.503738
121.519135
122.533958
123.549309
124.566299
125.584923
126.605194
127.627098
128.650635
129.675812
130.702637
131.731079
132.761169
133.792892
134.826248
135.861252
136.897903
137.936172
138.976089
140.017624
141.060822
142.105637
143.152084
144.200195
145.249924
146.301300
147.354309
148.408951
149.465240
150.523148
151.582718
152.643906
153.706741
154.771194
155.837296
156.905045
157.974426
159.045441
160.118088
161.192383
162.268311
163.345871
164.425079
165.505920
166.588394
167.672516
168.758240
169.845642
170.934662
172.025330
173.117615
174.211563
175.307114
176.404327
177.503189
178.603668
179.705795
180.809540
181.912140
183.010773
184.105408
185.196091
186.282806
187.365524
188.444305
189.519104
190.589920
191.656769
192.719650
193.778564
194.833511
195.884491
196.931488
197.974518
199.013580
200.048660
201.079788
202.106934
203.130112
204.149307
205.164551
206.175812
207.183105
208.186417
209.185776
210.181168
211.172577
212.160019
213.143478
214.122986
215.098511
216.070068
217.037659
218.001282
218.960922
219.916611
220.868301
221.816025
222.759796
223.699585
224.635406
225.567261
226.495148
227.419052
228.338989
229.254974
230.166962
231.074997
231.979034
232.879135
233.775253
234.667404
235.555557
236.433044
237.293137
238.135818
238.961105
239.768982
240.559464
241.332550
242.088211
242.826508
243.547363
244.250854
244.936905
245.605576
246.256851
246.890717
247.507187
248.106247
248.687897
249.252151
249.799026
250.328476
250.840530
251.335190
251.812424
