0.967590
0.016205
0.016205
0.016205
0.967590
0.016205
0.016205
0.016205
0.967590
0.000000
1.244000
2.478124
3.702373
4.916747
6.121244
7.315865
8.500612
9.675483
10.840477
11.995596
13.140841
14.276207
15.401700
16.517317
17.623056
18.718924
19.804913
20.881029
21.947266
23.003630
24.050114
25.086727
26.113462
27.130323
28.137310
29.134417
30.121651
31.099005
32.066490
33.024094
33.971825
34.909679
35.837662
36.755764
37.663994
38.562344
39.455776
40.349213
41.242668
42.136139
43.029629
43.923130
44.816654
45.710190
46.603745
47.497314
48.390900
49.284504
50.178120
51.071754
51.965408
52.859074
53.752758
54.646461
55.540176
56.433910
57.327656
58.221420
59.115208
60.009003
60.902817
61.796646
62.690495
63.584358
64.478241
65.372131
66.266045
67.159973
68.053925
68.947876
69.841866
70.735847
71.629868
72.523888
73.417931
74.311989
75.206062
76.100159
76.994263
77.888390
78.782532
79.676689
80.570862
81.465050
82.359261
83.253479
84.147713
85.041977
85.936249
86.830528
87.725533
88.622978
89.522926
90.425392
91.330353
92.237839
93.147827
94.060333
94.975349
95.892876
96.812912
97.735458
98.660522
99.588089
100.518173
101.450768
102.385864
103.323479
104.263603
105.206230
106.151375
107.099037
108.049210
109.001884
109.957077
110.914780
111.874985
112.837715
113.802940
114.770691
115.740936
116.713707
117.688988
118.666771
119.647064
120.629875
121.615204
122.603035
123.593376
124.586227
125.581589
126.579468
127.579857
128.582764
129.588150
130.596069
131.606522
132.619446
133.634903
134.652863
135.673325
136.696335
137.721817
138.749832
139.779938
140.809845
141.839142
142.867813
143.895889
144.923340
145.950180
146.976410
148.002045
149.027039
150.051437
151.075226
152.098404
153.120956
154.142914
155.164246
156.184967
157.205078
158.224579
159.243469
160.261734
161.279404
162.296448
163.312897
164.328720
165.343933
166.358521
167.372528
168.385895
169.398666
170.410828
171.422363
172.433289
173.443604
174.453323
175.462402
176.470886
177.478760
178.486023
179.492676
180.498703
181.504120
182.508926
183.513123
184.516693
185.519684
186.522049
187.523804
188.524918
189.525452
190.525360
191.524658
192.523361
193.521423
194.518982
195.517838
196.518799
197.521805
198.526917
199.534088
200.543335
201.554672
202.568069
203.583542
204.601105
205.620743
206.642441
207.666229
208.692093
209.720032
210.750046
211.782150
212.816315
213.852554
214.890884
215.931290
216.973755
218.018311
219.064926
220.113647
221.164429
222.217270
223.272217
224.329239
225.388306
226.449478
227.512711
228.578049
229.645432
230.714890
231.786438
232.860077
233.935776
235.013550
236.093399
237.175323
238.259323
239.345413
240.433578
241.523804
242.616119
243.710495
244.806976
245.905502
247.006119
248.108826
249.213593
250.320450
251.429367
252.814224
254.748856
0.000000
1.011208
2.199580
3.383019
4.561525
5.735098
6.903739
8.067447
9.226223
10.380067
11.528976
12.672953
13.811997
14.946110
16.075291
17.199535
18.318851
19.433231
20.542681
21.647196
22.746780
23.841431
24.931149
26.015934
27.095783
28.170704
29.240692
30.305746
31.365870
32.421059
33.471313
34.516632
35.557030
36.592487
37.623013
38.648609
39.669266
40.687874
41.707298
42.727547
43.748619
44.770508
45.793221
46.816753
47.841110
48.866283
49.892281
50.919098
51.946739
52.975201
54.004486
55.034592
56.065517
57.097263
58.129833
59.163219
60.197433
61.232464
62.268318
63.304993
64.342491
65.380814
66.419952
67.459908
68.500687
69.542297
70.584724
71.627968
72.672035
73.716927
74.762627
75.809166
76.856522
77.904694
78.953690
80.003510
81.054153
82.105614
83.157890
84.210991
85.264915
86.319664
87.375229
88.431618
89.488831
90.546860
91.605713
92.665382
93.725883
94.787209
95.849342
96.912132
97.975403
99.039154
100.103386
101.168098
102.233284
103.298958
104.365112
105.431732
106.498848
107.566437
108.634514
109.703064
110.772095
111.841614
112.911606
113.982071
115.053024
116.124458
117.196373
118.268768
119.341637
120.414993
121.488831
122.563148
123.637939
124.713211
125.788963
126.865204
127.941917
129.019119
130.096802
131.174957
132.253571
133.332703
134.412308
135.492371
136.572937
137.653961
138.735474
139.817474
140.899963
141.982925
143.066360
144.150284
145.234680
146.319550
147.404907
148.490753
149.577072
150.663879
151.751144
152.838928
153.927155
155.013763
156.096664
157.175812
158.251236
159.322922
160.390900
161.455139
162.515656
163.572433
164.625488
165.674805
166.720398
167.762253
168.800400
169.834793
170.865463
171.892410
172.915634
173.935120
174.950867
175.962906
176.971191
177.975769
178.976593
179.973709
180.967102
181.956726
182.942657
183.924866
184.903305
185.878052
186.849045
187.816315
188.779877
189.739685
190.695770
191.648132
192.596756
193.541641
194.482819
195.420258
196.353958
197.283936
198.210190
199.132721
200.051514
200.966568
201.877914
202.785492
203.689377
204.589523
205.485931
206.378616
207.267563
208.153824
209.038315
209.921097
210.802170
211.681503
212.559128
213.435028
214.309204
215.181656
216.052399
216.921387
217.788681
218.654251
219.518097
220.380203
221.240616
222.099304
222.956238
223.811493
224.664993
225.516769
226.366852
227.215195
228.061813
228.906708
229.749893
230.591354
231.431076
232.269104
233.105392
233.939972
234.772797
235.603928
236.433334
237.261017
238.086975
238.911209
239.733719
240.554520
241.373581
242.190933
243.006561
243.820450
244.632629
245.443100
246.251831
247.058853
247.864151
248.667709
249.469559
250.269714
251.068115
251.864792
252.659744
253.375366
253.934006
254.335693
0.000000
1.444805
2.876130
4.293976
5.698342
7.089229
8.466637
9.830564
11.181014
12.517982
13.841473
15.151482
16.448013
17.731064
19.000637
20.256731
21.499344
22.728479
23.944132
25.146307
26.335001
27.510220
28.671957
29.820213
30.954990
32.076286
33.184109
34.278446
35.359306
36.426689
37.480587
38.521015
39.547958
40.561417
41.570587
42.584644
43.603600
44.627441
45.656178
46.689804
47.728325
48.771732
49.820034
50.873230
51.931313
52.994289
54.062153
55.134914
56.212566
57.295109
58.382545
59.474873
60.572086
61.674194
62.781193
63.893085
65.009865
66.131546
67.258110
68.389565
69.525917
70.667160
71.813286
72.964310
74.120232
75.281044
76.446732
77.617325
78.792809
79.973183
81.158447
82.348602
83.543655
84.743591
85.948425
87.158142
88.372757
89.592262
90.816666
92.045959
93.280128
94.519196
95.763161
97.012016
98.265770
99.523354
100.778503
102.030174
103.278358
104.523056
105.764267
107.001999
108.236244
109.467003
110.694275
111.918060
113.138367
114.355186
115.568520
116.778366
117.984726
119.187607
120.387001
121.582909
122.775337
123.964272
125.149719
126.331696
127.510170
128.685165
129.856674
131.024719
132.189255
133.350311
134.507889
135.661972
136.812592
137.959702
139.103333
140.243484
141.380142
142.513336
143.643021
144.769226
145.891953
147.011200
148.126938
149.239212
150.347992
151.453293
152.555115
153.653427
154.748276
155.839645
156.927505
158.011902
159.092819
160.168182
161.236023
162.296280
163.349014
164.394165
165.431763
166.461838
167.484329
168.499268
169.506638
170.506470
171.498749
172.483459
173.460632
174.430237
175.392288
176.346786
177.293732
178.233109
179.164948
180.089218
181.005936
181.915100
182.816711
183.710770
184.597275
185.476212
186.347595
187.211426
188.067703
188.916428
189.757599
190.591202
191.417252
192.235764
193.046692
193.850098
194.645920
195.434204
196.214920
196.988083
197.753708
198.511765
199.262253
200.005203
200.740585
201.468430
202.188705
202.901428
203.606598
204.304214
204.995529
205.688354
206.383942
207.082275
207.783386
208.487259
209.193878
209.903275
210.615433
211.330338
212.048035
212.768463
213.491669
214.217636
214.946365
215.677841
216.412094
217.149109
217.888885
218.631424
219.376724
220.124786
220.875610
221.629181
222.385529
223.144653
223.906509
224.671158
225.438538
226.208694
226.981628
227.757294
228.535751
229.316971
230.100922
230.887650
231.677155
232.469391
233.264420
234.062195
234.862732
235.666046
236.472107
237.280945
238.092514
238.906876
239.723984
240.543869
241.366501
242.191910
243.020065
243.850983
244.666153
245.447052
246.193710
246.906097
247.584244
248.228104
248.837723
249.413071
249.954163
250.460999
250.933563
251.371872
251.775940
252.145721
252.481247
252.782516
