0.937949
0.031025
0.031025
0.031025
0.937949
0.031025
0.031025
0.031025
0.937949
0.000000
0.781686
1.566235
2.353647
3.143922
3.937060
4.733062
5.531927
6.333655
7.138246
7.945700
8.756017
9.569198
10.385240
11.204147
12.025916
12.850550
13.678045
14.508405
15.341626
16.177711
17.016659
17.858471
18.703148
19.550684
20.399826
21.249317
22.099154
22.949337
23.799870
24.650745
25.501970
26.353542
27.205463
28.057728
28.910341
29.763302
30.616608
31.470261
32.324265
33.178612
34.033306
34.888348
35.743740
36.599476
37.455555
38.311989
39.168766
40.025890
40.883362
41.741180
42.599346
43.457859
44.316719
45.175922
46.035480
46.895378
47.755623
48.616219
49.477161
50.338448
51.200089
52.062065
52.924397
53.787075
54.650101
55.513470
56.377186
57.241253
58.105663
58.970421
59.835529
60.700981
61.566780
62.432926
63.299419
64.166260
65.033447
65.900986
66.768860
67.637100
68.506020
69.375999
70.247025
71.119102
71.992226
72.866402
73.741623
74.617905
75.495224
76.373589
77.253014
78.133492
79.015007
79.897575
80.781197
81.665863
82.551582
83.438347
84.326172
85.215034
86.104942
86.995911
87.887932
88.780991
89.675102
90.570267
91.466484
92.363739
93.262062
94.161415
95.061821
95.963287
96.865799
97.769356
98.673958
99.579613
100.486320
101.394081
102.302887
103.212738
104.123642
105.035606
105.948608
106.862656
107.777748
108.693909
109.611107
110.529358
111.448662
112.369011
113.290405
114.212860
115.136353
116.060898
116.986496
117.913147
118.840126
119.766769
120.693069
121.619019
122.544617
123.469872
124.394768
125.319321
126.243523
127.167374
128.090866
129.014023
129.936844
130.859299
131.781403
132.703156
133.624557
134.545609
135.466339
136.386688
137.306702
138.226364
139.145676
140.064636
140.983261
141.901520
142.819443
143.737000
144.654221
145.571091
146.487610
147.403778
148.319595
149.235077
150.150192
151.064972
151.979385
152.893463
153.807190
154.720566
155.633606
156.546265
157.458603
158.370575
159.282211
160.193497
161.104431
162.015015
162.925232
163.835114
164.744659
165.653839
166.562683
167.471161
168.379303
169.287094
170.197968
171.115402
172.039383
172.969910
173.906967
174.850601
175.800766
176.757462
177.720718
178.690521
179.666855
180.649750
181.639191
182.635162
183.637680
184.646759
185.662384
186.684540
187.713257
188.748520
189.790314
190.838669
191.893570
192.955002
194.022980
195.097504
196.178589
197.266205
198.360382
199.461090
200.568344
201.682159
202.802505
203.929398
205.062836
206.202835
207.349365
208.502441
209.662079
210.828232
212.000961
213.180222
214.366028
215.558395
216.757294
217.962723
219.174713
220.393250
221.618332
222.849960
224.088135
225.332870
226.584122
227.841949
229.106293
230.377197
231.720245
233.201050
234.819611
236.575958
238.470032
240.501892
242.671494
0.000000
0.000000
0.000000
1.478916
3.584898
5.631843
7.619752
9.548625
11.418466
13.229267
14.981032
16.673765
18.307459
19.882120
21.397743
22.854330
24.251883
25.590399
26.869879
28.090322
29.280937
30.470945
31.660337
32.849117
34.037281
35.224831
36.411770
37.598095
38.783806
39.968903
41.153389
42.337257
43.520512
44.703156
45.885181
47.066601
48.247402
49.427589
50.607162
51.786121
52.964470
54.142204
55.319324
56.495831
57.671722
58.847000
60.021667
61.195717
62.369160
63.541985
64.714188
65.885788
67.056770
68.227150
69.396896
70.566040
71.734573
72.902496
74.069794
75.236481
76.402542
77.568008
78.732857
79.897087
81.060715
82.223724
83.386116
84.547897
85.709282
86.871681
88.035316
89.200188
90.366302
91.533646
92.702217
93.872032
95.043083
96.215378
97.388893
98.563660
99.739647
100.916870
102.095337
103.275040
104.455971
105.638145
106.821548
108.006195
109.192062
110.379181
111.567528
112.757118
113.947937
115.139992
116.333282
117.527817
118.723572
119.920570
121.118805
122.318275
123.518982
124.720917
125.924103
127.128517
128.334167
129.541031
130.749161
131.958511
133.169113
134.380936
135.593994
136.808289
138.023819
139.240601
140.458603
141.677826
142.898315
144.116821
145.330200
146.538422
147.741486
148.939407
150.132172
151.319809
152.502274
153.679611
154.851776
156.018814
157.180695
158.337433
159.489014
160.635437
161.776718
162.912857
164.043839
165.169678
166.290375
167.405899
168.516296
169.621536
170.721619
171.816559
172.906357
173.991013
175.070496
176.144836
177.214035
178.278091
179.336990
180.390732
181.439331
182.482788
183.521088
184.554245
185.582260
186.605118
187.622803
188.635376
189.642776
190.645035
191.642151
192.634125
193.620941
194.602600
195.579102
196.550308
197.514969
198.472946
199.424210
200.368790
201.306671
202.237869
203.162354
204.080154
204.991226
205.895630
206.793335
207.684341
208.568649
209.446243
210.317169
211.181396
212.038895
212.889740
213.733856
214.571274
215.402008
216.226044
217.043381
217.854019
218.657959
219.455215
220.245758
221.029617
221.806778
222.577225
223.340973
224.098053
224.848419
225.592087
226.329071
227.059341
227.782913
228.499802
229.209991
229.913467
230.610260
231.300369
231.983749
232.660461
233.330460
233.993774
234.650391
235.300308
235.945557
236.588226
237.228302
237.865814
238.500687
239.132996
239.762695
240.389816
241.014328
241.636276
242.255600
242.872345
243.486481
244.098038
244.707001
245.313370
245.917130
246.518326
247.116913
247.712906
248.306290
248.897095
249.485321
250.070938
250.653961
251.234406
251.812241
252.387482
252.960129
253.530197
254.097672
254.662537
255.000000
255.000000
255.000000
255.000000
255.000000
255.000000
255.000000
255.000000
255.000000
255.000000
0.000000
2.697994
5.261351
7.690070
9.984153
12.143597
14.168405
16.058573
17.814108
19.435001
20.921259
22.337664
23.748997
25.155262
26.556458
27.952583
29.343637
30.729622
32.110535
33.486382
34.857155
36.222862
37.583500
38.939064
40.289558
41.634991
42.975342
44.310627
45.640839
46.965988
48.286064
49.601070
50.911015
52.215878
53.515671
54.810402
56.100056
57.384644
58.664158
59.938610
61.207985
62.472294
63.731529
64.985695
66.234795
67.478821
68.717781
69.951660
71.180489
72.404236
73.622917
74.836517
76.045059
77.248535
78.448151
79.651306
80.859207
82.071861
83.289276
84.511429
85.738350
86.970016
88.206429
89.447601
90.693527
91.944199
93.199631
94.459808
95.724739
96.994423
98.268860
99.548050
100.831993
102.120682
103.414131
104.712334
106.015282
107.322983
108.635445
109.952644
111.274612
112.601318
113.932793
115.269005
116.609985
117.955704
119.306175
120.661400
122.021378
123.386116
124.755608
126.129837
127.508827
128.892563
130.281052
131.674301
133.072311
134.475052
135.876358
137.270065
138.656158
140.034653
141.405502
142.768768
144.124405
145.472427
146.812851
148.145645
149.470825
150.788406
152.098373
153.400711
154.695465
155.982590
157.262085
158.533981
159.798264
161.054932
162.303986
163.545425
164.779266
166.005478
167.224091
168.435074
169.638443
170.834213
172.022369
173.202896
174.375824
175.541122
176.698837
177.848907
178.991379
180.126236
181.253479
182.373108
183.485138
184.589539
185.686325
186.775513
187.857071
188.930603
189.993393
191.045029
192.085480
193.114807
194.132950
195.139923
196.135757
197.120422
198.093933
199.056274
200.007446
200.947479
201.876343
202.794037
203.700577
204.595963
205.480179
206.353226
207.215134
208.065857
208.905426
209.733856
210.551117
211.357193
212.152130
212.935913
213.708511
214.469955
215.220261
215.959381
216.687347
217.404144
218.109802
218.804276
219.487610
220.159760
220.820770
221.470612
222.109299
222.736816
223.353165
223.958374
224.552399
225.138824
225.721146
226.299362
226.873505
227.443542
228.009491
228.571350
229.129105
229.682785
230.232361
230.777847
231.319244
231.856537
232.389755
232.918869
233.443893
233.964828
234.481659
234.994415
235.503067
236.007629
236.508102
237.004486
237.496765
237.984970
238.469070
238.949066
239.424988
239.896820
240.364532
240.828171
241.287720
241.743179
242.194534
242.641815
243.084991
243.524063
243.959076
244.389969
244.816772
245.239487
245.658112
246.072632
246.483078
246.889420
247.291672
247.689850
248.083908
248.473877
248.859772
249.241562
249.619263
249.992874
250.362381
250.727798
251.089127
251.446365
251.799515
252.148575
252.493530
252.834396
253.171173
253.503860
253.832443
254.156952
254.477341
254.793655
255.000000
255.000000
255.000000
255.000000
