0.969122
0.015439
0.015439
0.015439
0.969122
0.015439
0.015439
0.015439
0.969122
0.000000
0.939196
1.880265
2.823209
3.768027
4.714718
5.663283
6.613723
7.566037
8.520224
9.476285
10.434220
11.394030
12.355713
13.319269
14.284700
15.252007
16.221186
17.192238
18.165165
19.139965
20.116640
21.095190
22.075611
23.057909
24.042080
25.028124
26.015186
27.002415
27.989809
28.977367
29.965090
30.952978
31.941032
32.929249
33.917629
34.906178
35.894886
36.883766
37.872807
38.862011
39.851387
40.840919
41.830616
42.820488
43.810516
44.800713
45.791069
46.781597
47.772285
48.763142
49.754162
50.745342
51.736694
52.728207
53.719883
54.711723
55.703735
56.695908
57.688248
58.680744
59.673412
60.666245
61.659237
62.652405
63.645733
64.639221
65.632874
66.626694
67.620674
68.614830
69.609146
70.603622
71.598274
72.593086
73.588051
74.583199
75.578491
76.573959
77.569603
78.565399
79.561363
80.557487
81.553886
82.550797
83.548241
84.546204
85.544693
86.543724
87.543274
88.543350
89.543961
90.545090
91.546753
92.548943
93.551666
94.554909
95.558685
96.562988
97.567818
98.573174
99.579063
100.585472
101.592415
102.599892
103.607887
104.616409
105.625465
106.635048
107.645157
108.655792
109.666954
110.678650
111.690872
112.703621
113.716904
114.730713
115.745041
116.759903
117.775291
118.791199
119.807648
120.824623
121.842117
122.860161
123.878708
124.897797
125.917404
126.937546
127.958206
128.979416
130.001129
131.023376
132.046173
133.069473
134.093307
135.117676
136.142563
137.167984
138.193634
139.217682
140.239792
141.259995
142.278275
143.294647
144.309082
145.321625
146.332245
147.340958
148.347733
149.352615
150.355560
151.356613
152.355743
153.352951
154.348236
155.341614
156.333069
157.322617
158.310257
159.295959
160.279755
161.261642
162.241608
163.219650
164.195786
165.170013
166.142319
167.112686
168.081161
169.047714
170.012360
170.975082
171.935883
172.894775
173.851746
174.806808
175.759949
176.711182
177.660492
178.607880
179.553360
180.496933
181.438568
182.378296
183.316116
184.252029
185.185989
186.118057
187.048218
187.976456
188.902771
189.827179
190.749664
191.670227
192.589050
193.510147
194.435150
195.364075
196.296890
197.233612
198.174240
199.118774
200.067215
201.019547
201.975800
202.935959
203.900009
204.867966
205.839828
206.815598
207.795273
208.778854
209.766327
210.757721
211.753021
212.752213
213.755310
214.762314
215.773224
216.788040
217.806763
218.829391
219.855911
220.886337
221.920700
222.958939
224.001083
225.047134
226.097092
227.150955
228.208710
229.270401
230.335968
231.405441
232.478821
233.556107
234.637314
235.722397
236.811417
237.904327
239.001129
240.101852
241.206467
242.315002
243.427429
244.543747
245.664001
246.788147
247.916199
249.048157
250.184006
251.224915
252.071930
252.725052
253.184311
0.000000
0.978098
1.957697
2.938797
3.921397
4.905497
5.891098
6.878200
7.866802
8.856904
9.848507
10.841611
11.836215
12.832319
13.829924
14.829029
15.829637
16.831741
17.835350
18.840456
19.847067
20.855173
21.864782
22.875891
23.888502
24.902437
25.917522
26.933758
27.951145
28.969681
29.989370
31.010206
32.032192
33.055332
34.079620
35.105057
36.131645
37.159389
38.188278
39.218319
40.249508
41.281849
42.315338
43.349983
44.385773
45.422710
46.460808
47.500050
48.540443
49.581989
50.624676
51.668522
52.713516
53.759659
54.806953
55.855400
56.904995
57.955742
59.007637
60.060680
61.114880
62.170227
63.226723
64.284370
65.343170
66.403122
67.464226
68.526466
69.589859
70.654411
71.720116
72.786964
73.854965
74.924110
75.994415
77.065872
78.138474
79.212219
80.287125
81.363182
82.440384
83.518730
84.597946
85.676361
86.753677
87.829895
88.905022
89.979050
91.051994
92.123833
93.194580
94.264229
95.332794
96.400261
97.466621
98.531906
99.596092
100.659172
101.721169
102.782066
103.841866
104.900574
105.958199
107.014717
108.070137
109.124474
110.177711
111.229851
112.280907
113.330856
114.379715
115.427475
116.474152
117.519730
118.564217
119.607605
120.649895
121.691093
122.731194
123.770203
124.808121
125.844948
126.880661
127.915306
128.948837
129.981277
131.012634
132.042877
133.072052
134.100113
135.127075
136.152954
137.177750
138.201431
139.224030
140.245514
141.265930
142.285233
143.303436
144.320572
145.336060
146.349457
147.360733
148.369873
149.376907
150.381805
151.384598
152.385254
153.383804
154.380234
155.374527
156.366714
157.356781
158.344711
159.330521
160.314224
161.295792
162.275253
163.252579
164.227798
165.200882
166.171860
167.140701
168.107437
169.072037
170.034515
170.994888
171.953125
172.909256
173.863235
174.815125
175.764893
176.712524
177.658035
178.601425
179.542709
180.481857
181.418900
182.353790
183.286591
184.217239
185.145798
186.072220
186.996521
187.918701
188.838776
189.756714
190.672516
191.586227
192.497803
193.407257
194.314590
195.219818
196.122910
197.023865
197.922714
198.819458
199.714539
200.611038
201.509445
202.409760
203.311966
204.216080
205.122086
206.029984
206.939819
207.851517
208.765137
209.680634
210.598038
211.517349
212.438568
213.361679
214.286682
215.213608
216.142426
217.073120
218.005737
218.940247
219.876663
220.814987
221.755188
222.697311
223.641312
224.587234
225.535049
226.484772
227.436371
228.389893
229.345306
230.302612
231.261841
232.222961
233.185974
234.150879
235.117706
236.086426
237.057037
238.029556
239.003983
239.980286
240.958511
241.938629
242.920639
243.904572
244.890381
245.878098
246.867722
247.859238
248.852661
249.847992
250.845215
251.844330
252.845352
253.848267
254.970001
0.000000
0.906590
2.060677
3.208658
4.350534
5.486301
6.615963
7.739519
8.856969
9.968311
11.073547
12.172676
13.265700
14.352616
15.433428
16.508131
17.576729
18.639219
19.695604
20.745882
21.790054
22.828121
23.860079
24.885933
25.905676
26.919317
27.930952
28.944675
29.960491
30.978399
31.998402
33.020493
34.044678
35.070957
36.099323
37.129784
38.162338
39.196980
40.233715
41.272541
42.313465
43.356480
44.401581
45.448776
46.498066
47.549442
48.602917
49.658478
50.716141
51.775887
52.837730
53.901657
54.967682
56.035797
57.106007
58.178310
59.252697
60.329182
61.407761
62.488422
63.571190
64.656036
65.742989
66.832016
67.923149
69.016373
70.111679
71.209084
72.308578
73.410172
74.513847
75.619621
76.727478
77.837440
78.949486
80.063629
81.179863
82.298180
83.418602
84.541107
85.665703
86.792397
87.920639
89.047104
90.171257
91.293106
92.412628
93.529839
94.644745
95.757324
96.867592
97.975548
99.081184
100.184517
101.285530
102.384232
103.480606
104.574684
105.666435
106.755882
107.843002
108.927811
110.010315
111.090500
112.168373
113.243927
114.317169
115.388092
116.456703
117.522995
118.586983
119.648659
120.708015
121.765060
122.819778
123.872192
124.922295
125.970078
127.015541
128.058685
129.099533
130.138062
131.174286
132.208176
133.239761
134.269028
135.295975
136.320633
137.342957
138.362961
139.380661
140.396057
141.409103
142.419891
143.428314
144.434448
145.438263
146.439743
147.438934
148.436050
149.431396
150.424927
151.416672
152.406631
153.394791
154.381149
155.365723
156.348511
157.329514
158.308701
159.286102
160.261703
161.235519
162.207535
163.177765
164.146194
165.112823
166.077667
167.040726
168.001984
168.961441
169.919113
170.874985
171.829071
172.781372
173.731857
174.680557
175.627472
176.572586
177.515915
178.457443
179.397171
180.335098
181.271255
182.205597
183.138168
184.068939
184.997910
185.925095
186.850479
187.774063
188.695862
189.615860
190.534073
191.450485
192.365112
193.277954
194.188980
195.098221
196.005676
196.911331
197.815201
198.717270
199.617538
200.516022
201.412918
202.309601
203.206268
204.102921
204.999557
205.896210
206.792816
207.689438
208.586044
209.482635
210.379227
211.275787
212.172363
213.068909
213.965454
214.861984
215.758499
216.655014
217.551498
218.447998
219.344482
220.240936
221.137405
222.033844
222.930283
223.826721
224.723129
225.619537
226.515930
227.412308
228.308685
229.205032
230.101395
230.997742
231.894073
232.790405
233.686707
234.583008
235.479294
236.375580
237.271835
238.168106
239.064362
239.960587
240.856812
241.753036
242.649231
243.545441
244.441620
245.337784
246.233963
247.130112
248.026245
248.922394
249.818512
250.714615
251.610718
252.394791
252.954849
253.290878
253.402893
