0.967444
0.016278
0.016278
0.016278
0.967444
0.016278
0.016278
0.016278
0.967444
0.000000
0.851234
1.717362
2.598383
3.494300
4.405110
5.330814
6.271412
7.226905
8.197292
9.182573
10.182749
11.197818
12.227781
13.272637
14.332389
15.407036
16.496576
17.601009
18.720337
19.854559
21.003675
22.157715
23.306709
24.450657
25.589560
26.723415
27.852224
28.975986
30.094704
31.208378
32.317001
33.420582
34.519115
35.612602
36.701046
37.784435
38.862785
39.936089
41.004345
42.067558
43.125721
44.178837
45.226910
46.269936
47.307919
48.340847
49.368736
50.391582
51.409378
52.422127
53.429829
54.432491
55.430096
56.422665
57.410183
58.392651
59.370083
60.342464
61.309795
62.272083
63.229321
64.181519
65.128670
66.070778
67.007835
67.939850
68.866814
69.788734
70.705612
71.617439
72.524223
73.425949
74.322647
75.214287
76.100883
76.982430
77.858940
78.732712
79.609406
80.489288
81.372353
82.258598
83.148026
84.040634
84.936432
85.835403
86.737556
87.642906
88.551422
89.463127
90.378014
91.296082
92.217339
93.141762
94.069382
95.000175
95.934158
96.871323
97.811668
98.755196
99.701904
100.651794
101.604874
102.561134
103.520569
104.483192
105.448990
106.417984
107.390152
108.365501
109.344040
110.325760
111.310646
112.298737
113.289993
114.284447
115.282066
116.282883
117.286873
118.294052
119.304405
120.317947
121.334663
122.354568
123.377655
124.403923
125.433372
126.466003
127.501823
128.540833
129.583008
130.628357
131.676926
132.728165
133.779282
134.829788
135.879684
136.928970
137.977631
139.025696
140.073151
141.119980
142.166199
143.211807
144.256805
145.301193
146.344971
147.388138
148.430695
149.472626
150.513962
151.554688
152.594788
153.634277
154.673157
155.711441
156.749100
157.786133
158.822571
159.858398
160.893616
161.928223
162.962204
163.995575
165.028336
166.060501
167.092056
168.122986
169.153305
170.182999
171.212097
172.240570
173.268448
174.295715
175.322357
176.348404
177.373825
178.398636
179.422852
180.446442
181.469421
182.491776
183.513535
184.534683
185.555222
186.575134
187.594437
188.613144
189.631226
190.648727
191.665680
192.682190
193.698242
194.713821
195.728928
196.743561
197.757736
198.771469
199.784714
200.797485
201.809814
202.821655
203.833054
204.843964
205.854431
206.864410
207.873947
208.882996
209.891586
210.899719
211.907379
212.914581
213.921310
214.927582
215.933365
216.938705
217.943588
218.947983
219.951904
220.955399
221.958405
222.960938
223.963013
224.964630
225.965775
226.966461
227.966675
228.966415
229.965698
230.964508
231.962875
232.960754
233.958176
234.955139
235.951614
236.947647
237.943207
238.938293
239.932907
240.927078
241.920761
242.914001
243.906769
244.899078
245.890900
246.882263
247.836716
248.717789
249.525467
250.259766
250.920685
251.508224
252.022385
252.463181
252.830582
0.000000
0.021622
1.226426
2.424112
3.614680
4.798130
5.974462
7.143675
8.305771
9.460749
10.608609
11.749351
12.882974
14.009480
15.128868
16.241138
17.346289
18.444324
19.535242
20.619040
21.695719
22.765278
23.827723
24.883049
25.931257
26.972347
28.009506
29.045921
30.081591
31.116516
32.150700
33.184135
34.216831
35.248779
36.279984
37.310440
38.340157
39.369129
40.397358
41.424843
42.451580
43.477570
44.502823
45.527328
46.551090
47.574108
48.596382
49.617912
50.638699
51.658737
52.678032
53.696583
54.714390
55.731457
56.747772
57.763348
58.778179
59.792267
60.805607
61.818203
62.830059
63.841164
64.851532
65.861153
66.870026
67.878159
68.885544
69.892197
70.898094
71.903244
72.907661
73.911324
74.914238
75.916420
76.917862
77.918541
78.918488
79.917694
80.916153
81.913864
82.910820
83.907082
84.903458
85.900284
86.897552
87.895271
88.893440
89.892067
90.891129
91.890648
92.890610
93.891029
94.891899
95.893204
96.894966
97.897186
98.899849
99.902954
100.906509
101.910515
102.914978
103.919876
104.925240
105.931046
106.937286
107.943993
108.951141
109.958740
110.966789
111.975296
112.984238
113.993629
115.003479
116.013771
117.024513
118.035713
119.047356
120.059441
121.071976
122.084961
123.098404
124.112282
125.126625
126.141403
127.156639
128.172318
129.188461
130.205032
131.222061
132.239548
133.257462
134.275864
135.294678
136.313950
137.333679
138.353851
139.374451
140.395370
141.415329
142.434174
143.451904
144.468521
145.484039
146.498428
147.511734
148.523911
149.534973
150.544907
151.553757
152.561493
153.568100
154.573608
155.578003
156.581284
157.583450
158.584518
159.584457
160.583298
161.581024
162.577637
163.573135
164.567535
165.560791
166.552963
167.544022
168.533951
169.522781
170.510498
171.497116
172.482590
173.466980
174.450256
175.432404
176.413452
177.393387
178.372223
179.349915
180.326523
181.302017
182.276382
183.249649
184.221802
185.192841
186.162766
187.131577
188.099304
189.065872
190.031357
190.995728
191.959000
192.921143
193.882172
194.842102
195.801453
196.761597
197.722626
198.684494
199.647217
200.610794
201.575226
202.540512
203.506653
204.473648
205.441513
206.410217
207.379791
208.350204
209.321487
210.293610
211.266602
212.240433
213.215134
214.190674
215.167084
216.144348
217.122467
218.101425
219.081253
220.061935
221.043472
222.025848
223.009109
223.993210
224.978180
225.963974
226.950653
227.938171
228.926559
229.915787
230.905869
231.896820
232.888611
233.881271
234.874771
235.869141
236.864365
237.860428
238.857361
239.855133
240.853790
241.853287
242.853638
243.854828
244.856888
245.859802
246.863571
247.868210
248.873672
249.880020
250.840210
251.707306
252.481308
253.162201
253.749985
254.244659
254.646225
0.000000
0.970902
1.951586
2.942052
3.942300
4.952329
5.972141
7.001735
8.041109
9.090267
10.149206
11.217927
12.296431
13.384715
14.482780
15.590630
16.708260
17.835672
18.972868
20.113571
21.251520
22.386713
23.519150
24.648829
25.775751
26.899918
28.021326
29.139978
30.255873
31.369013
32.479397
33.587021
34.691887
35.794003
36.893356
37.989952
39.083794
40.174881
41.263210
42.348778
43.431595
44.511646
45.588951
46.663494
47.735279
48.804306
49.870583
50.934101
51.994862
53.052868
54.108109
55.160603
56.210335
57.257309
58.301525
59.342991
60.381699
61.417645
62.450836
63.481274
64.508957
65.533867
66.556038
67.575455
68.592102
69.606003
70.617126
71.625519
72.631142
73.634010
74.634117
75.631470
76.626076
77.617912
78.608711
79.600166
80.592293
81.585083
82.578537
83.572655
84.567436
85.562881
86.558990
87.555771
88.553215
89.551315
90.550095
91.549522
92.549629
93.550385
94.551819
95.553917
96.556671
97.560089
98.564178
99.568932
100.574356
101.580437
102.587181
103.594589
104.602661
105.611412
106.620811
107.630882
108.641617
109.653008
110.665077
111.677811
112.691208
113.705269
114.719978
115.735367
116.751427
117.768135
118.785515
119.803558
120.822266
121.841644
122.861694
123.882393
124.903763
125.925797
126.948494
127.971855
128.995895
130.020569
131.045944
132.071960
133.098648
134.125488
135.152008
136.178223
137.204071
138.229599
139.254807
140.279678
141.304214
142.328430
143.352310
144.375870
145.399078
146.421967
147.444519
148.466751
149.488663
150.510223
151.531464
152.552353
153.572937
154.593185
155.613113
156.632690
157.651947
158.670868
159.689468
160.707718
161.725662
162.743256
163.760544
164.777496
165.794098
166.810379
167.826324
168.841949
169.857239
170.872192
171.886826
172.901138
173.915100
174.928741
175.942047
176.955032
177.967682
178.979980
179.991974
181.003632
182.014954
183.025970
184.036621
185.046967
186.056976
187.066635
188.075989
189.084991
190.092712
191.098175
192.101395
193.102356
194.101044
195.097488
196.091690
197.083618
198.073303
199.060730
200.045883
201.028809
202.009476
202.987869
203.964020
204.937912
205.909546
206.878922
207.846069
208.810944
209.773544
210.733917
211.692017
212.647873
213.601471
214.552811
215.501892
216.448730
217.393295
218.335617
219.275681
220.213486
221.149048
222.082352
223.013397
223.942169
224.868713
225.792984
226.715012
227.634781
228.552292
229.467560
230.380554
231.291306
232.199799
233.106033
234.010025
234.911743
235.811218
236.708420
237.603378
238.496094
239.386551
240.274719
241.160675
242.046417
242.934113
243.823700
244.715210
245.608658
246.503998
247.401260
248.300430
249.201523
250.104523
251.009460
251.916306
252.825043
253.735718
254.648285
255.000000
255.000000
