0.976745
0.011627
0.011627
0.011627
0.976745
0.011627
0.011627
0.011627
0.976745
0.000000
1.078131
2.151356
3.219672
4.283082
5.341586
6.395181
7.443870
8.487651
9.526525
10.560494
11.589554
12.613708
13.632952
14.647291
15.656723
16.661251
17.660868
18.655579
19.645380
20.630278
21.610266
22.585350
23.557446
24.528482
25.498455
26.467369
27.435219
28.402012
29.367739
30.332405
31.296009
32.258553
33.220036
34.180454
35.139816
36.098110
37.055347
38.011520
38.966629
39.920681
40.873669
41.825596
42.776463
43.726265
44.675007
45.622684
46.569305
47.514862
48.459362
49.402794
50.345123
51.285469
52.223454
53.159088
54.092365
55.023289
55.951862
56.878075
57.801941
58.723446
59.642601
60.559402
61.473846
62.385933
63.295673
64.203056
65.108086
66.010757
66.911079
67.809044
68.704651
69.597908
70.488815
71.377357
72.263557
73.147400
74.028893
74.908020
75.784798
76.659515
77.533936
78.408356
79.282776
80.157196
81.031601
81.906021
82.780426
83.654839
84.529236
85.403641
86.278038
87.152443
88.026840
88.901230
89.775627
90.650009
91.524406
92.398788
93.273170
94.147545
95.021935
95.896309
96.770683
97.645058
98.519424
99.393799
100.268158
101.142525
102.017059
102.892204
103.767960
104.644341
105.521339
106.398964
107.277214
108.156075
109.035561
109.915665
110.796394
111.677750
112.559715
113.442307
114.325523
115.209351
116.093803
116.978882
117.864578
118.750893
119.637833
120.525391
121.413567
122.302376
123.191788
124.081841
124.972504
125.863785
126.755699
127.648933
128.544266
129.441635
130.341080
131.242584
132.146164
133.051804
133.959503
134.869278
135.781113
136.695023
137.610977
138.529022
139.449112
140.371277
141.295502
142.221786
143.150146
144.080582
145.013062
145.947617
146.884232
147.822922
148.763657
149.706482
150.651352
151.598312
152.547318
153.498383
154.451523
155.406738
156.364014
157.323334
158.284744
159.248215
160.213730
161.181335
162.151001
163.122726
164.096527
165.072388
166.050293
167.030289
168.012329
168.996460
169.982651
170.970886
171.961197
172.953583
173.948044
174.944550
175.943115
176.943756
177.946457
178.951233
179.958069
180.966980
181.977936
182.990982
184.006073
185.023224
186.042450
187.063751
188.087112
189.112534
190.140015
191.169586
192.201202
193.234879
194.270630
195.308441
196.348328
197.390259
198.434280
199.480362
200.528488
201.578690
202.630966
203.685303
204.741714
205.800186
206.860718
207.923294
208.987961
210.054703
211.123474
212.194351
213.267258
214.342255
215.419312
216.498428
217.579605
218.662857
219.748169
220.835556
221.924988
223.016510
224.110092
225.205734
226.303436
227.403198
228.505051
229.608948
230.714905
231.822952
232.933044
234.045212
235.159439
236.275726
237.394089
238.514511
239.636993
240.761551
241.888184
243.016861
244.147598
245.280426
246.415298
0.000000
0.343695
1.532187
2.733487
3.947595
5.174513
6.414238
7.666772
8.932115
10.210266
11.501224
12.804993
14.121568
15.450953
16.793146
18.148148
19.515959
20.896576
22.274464
23.634092
24.975456
26.298559
27.603399
28.889973
30.158287
31.408335
32.640121
33.853645
35.048908
36.225903
37.384644
38.525116
39.647320
40.751266
41.836948
42.904369
43.953526
44.984417
45.997047
46.991417
47.967525
48.925362
49.865700
50.805302
51.751019
52.702854
53.660805
54.624870
55.595051
56.571358
57.553772
58.542309
59.536961
60.537727
61.544613
62.557613
63.576733
64.601967
65.633324
66.670792
67.714371
68.764084
69.819901
70.881836
71.949883
73.024055
74.104347
75.189140
76.268845
77.341858
78.408165
79.467766
80.520676
81.566887
82.606400
83.639214
84.665321
85.684738
86.697456
87.703476
88.702789
89.695412
90.681335
91.660561
92.633080
93.598900
94.558029
95.510460
96.456184
97.395210
98.327545
99.253174
100.176125
101.106186
102.043816
102.988998
103.941742
104.902061
105.869934
106.845375
107.828369
108.818939
109.817062
110.822754
111.836006
112.856834
113.885208
114.921158
115.964653
117.015724
118.074356
119.140549
120.214310
121.295631
122.384514
123.480957
124.584969
125.691223
126.794426
127.894554
128.991638
130.085648
131.176605
132.264496
133.349335
134.431107
135.509796
136.585449
137.658035
138.727554
139.794022
140.857422
141.917770
142.975037
144.029266
145.080414
146.128510
147.173538
148.215515
149.254425
150.290268
151.323059
152.352798
153.379456
154.403061
155.423615
156.441086
157.455490
158.466858
159.475159
160.480392
161.482559
162.481689
163.477737
164.470718
165.460648
166.447510
167.431320
168.412064
169.389755
170.364380
171.335938
172.304443
173.269882
174.232269
175.191574
176.147827
177.101013
178.051147
178.998215
179.942230
180.883179
181.821060
182.755890
183.687668
184.616364
185.541992
186.464584
187.384109
188.300552
189.213943
190.124283
191.031555
191.935760
192.836914
193.735001
194.630035
195.522003
196.410919
197.296753
198.179535
199.059250
199.935928
200.809525
201.680054
202.547516
203.411942
204.273300
205.131592
205.986832
206.838989
207.688095
208.534149
209.377121
210.217056
211.053909
211.887726
212.718460
213.546143
214.370758
215.192307
216.010803
216.826248
217.638611
218.447922
219.254166
220.057358
220.857498
221.654541
222.448547
223.239502
224.027374
224.812195
225.593948
226.372650
227.148285
227.920853
228.690384
229.456833
230.220215
230.980545
231.737808
232.492035
233.243164
233.991257
234.736282
235.478241
236.217133
236.952972
237.685760
238.415466
239.142136
239.865723
240.586243
241.303711
242.018127
242.729477
243.437775
244.142975
244.845154
245.544250
246.240280
246.933273
247.623199
248.310043
248.993866
0.000000
1.653861
3.307520
4.960977
6.614233
8.267286
9.920139
11.572789
13.225239
14.877484
16.529530
18.181374
19.833015
21.466555
23.064110
24.625677
26.151253
27.640842
29.094439
30.512047
31.893665
33.239292
34.548935
35.822586
37.060246
38.261917
39.427597
40.557289
41.650993
42.708706
43.730423
44.716160
45.665905
46.579655
47.482868
48.400959
49.333942
50.281815
51.244572
52.222221
53.214760
54.222187
55.244507
56.281712
57.333805
58.400787
59.482662
60.579422
61.691078
62.817616
63.959049
65.115364
66.286568
67.472672
68.673653
69.877693
71.072960
72.259453
73.437164
74.606102
75.766266
76.917648
78.060249
79.194084
80.319130
81.435417
82.542908
83.641640
84.731583
85.812759
86.885147
87.948769
89.003609
90.049675
91.086967
92.115479
93.143616
94.179802
95.224022
96.276276
97.336578
98.404915
99.481293
100.565704
101.658165
102.758652
103.867180
104.983757
106.108360
107.241013
108.381699
109.530426
110.687187
111.851982
113.024826
114.205711
115.394630
116.585274
117.771378
118.952896
120.129868
121.302269
122.470100
123.633377
124.792091
125.946243
127.095825
128.240845
129.381287
130.517197
131.648529
132.775284
133.897491
135.015137
136.128204
137.236725
138.340652
139.440033
140.534851
141.625122
142.710815
143.791931
144.868500
145.940506
147.007935
148.070816
149.129120
150.182861
151.232056
152.276672
153.316727
154.352219
155.383148
156.409515
157.431320
158.448547
159.461212
160.469330
161.472870
162.471863
163.466278
164.456131
165.441422
166.422150
167.398315
168.369904
169.336960
170.299408
171.257324
172.210678
173.159454
174.103683
175.043320
175.978424
176.908951
177.834915
178.756302
179.673141
180.585419
181.493134
182.396255
183.294861
184.188889
185.078323
185.963211
186.843536
187.719299
188.590515
189.457138
190.319214
191.176712
192.029663
192.878052
193.721878
194.561111
195.395813
196.225937
197.051498
197.872498
198.688934
199.500809
200.308105
201.110855
201.909042
202.702652
203.491699
204.276184
205.056122
205.831482
206.602264
207.368500
208.130188
208.887283
209.639832
210.387817
211.131226
211.870102
212.604370
213.334106
214.059265
214.779861
215.495895
216.207367
216.914276
217.616623
218.314392
219.007614
219.696259
220.380356
221.059891
221.734833
222.405228
223.071075
223.732346
224.389038
225.041199
225.688766
226.331787
226.970245
227.604126
228.233444
228.858215
229.478409
230.094040
230.705109
231.311615
231.913544
232.510925
233.103745
233.691986
234.275665
234.854813
235.429367
235.999359
236.564789
237.125671
237.681976
238.233719
238.780884
239.323502
239.861557
240.395050
240.923981
241.448334
241.968124
242.483353
242.994034
243.500137
244.001678
244.498657
244.991058
245.478912
245.962204
246.440933
246.915085
247.384689
