0.957014
0.021493
0.021493
0.021493
0.957014
0.021493
0.021493
0.021493
0.957014
0.000000
0.940431
1.885628
2.835590
3.790318
4.749812
5.714070
6.683095
7.656886
8.635442
9.618762
10.606850
11.599702
12.597320
13.599704
14.606853
15.618770
16.635450
17.656897
18.683107
19.714085
20.749828
21.790337
22.835611
23.885649
24.940456
26.000025
27.061382
28.121538
29.180496
30.238256
31.294821
32.350185
33.404350
34.457317
35.509090
36.559662
37.609035
38.657215
39.704189
40.749969
41.794559
42.837940
43.880127
44.921112
45.960903
46.999496
48.036888
49.073090
50.108086
51.141884
52.174492
53.205894
54.236099
55.265110
56.292915
57.319530
58.344940
59.369156
60.392174
61.413990
62.434616
63.454041
64.472267
65.489296
66.505127
67.519753
68.533028
69.544777
70.555008
71.563713
72.570892
73.576553
74.580696
75.583313
76.584404
77.583977
78.582024
79.578552
80.573555
81.567039
82.558998
83.549431
84.538353
85.525742
86.511612
87.495956
88.478783
89.460091
90.439873
91.418129
92.394867
93.370087
94.343781
95.315956
96.286598
97.255722
98.223328
99.189415
100.153969
101.117004
102.078529
103.038506
103.996986
104.953934
105.909363
106.863258
107.815773
108.767021
109.717018
110.665741
111.613205
112.559418
113.504356
114.448044
115.390457
116.331627
117.271530
118.210167
119.147537
120.083656
121.018517
121.952110
122.884438
123.815514
124.745323
125.673874
126.601166
127.527191
128.451950
129.375458
130.297699
131.218689
132.138412
133.056870
133.974060
134.889999
135.804688
136.718094
137.630249
138.541138
139.450790
140.359146
141.266266
142.172104
143.076706
143.980026
144.883987
145.790497
146.699554
147.611145
148.525269
149.441956
150.361176
151.282928
152.207214
153.134064
154.063446
154.995377
155.929825
156.866852
157.806381
158.748474
159.693100
160.640274
161.589996
162.542252
163.497055
164.454391
165.414261
166.376694
167.341660
168.309158
169.279205
170.251785
171.226913
172.204590
173.184799
174.167542
175.152847
176.140671
177.131058
178.123978
179.119446
180.117447
181.117981
182.121063
183.124832
184.127396
185.128708
186.128815
187.127716
188.125412
189.121902
190.117172
191.111237
192.104065
193.095703
194.086121
195.075333
196.063339
197.050110
198.035690
199.020065
200.003204
200.985153
201.965881
202.945389
203.923706
204.900803
205.876678
206.851334
207.824799
208.797043
209.768082
210.737915
211.706528
212.673920
213.640106
214.605087
215.568848
216.531403
217.492752
218.452866
219.411789
220.369492
221.325989
222.281265
223.235352
224.188202
225.139847
226.090286
227.039505
227.987518
228.934326
229.879913
230.824280
231.767456
232.709412
233.650146
234.589691
235.527985
236.465118
237.401001
238.335678
239.269150
240.201401
241.132462
242.062302
242.990921
243.918335
244.844543
245.769531
246.693314
247.615875
248.537216
0.000000
0.858281
1.731305
2.619071
3.521581
4.438834
5.370831
6.317569
7.279052
8.255278
9.246245
10.251956
11.272410
12.307608
13.357551
14.422235
15.501661
16.595831
17.704742
18.828400
19.966801
21.119944
22.287827
23.470457
24.657356
25.838060
27.012566
28.180876
29.342989
30.498903
31.648623
32.792141
33.929466
35.060593
36.185520
37.304256
38.416786
39.523125
40.623264
41.717205
42.804955
43.886497
44.961853
46.031002
47.093960
48.150719
49.201279
50.245647
51.283810
52.315784
53.341557
54.361134
55.374512
56.381691
57.382675
58.377457
59.366051
60.348442
61.324635
62.294628
63.258430
64.216034
65.167442
66.113609
67.060219
68.008217
68.957626
69.908432
70.860634
71.814240
72.769241
73.725639
74.683441
75.642639
76.603241
77.565239
78.528641
79.493431
80.459625
81.427223
82.396217
83.366608
84.338394
85.311584
86.286179
87.262169
88.239548
89.218338
90.198524
91.180107
92.163094
93.147469
94.133263
95.120438
96.109016
97.098999
98.090385
99.083153
100.077332
101.072906
102.069885
103.068253
104.068031
105.069122
106.071472
107.075073
108.079926
109.086029
110.093384
111.101997
112.111855
113.122963
114.135330
115.148941
116.163803
117.179924
118.197289
119.215904
120.235779
121.256897
122.279266
123.302895
124.327782
125.353905
126.381279
127.409912
128.439789
129.470917
130.503311
131.536942
132.571854
133.607971
134.645370
135.684021
136.723907
137.765060
138.807449
139.851105
140.895996
141.942154
142.989563
144.038223
145.087540
146.134064
147.177231
148.217026
149.253418
150.286469
151.316132
152.342438
153.365356
154.384903
155.401093
156.413895
157.423340
158.429398
159.432068
160.431396
161.427353
162.419907
163.409103
164.394928
165.377380
166.356461
167.332169
168.304489
169.273453
170.239044
171.201263
172.160095
173.115585
174.067673
175.016388
175.961746
176.903717
177.842331
178.777557
179.709427
180.637909
181.563034
182.484772
183.403152
184.320496
185.239212
186.159256
187.080673
188.003418
188.927521
189.852982
190.779770
191.707916
192.637421
193.568268
194.500473
195.434021
196.368896
197.305161
198.242752
199.181702
200.121979
201.063629
202.006622
202.950943
203.896637
204.843658
205.792068
206.741791
207.692871
208.645309
209.599091
210.554230
211.510696
212.468536
213.427704
214.388229
215.350098
216.313339
217.277908
218.243820
219.211105
220.179718
221.149689
222.121017
223.093674
224.067703
225.043076
226.019775
226.997849
227.977264
228.958023
229.940125
230.923599
231.908401
232.894562
233.882065
234.870926
235.861145
236.852692
237.845596
238.839844
239.835449
240.832397
241.830704
242.830353
243.831345
244.833694
245.837402
246.842453
247.848846
248.856583
249.865677
250.876114
251.887909
252.901031
253.915543
254.931366
0.000000
0.889625
1.789843
2.700655
3.622061
4.554061
5.496655
6.449841
7.413622
8.387998
9.372966
10.368527
11.374684
12.391434
13.418777
14.456713
15.505245
16.564369
17.634089
18.714401
19.805305
20.906805
22.018898
23.135494
24.250502
25.363922
26.475756
27.585999
28.694656
29.801725
30.907207
32.011097
33.113403
34.214119
35.313244
36.410789
37.506741
38.601105
39.693886
40.785072
41.874672
42.962688
44.049114
45.133953
46.217201
47.298859
48.378937
49.457417
50.534317
51.609627
52.683350
53.755486
54.826031
55.894989
56.962357
58.028137
59.092335
60.154938
61.215763
62.273659
63.328426
64.380074
65.428589
66.473984
67.516258
68.555405
69.591423
70.624329
71.654091
72.680748
73.704262
74.724663
75.741936
76.756096
77.767113
78.775017
79.779793
80.781441
81.779968
82.775368
83.767647
84.756798
85.742836
86.725731
87.705513
88.682167
89.655701
90.626099
91.593384
92.557549
93.518578
94.476479
95.431259
96.382919
97.334068
98.287300
99.242622
100.200035
101.159546
102.121147
103.084839
104.050613
105.018494
105.988457
106.960510
107.934662
108.910904
109.889236
110.869659
111.852173
112.836777
113.823471
114.812271
115.803146
116.796120
117.791176
118.788338
119.787582
120.788925
121.792351
122.797874
123.805489
124.815186
125.826981
126.840874
127.856850
128.874924
129.895081
130.917343
131.941177
132.963348
133.983353
135.001190
136.016876
137.030380
138.041733
139.050888
140.057907
141.062744
142.065430
143.065918
144.064255
145.060440
146.054428
147.046280
148.035934
149.023438
150.008774
150.991943
151.972946
152.951782
153.928452
154.902939
155.875275
156.845444
157.813431
158.779266
159.742920
160.704422
161.663757
162.620911
163.575897
164.528732
165.479385
166.427872
167.375320
168.322952
169.270737
170.218643
171.166702
172.114929
173.063293
174.011795
174.960449
175.909271
176.858215
177.807312
178.756561
179.705948
180.655487
181.605179
182.555008
183.504974
184.455109
185.405380
186.355804
187.306381
188.257080
189.207947
190.158951
191.110107
192.061401
193.012863
193.964447
194.916199
195.868088
196.820114
197.772308
198.724640
199.677109
200.629745
201.582520
202.535431
203.488510
204.441711
205.395065
206.348587
207.302231
208.256027
209.209976
210.164078
211.118317
212.072693
213.027237
213.981918
214.936737
215.891724
216.846848
217.802109
218.757523
219.713089
220.668808
221.624664
222.580673
223.536819
224.493118
225.449570
226.406158
227.362900
228.319778
229.276825
230.233994
231.191330
232.148804
233.106430
234.064194
235.022095
235.980164
236.938385
237.896729
238.855240
239.813889
240.772675
241.731628
242.690735
243.649948
244.609344
245.568878
246.528549
247.488388
248.448349
249.408463
250.368729
251.329147
252.289719
253.250427
