0.978464
0.010768
0.010768
0.010768
0.978464
0.010768
0.010768
0.010768
0.978464
0.000000
1.294935
2.555818
3.782648
4.975425
6.134149
7.258821
8.349439
9.406006
10.428518
11.433943
12.439253
13.444445
14.449519
15.454475
16.459314
17.464035
18.468639
19.473124
20.477491
21.481741
22.485872
23.489887
24.493782
25.497562
26.501223
27.504765
28.508190
29.511497
30.514688
31.517759
32.520714
33.523552
34.526268
35.528873
36.531353
37.533722
38.535965
39.538097
40.540108
41.542004
42.543777
43.545437
44.546978
45.548283
46.549305
47.550049
48.550514
49.550705
50.550613
51.550247
52.549595
53.548672
54.547462
55.545982
56.544220
57.542183
58.539860
59.537266
60.534386
61.531231
62.527794
63.524086
64.520096
65.515823
66.511284
67.506447
68.501343
69.495964
70.490295
71.484352
72.478142
73.471642
74.464859
75.457809
76.450470
77.442856
78.434341
79.421204
80.402802
81.379158
82.350258
83.316116
84.276711
85.232063
86.182159
87.127007
88.066597
89.000946
89.930038
90.853874
91.772461
92.685806
93.593887
94.496719
95.394310
96.286636
97.173721
98.055550
98.932129
99.803452
100.669525
101.530350
102.385918
103.236244
104.081306
104.921127
105.755699
106.585007
107.409073
108.227882
109.044640
109.867188
110.695869
111.530685
112.371651
113.218750
114.071983
114.931358
115.796875
116.668518
117.546303
118.430229
119.320290
120.216499
121.118835
122.027313
122.941933
123.862686
124.789574
125.722610
126.661774
127.607079
128.558517
129.516098
130.479813
131.449677
132.425674
133.407806
134.396088
135.390488
136.391037
137.397720
138.410553
139.429504
140.451447
141.473206
142.494781
143.516174
144.537369
145.558411
146.579254
147.599899
148.620377
149.640686
150.660797
151.680710
152.700455
153.720016
154.739395
155.758591
156.777618
157.796448
158.815079
159.833542
160.851822
161.869934
162.887833
163.905579
164.923126
165.940491
166.957672
167.974670
168.991501
170.008118
171.024567
172.040848
173.056946
174.072845
175.088562
176.104095
177.119446
178.134628
179.149612
180.164413
181.179031
182.193481
183.207733
184.221802
185.235703
186.249405
187.262939
188.276276
189.289429
190.302414
191.315201
192.327805
193.340240
194.352493
195.364563
196.376419
197.388123
198.399643
199.410965
200.422119
201.433090
202.443863
203.454453
204.464874
205.475113
206.485168
207.495041
208.504715
209.514221
210.523544
211.532669
212.541626
213.550400
214.558990
215.567383
216.575607
217.583649
218.591507
219.599152
220.606644
221.613953
222.621094
223.628036
224.634796
225.641342
226.647751
227.653961
228.659988
229.665833
230.671494
231.676971
232.682266
233.687363
234.692307
235.697037
236.701614
237.705994
238.710190
239.714218
240.718033
241.721680
242.725143
243.728439
244.731522
245.734451
246.737183
247.739716
248.742096
249.744278
250.746292
251.748108
0.000000
1.035044
2.073523
3.115438
4.160789
5.209575
6.261796
7.317455
8.376548
9.439078
10.505043
11.574444
12.647280
13.723551
14.800607
15.875801
16.949131
18.020599
19.090202
20.157944
21.223820
22.287832
23.349983
24.410267
25.468693
26.525248
27.579947
28.632778
29.683743
30.732847
31.780090
32.825466
33.868980
34.910633
35.950417
36.988338
38.024399
39.058598
40.090931
41.121403
42.150005
43.176750
44.201626
45.224636
46.245792
47.265144
48.283016
49.299473
50.314514
51.328136
52.340343
53.351135
54.360516
55.368473
56.375023
57.380150
58.383862
59.386158
60.387043
61.386505
62.384556
63.381187
64.376404
65.370209
66.362595
67.353561
68.343117
69.331253
70.317978
71.303284
72.287178
73.269646
74.250710
75.230354
76.208572
77.185387
78.160782
79.133324
80.101624
81.065659
82.025429
82.980942
83.932198
84.879189
85.821922
86.760391
87.694603
88.624557
89.550247
90.471680
91.388840
92.301750
93.210396
94.114784
95.014915
95.910782
96.802391
97.689735
98.572823
99.451637
100.326210
101.196503
102.062546
102.924332
103.781853
104.635117
105.484108
106.328850
107.170738
108.018166
108.872543
109.733856
110.602127
111.477333
112.359489
113.248589
114.144646
115.047646
115.957588
116.874481
117.798317
118.729095
119.666824
120.611504
121.563133
122.521698
123.487221
124.459679
125.439079
126.425438
127.418747
128.418991
129.426193
130.440323
131.461411
132.489456
133.524429
134.566360
135.615219
136.671051
137.728714
138.783173
139.834396
140.882385
141.927155
142.968674
144.007004
145.042068
146.073914
147.102539
148.127930
149.150085
150.169022
151.184723
152.197205
153.206436
154.212463
155.215240
156.214798
157.211136
158.204239
159.194092
160.180756
161.164154
162.144348
163.121307
164.095032
165.065536
166.032791
166.996841
167.957642
168.915237
169.869583
170.820709
171.768616
172.713287
173.654709
174.592926
175.527908
176.459656
177.388184
178.313477
179.235535
180.154373
181.069977
181.982361
182.891495
183.797409
184.700104
185.599579
186.495804
187.388809
188.278595
189.165131
190.048447
190.928543
191.805389
192.679031
193.549423
194.416595
195.280548
196.141266
196.998749
197.853012
198.704025
199.551819
200.396408
201.237747
202.075867
202.910736
203.742386
204.570816
205.396011
206.217987
207.036728
207.852219
208.664505
209.473557
210.279388
211.081985
211.881348
212.677475
213.470383
214.260071
215.046509
215.829742
216.609726
217.386490
218.160034
218.930328
219.697403
220.461258
221.221878
221.979248
222.733429
223.484360
224.232040
224.976532
225.717773
226.455780
227.190567
227.922134
228.650467
229.375580
230.097443
230.816086
231.531494
232.243668
232.952637
233.658356
234.360840
235.060135
235.756165
236.448975
237.138550
237.824905
0.000000
1.059414
2.132315
3.218702
4.318576
5.431938
6.558785
7.699120
8.852941
10.010197
11.160830
12.304841
13.442230
14.572999
15.697144
16.814671
17.925571
19.029856
20.127516
21.218555
22.302973
23.380768
24.451944
25.516497
26.574429
27.625740
28.670429
29.708494
30.739943
31.764765
32.782970
33.794552
34.799515
35.797852
36.789570
37.775043
38.762608
39.755672
40.754234
41.758293
42.767853
43.782909
44.803467
45.829529
46.861080
47.898136
48.940685
49.988739
51.042290
52.101337
53.165890
54.235935
55.311481
56.392525
57.479069
58.571114
59.668652
60.771690
61.880230
62.994267
64.113808
65.238846
66.367256
67.486290
68.593819
69.689857
70.774384
71.847412
72.908943
73.958977
74.997505
76.024529
77.040054
78.044083
79.036606
80.017624
80.987152
81.945175
82.891693
83.826706
84.750237
85.662254
86.562775
87.451782
88.329300
89.195320
90.049835
90.892845
91.724358
92.550438
93.385971
94.231613
95.087379
95.953255
96.829254
97.715363
98.611588
99.517921
100.434380
101.360954
102.297638
103.244438
104.201355
105.168388
106.145531
107.132797
108.130173
109.137665
110.155281
111.183006
112.220848
113.268799
114.326874
115.395058
116.473366
117.561775
118.653282
119.740829
120.824425
121.904060
122.979752
124.051491
125.119278
126.183105
127.242989
128.298920
129.350891
130.398911
131.442978
132.483093
133.519257
134.551483
135.579727
136.604034
137.624390
138.640808
139.653259
140.661743
141.666290
142.666885
143.663528
144.656219
145.644958
146.629745
147.610580
148.587433
149.560364
150.529343
151.494354
152.455429
153.412537
154.365707
155.314926
156.260193
157.201492
158.138855
159.072250
160.001694
160.927185
161.848724
162.766327
163.679977
164.589661
165.495392
166.397171
167.295013
168.188889
169.078796
169.964783
170.846802
171.724869
172.598984
173.469147
174.335358
175.197617
176.055923
176.910263
177.760666
178.607117
179.449615
180.288147
181.122757
181.953384
182.780075
183.602798
184.421585
185.236420
186.047287
186.854218
187.657181
188.456207
189.251282
190.042389
190.829559
191.612778
192.392014
193.167313
193.938675
194.706085
195.469543
196.229004
196.984558
197.736160
198.483780
199.227478
199.967224
200.702988
201.434814
202.162689
202.886612
203.606583
204.322601
205.034653
205.742783
206.446930
207.147156
207.843399
208.535706
209.224075
209.908463
210.588898
211.265411
211.937943
212.606522
213.271164
213.931854
214.588593
215.241364
215.890182
216.535065
217.175980
217.812943
218.445969
219.075027
219.700150
220.321304
220.938507
221.551758
222.161072
222.766418
223.367828
223.965271
224.558762
225.148285
225.733887
226.315521
226.893219
227.466919
228.036713
228.602539
229.164413
229.722321
230.276291
230.826309
231.372375
231.914490
