0.902275
0.048862
0.048862
0.048862
0.902275
0.048862
0.048862
0.048862
0.902275
0.000000
0.000000
0.000000
1.182662
2.720956
4.241298
5.743688
7.228128
8.694617
10.143155
11.573742
12.986378
14.381063
15.757797
17.116581
18.457411
19.780294
21.085224
22.372200
23.641226
24.892305
26.125429
27.340605
28.537825
29.717100
30.878420
32.021790
33.147209
34.254681
35.344200
36.415764
37.469379
38.505043
39.522755
40.522518
41.504330
42.468189
43.414101
44.342056
45.252064
46.144119
47.018227
47.874374
48.712578
49.532829
50.335133
51.119480
51.897259
52.679836
53.467220
54.259407
55.056400
55.858196
56.664795
57.476196
58.292400
59.113411
59.939228
60.769844
61.605267
62.445492
63.290520
64.140350
64.994987
65.854424
66.718674
67.587715
68.461571
69.340233
70.223679
71.111954
72.005013
72.902885
73.805557
74.713036
75.625320
76.542412
77.464294
78.390984
79.322487
80.258781
81.199890
82.145790
83.096512
84.052025
85.012337
85.977470
86.947388
87.922119
88.901657
89.886002
90.875130
91.868965
92.864799
93.861549
94.859230
95.857826
96.857346
97.857773
98.859131
99.861404
100.864601
101.868713
102.873749
103.879700
104.886574
105.894363
106.903084
107.912712
108.923264
109.934738
110.947121
111.960434
112.974670
113.989822
115.005890
116.022881
117.040787
118.059616
119.079369
120.100037
121.121628
122.144135
123.167564
124.191910
125.217171
126.243362
127.270470
128.298508
129.327438
130.357315
131.388107
132.419800
133.452423
134.485977
135.520432
136.555832
137.592117
138.629150
139.665634
140.701385
141.736404
142.770676
143.804230
144.837021
145.869095
146.900436
147.931030
148.960892
149.990021
151.018417
152.046082
153.072998
154.099167
155.124603
156.149323
157.173309
158.196533
159.219040
160.240799
161.261826
162.282120
163.301682
164.320496
165.338577
166.355942
167.372559
168.388428
169.403580
170.417969
171.431625
172.444565
173.456772
174.468216
175.478943
176.488937
177.498184
178.506699
179.514481
180.521515
181.527847
182.533401
183.538239
184.542328
185.545059
186.544891
187.541748
188.535645
189.526566
190.514511
191.499496
192.481506
193.460541
194.436600
195.409698
196.379822
197.346970
198.311157
199.272369
200.230621
201.185883
202.138184
203.087524
204.033875
204.977264
205.917679
206.855118
207.789597
208.721115
209.649643
210.575195
211.497787
212.417419
213.334061
214.247742
215.158463
216.066193
216.970978
217.872772
218.771591
219.667450
220.560333
221.450241
222.337189
223.221161
224.102158
224.980194
225.855255
226.727341
227.596466
228.463943
229.331085
230.197906
231.064423
231.930588
232.796432
233.661972
234.527191
235.392075
236.256638
237.120880
237.984787
238.848389
239.711655
240.574600
241.437225
242.299530
243.161514
244.023148
244.884491
245.745483
246.606171
247.466537
248.326569
249.186279
250.045670
0.000000
0.000000
0.000000
0.413175
1.961599
3.493611
5.009211
6.508398
7.991175
9.457538
10.907490
12.341028
13.758155
15.158872
16.543173
17.911064
19.262547
20.597612
21.916265
23.218510
24.504337
25.773754
27.026764
28.263355
29.483538
30.687309
31.874662
33.045612
34.200146
35.338264
36.459976
37.565273
38.654160
39.726631
40.782696
41.822342
42.845577
43.852406
44.842815
45.816818
46.774406
47.715580
48.640347
49.548698
50.440636
51.316162
52.175282
53.017990
53.844273
54.654160
55.447624
56.235207
57.027443
57.824333
58.625874
59.432064
60.242901
61.058395
61.878540
62.703331
63.532776
64.366875
65.205620
66.049011
66.897057
67.749756
68.607109
69.469109
70.335762
71.207062
72.083015
72.963623
73.848869
74.738785
75.633331
76.532547
77.436401
78.344910
79.258072
80.175880
81.098343
82.025452
82.957214
83.893631
84.834686
85.780411
86.730774
87.685791
88.645462
89.609779
90.578751
91.552361
92.530647
93.513557
94.501137
95.493256
96.487534
97.482986
98.479622
99.477448
100.476440
101.476631
102.478004
103.480553
104.484283
105.489204
106.495308
107.502586
108.511040
109.520691
110.531525
111.543533
112.556725
113.571106
114.586662
115.603401
116.621323
117.640427
118.660713
119.682190
120.704842
121.728683
122.753700
123.779900
124.807281
125.835846
126.865593
127.896530
128.928650
129.961929
130.996414
132.032074
133.068924
134.106949
135.146164
136.186554
137.228119
138.270874
139.314819
140.359940
141.406021
142.451553
143.496353
144.540390
145.583664
146.626175
147.667953
148.708954
149.749207
150.788712
151.827438
152.865417
153.902634
154.939102
155.974823
157.009781
158.043976
159.077408
160.110092
161.142029
162.173203
163.203613
164.233261
165.262161
166.290314
167.317703
168.344330
169.370193
170.395325
171.419678
172.443283
173.466141
174.488235
175.509552
176.530136
177.549957
178.569031
179.587326
180.604889
181.621689
182.637711
183.652985
184.667526
185.681290
186.694305
187.706039
188.715195
189.721756
190.725662
191.726944
192.725632
193.721680
194.715088
195.705887
196.694061
197.679626
198.662537
199.642838
200.620529
201.595566
202.568008
203.537811
204.504990
205.469559
206.431488
207.390808
208.347488
209.301559
210.252991
211.201813
212.148010
213.091583
214.032516
214.970840
215.906540
216.839615
217.770050
218.697891
219.623093
220.545670
221.465607
222.382950
223.297668
224.209732
225.119186
226.026031
226.930252
227.831833
228.730789
229.627136
230.527313
231.437790
232.358551
233.289612
234.230957
235.182602
236.144547
237.116776
238.099319
239.092133
240.095261
241.108673
242.132370
243.166367
244.210678
245.265274
246.330139
247.405334
248.490799
249.586563
250.692627
251.808990
252.935654
254.072586
255.000000
255.000000
0.000001
1.380633
2.751525
4.112676
5.464085
6.805754
8.137681
9.459867
10.772315
12.075019
13.367983
14.651205
15.924688
17.188427
18.442429
19.686691
20.921206
22.145987
23.361021
24.566317
25.761873
26.947687
28.123758
29.290091
30.446684
31.593531
32.730637
33.858006
34.975632
36.083523
37.181667
38.270073
39.348736
40.417660
41.476841
42.526279
43.565979
44.595940
45.616158
46.626633
47.627369
48.618370
49.599617
50.571133
51.532902
52.484936
53.427223
54.359776
55.282589
56.195652
57.104343
58.014038
58.924728
59.836422
60.749111
61.662796
62.577480
63.493164
64.409851
65.327522
66.246208
67.165878
68.086555
69.008224
69.930901
70.854561
71.779236
72.704895
73.631561
74.559219
75.487885
76.417542
77.348190
78.279846
79.212502
80.146149
81.080795
82.016441
82.953087
83.890739
84.829376
85.769012
86.709648
87.651291
88.593918
89.537552
90.482178
91.427803
92.374443
93.322067
94.270683
95.220306
96.170921
97.123192
98.078659
99.037415
99.999451
100.964760
101.933357
102.905243
103.880402
104.858849
105.840569
106.825584
107.813873
108.805443
109.800301
110.798439
111.799850
112.804558
113.812531
114.823799
115.838348
116.856178
117.877289
118.901680
119.929352
120.960304
121.994553
123.032074
124.072876
125.116959
126.164330
127.214973
128.268890
129.326126
130.386612
131.450394
132.517426
133.587784
134.661392
135.738312
136.818497
137.901962
138.988708
140.078751
141.171219
142.261139
143.347656
144.430771
145.510468
146.586777
147.659668
148.729172
149.795258
150.857956
151.917252
152.973129
154.025620
155.074692
156.120377
157.162659
158.201538
159.237000
160.269073
161.297745
162.323013
163.344879
164.363342
165.378387
166.390045
167.398300
168.403168
169.404602
170.402649
171.397293
172.388535
173.376373
174.360825
175.341843
176.319473
177.293716
178.264526
179.231964
180.195984
181.156601
182.113815
183.067627
184.018051
184.965057
185.908829
186.849380
187.786758
188.720932
189.651932
190.579712
191.504318
192.425705
193.343918
194.258926
195.170731
196.079361
196.984787
197.887009
198.786057
199.681900
200.574554
201.464005
202.350266
203.233322
204.113190
204.989868
205.863342
206.733643
207.600723
208.464630
209.325333
210.182831
211.037155
211.888260
212.736176
213.580917
214.422455
215.260788
216.095917
216.927872
217.756638
218.582199
219.404556
220.223724
221.039703
221.852478
222.662064
223.487015
224.345764
225.238342
226.164764
227.125015
228.119110
229.147034
230.208801
231.304413
232.433868
233.597137
234.794250
236.025208
237.289993
238.588623
239.921066
241.287369
242.687515
244.121490
245.589310
247.090958
248.626434
250.195755
251.798904
253.435898
255.000000
255.000000
255.000000
255.000000
255.000000
255.000000
255.000000
255.000000
