0.997210
0.001395
0.001395
0.001395
0.997210
0.001395
0.001395
0.001395
0.997210
0.000000
1.134864
2.266891
3.396080
4.522434
5.645950
6.766629
7.884472
8.999478
10.111647
11.220980
12.327474
13.431132
14.531954
15.629153
16.721951
17.810343
18.894333
19.973917
21.049099
22.119875
23.186247
24.248217
25.305782
26.358944
27.407701
28.452053
29.492002
30.527546
31.558685
32.585423
33.607758
34.625683
35.639210
36.648331
37.653046
38.653358
39.649265
40.640774
41.627872
42.610569
43.588860
44.562748
45.532230
46.497311
47.458084
48.416649
49.373867
50.329739
51.284264
52.237438
53.189274
54.139751
55.088890
56.036678
56.983120
57.928219
58.871967
59.814369
60.755417
61.695126
62.633488
63.570503
64.506165
65.440483
66.373459
67.305092
68.235359
69.164299
70.091873
71.018112
71.943008
72.866554
73.788750
74.709602
75.629105
76.547256
77.465027
78.388199
79.317726
80.253616
81.195869
82.144478
83.099449
84.060783
85.028481
86.002533
86.982948
87.969719
88.962852
89.962357
90.968208
91.980423
92.999001
94.023941
95.055237
96.092896
97.136917
98.187294
99.244034
100.307129
101.376602
102.452415
103.534592
104.623146
105.718048
106.819305
107.926933
109.040916
110.157150
111.265610
112.365807
113.457756
114.541466
115.616928
116.684135
117.743111
118.793831
119.836304
120.870537
121.896515
122.914253
123.923737
124.924988
125.917976
126.902733
127.879234
128.847504
129.807495
130.759262
131.702789
132.638062
133.565079
134.483856
135.394379
136.296661
137.190704
138.076508
138.954041
139.823349
140.684402
141.537598
142.383362
143.221649
144.052505
144.875900
145.691864
146.500351
147.301392
148.094986
148.881119
149.659805
150.431046
151.194824
151.951172
152.700043
153.441483
154.175446
154.901993
155.621063
156.332687
157.036850
157.733582
158.422852
159.104660
159.779022
160.445938
161.105392
161.757416
162.401978
163.039078
163.668732
164.290955
164.905716
165.513016
166.112854
166.705246
167.290207
167.867691
168.437744
169.000336
169.555481
170.103165
170.643402
171.176193
171.701523
172.219406
172.729843
173.232819
173.728348
174.216431
174.697052
175.170227
175.635941
176.094223
176.545029
176.988403
177.424316
177.852783
178.273804
178.687363
179.093475
179.492126
179.883331
180.267105
180.643402
181.012253
181.373642
181.727600
182.074097
182.413132
182.744736
183.068893
183.385574
183.694824
183.996597
184.290939
184.577835
184.857254
185.129242
185.393768
185.650848
185.900482
186.142654
186.377380
186.604645
186.824463
187.036850
187.241760
187.439224
187.629242
187.811798
187.986923
188.154572
188.314774
188.467545
188.612854
188.750702
188.881104
189.004044
189.119568
189.227600
189.328201
189.421341
189.507034
189.585281
189.656067
189.719406
189.775284
189.823730
189.864716
189.898239
189.924332
189.942963
189.954132
189.957855
0.000000
0.957478
1.941421
2.951828
3.988698
5.052032
6.141830
7.258092
8.400817
9.570009
10.765660
11.987780
13.215404
14.427588
15.624330
16.805626
17.971481
19.121893
20.256861
21.376385
22.480467
23.569105
24.642302
25.700052
26.742361
27.769228
28.780647
29.776627
30.757164
31.722256
32.671906
33.606110
34.524876
35.433304
36.343872
37.257153
38.173141
39.091846
40.013260
40.937382
41.864216
42.793762
43.726017
44.660988
45.598667
46.539055
47.482159
48.427967
49.376488
50.327724
51.281670
52.238327
53.197693
54.159771
55.125744
56.102699
57.091816
58.093098
59.106548
60.132160
61.169937
62.219883
63.281994
64.356262
65.442703
66.541306
67.652077
68.775009
69.910110
71.057373
72.216805
73.388397
74.572151
75.768082
76.976166
78.195335
79.401474
80.584740
81.745117
82.882629
83.997253
85.089005
86.157867
87.203873
88.226990
89.227226
90.204590
91.159073
92.090683
92.999413
93.885254
94.748238
95.588333
96.405548
97.199890
97.971359
98.719940
99.454781
100.184975
100.910538
101.631462
102.347740
103.059395
103.766403
104.468781
105.166527
105.859627
106.548096
107.231934
107.911125
108.585686
109.255615
109.920898
110.581551
111.237564
111.888947
112.535690
113.177795
113.815269
114.448105
115.076302
115.699860
116.318787
116.933075
117.542732
118.147751
118.748131
119.343872
119.934982
120.521461
121.103302
121.680496
122.253059
122.820992
123.384285
123.942932
124.496964
125.046341
125.591087
126.131210
126.666672
127.197517
127.723717
128.245285
128.762222
129.274521
129.782166
130.285187
130.783585
131.277328
131.766449
132.250931
132.730774
133.205978
133.676544
134.142471
134.603760
135.060440
135.512466
135.959854
136.402603
136.840714
137.274200
137.703033
138.127243
138.546814
138.961746
139.372055
139.777725
140.178741
140.575134
140.966888
141.354004
141.736496
142.114334
142.487549
142.856110
143.220062
143.579361
143.934021
144.284058
144.629456
144.970215
145.306335
145.637817
145.964676
146.286880
146.604446
146.917389
147.225693
147.529358
147.828400
148.122803
148.412552
148.697662
148.978149
149.254013
149.525223
149.791809
150.053757
150.311050
150.563736
150.811752
151.055145
151.293915
151.528046
151.757538
151.982391
152.202591
152.418182
152.629135
152.835434
153.037109
153.234146
153.426544
153.614319
153.797440
153.975937
154.149796
154.319000
154.483582
154.643539
154.798843
154.949509
155.095566
155.236954
155.373718
155.505859
155.633362
155.756210
155.874435
155.988007
156.096954
156.201294
156.300964
156.396011
156.486389
156.572174
156.653305
156.729797
156.801651
156.868881
156.931473
156.989426
157.042740
157.091415
157.135468
157.174866
157.209641
157.239792
157.265274
157.286148
157.302368
157.313965
157.320908
157.323227
0.000000
1.618769
3.147136
4.585103
5.932668
7.189832
8.356595
9.442557
10.536454
11.659882
12.812839
13.995323
15.207337
16.448883
17.686718
18.852291
19.943525
20.960423
21.902979
22.771198
23.568201
24.397108
25.307907
26.300606
27.375200
28.531691
29.770077
31.056210
32.249691
33.335342
34.313164
35.183155
35.945320
36.599651
37.198715
37.795078
38.388737
38.979687
39.567936
40.153481
40.736317
41.316452
41.893879
42.468609
43.040630
43.609940
44.176556
44.740459
45.301662
45.860161
46.415955
46.969044
47.519424
48.067101
48.612080
49.154350
49.693916
50.230774
50.764931
51.296383
51.825130
52.351173
52.874512
53.395145
53.913074
54.428295
54.940815
55.450630
55.957745
56.462147
56.963844
57.462841
57.959133
58.452724
58.943607
59.431782
59.917259
60.400024
60.880089
61.357452
61.832108
62.304054
62.773300
63.239845
63.703682
64.164818
64.623238
65.078964
65.531982
65.982300
66.429909
66.874809
67.317009
67.756508
68.193298
68.627388
69.058769
69.487442
69.913414
70.336678
70.757248
71.175102
71.590256
72.002708
72.412453
72.819496
73.223831
73.625458
74.024391
74.420609
74.814125
75.204941
75.593056
75.978455
76.361153
76.741142
77.118439
77.493027
77.864906
78.234077
78.600548
78.964325
79.325378
79.683739
80.039391
80.392342
80.742584
81.090126
81.434967
81.777092
82.116508
82.453232
82.787254
83.118561
83.447174
83.773079
84.096283
84.416771
84.734558
85.049652
85.362022
85.671692
85.978668
86.282944
86.584496
86.883354
87.179504
87.472954
87.763695
88.051735
88.337074
88.619698
88.899620
89.176842
89.451363
89.723175
89.992271
90.258682
90.522377
90.783371
91.041656
91.297241
91.550117
91.800293
92.047768
92.292534
92.534584
92.773941
93.010605
93.244553
93.475784
93.704323
93.930153
94.153282
94.373711
94.591423
94.806450
95.018753
95.228363
95.435272
95.639458
95.840950
96.039742
96.235825
96.429199
96.619865
96.807838
96.993111
97.175667
97.355515
97.532669
97.707115
97.878860
98.047897
98.214226
98.377861
98.538773
98.696999
98.852509
99.005318
99.155418
99.302826
99.447517
99.589508
99.728798
99.865372
99.999260
100.130432
100.258896
100.384659
100.507721
100.628067
100.745720
100.860664
100.972908
101.082443
101.189278
101.293404
101.394821
101.493538
101.589554
101.682861
101.773468
101.861366
101.946564
102.029045
102.108833
102.185921
102.260284
102.331963
102.400925
102.467194
102.530746
102.591599
102.649750
102.705200
102.757942
102.807968
102.855301
102.899925
102.941849
102.981064
103.017578
103.051384
103.082489
103.110886
103.136574
103.159569
103.179848
103.197433
103.212303
103.224480
103.233940
103.240700
103.244759
103.246117
