0.950441
0.024779
0.024779
0.024779
0.950441
0.024779
0.024779
0.024779
0.950441
0.000000
1.054963
2.119428
3.193393
4.276859
5.369826
6.472293
7.584261
8.705730
9.836700
10.977171
12.127142
13.279782
14.428264
15.572586
16.712748
17.848749
18.980591
20.108274
21.231796
22.351158
23.466360
24.577404
25.684284
26.787008
27.885574
28.979977
30.070219
31.156301
32.238224
33.315990
34.389591
35.459038
36.524323
37.585449
38.642406
39.695213
40.743858
41.788342
42.828663
43.864830
44.896832
45.924683
46.948360
47.967888
48.983250
49.994457
51.001503
52.004391
53.003113
53.997684
54.988087
55.974335
56.956421
57.934601
58.910400
59.884068
60.855606
61.825020
62.792305
63.757462
64.720482
65.681381
66.640144
67.596794
68.551300
69.503685
70.453934
71.402061
72.348061
73.291924
74.233665
75.173279
76.110756
77.046112
77.979340
78.910431
79.839401
80.766243
81.690948
82.613541
83.533989
84.452316
85.368507
86.282578
87.194511
88.104324
89.012009
89.917564
90.820976
91.722275
92.621445
93.518486
94.413399
95.306175
96.196823
97.085350
97.975502
98.871025
99.771912
100.678192
101.589844
102.506866
103.429268
104.357040
105.290192
106.228714
107.172607
108.121887
109.076538
110.036568
111.001968
111.972748
112.948898
113.930428
114.917328
115.909607
116.907265
117.910286
118.918694
119.932480
120.951630
121.976158
123.006065
124.041351
125.082001
126.128029
127.179443
128.236221
129.298386
130.365906
131.438828
132.517105
133.600754
134.689789
135.784195
136.883987
137.989136
139.099686
140.214386
141.326141
142.433685
143.537064
144.636292
145.731308
146.822174
147.908859
148.991379
150.069702
151.143845
152.213837
153.279648
154.341278
155.398727
156.452011
157.501129
158.546051
159.586807
160.623367
161.655777
162.684021
163.708054
164.727936
165.743637
166.755157
167.762512
168.765701
169.764694
170.759521
171.750168
172.736633
173.718948
174.697067
175.671021
176.640793
177.606369
178.567795
179.525040
180.478119
181.427017
182.371735
183.312286
184.251053
185.190414
186.130417
187.071030
188.012238
188.954071
189.896530
190.839584
191.783264
192.727554
193.672455
194.617966
195.564102
196.510864
197.458221
198.406204
199.354782
200.303986
201.253799
202.204239
203.155273
204.106949
205.059219
206.012100
206.965607
207.919724
208.874451
209.829803
210.785751
211.742325
212.699509
213.657318
214.615738
215.574753
216.534409
217.494659
218.455536
219.417023
220.379120
221.341827
222.305161
223.269104
224.233658
225.198837
226.164627
227.131012
228.098022
229.065643
230.033890
231.002747
231.972214
232.942307
233.912979
234.884308
235.856232
236.828766
237.801926
238.775696
239.750076
240.725067
241.700684
242.676895
243.653732
244.631195
245.609253
246.587936
247.567230
248.547134
249.527649
250.508789
251.490555
252.472916
253.455887
254.439484
0.000000
0.796631
1.624430
2.483398
3.373536
4.294842
5.247317
6.230961
7.245775
8.291758
9.368908
10.477229
11.616717
12.787376
13.989202
15.222198
16.486366
17.761442
19.027180
20.283569
21.530621
22.768330
23.996693
25.215715
26.425394
27.625731
28.816723
29.998373
31.170681
32.333649
33.487270
34.631546
35.766483
36.892078
38.008335
39.115238
40.212807
41.301025
42.379910
43.449444
44.509640
45.560493
46.602001
47.634167
48.656994
49.670475
50.674614
51.669407
52.654858
53.630970
54.597740
55.555164
56.503242
57.441986
58.371376
59.291431
60.202145
61.103512
61.995914
62.887459
63.781471
64.677948
65.576904
66.478333
67.382217
68.288582
69.197418
70.108727
71.022491
71.938736
72.857452
73.778633
74.702286
75.628410
76.557007
77.488075
78.421608
79.357620
80.296089
81.237038
82.180458
83.126335
84.074692
85.025513
85.978813
86.934578
87.892815
88.853523
89.816704
90.782341
91.750465
92.721046
93.694099
94.669632
95.647629
96.628098
97.611038
98.596443
99.584328
100.574677
101.567490
102.562729
103.560402
104.560501
105.563019
106.567970
107.575340
108.585144
109.597374
110.612030
111.629105
112.648605
113.670532
114.694893
115.721680
116.750885
117.782524
118.816582
119.853073
120.891991
121.933319
122.977089
124.023277
125.071899
126.122940
127.176407
128.232300
129.290634
130.351364
131.414551
132.480148
133.548187
134.618622
135.691513
136.766800
137.844528
138.924698
140.007278
141.092285
142.179718
143.269577
144.361847
145.454697
146.543427
147.627884
148.708038
149.783920
150.855499
151.922791
152.985794
154.044495
155.098923
156.149048
157.194885
158.236450
159.273697
160.306686
161.335342
162.359741
163.379837
164.395645
165.407166
166.414398
167.417328
168.415970
169.410339
170.400391
171.386169
172.367661
173.344864
174.317764
175.286377
176.250702
177.210724
178.166489
179.117935
180.065109
181.007965
181.946548
182.880844
183.810852
184.736572
185.657990
186.575119
187.490128
188.405212
189.320389
190.235626
191.150909
192.066284
192.981735
193.897247
194.812820
195.728485
196.644211
197.559998
198.475861
199.391800
200.307800
201.223877
202.140015
203.056229
203.972504
204.888870
205.805283
206.721786
207.638336
208.554993
209.471680
210.388458
211.305313
212.222214
213.139191
214.056259
214.973389
215.890564
216.807846
217.725174
218.642578
219.560059
220.477600
221.395218
222.312912
223.230652
224.148483
225.066376
225.984344
226.902374
227.820480
228.738663
229.656906
230.575211
231.493607
232.412064
233.330582
234.249191
235.167862
236.086594
237.005402
237.924286
238.843216
239.762238
240.681320
241.600479
242.519699
243.438995
244.358368
245.277817
246.197311
247.116898
248.036545
248.956253
249.876053
250.795898
251.715820
252.635834
0.000000
1.261859
2.510776
3.746748
4.969778
6.179863
7.377006
8.561205
9.732460
10.890772
12.036139
13.168564
14.288047
15.400871
16.513334
17.625435
18.737171
19.848543
20.959551
22.070196
23.180477
24.290394
25.399950
26.509136
27.617968
28.726429
29.834524
30.942265
32.049629
33.156639
34.263283
35.369564
36.475483
37.581032
38.686226
39.791046
40.895512
41.999611
43.103340
44.206715
45.309719
46.412357
47.514641
48.616554
49.718105
50.819294
51.920113
53.020576
54.120678
55.220413
56.319191
57.413506
58.502769
59.586979
60.666130
61.740231
62.809280
63.873272
64.932213
65.986099
67.034935
68.078712
69.117439
70.151108
71.179726
72.203293
73.221794
74.235260
75.243660
76.247009
77.245308
78.238556
79.226738
80.209877
81.187958
82.160988
83.128960
84.091881
85.049751
86.002563
86.950325
87.893028
88.830673
89.763283
90.690826
91.613312
92.530746
93.443138
94.356155
95.275505
96.201172
97.133163
98.071472
99.016106
99.967072
100.924355
101.887962
102.857887
103.834145
104.816719
105.805626
106.800850
107.802399
108.810272
109.824463
110.844986
111.871826
112.904991
113.944481
114.990295
116.042427
117.100883
118.165672
119.236778
120.314209
121.397964
122.488037
123.584450
124.687164
125.796219
126.911575
128.033279
129.161301
130.295639
131.436295
132.581894
133.724106
134.861557
135.994247
137.122162
138.245300
139.363693
140.477310
141.586166
142.690231
143.789551
144.884094
145.973877
147.058884
148.139130
149.214600
150.285309
151.351242
152.412415
153.468826
154.520462
155.567337
156.609436
157.646759
158.679337
159.707138
160.730179
161.748428
162.761932
163.770660
164.774612
165.773819
166.768250
167.757904
168.742783
169.722931
170.698273
171.668854
172.635376
173.598495
174.558212
175.514526
176.467453
177.416992
178.363129
179.305878
180.245209
181.181183
182.113724
183.042892
183.968643
184.891022
185.809998
186.725586
187.637756
188.546555
189.451950
190.353943
191.252548
192.147751
193.039581
193.927994
194.813019
195.694656
196.572876
197.447708
198.319153
199.187195
200.051865
200.913116
201.770966
202.625427
203.476517
204.324188
205.168472
206.009354
206.846848
207.680939
208.511642
209.338943
210.162842
210.983353
211.800476
212.614212
213.424530
214.231476
215.035004
215.835159
216.631897
217.425247
218.215210
219.001770
219.784927
220.564697
221.341064
222.114059
222.883636
223.649826
224.412628
225.172028
225.928040
226.680649
227.429871
228.175674
228.918106
229.657135
230.392761
231.125000
231.853851
232.579285
233.301346
234.020004
234.735260
235.447128
236.155594
236.860687
237.562378
238.260651
238.955521
239.647034
240.335129
241.019836
241.701141
242.379059
243.053574
243.724701
244.392426
245.056763
245.717712
246.375259
247.029388
