0.950004
0.024998
0.024998
0.024998
0.950004
0.024998
0.024998
0.024998
0.950004
0.000000
0.889546
1.788328
2.696347
3.613602
4.540094
5.475821
6.416101
7.356254
8.296277
9.236172
10.175937
11.115573
12.055079
12.994457
13.933706
14.872826
15.811816
16.750677
17.689409
18.628012
19.566488
20.504829
21.443045
22.381136
23.319092
24.256922
25.194618
26.132189
27.069630
28.006943
28.944126
29.881178
30.818104
31.754900
32.691570
33.628105
34.564510
35.500790
36.436939
37.372967
38.308857
39.244617
40.180252
41.115753
42.051132
42.986378
43.921497
44.856602
45.791725
46.726875
47.662052
48.597248
49.532471
50.467712
51.402985
52.338276
53.273594
54.208931
55.144299
56.079685
57.015099
57.950531
58.885986
59.821472
60.756977
61.692509
62.628063
63.563641
64.499245
65.434868
66.370514
67.306183
68.241882
69.177597
70.113342
71.049110
71.984901
72.920715
73.856560
74.792419
75.728310
76.664215
77.600151
78.536102
79.472092
80.408096
81.344116
82.280365
83.217957
84.157097
85.097771
86.039993
86.983757
87.929054
88.875893
89.824287
90.774208
91.725677
92.678680
93.633240
94.589333
95.546967
96.506142
97.466866
98.429131
99.392921
100.358269
101.325150
102.293579
103.263550
104.235062
105.208115
106.182701
107.158844
108.136520
109.115738
110.096497
111.078804
112.062645
113.048027
114.034950
115.023422
116.013428
117.004982
117.998077
118.992714
119.988892
120.986603
121.983650
122.974609
123.959229
124.937523
125.909477
126.875099
127.834381
128.787338
129.733963
130.674240
131.608200
132.535828
133.457108
134.372055
135.280670
136.182938
137.078903
137.968521
138.851807
139.728745
140.599350
141.463638
142.321579
143.173187
144.018478
144.857407
145.690018
146.516296
147.336243
148.149857
148.957108
149.758072
150.552658
151.340942
152.122879
152.898483
153.667770
154.430695
155.187286
155.937561
156.681488
157.423294
158.167068
158.912903
159.660751
160.410614
161.162506
161.916412
162.672348
163.430298
164.190262
164.952271
165.716278
166.482315
167.250381
168.020462
168.792572
169.566696
170.342834
171.121002
171.901199
172.683411
173.467651
174.253906
175.042175
175.832474
176.624802
177.419159
178.215515
179.013901
179.814301
180.616745
181.421188
182.227661
183.036148
183.846680
184.659210
185.473770
186.290359
187.108948
187.929581
188.752228
189.576904
190.403595
191.232315
192.063034
192.895782
193.730560
194.567368
195.406189
196.247040
197.089890
197.934784
198.781677
199.630615
200.481567
201.334534
202.189529
203.046555
203.905579
204.766647
205.629730
206.494843
207.361954
208.231110
209.102280
209.975464
210.850677
211.727905
212.607162
213.488449
214.371735
215.257050
216.144409
217.033752
217.925140
218.818558
219.713989
220.611435
221.510910
222.412399
223.315918
224.221451
225.129013
226.038589
226.950195
227.863831
0.000000
0.845826
1.780772
2.804836
3.918021
5.120324
6.411747
7.792289
9.211773
10.620018
12.017026
13.402797
14.777330
16.140625
17.492683
18.833504
20.163086
21.481434
22.788540
24.084414
25.369043
26.642441
27.904596
29.155518
30.395203
31.623650
32.840855
34.046825
35.241558
36.425056
37.597309
38.758335
39.908119
41.046665
42.173965
43.290043
44.394871
45.488468
46.570824
47.641941
48.701836
49.752014
50.801723
51.852501
52.904339
53.957241
55.011211
56.066242
57.122337
58.179501
59.237728
60.297020
61.357376
62.418793
63.481274
64.544823
65.609436
66.675110
67.741859
68.809662
69.878540
70.948471
72.019470
73.091537
74.164665
75.238861
76.314117
77.390442
78.467827
79.546280
80.625793
81.706375
82.788025
83.870735
84.954506
86.039848
87.127266
88.216759
89.308327
90.401970
91.497688
92.595482
93.695358
94.797295
95.901321
97.007416
98.115585
99.225830
100.338150
101.452553
102.569023
103.687576
104.808197
105.930893
107.055664
108.182503
109.311432
110.442429
111.575500
112.710655
113.847878
114.987175
116.128548
117.271996
118.417519
119.565125
120.714806
121.866554
123.018852
124.162621
125.296341
126.419998
127.533607
128.637161
129.730667
130.814102
131.887482
132.950821
134.004089
135.047318
136.080490
137.103607
138.116653
139.119675
140.112625
141.095520
142.068359
143.031128
143.983887
144.926544
145.859177
146.781754
147.694244
148.596710
149.489120
150.371460
151.243759
152.105988
152.958176
153.800308
154.632385
155.454407
156.267822
157.074066
157.873138
158.665039
159.449799
160.227371
160.997787
161.761032
162.517090
163.266006
164.007751
164.742340
165.469757
166.190002
166.903061
167.608978
168.307724
168.999313
169.683716
170.360962
171.031021
171.693939
172.349686
172.998276
173.639679
174.273926
174.901001
175.520905
176.133652
176.739227
177.337662
177.928894
178.512970
179.089890
179.659637
180.222198
180.777618
181.325867
181.866943
182.400848
182.927597
183.447174
183.959595
184.464844
184.962921
185.453842
185.937576
186.414154
186.883575
187.345810
187.800888
188.248810
188.689560
189.123138
189.549545
189.968796
190.380875
190.785782
191.183533
191.574112
191.957520
192.333771
192.702866
193.064774
193.419510
193.767090
194.107513
194.440765
194.766830
195.085754
195.397491
195.702087
195.999496
196.289749
196.572815
196.848740
197.117477
197.379074
197.633469
197.880722
198.120804
198.353714
198.579468
198.798050
199.009460
199.213699
199.410797
199.600708
199.783463
199.959045
200.127441
200.288696
200.442780
200.589706
200.729446
200.862030
200.987442
201.105698
201.216766
201.320694
201.417435
201.507019
201.589447
201.664688
201.732773
201.793686
201.847427
201.894012
201.933426
201.965683
201.990768
202.008682
202.019424
202.023010
0.000000
3.570772
5.693883
7.780160
9.829594
11.842182
13.817930
15.756831
17.658890
19.524103
21.352476
23.144003
24.898687
26.616526
28.297520
29.941673
31.548981
33.119446
34.653065
36.149841
37.609779
39.032867
40.419113
41.768509
43.081070
44.356785
45.595654
46.799057
47.997246
49.202602
50.415127
51.634819
52.861675
54.095699
55.336891
56.585247
57.840775
59.103466
60.373322
61.650345
62.934540
64.225899
65.524422
66.830116
68.142975
69.462990
70.790184
72.124542
73.466080
74.814766
76.170624
77.533653
78.903847
80.280106
81.655884
83.030098
84.402733
85.773804
87.143295
88.511208
89.877548
91.242325
92.605515
93.967133
95.327187
96.685661
98.042557
99.397888
100.751640
102.103821
103.454430
104.803459
106.150925
107.496803
108.841118
110.183853
111.525017
112.864616
114.202629
115.534645
116.849899
118.147896
119.428627
120.692085
121.938293
123.167229
124.378899
125.573303
126.750450
127.910332
129.052948
130.178299
131.286392
132.377213
133.450760
134.507050
135.546082
136.567856
137.572342
138.559601
139.529556
140.482285
141.417709
142.335892
143.236816
144.126144
145.009552
145.887054
146.758667
147.624359
148.484146
149.338028
150.185989
151.028046
151.864182
152.694427
153.518753
154.337173
155.149689
155.956284
156.756973
157.551773
158.340637
159.123596
159.900650
160.671799
161.437027
162.196365
162.949783
163.697281
164.438889
165.174576
165.904358
166.628235
167.346191
168.058243
168.764404
169.464630
170.158951
170.847382
171.529877
172.206482
172.877182
173.541946
174.200836
174.853790
175.500854
176.141983
176.777222
177.406555
178.029968
178.647476
179.259079
179.864761
180.464539
181.058411
181.646362
182.228439
182.804581
183.374802
183.939133
184.497543
185.050049
185.596649
186.137329
186.672119
187.200989
187.723938
188.240982
188.752136
189.257370
189.756699
190.250107
190.737625
191.219208
191.694901
192.164688
192.628555
193.086517
193.538559
193.984695
194.424927
194.859253
195.287659
195.710175
196.126785
196.537460
196.942230
197.341110
197.734070
198.121109
198.502258
198.877502
199.246811
199.610214
199.967743
200.319321
200.665009
201.004791
201.338654
201.666611
201.988663
202.304794
202.615036
202.919357
203.217773
203.510269
203.796860
204.077545
204.352341
204.621201
204.884155
205.141205
205.392334
205.637558
205.876892
206.110306
206.337799
206.559387
206.775085
206.984848
207.188721
207.386673
207.578720
207.764862
207.945084
208.119400
208.287827
208.450317
208.606918
208.757599
208.902374
209.041229
209.174179
209.301254
209.422394
209.537598
209.646927
209.750320
209.847839
209.939438
210.025116
210.104889
210.178741
210.246704
210.308746
210.364883
210.415100
210.459427
210.497849
210.530350
210.556931
210.577621
210.592392
210.601257
210.604202
