0.990063
0.004968
0.004968
0.004968
0.990063
0.004968
0.004968
0.004968
0.990063
0.000000
0.000000
0.723133
1.773945
2.819377
3.859430
4.894103
5.923396
6.947308
7.965840
8.978993
9.986767
10.989160
11.986171
12.977804
13.964058
14.944932
15.920423
16.890539
17.855268
18.814623
19.768599
20.717188
21.660404
22.598234
23.530689
24.457760
25.379454
26.295767
27.206703
28.112255
29.012428
29.907227
30.796637
31.680672
32.559326
33.432598
34.300491
35.163006
36.020142
36.871891
37.718266
38.559258
39.394875
40.230877
41.073059
41.921410
42.775936
43.636631
44.503498
45.376534
46.255745
47.141129
48.032684
48.930408
49.834305
50.744370
51.660610
52.583019
53.511600
54.446354
55.387280
56.334377
57.287643
58.247082
59.212692
60.184475
61.162430
62.146561
63.136856
64.133324
65.135971
66.144775
67.159752
68.180908
69.208237
70.241737
71.281410
72.327248
73.379257
74.437447
75.501793
76.572319
77.649025
78.731895
79.820930
80.913887
82.001434
83.082565
84.157288
85.225601
86.287506
87.342995
88.392082
89.434753
90.471016
91.500870
92.524307
93.541344
94.551964
95.556168
96.553970
97.545364
98.530342
99.508911
100.481071
101.446823
102.406158
103.359093
104.305603
105.245712
106.179413
107.106697
108.027580
108.942047
109.850098
110.751747
111.646988
112.535812
113.418228
114.294235
115.163826
116.027016
116.883789
117.734146
118.578110
119.415642
120.246780
121.071693
121.896675
122.724777
123.555984
124.390305
125.227753
126.068314
126.911980
127.758766
128.608673
129.461700
130.317841
131.177078
132.039444
132.904938
133.773529
134.645248
135.520065
136.398010
137.279068
138.163254
139.050522
139.940948
140.834457
141.731094
142.630844
143.533707
144.439682
145.348785
146.261002
147.176331
148.094772
149.016327
149.941010
150.868790
151.799698
152.733719
153.670853
154.611099
155.554474
156.500961
157.450562
158.403275
159.356659
160.305695
161.250244
162.190292
163.125854
164.056915
164.983475
165.905533
166.823090
167.736145
168.644714
169.548782
170.448349
171.343430
172.233994
173.120071
174.001663
174.878738
175.751328
176.619415
177.483002
178.342087
179.196686
180.046768
180.892380
181.733475
182.570084
183.402176
184.229782
185.052902
185.871490
186.685608
187.495224
188.300339
189.100952
189.897095
190.688705
191.475830
192.258469
193.036591
193.810226
194.579346
195.346420
196.133789
196.946899
197.785736
198.650345
199.540680
200.456772
201.398621
202.366196
203.359528
204.378601
205.423416
206.493988
207.590302
208.712372
209.860184
211.033737
212.233032
213.458069
214.708878
215.985413
217.287704
218.615738
219.969513
221.349030
222.754303
224.185333
225.642105
227.124619
228.632874
230.166870
231.726624
233.312134
234.923370
236.560364
238.223099
239.911591
241.625809
243.365784
245.131516
246.922989
248.740204
250.583145
0.000000
0.000000
1.280786
2.623309
3.958265
5.285653
6.605473
7.917726
9.222410
10.519526
11.809074
13.091056
14.365469
15.632314
16.891592
18.143303
19.387445
20.624020
21.853025
23.074465
24.288334
25.494637
26.693375
27.884542
29.068142
30.244173
31.412638
32.573536
33.726860
34.872623
36.014065
37.154442
38.293747
39.431984
40.569157
41.705261
42.840302
43.974266
45.107166
46.239002
47.369766
48.499462
49.628094
50.755653
51.882145
53.007568
54.131927
55.255219
56.377445
57.498600
58.618683
59.737705
60.855648
61.972538
63.088348
64.203102
65.316780
66.429390
67.540932
68.651413
69.760818
70.869156
71.976425
73.082634
74.187775
75.291840
76.394836
77.496780
78.597641
79.697441
80.796173
81.893829
82.990425
84.085945
85.180412
86.273811
87.366127
88.457382
89.547562
90.636688
91.724739
92.811722
93.897636
94.982483
96.066505
97.150261
98.233780
99.317070
100.400131
101.482948
102.565536
103.647888
104.730011
105.811897
106.893555
107.974976
109.056160
110.137123
111.217842
112.298332
113.378586
114.458603
115.538391
116.617943
117.697273
118.776360
119.855209
120.933830
122.012222
123.090378
124.168297
125.245987
126.323441
127.400658
128.477646
129.554398
130.630920
131.707214
132.783264
133.859085
134.934677
136.010025
137.085159
138.160034
139.234680
140.309113
141.383301
142.457245
143.530975
144.604462
145.677704
146.750732
147.823517
148.896072
149.968399
151.040482
152.112335
153.183945
154.254959
155.322891
156.387421
157.448486
158.506119
159.560318
160.611069
161.658401
162.702286
163.742722
164.779739
165.813293
166.843430
167.870132
168.893387
169.913193
170.929565
171.942505
172.952011
173.958069
174.960693
175.959900
176.955643
177.947952
178.936829
179.922256
180.904251
181.882812
182.857941
183.829620
184.797852
185.762665
186.724045
187.681961
188.636459
189.587509
190.535126
191.479309
192.420044
193.357346
194.291199
195.221634
196.148621
197.072174
197.992279
198.908966
199.822189
200.731979
201.638336
202.541260
203.440750
204.336807
205.229401
206.118576
207.004349
207.887802
208.769333
209.648972
210.526718
211.402557
212.276474
213.148514
214.018631
214.886856
215.753189
216.617599
217.480133
218.340744
219.199448
220.056274
220.911179
221.764191
222.615280
223.464493
224.311783
225.157181
226.000687
226.842270
227.681961
228.519760
229.355637
230.189606
231.021698
231.851868
232.680145
233.506531
234.330994
235.153580
235.974243
236.792984
237.609848
238.424820
239.237869
240.049026
240.858276
241.665634
242.471085
243.274612
244.076263
244.876007
245.673843
246.469788
247.263809
248.055954
248.846191
249.634506
250.420944
251.205460
251.988068
252.726318
253.377716
253.942261
254.419937
254.810776
255.000000
255.000000
255.000000
255.000000
0.000000
1.276992
2.555048
3.834166
5.114348
6.395593
7.677900
8.961271
10.245706
11.531202
12.817763
14.105385
15.394072
16.683823
17.974632
19.266504
20.559446
21.853449
23.148514
24.444639
25.741829
27.036770
28.326151
29.609970
30.888229
32.160927
33.428062
34.689640
35.945652
37.196110
38.441002
39.680336
40.914108
42.142315
43.364967
44.582058
45.793583
46.999550
48.199959
49.394798
50.584087
51.767807
52.945972
54.118572
55.285614
56.447094
57.603008
58.753368
59.898170
61.037407
62.171078
63.299191
64.421745
65.538734
66.650169
67.756035
68.856346
69.951096
71.040283
72.123917
73.201981
74.274475
75.341431
76.402802
77.458633
78.508896
79.553596
80.592735
81.626312
82.654335
83.676781
84.695656
85.715775
86.737381
87.760452
88.785004
89.811020
90.838516
91.867477
92.897926
93.929832
94.963226
95.998085
97.034424
98.072227
99.111504
100.152260
101.194481
102.238190
103.283363
104.330009
105.378128
106.427711
107.478783
108.531326
109.585335
110.640823
111.697777
112.756210
113.816124
114.877495
115.940353
117.004677
118.070473
119.137741
120.206497
121.276711
122.348404
123.421570
124.496208
125.572319
126.649910
127.728958
128.809494
129.891495
130.974976
132.059921
133.146347
134.234238
135.323624
136.414459
137.506210
138.595520
139.681824
140.765121
141.845413
142.922699
143.996979
145.068253
146.136505
147.201767
148.264023
149.323257
150.379501
151.432724
152.482941
153.530167
154.574371
155.615570
156.653763
157.688965
158.721146
159.750336
160.776489
161.799667
162.819824
163.836960
164.851120
165.862244
166.870377
167.875488
168.877609
169.876724
170.872818
171.865921
172.856003
173.843094
174.827164
175.808243
176.786285
177.761353
178.733398
179.702438
180.668472
181.631500
182.591522
183.548538
184.502548
185.453552
186.401550
187.346527
188.288559
189.227982
190.164993
191.099594
192.031769
192.961533
193.888901
194.813828
195.736374
196.656494
197.574188
198.489471
199.402359
200.312836
201.220871
202.126526
203.029755
203.930573
204.828964
205.724960
206.618530
207.509705
208.398453
209.284790
210.168732
211.050232
211.929337
212.806030
213.680298
214.552155
215.421616
216.288651
217.153275
218.015488
218.875275
219.732666
220.587646
221.440201
222.290359
223.138092
223.983398
224.826324
225.666824
226.504898
227.340576
228.173828
229.004669
229.833099
230.659119
231.482727
232.303925
233.126953
233.956161
234.791519
235.632996
236.480637
237.334412
238.194336
239.060394
239.932587
240.810959
241.695435
242.586075
243.482849
244.385773
245.294830
246.210052
247.131393
248.058899
248.992538
249.932312
250.878235
251.830307
252.788513
253.752884
254.723373
255.000000
255.000000
255.000000
255.000000
255.000000
255.000000
255.000000
255.000000
255.000000
