0.962753
0.018624
0.018624
0.018624
0.962753
0.018624
0.018624
0.018624
0.962753
0.000000
0.876586
1.762699
2.658340
3.563509
4.478205
5.402429
6.336181
7.279461
8.232269
9.194604
10.166467
11.147857
12.138778
13.139224
14.149197
15.168700
16.197729
17.236288
18.284372
19.335878
20.384699
21.430836
22.474285
23.515053
24.553133
25.588528
26.621239
27.651264
28.678604
29.703257
30.725227
31.744511
32.761108
33.775024
34.786251
35.794792
36.800652
37.803825
38.804314
39.802116
40.797234
41.789665
42.779411
43.766468
44.750843
45.732536
46.711544
47.687866
48.661503
49.632450
50.600716
51.566292
52.529186
53.489399
54.446922
55.401756
56.353912
57.303379
58.250446
59.196739
60.142544
61.087852
62.032673
62.977009
63.920845
64.864197
65.807060
66.749420
67.691307
68.632690
69.573593
70.514000
71.453918
72.393341
73.332283
74.270721
75.208679
76.146149
77.083122
78.019608
78.955597
79.891106
80.826118
81.760635
82.694672
83.628212
84.561272
85.493835
86.425896
87.357483
88.288567
89.219170
90.149277
91.078896
92.008018
92.936661
93.864815
94.792465
95.719650
96.646439
97.572800
98.498741
99.424263
100.349365
101.274040
102.198303
103.122147
104.045570
104.968567
105.891151
106.813309
107.735054
108.656380
109.577278
110.497757
111.417816
112.337463
113.256683
114.175484
115.093872
116.011833
116.929375
117.846497
118.763199
119.679482
120.595345
121.510788
122.425804
123.340408
124.254593
125.168350
126.081696
126.994614
127.907127
128.819199
129.730865
130.642090
131.552963
132.463638
133.374191
134.284607
135.194870
136.105011
137.015015
137.924866
138.834595
139.744171
140.653610
141.562927
142.472092
143.381119
144.290024
145.198776
146.107391
147.015869
147.924225
148.832413
149.740494
150.648422
151.556213
152.463867
153.371384
154.278763
155.186020
156.093109
157.000076
157.906906
158.813599
159.720139
160.626556
161.532837
162.438980
163.344986
164.250839
165.156570
166.062149
166.967621
167.875137
168.786942
169.703018
170.623352
171.547974
172.476883
173.410049
174.347488
175.289215
176.235214
177.185486
178.140030
179.098862
180.061951
181.029343
182.000977
182.976898
183.957108
184.941574
185.930328
186.923355
187.920670
188.922226
189.928085
190.938217
191.952606
192.971298
193.994247
195.021484
196.052994
197.088760
198.128815
199.173157
200.221741
201.274628
202.331787
203.393219
204.458923
205.528900
206.603149
207.681686
208.764511
209.851578
210.942947
212.038574
213.138489
214.242676
215.351135
216.463867
217.580887
218.702164
219.827713
220.957565
222.091675
223.230057
224.372711
225.519669
226.670883
227.826355
228.986130
230.150162
231.318481
232.491074
233.667923
234.849075
236.034485
237.224167
238.418152
239.616394
240.818909
242.025696
243.236755
244.452103
245.671707
246.895615
248.123779
249.356216
250.592941
0.000000
0.000000
0.121796
1.623314
3.104625
4.565725
6.006616
7.427299
8.827772
10.208035
11.568090
12.907935
14.227572
15.526999
16.806215
18.065224
19.304024
20.522615
21.720995
22.899166
24.057131
25.203506
26.346924
27.487383
28.624880
29.759420
30.890999
32.019619
33.145279
34.267982
35.387722
36.504505
37.618324
38.729187
39.837086
40.942028
42.044014
43.143036
44.239098
45.332207
46.422344
47.509529
48.593754
49.675022
50.753326
51.828671
52.901058
53.970486
55.036953
56.100460
57.161007
58.218594
59.273220
60.324890
61.373596
62.419350
63.462135
64.503227
65.543839
66.583992
67.623688
68.662910
69.701675
70.739983
71.777824
72.815193
73.852104
74.888565
75.924553
76.960075
77.995140
79.029739
80.063881
81.097557
82.130768
83.163513
84.195808
85.227631
86.258987
87.289886
88.320335
89.350304
90.379814
91.408867
92.437447
93.465576
94.493240
95.520432
96.547165
97.573433
98.599243
99.624588
100.649475
101.674644
102.700897
103.728203
104.756561
105.785988
106.816467
107.848015
108.880623
109.914284
110.949013
111.984802
113.021645
114.059547
115.098518
116.138550
117.179634
118.221779
119.264992
120.309258
121.354591
122.400978
123.448433
124.496941
125.546509
126.597137
127.648834
128.701584
129.755386
130.810257
131.866196
132.923187
133.981232
135.040344
136.100525
137.161758
138.224060
139.286118
140.346649
141.405685
142.463181
143.519180
144.573654
145.626587
146.678024
147.727936
148.776337
149.823212
150.868561
151.912399
152.954712
153.995529
155.034790
156.072556
157.108795
158.143509
159.176727
160.208420
161.238571
162.267227
163.294357
164.319962
165.344055
166.366623
167.387680
168.407211
169.425217
170.441711
171.456696
172.470139
173.482086
174.492508
175.501389
176.508820
177.514725
178.519135
179.522064
180.523514
181.523453
182.521912
183.518875
184.514359
185.508347
186.500854
187.491852
188.481369
189.469406
190.455933
191.440994
192.424545
193.406616
194.387207
195.366287
196.343887
197.320007
198.294632
199.267746
200.239395
201.209534
202.178207
203.145386
204.111069
205.075256
206.037949
206.999161
207.958893
208.917130
209.873871
210.829132
211.782883
212.735168
213.685944
214.635254
215.583038
216.529373
217.474182
218.417526
219.359375
220.299728
221.238602
222.175980
223.111862
224.046249
224.979156
225.910583
226.840515
227.768951
228.695892
229.621353
230.545334
231.467804
232.388794
233.308304
234.226303
235.142822
236.057861
236.971390
237.883453
238.794022
239.703079
240.610657
241.516754
242.421371
243.324478
244.226089
245.126221
246.024872
246.922028
247.817688
248.711853
249.604538
250.495743
251.385437
252.273666
253.160385
254.045609
254.929352
255.000000
255.000000
255.000000
255.000000
255.000000
255.000000
255.000000
0.000000
1.084556
2.176453
3.275694
4.382277
5.496202
6.617468
7.746078
8.882031
10.025325
11.175962
12.333942
13.499264
14.671927
15.851933
17.034483
18.214773
19.392807
20.568581
21.742098
22.913355
24.082355
25.249098
26.413584
27.575808
28.735777
29.893488
31.048941
32.202137
33.353073
34.501747
35.648167
36.792332
37.934235
39.073879
40.211269
41.346401
42.479275
43.609886
44.738239
45.864338
46.988178
48.109756
49.229088
50.346149
51.460957
52.573509
53.683792
54.791447
55.895481
56.995865
58.092606
59.185692
60.275131
61.360920
62.443062
63.521553
64.596397
65.667580
66.735130
67.799026
68.859268
69.915863
70.968803
72.018097
73.063751
74.105743
75.144089
76.178795
77.209839
78.237236
79.260986
80.281090
81.297539
82.310349
83.319496
84.324997
85.326851
86.325058
87.319618
88.310532
89.298645
90.289177
91.282974
92.280045
93.280396
94.284012
95.290909
96.301071
97.314514
98.331215
99.351204
100.374458
101.400978
102.430779
103.463852
104.500198
105.539810
106.582703
107.628860
108.678299
109.731003
110.786980
111.846230
112.908752
113.974548
115.043625
116.115959
117.191582
118.270462
119.352623
120.438049
121.526756
122.618736
123.713844
124.809052
125.903099
126.995987
128.087723
129.178314
130.267746
131.356018
132.443146
133.529114
134.613937
135.697586
136.780106
137.861450
138.941650
140.020691
141.098587
142.175323
143.250916
144.325348
145.398621
146.470734
147.541702
148.611511
149.680176
150.747665
151.814026
152.879227
153.943268
155.006165
156.067902
157.128464
158.187897
159.246170
160.298981
161.341980
162.375198
163.398621
164.412231
165.416077
166.410110
167.394363
168.368820
169.333481
170.288330
171.233398
172.168686
173.094177
174.009872
174.915756
175.811874
176.698181
177.574692
178.441422
179.298355
180.145477
180.982834
181.810379
182.628128
183.436096
184.234268
185.022629
185.801208
186.570023
187.329010
188.078201
188.817612
189.547241
190.267059
190.977081
191.677307
192.367752
193.048401
193.719254
194.380310
195.031586
195.673050
196.304733
196.926620
197.538727
198.141022
198.733536
199.316238
199.889160
200.452286
201.005615
201.549149
202.082901
202.606842
203.121002
203.625351
204.119934
204.604721
205.079712
205.544891
206.000290
206.445908
206.881714
207.307724
207.723938
208.130371
208.527008
208.913849
209.290894
209.658157
210.015610
210.363281
210.701157
211.029251
211.347534
211.656036
211.954727
212.243637
212.522751
212.792084
213.051605
213.301346
213.541275
213.771423
213.991776
214.202332
214.403107
214.594070
214.775253
214.946655
215.108231
215.260025
215.402039
215.534256
215.656662
215.769287
215.872131
215.965164
216.048416
216.121857
216.185501
216.239380
216.283447
216.317719
216.342209
216.356903
216.361801
