0.862434
0.068783
0.068783
0.068783
0.862434
0.068783
0.068783
0.068783
0.862434
0.000000
0.422973
0.868413
1.336320
1.826695
2.339537
2.874847
3.432624
4.012869
4.615581
5.240760
5.888407
6.558520
7.251102
7.966151
8.703669
9.463653
10.246102
11.051023
11.878407
12.728263
13.600583
14.495371
15.412625
16.352350
17.314543
18.299198
19.306324
20.335917
21.387976
22.462503
23.559502
24.665413
25.766689
26.863329
27.955336
29.042707
30.125443
31.203543
32.277008
33.345840
34.410034
35.469593
36.524517
37.574810
38.620464
39.661480
40.697861
41.729614
42.756725
43.779205
44.797050
45.810257
46.818832
47.822769
48.822071
49.816742
50.806774
51.792171
52.772930
53.749058
54.720551
55.687408
56.649632
57.607220
58.560169
59.508484
60.452164
61.391209
62.325623
63.255394
64.180542
65.101044
66.016914
66.928146
67.834747
68.736710
69.634048
70.526741
71.414795
72.298218
73.177010
74.051163
74.920685
75.785568
76.645988
77.505859
78.366760
79.228699
80.091675
80.955681
81.820732
82.686806
83.553925
84.422066
85.291260
86.161476
87.032730
87.905029
88.778358
89.652725
90.528122
91.404556
92.282028
93.160538
94.040077
94.920654
95.802269
96.684914
97.568604
98.453323
99.339073
100.225868
101.113701
102.002563
102.892456
103.783394
104.675354
105.568367
106.462395
107.357475
108.253593
109.150742
110.048920
110.948135
111.848389
112.749680
113.652008
114.555367
115.459763
116.365189
117.271660
118.179161
119.087700
119.997269
120.907883
121.819527
122.732208
123.645927
124.560417
125.474144
126.386864
127.298576
128.209259
129.118927
130.027573
130.935211
131.841843
132.747437
133.652039
134.555618
135.458176
136.359711
137.260239
138.159729
139.058228
139.955704
140.852158
141.747604
142.642029
143.535446
144.427826
145.319214
146.209579
147.098923
147.987259
148.874573
149.760864
150.646133
151.530396
152.413651
153.295883
154.177094
155.057297
155.936478
156.814636
157.691803
158.567917
159.443054
160.317154
161.190231
162.062302
162.933350
163.803391
164.672409
165.540405
166.407410
167.273376
168.138336
169.002274
169.865189
170.727081
171.587982
172.450150
173.319122
174.195206
175.078354
175.968597
176.865936
177.770355
178.681854
179.600449
180.526123
181.458878
182.398743
183.345673
184.299698
185.260803
186.228989
187.204285
188.186646
189.176102
190.172653
191.176270
192.186981
193.204788
194.229660
195.261642
196.300705
197.346848
198.400070
199.460388
200.527802
201.602280
202.683853
203.772537
204.868286
205.971115
207.081024
208.198044
209.322128
210.453323
211.591583
212.736938
213.889389
215.048920
216.215530
217.389221
218.570023
219.757874
220.952835
222.154877
223.364014
224.580231
225.803543
227.033920
228.271393
229.683289
231.436981
233.532440
235.969696
238.748718
241.869522
245.332108
249.136459
253.282593
0.000000
0.000000
0.497126
2.177792
3.840270
5.484557
7.110656
8.718568
10.308290
11.879823
13.433166
14.968321
16.485287
17.984062
19.464653
20.927053
22.371265
23.797287
25.205118
26.594765
27.966219
29.319485
30.654566
31.971455
33.270153
34.558186
35.843082
37.124844
38.403469
39.678947
40.951294
42.220509
43.486576
44.749508
46.009304
47.265961
48.519478
49.769859
51.017105
52.261211
53.502174
54.740005
55.974693
57.206249
58.434662
59.659939
60.882080
62.101078
63.316944
64.529671
65.739258
66.945702
68.149017
69.349197
70.546227
71.740128
72.930885
74.118507
75.302994
76.484329
77.662544
78.837616
80.009537
81.178337
82.344002
83.506516
84.665901
85.822136
86.975243
88.125206
89.272034
90.416412
91.562515
92.711044
93.861977
95.015320
96.171089
97.329269
98.489861
99.652878
100.818306
101.986145
103.156403
104.329071
105.504158
106.681664
107.861572
109.043907
110.228653
111.415810
112.605392
113.797379
114.991783
116.188606
117.387848
118.589493
119.793564
121.000046
122.208946
123.420250
124.633980
125.850121
127.068680
128.289658
129.513046
130.738846
131.967056
133.197693
134.430740
135.666199
136.904068
138.144363
139.387070
140.632202
141.879730
143.129684
144.382050
145.636841
146.889160
148.134155
149.371826
150.602173
151.825180
153.040878
154.249222
155.450256
156.643951
157.830322
159.009369
160.181091
161.345474
162.502533
163.652267
164.794662
165.929733
167.057495
168.177902
169.291000
170.396744
171.495178
172.586288
173.670059
174.746506
175.815643
176.877426
177.931900
178.979034
180.018829
181.051315
182.076462
183.094284
184.104767
185.107956
186.103775
187.092300
188.073456
189.047318
190.013855
190.973038
191.924911
192.869461
193.806656
194.736542
195.659103
196.574600
197.484589
198.389343
199.288864
200.183151
201.072220
201.956039
202.834610
203.707962
204.576080
205.438950
206.296616
207.149017
207.996201
208.838150
209.674850
210.506317
211.332565
212.153564
212.969330
213.779877
214.585175
215.385239
216.180069
216.969666
217.754028
218.533157
219.307053
220.075714
220.839127
221.597336
222.350281
223.098007
223.840485
224.577744
225.309769
226.036545
226.758087
227.474396
228.185471
228.891327
229.591934
230.287308
230.977448
231.662354
232.342026
233.016464
233.687027
234.355118
235.020737
235.683853
236.344513
237.002655
237.658340
238.311539
238.962265
239.610489
240.256241
240.899506
241.540283
242.178589
242.814407
243.447739
244.078598
244.706955
245.332840
245.956238
246.577164
247.195602
247.811554
248.425034
249.036026
249.644516
250.250549
250.854095
251.455139
252.053711
252.649811
253.243408
253.834549
254.423172
255.000000
255.000000
255.000000
255.000000
255.000000
255.000000
255.000000
255.000000
255.000000
255.000000
255.000000
0.000000
4.934616
9.738461
14.411536
18.953840
23.365377
27.646143
31.796139
35.815365
39.703823
43.461510
47.088421
50.584568
53.949947
57.184551
60.288391
63.261463
66.103760
68.815285
71.396042
73.846031
76.167542
78.436935
80.691185
82.930298
85.154266
87.363106
89.556801
91.735359
93.898773
96.047058
98.180199
100.298203
102.401070
104.488792
106.561386
108.618828
110.661140
112.688309
114.700340
116.697243
118.678993
120.647377
122.618729
124.597023
126.582268
128.574448
130.573563
132.579651
134.592651
136.612610
138.639496
140.673340
142.714127
144.761856
146.816528
148.878143
150.946686
153.022202
155.104645
157.194031
159.290359
161.393631
163.496826
165.571045
167.613144
169.623154
171.601059
173.546875
175.460571
177.342178
179.191681
181.009079
182.794388
184.547592
186.268677
187.957672
189.614563
191.239365
192.832047
194.392639
195.921143
197.417526
198.881821
200.310501
201.696426
203.039368
204.339325
205.596298
206.810272
207.981247
209.109253
210.194260
211.236267
212.235306
213.191345
214.104401
214.974472
215.801544
216.585632
217.326721
218.024841
218.679962
219.292099
219.861252
220.407379
220.950455
221.490479
222.027451
222.561356
223.092209
223.620026
224.144775
224.666473
225.185135
225.700714
226.213257
226.722748
227.229172
227.732559
228.232895
228.730164
229.224380
229.715561
230.203690
230.688736
231.170746
231.649704
232.125610
232.598465
233.068268
233.535019
233.998688
234.459335
234.916916
235.371460
235.822937
236.271347
236.716736
237.159058
237.598312
238.034531
238.467697
238.897797
239.324860
239.748871
240.169800
240.587708
241.002548
241.414337
241.823074
242.228760
242.631393
243.030960
243.427490
243.820953
244.211380
244.598740
244.983047
245.364304
245.742508
246.117676
246.489761
246.858810
247.224808
247.587753
247.947632
248.304474
248.658249
249.008972
249.356644
249.701279
250.042847
250.381363
250.716827
251.049225
251.378586
251.704895
252.028137
252.348328
252.665482
252.979568
253.290604
253.598587
253.903534
254.205399
254.504227
254.799988
255.092712
255.382385
255.669006
255.952560
256.233093
256.510529
256.784943
257.056274
257.324554
257.589813
257.852020
255.000000
255.000000
255.000000
255.000000
255.000000
255.000000
255.000000
255.000000
255.000000
255.000000
255.000000
255.000000
255.000000
255.000000
255.000000
255.000000
255.000000
255.000000
255.000000
255.000000
255.000000
255.000000
255.000000
255.000000
255.000000
255.000000
255.000000
255.000000
255.000000
255.000000
255.000000
255.000000
255.000000
255.000000
255.000000
255.000000
255.000000
255.000000
255.000000
255.000000
255.000000
255.000000
255.000000
255.000000
255.000000
255.000000
255.000000
255.000000
255.000000
255.000000
255.000000
255.000000
255.000000
255.000000
255.000000
255.000000
255.000000
