0.903489
0.048256
0.048256
0.048256
0.903489
0.048256
0.048256
0.048256
0.903489
0.000000
0.691205
1.392999
2.105382
2.828353
3.561913
4.306061
5.060798
5.826124
6.602038
7.388541
8.185631
8.993312
9.811581
10.640436
11.479883
12.329919
13.190540
14.061751
14.943551
15.835939
16.738918
17.652483
18.576637
19.511379
20.451256
21.390821
22.330074
23.269011
24.207634
25.145945
26.083942
27.021624
27.958990
28.896046
29.832785
30.769211
31.705322
32.641121
33.576603
34.511772
35.446629
36.381172
37.315395
38.249310
39.182911
40.116199
41.049171
41.981827
42.914177
43.846203
44.777920
45.709320
46.640408
47.571182
48.501640
49.431782
50.361614
51.291134
52.220337
53.149227
54.077801
55.006062
55.934010
56.861645
57.788967
58.715973
59.642662
60.569038
61.495102
62.420853
63.346291
64.271408
65.196198
66.120308
67.043594
67.966064
68.887703
69.808525
70.728523
71.647697
72.566040
73.483574
74.400276
75.316154
76.231216
77.145454
78.058861
78.971451
79.883217
80.794167
81.704277
82.613586
83.522057
84.429703
85.336533
86.242546
87.147720
88.052086
88.955620
89.858337
90.760231
91.661293
92.561539
93.460953
94.359558
95.257332
96.154289
97.050415
97.945717
98.840202
99.733871
100.626701
101.518723
102.409912
103.300285
104.189827
105.078545
105.966446
106.853516
107.739777
108.625214
109.509682
110.392349
111.273087
112.151878
113.028725
113.903648
114.776619
115.647659
116.516754
117.383919
118.249138
119.112419
119.973770
120.833176
121.690643
122.546173
123.399765
124.251419
125.101128
125.948906
126.794746
127.638649
128.480606
129.320618
130.158707
130.994858
131.829056
132.661331
133.491653
134.320038
135.146500
135.971008
136.793579
137.614227
138.432907
139.249664
140.064499
140.877380
141.688324
142.497330
143.304382
144.109512
144.912704
145.713959
146.513275
147.310654
148.106079
148.899567
149.691132
150.482407
151.277420
152.076355
152.879196
153.685989
154.496689
155.311310
156.129852
156.952332
157.778717
158.609039
159.443268
160.281448
161.123535
161.969543
162.819473
163.673325
164.531113
165.392807
166.258438
167.127991
168.001465
168.878860
169.760178
170.645416
171.534592
172.427673
173.324692
174.225632
175.130493
176.039261
176.951981
177.868607
178.789154
179.713638
180.642029
181.574356
182.510590
183.450760
184.394867
185.342865
186.294815
187.250671
188.210449
189.174164
190.141800
191.113342
192.088821
193.068222
194.058319
195.065918
196.091003
197.133575
198.193634
199.271194
200.366226
201.478760
202.608780
203.756287
204.921280
206.103775
207.303741
208.521210
209.756165
211.008606
212.278534
213.565964
214.870850
216.193253
217.533142
218.890518
220.265381
221.657730
223.067581
224.494904
225.939743
227.402039
228.881836
230.379120
231.893890
233.426163
234.975922
236.543152
238.127884
239.730103
0.000000
0.000000
0.000000
0.000000
1.850175
4.252645
6.544336
8.725248
10.795385
12.754743
14.603322
16.341125
17.968153
19.484396
20.889866
22.236877
23.577757
24.912504
26.241117
27.563599
28.879946
30.190159
31.494240
32.792187
34.084000
35.369678
36.649227
37.922642
39.189926
40.451073
41.706081
42.954967
44.197716
45.434330
46.664810
47.889156
49.107372
50.319454
51.525402
52.725220
53.918900
55.106449
56.287861
57.463142
58.632290
59.795303
60.952187
62.102936
63.247555
64.386040
65.518379
66.644600
67.764679
68.879646
69.995575
71.113480
72.233368
73.355240
74.479080
75.604904
76.732719
77.862503
78.994263
80.128021
81.263741
82.401443
83.541130
84.682785
85.826439
86.972061
88.119659
89.269241
90.420807
91.574341
92.729866
93.887367
95.046852
96.208305
97.371750
98.537163
99.704567
100.873947
102.045303
103.218643
104.393959
105.571259
106.750526
107.931793
109.115021
110.300240
111.487434
112.676613
113.866547
115.056015
116.245018
117.433563
118.621643
119.809250
120.996407
122.183090
123.369316
124.555077
125.740372
126.925201
128.109573
129.293472
130.476913
131.659897
132.842407
134.024460
135.206055
136.387177
137.567841
138.748016
139.927765
141.107025
142.285828
143.464172
144.642044
145.819458
146.996414
148.172897
149.348923
150.524490
151.699585
152.874222
154.048386
155.222076
156.395325
157.568085
158.739746
159.906448
161.067566
162.223053
163.372955
164.517227
165.655914
166.789001
167.916458
169.038315
170.154587
171.265228
172.370270
173.469727
174.563553
175.651794
176.734421
177.811432
178.882843
179.948654
181.008865
182.063461
183.112442
184.155838
185.193634
186.225800
187.252365
188.273331
189.288696
190.298447
191.302582
192.301147
193.294083
194.281418
195.263138
196.239258
197.209778
198.174683
199.134003
200.085373
201.026520
201.957428
202.878098
203.788528
204.688705
205.578659
206.458374
207.327850
208.187088
209.036087
209.874832
210.703354
211.521637
212.329681
213.127487
213.915054
214.692368
215.459457
216.216324
216.962921
217.699295
218.425430
219.141327
219.846970
220.542404
221.227585
221.902512
222.567215
223.221680
223.865906
224.499893
225.123627
225.737152
226.340424
226.933441
227.516220
228.088776
228.651108
229.203186
229.745026
230.276611
230.797974
231.309113
231.809982
232.300629
232.781036
233.251205
233.711121
234.160828
234.600266
235.029480
235.448471
235.857193
236.255692
236.643951
237.021973
237.389755
237.747299
238.094604
238.431671
238.758484
239.075089
239.381424
239.677536
239.963409
240.239044
240.504440
240.759598
241.004517
241.239197
241.463638
241.677841
241.881790
242.075531
242.259003
242.432251
242.595261
242.748032
242.890564
243.022858
243.144913
243.256729
243.358307
243.449631
243.530746
243.601593
0.000000
5.000000
9.924635
14.698583
19.321827
23.794369
28.116213
32.287350
36.307785
40.177525
43.896561
47.464886
50.882515
54.149445
57.265671
60.231190
63.046013
65.710121
68.223557
70.586266
72.832550
75.046158
77.230896
79.386772
81.513771
83.611916
85.681190
87.721603
89.733147
91.715828
93.669640
95.594597
97.490669
99.357887
101.196236
103.005722
104.786346
106.538101
108.270645
110.041946
111.861656
113.729782
115.646324
117.611275
119.624641
121.686417
123.796616
125.955215
128.162231
130.417664
132.721497
135.073761
137.474442
139.923508
142.421005
144.966919
147.556931
150.096298
152.546204
154.906677
157.177734
159.359344
161.451508
163.454254
165.367554
167.191422
168.925858
170.570877
172.126434
173.592560
174.969254
176.256500
177.454346
178.562729
179.581680
180.553207
181.519363
182.480148
183.435532
184.385559
185.330185
186.269440
187.203308
188.131775
189.054886
189.972595
190.884949
191.791901
192.693466
193.589661
194.480469
195.365891
196.245926
197.120590
197.989868
198.853760
199.712265
200.565399
201.413147
202.255524
203.092484
203.924088
204.750305
205.571136
206.386597
207.196671
208.001358
208.800644
209.594574
210.383118
211.166260
211.944046
212.716431
213.483444
214.245056
215.001312
215.752182
216.497650
217.237747
217.972458
218.701797
219.425735
220.144302
220.857498
221.565292
222.267700
222.964737
223.656387
224.342667
225.023560
225.699051
226.369186
227.033920
227.693283
228.347260
228.995850
229.639069
230.276901
230.909332
231.536407
232.158081
232.774384
233.385300
233.990829
234.590988
235.185745
235.775131
236.359146
236.937759
237.511002
238.078857
238.641327
239.198410
239.750122
240.296463
240.837402
241.372955
241.903137
242.427933
242.947357
243.461365
243.970016
244.473282
244.971161
245.463669
245.950790
246.432526
246.908859
247.379837
247.845444
248.305634
248.760468
249.209900
249.653961
250.092636
250.525925
250.953827
251.376358
251.793503
252.205261
252.611664
253.012650
253.408264
253.798508
254.183350
254.562805
254.936890
255.305588
255.668915
256.026855
256.379425
256.726593
257.068359
257.404785
257.735809
258.061462
258.381683
258.696594
259.006073
255.000000
255.000000
255.000000
255.000000
255.000000
255.000000
255.000000
255.000000
255.000000
255.000000
255.000000
255.000000
255.000000
255.000000
255.000000
255.000000
255.000000
255.000000
255.000000
255.000000
255.000000
255.000000
255.000000
255.000000
255.000000
255.000000
255.000000
255.000000
255.000000
255.000000
255.000000
255.000000
255.000000
255.000000
255.000000
255.000000
255.000000
255.000000
255.000000
255.000000
255.000000
255.000000
255.000000
255.000000
255.000000
255.000000
255.000000
255.000000
255.000000
255.000000
255.000000
255.000000
255.000000
255.000000
255.000000
255.000000
255.000000
