0.934555
0.032722
0.032722
0.032722
0.934555
0.032722
0.032722
0.032722
0.934555
0.000000
1.026220
2.028560
3.007019
3.961599
4.892298
5.799117
6.682057
7.541116
8.376295
9.187595
9.975014
10.750649
11.526604
12.302875
13.079462
13.856367
14.633589
15.411125
16.188982
16.967154
17.745640
18.524446
19.303568
20.083010
20.862764
21.642838
22.423223
23.203932
23.984955
24.766294
25.547951
26.329926
27.112213
27.894821
28.677746
29.460985
30.244543
31.028418
31.812607
32.597115
33.381939
34.167084
34.952538
35.738312
36.524403
37.310814
38.097538
38.884583
39.671944
40.459618
41.247612
42.035915
42.824543
43.613487
44.402744
45.192432
45.984989
46.781406
47.581688
48.385834
49.193840
50.005714
50.821453
51.641048
52.464516
53.291843
54.123035
54.958088
55.797009
56.639790
57.486435
58.336948
59.191319
60.049557
60.911659
61.777626
62.647449
63.521145
64.398705
65.280128
66.165405
67.054558
67.947563
68.844444
69.745178
70.649780
71.558250
72.470581
73.386780
74.306839
75.230759
76.158539
77.090187
78.025703
78.965080
79.908325
80.855438
81.806404
82.761230
83.719925
84.681923
85.643860
86.605179
87.565880
88.525963
89.485428
90.444267
91.402489
92.360092
93.317078
94.273445
95.229179
96.184311
97.138817
98.092705
99.045967
99.998611
100.950645
101.902046
102.852837
103.802994
104.752548
105.701477
106.649780
107.597473
108.544540
109.490990
110.436821
111.382034
112.326622
113.270592
114.213943
115.156677
116.098785
117.040283
117.981155
118.921410
119.861038
120.800056
121.738441
122.676224
123.613388
124.549911
125.485832
126.421135
127.354523
128.282837
129.205933
130.123810
131.036469
131.943924
132.846146
133.743149
134.634949
135.521530
136.402908
137.279068
138.149994
139.015701
139.876205
140.731491
141.581558
142.426422
143.266052
144.100479
144.929688
145.753662
146.572433
147.385986
148.194321
148.997452
149.795349
150.588043
151.375519
152.157791
152.934814
153.706650
154.473267
155.234650
155.990829
156.741791
157.487534
158.228073
158.963379
159.693466
160.418350
161.138016
161.852463
162.561691
163.265717
163.974472
164.697922
165.436050
166.188889
166.956406
167.738632
168.535538
169.347122
170.173416
171.014404
171.870087
172.740448
173.625519
174.525253
175.439697
176.368851
177.312668
178.271210
179.244400
180.232330
181.234924
182.252197
183.284195
184.330872
185.392227
186.468292
187.559052
188.664490
189.784637
190.919464
192.068985
193.233185
194.412094
195.605713
196.813995
198.036987
199.274658
200.527023
201.794083
203.075836
204.372284
205.683426
207.009247
208.349762
209.704971
211.074890
212.459488
213.858765
215.272766
216.701431
218.144806
219.602859
221.075607
222.563049
224.065186
225.582031
227.113541
228.659760
230.220642
231.796249
233.386551
234.991516
236.611206
238.245575
239.894623
0.000000
0.712165
1.573407
2.583727
3.743124
5.051600
6.509152
8.115781
9.782898
11.421906
13.032805
14.615597
16.170280
17.696857
19.195324
20.665686
22.107937
23.522083
24.908119
26.266047
27.595867
28.897581
30.171185
31.416681
32.634075
33.823353
34.984531
36.117596
37.222553
38.299400
39.348141
40.368774
41.361305
42.325722
43.274090
44.235886
45.212440
46.203766
47.209854
48.230705
49.266323
50.316711
51.381859
52.461769
53.556446
54.665894
55.790100
56.929073
58.082809
59.251316
60.434582
61.632618
62.845413
64.072975
65.315300
66.572395
67.844261
69.130875
70.432266
71.748421
73.076187
74.396721
75.706856
77.006599
78.295952
79.574913
80.843491
82.101662
83.349457
84.586853
85.813866
87.030479
88.236710
89.432541
90.617989
91.793037
92.957695
94.111969
95.255852
96.389336
97.512436
98.625145
99.727455
100.819382
101.900917
102.972061
104.033226
105.093262
106.155815
107.220879
108.288452
109.358543
110.431145
111.506248
112.583870
113.664009
114.746651
115.831818
116.919479
118.009666
119.102356
120.197571
121.295280
122.395515
123.498260
124.603516
125.711281
126.821564
127.934349
129.049652
130.167465
131.287796
132.410629
133.530807
134.643112
135.747543
136.844147
137.932861
139.013718
140.086716
141.151855
142.209137
143.258560
144.300110
145.333817
146.359634
147.377609
148.387726
149.389984
150.384384
151.370895
152.349579
153.320389
154.283340
155.238419
156.185654
157.125015
158.056519
158.980164
159.895950
160.803879
161.703934
162.596130
163.480484
164.356964
165.225571
166.086334
166.939224
167.784271
168.621445
169.450745
170.272202
171.085800
171.891525
172.689407
173.479416
174.261566
175.035858
175.802277
176.560852
177.311554
178.054398
178.789383
179.516525
180.235794
180.947189
181.650726
182.346405
183.034225
183.714188
184.386292
185.050522
185.706909
186.355423
186.996078
187.628876
188.253799
188.870865
189.480087
190.081436
190.674927
191.260559
191.838333
192.408234
192.970291
193.524475
194.070801
194.609268
195.139862
195.662613
196.177505
196.684509
197.183670
197.674988
198.158432
198.634003
199.101715
199.561584
200.013580
200.457718
200.893967
201.322403
201.742935
202.155655
202.560471
202.957443
203.346558
203.727798
204.101196
204.466721
204.824387
205.174179
205.516144
205.850235
206.176453
206.494812
206.805298
207.107941
207.402740
207.689651
207.968704
208.239914
208.503250
208.758728
209.006332
209.246094
209.477982
209.702026
209.918182
210.126511
210.326950
210.519547
210.704269
210.881149
211.050140
211.211304
211.364578
211.510010
211.647583
211.777267
211.899124
212.013107
212.119232
212.217484
212.307877
212.390427
212.465103
212.531921
212.590866
212.641968
212.685196
212.720581
212.748093
212.767731
212.779526
212.783463
0.000000
4.898717
9.594867
14.088450
18.379467
22.467918
26.353802
30.037121
33.517868
36.793236
39.770626
42.405132
44.696747
46.645477
48.251320
49.514271
50.434338
51.011513
51.296116
51.753536
52.496971
53.526432
54.841919
56.443417
58.330944
60.504486
62.964054
65.633278
68.198219
70.624924
72.913422
75.063683
77.075722
78.949539
80.685135
82.282501
83.771271
85.212532
86.608131
87.958076
89.262360
90.520996
91.733971
92.901283
94.022942
95.119171
96.210190
97.295998
98.376610
99.452003
100.522194
101.587166
102.646950
103.701515
104.750862
105.795021
106.833961
107.867691
108.896217
109.919533
110.937645
111.950554
112.958252
113.960732
114.958015
115.950089
116.936951
117.918617
118.895058
119.866302
120.832329
121.793159
122.748779
123.699196
124.644394
125.584389
126.519173
127.448753
128.373138
129.292282
130.206238
131.115005
132.018539
132.916870
133.809998
134.697906
135.580612
136.458130
137.330429
138.197510
139.059387
139.916061
140.767517
141.613785
142.454834
143.290680
144.121307
144.946732
145.766937
146.581955
147.391754
148.196350
148.995743
149.789902
150.578903
151.362656
152.141205
152.914551
153.682693
154.445633
155.203339
155.955872
156.703171
157.445282
158.182175
158.913864
159.640335
160.361603
161.077667
161.788528
162.494171
163.194611
163.889847
164.579865
165.264679
165.944290
166.618683
167.287872
167.951874
168.610657
169.264221
169.912582
170.555740
171.193695
171.826431
172.453964
173.076279
173.693390
174.305313
174.912003
175.513489
176.109787
176.700851
177.286728
177.867386
178.442841
179.013092
179.578125
180.137970
180.692581
181.242004
181.786194
182.325195
182.859009
183.387589
183.910950
184.429123
184.942093
185.449844
185.952393
186.449738
186.941849
187.428772
187.910492
188.387009
188.858307
189.324387
189.785263
190.240952
190.691437
191.136673
191.576736
192.011566
192.441223
192.865646
193.284866
193.698883
194.107697
194.511292
194.909683
195.302856
195.690842
196.073608
196.451172
196.823532
197.190659
197.552597
197.909348
198.260864
198.607162
198.948273
199.284164
199.614868
199.940353
200.260620
200.575699
200.885559
201.190201
201.489639
201.783890
202.072906
202.356750
202.635345
202.908752
203.176956
203.439957
203.697739
203.950302
204.197662
204.439819
204.676773
204.908539
205.135056
205.356400
205.572510
205.783432
205.989136
206.189606
206.384903
206.574997
206.759888
206.939545
207.113998
207.283234
207.447281
207.606125
207.759750
207.908173
208.051392
208.189407
208.322189
208.449783
208.572159
208.689331
208.801285
208.908066
209.009613
209.105942
209.197098
209.283005
209.363724
209.439255
209.509537
209.574646
209.634537
209.689209
209.738678
209.782944
209.822021
209.855865
209.884506
209.907944
209.926163
209.939194
209.947006
209.949585
