0.990949
0.004526
0.004526
0.004526
0.990949
0.004526
0.004526
0.004526
0.990949
0.000000
0.926719
1.852979
2.778780
3.704121
4.629002
5.553424
6.477386
7.400890
8.323933
9.246518
10.168643
11.090308
12.011514
12.932260
13.852546
14.772375
15.691744
16.610651
17.529102
18.447090
19.364620
20.281691
21.198303
22.114454
23.030146
23.945379
24.860153
25.774467
26.688322
27.601717
28.514652
29.427130
30.339148
31.250706
32.161800
33.072441
33.982616
34.892338
35.801598
36.710400
37.618740
38.526619
39.434044
40.341007
41.247509
42.154682
43.063667
43.974453
44.887043
45.801441
46.717651
47.635658
48.555470
49.477093
50.400517
51.325748
52.252785
53.181625
54.112278
55.044727
55.978989
56.915051
57.852921
58.792595
59.734077
60.677364
61.622456
62.569351
63.518051
64.468559
65.420876
66.374992
67.330917
68.288651
69.248184
70.209526
71.172676
72.137627
73.104385
74.072945
75.043312
76.015480
76.989464
77.965248
78.942841
79.922234
80.903435
81.884529
82.863586
83.840622
84.815620
85.788597
86.759537
87.728455
88.695335
89.660194
90.623016
91.583817
92.542580
93.499321
94.454033
95.406708
96.357361
97.305984
98.252571
99.197136
100.139664
101.080170
102.018654
102.955093
103.889511
104.821899
105.752258
106.680580
107.606880
108.531151
109.453392
110.373604
111.291786
112.207939
113.122063
114.034164
114.944229
115.852257
116.758263
117.662247
118.564186
119.464119
120.362000
121.259468
122.158142
123.058006
123.959076
124.861343
125.764816
126.669479
127.575340
128.482407
129.390656
130.300110
131.210770
132.122635
133.035690
133.949936
134.865387
135.782028
136.699890
137.618927
138.539185
139.460632
140.383270
141.307114
142.232147
143.158386
144.085815
145.014465
145.944290
146.875320
147.807556
148.740982
149.675613
150.611435
151.548447
152.486679
153.426102
154.366714
155.308548
156.251556
157.195770
158.141190
159.087799
160.033310
160.975449
161.914169
162.849533
163.781509
164.710083
165.635284
166.557083
167.475494
168.390533
169.302185
170.210434
171.115311
172.016785
172.914871
173.809570
174.700897
175.588821
176.473373
177.354523
178.232300
179.106674
179.977661
180.845276
181.709488
182.570328
183.427750
184.281815
185.132477
185.979752
186.823669
187.664169
188.501282
189.335007
190.165359
190.992310
191.815887
192.636063
193.452850
194.266251
195.076279
195.882889
196.698105
197.533737
198.389862
199.266464
200.163513
201.081055
202.019073
202.977570
203.956512
204.955963
205.975861
207.016235
208.077087
209.158417
210.260223
211.382492
212.525238
213.688461
214.872147
216.076324
217.300964
218.546066
219.811661
221.097717
222.404251
223.731247
225.078735
226.446686
227.835098
229.244003
230.673386
232.123230
233.593567
235.084335
236.595612
238.127350
239.679550
241.252243
242.845398
244.459030
246.093140
247.747726
0.000000
1.475469
2.935295
4.379478
5.808017
7.220912
8.618165
9.999773
11.365739
12.716062
14.050741
15.369778
16.673168
17.960918
19.233023
20.489487
21.730307
22.955482
24.165014
25.358902
26.537148
27.699749
28.846708
29.978024
31.093695
32.193726
33.278111
34.346855
35.399952
36.445938
37.493355
38.542198
39.592468
40.644161
41.697285
42.751831
43.807808
44.865208
45.924034
46.984287
48.045967
49.109074
50.173607
51.239563
52.306950
53.375759
54.445995
55.517658
56.590752
57.665264
58.741207
59.818581
60.897373
61.977592
63.059242
64.142311
65.226814
66.312744
67.400101
68.488869
69.579071
70.670708
71.763771
72.858246
73.954170
75.051506
76.150261
77.250450
78.352066
79.455101
80.559578
81.665474
82.772797
83.881531
84.991714
86.103317
87.216339
88.330719
89.445045
90.558716
91.671753
92.784134
93.895874
95.006966
96.117409
97.227196
98.336349
99.444862
100.552711
101.659927
102.766487
103.872406
104.977676
106.082298
107.186272
108.289604
109.392296
110.494331
111.595718
112.696465
113.796562
114.896019
115.994812
117.092972
118.190483
119.287346
120.383568
121.479134
122.574059
123.668343
124.761971
125.854958
126.947296
128.038971
129.130020
130.220428
131.310181
132.399277
133.487732
134.575562
135.662704
136.749237
137.835114
138.920334
140.004913
141.088837
142.171844
143.252365
144.330078
145.404999
146.477158
147.546524
148.613113
149.676910
150.737946
151.796173
152.851639
153.904297
154.954178
156.001282
157.045609
158.087143
159.125885
160.161865
161.195038
162.225449
163.253067
164.277908
165.299957
166.319229
167.335724
168.349426
169.360352
170.368484
171.373840
172.376419
173.376205
174.373199
175.367432
176.358856
177.347519
178.333405
179.316483
180.296783
181.274307
182.249039
183.220993
184.190170
185.156555
186.120163
187.080978
188.039032
188.994293
189.946762
190.896454
191.843674
192.789261
193.733246
194.675613
195.616348
196.555481
197.493011
198.428909
199.363205
200.295883
201.226959
202.156403
203.084244
204.010483
204.935089
205.858093
206.779465
207.699234
208.617416
209.533951
210.448883
211.362198
212.273911
213.184006
214.092468
214.999344
215.904602
216.808243
217.710266
218.610687
219.509476
220.406677
221.302231
222.196213
223.088547
223.979279
224.868408
225.755920
226.641800
227.526077
228.408752
229.289810
230.169250
231.047073
231.923294
232.797882
233.670868
234.542252
235.412003
236.270996
237.110092
237.929276
238.728546
239.507919
240.267365
241.006912
241.726562
242.426285
243.106125
243.766037
244.406052
245.026138
245.626328
246.206604
246.766983
247.307449
247.828003
248.328659
248.809387
249.270218
249.711136
250.132156
250.533264
250.914459
251.275742
251.617111
251.938599
252.240158
252.521805
252.783569
253.025391
0.000001
1.818055
3.594469
5.329243
7.022378
8.673873
10.283730
11.851945
13.378523
14.863461
16.306757
17.708418
19.068434
20.386814
21.663553
22.898655
24.092117
25.243938
26.354116
27.444387
28.536497
29.630434
30.726204
31.823801
32.923229
34.024490
35.127583
36.232502
37.339252
38.447834
39.558250
40.670490
41.784565
42.900467
44.018200
45.137764
46.259159
47.382381
48.507439
49.634323
50.763042
51.893589
53.025963
54.160172
55.296211
56.434078
57.573776
58.715309
59.858669
61.003860
62.150879
63.299728
64.450409
65.602921
66.757263
67.913437
69.071449
70.231285
71.392937
72.556435
73.721756
74.887375
76.049500
77.207954
78.362740
79.513863
80.661324
81.805130
82.945259
84.081726
85.214539
86.343681
87.469154
88.590973
89.709122
90.823608
91.934425
93.041580
94.145081
95.244904
96.341072
97.433571
98.522415
99.607582
100.689095
101.766937
102.841118
103.911636
104.978485
106.041679
107.101196
108.157059
109.209259
110.257790
111.302658
112.343857
113.381401
114.415283
115.445496
116.472038
117.494926
118.514145
119.529701
120.542480
121.557915
122.576904
123.599426
124.625511
125.655121
126.688293
127.725006
128.765274
129.809082
130.856415
131.907318
132.961761
134.019745
135.081299
136.146378
137.214996
138.287186
139.362900
140.442169
141.524994
142.611328
143.701233
144.794693
145.891693
146.992233
148.096329
149.203949
150.315140
151.429871
152.548141
153.669952
154.795334
155.924240
157.056702
158.192703
159.332245
160.475342
161.621994
162.772171
163.925903
165.083191
166.243652
167.398651
168.544708
169.681824
170.809998
171.929230
173.039505
174.140839
175.233215
176.316681
177.391174
178.456726
179.513336
180.561005
181.599716
182.629501
183.650330
184.662216
185.665146
186.659149
187.644211
188.620316
189.587463
190.545685
191.494949
192.435272
193.366669
194.289093
195.202591
196.107147
197.002747
197.889404
198.767105
199.635880
200.495697
201.346573
202.188507
203.021500
203.845535
204.660629
205.466766
206.263977
207.052246
207.834442
208.613495
209.389389
210.162125
210.931717
211.698135
212.461411
213.221497
213.978470
214.732254
215.482895
216.230377
216.974701
217.715866
218.453857
219.188736
219.920425
220.648956
221.374344
222.096558
222.815628
223.531540
224.244278
224.953873
225.660309
226.363602
227.063721
227.760681
228.454483
229.145142
229.832626
230.516968
231.198135
231.876160
232.551010
233.222733
233.891281
234.556671
235.218918
235.877975
236.533905
237.186676
237.836273
238.482727
239.126022
239.766144
240.403122
241.036942
241.667603
242.295105
242.919464
243.540649
244.158676
244.773560
245.385269
245.993851
246.599228
247.201477
247.800568
248.396500
248.989288
249.578903
250.165359
250.748672
251.328812
251.905792
252.479630
253.050293
