0.946390
0.026805
0.026805
0.026805
0.946390
0.026805
0.026805
0.026805
0.946390
0.000000
0.783563
1.574913
2.374051
3.180977
3.995690
4.818191
5.648479
6.486556
7.332419
8.186070
9.047509
9.916736
10.793749
11.678551
12.571140
13.471518
14.379682
15.295633
16.219372
17.150900
18.085506
19.018480
19.949825
20.879539
21.807623
22.734077
23.658899
24.582092
25.503654
26.423584
27.341887
28.258558
29.173595
30.087006
30.998787
31.908936
32.817451
33.724339
34.629597
35.533222
36.435219
37.335587
38.234325
39.131424
40.026901
40.920750
41.812962
42.703545
43.592499
44.479820
45.365513
46.249573
47.132004
48.012802
48.891972
49.769512
50.645424
51.519699
52.392349
53.263363
54.132751
55.000511
55.866634
56.731140
57.593998
58.455235
59.314838
60.172810
61.029156
61.883869
62.738846
63.595978
64.455261
65.316711
66.180305
67.046059
67.913971
68.784027
69.656250
70.530624
71.407150
72.285843
73.166687
74.049683
74.934830
75.822144
76.711609
77.603218
78.496994
79.392921
80.291016
81.191254
82.093651
82.998199
83.904907
84.813766
85.724792
86.637962
87.553291
88.470772
89.390419
90.312218
91.236160
92.162270
93.090538
94.020950
94.953522
95.888252
96.825134
97.764175
98.705376
99.648720
100.594223
101.541893
102.491699
103.443672
104.397804
105.354088
106.312531
107.273125
108.235359
109.198769
110.163338
111.129066
112.095955
113.063995
114.033203
115.003563
115.975090
116.947769
117.921608
118.896606
119.872765
120.850082
121.828560
122.808197
123.788986
124.770943
125.754051
126.738327
127.723747
128.710342
129.698074
130.686996
131.677048
132.668289
133.660660
134.654190
135.648911
136.644760
137.641785
138.639954
139.639282
140.639786
141.641434
142.644241
143.648224
144.653351
145.659637
146.667084
147.675690
148.685455
149.696365
150.708450
151.721695
152.736099
153.751663
154.768372
155.786255
156.805283
157.822983
158.836761
159.846680
160.852707
161.854874
162.853134
163.847534
164.838043
165.824661
166.807419
167.786270
168.761276
169.732361
170.699600
171.662933
172.622391
173.577988
174.529678
175.477509
176.421448
177.361496
178.297684
179.229980
180.158401
181.082932
182.003586
182.920364
183.833252
184.742279
185.647415
186.548645
187.446030
188.339523
189.229126
190.114868
190.996704
191.874664
192.748764
193.618958
194.485291
195.347733
196.206299
197.060989
197.911774
198.758698
199.601746
200.440903
201.276169
202.107574
202.935089
203.775864
204.646988
205.548462
206.480316
207.442505
208.435074
209.458008
210.511307
211.594955
212.708969
213.853348
215.028091
216.233200
217.468674
218.734482
220.030670
221.357224
222.714142
224.101410
225.519058
226.967056
228.445419
229.954147
231.493225
233.062668
234.662491
236.292664
237.953186
239.644089
241.365341
243.116959
244.898941
246.711273
248.554001
250.427048
0.000000
1.400497
2.796759
4.188787
5.576581
6.960140
8.339464
9.714553
11.085410
12.452030
13.814416
15.172568
16.526485
17.876169
19.221619
20.560781
21.891607
23.214096
24.528246
25.834059
27.131536
28.420673
29.701475
30.973938
32.238064
33.493855
34.741302
35.980419
37.211193
38.433636
39.647736
40.853497
42.050930
43.240017
44.420769
45.593182
46.757259
47.913002
49.060402
50.199463
51.330193
52.452583
53.566639
54.672356
55.769730
56.858772
57.939472
59.011837
60.075871
61.131561
62.178913
63.217930
64.248611
65.270950
66.284950
67.290619
68.287949
69.280418
70.276550
71.276726
72.280945
73.289207
74.301506
75.317856
76.338249
77.362679
78.391151
79.423676
80.460236
81.500839
82.545494
83.594185
84.646919
85.703705
86.764519
87.829384
88.898300
89.971245
91.048241
92.129280
93.214363
94.303490
95.396652
96.493866
97.595123
98.700417
99.809761
100.923149
102.040573
103.162048
104.287552
105.417122
106.550720
107.688354
108.830048
109.975777
111.125557
112.279373
113.437225
114.598557
115.760010
116.921013
118.081558
119.241653
120.401299
121.560486
122.719223
123.877510
125.035347
126.192726
127.349648
128.506119
129.662155
130.817719
131.972839
133.127518
134.281723
135.435501
136.588806
137.741669
138.894073
140.046036
141.197540
142.348587
143.499176
144.649338
145.799011
146.948257
148.097046
149.245377
150.393265
151.540695
152.687683
153.834213
154.980286
156.125916
157.271088
158.415817
159.560059
160.703873
161.847260
162.989914
164.126587
165.255096
166.375427
167.487595
168.591583
169.687424
170.775070
171.854568
172.925888
173.989044
175.044022
176.090836
177.129486
178.159958
179.182266
180.196411
181.202377
182.200195
183.189819
184.171280
185.144592
186.109711
187.066666
188.015457
188.956100
189.888550
190.812820
191.728943
192.636902
193.536667
194.428268
195.311722
196.186996
197.054092
197.913040
198.763809
199.606384
200.440826
201.267090
202.085175
202.895096
203.696854
204.493164
205.286758
206.077652
206.865829
207.651291
208.434036
209.214066
209.991394
210.765991
211.537903
212.307068
213.073547
213.837296
214.598343
215.356659
216.112289
216.865204
217.615387
218.362854
219.107620
219.849670
220.589020
221.325623
222.059540
222.790741
223.519241
224.244995
224.968048
225.688400
226.406036
227.120956
227.833160
228.542648
229.249420
229.953491
230.654846
231.353485
232.049408
232.742615
233.433121
234.120911
234.805984
235.488358
236.167999
236.844925
237.519150
238.190659
238.859451
239.525528
240.188904
240.849564
241.507507
242.162720
242.815247
243.465042
244.112122
244.756516
245.398178
246.037109
246.673355
247.306870
247.937698
248.565796
249.191177
249.813843
250.433807
251.051041
251.665573
252.277390
252.886490
253.492874
254.096558
0.000000
2.746859
5.299900
7.659122
9.824528
11.796113
13.573879
15.157829
16.639837
18.111773
19.573639
21.025436
22.467165
23.898823
25.320412
26.731930
28.133383
29.524761
30.906075
32.277313
33.638485
34.989590
36.330627
37.661587
38.982483
40.293312
41.594067
42.884750
44.165371
45.435917
46.696392
47.946804
49.187141
50.417412
51.637615
52.847748
54.047806
55.237801
56.417725
57.587574
58.747364
59.897076
61.044613
62.197884
63.356880
64.521599
65.692055
66.868233
68.050140
69.237762
70.431122
71.630211
72.835014
74.045555
75.261818
76.483818
77.711533
78.944977
80.184151
81.429047
82.679672
83.936020
85.198105
86.465912
87.739433
89.018700
90.303680
91.594398
92.890831
94.193001
95.500900
96.814522
98.133858
99.458931
100.789726
102.126259
103.466957
104.810310
106.156303
107.504936
108.856201
110.210114
111.566666
112.925858
114.287689
115.652161
117.019272
118.389030
119.761429
121.136459
122.514137
123.894447
125.277397
126.662994
128.051224
129.442108
130.835617
132.231781
133.630569
135.031998
136.436081
137.842804
139.252167
140.664169
142.078796
143.496078
144.915985
146.338547
147.763748
149.191589
150.610886
152.010513
153.390442
154.750671
156.091217
157.412064
158.713226
159.994705
161.256470
162.498550
163.720947
164.923645
166.106644
167.269958
168.413574
169.537506
170.641724
171.726288
172.791138
173.836288
174.861755
175.867523
176.853607
177.820007
178.766693
179.693695
180.601013
181.488632
182.356567
183.204803
184.033340
184.842194
185.631348
186.400803
187.160156
187.918884
188.677017
189.434555
190.191498
190.947861
191.703598
192.458771
193.213333
193.967316
194.720688
195.473480
196.225662
196.977249
197.728256
198.478668
199.228485
199.977692
200.726318
201.474335
202.221771
202.968613
203.714859
204.460510
205.205566
205.950027
206.693893
207.437180
208.179855
208.921936
209.663422
210.404312
211.144623
211.884323
212.623444
213.361954
214.099869
214.837204
215.573944
216.310074
217.045624
217.780579
218.514938
219.248688
219.981873
220.714447
221.446411
222.177795
222.908600
223.638779
224.368378
225.097397
225.825806
226.553619
227.280853
228.007462
228.733505
229.458939
230.183792
230.908051
231.631699
232.354767
233.077225
233.799103
234.520370
235.241058
235.961166
236.680649
237.399551
238.117859
238.835571
239.552689
240.269226
240.985138
241.700470
242.415207
243.129364
243.842911
244.555878
245.268234
245.979996
246.691177
247.401749
248.111740
248.821136
249.529938
250.238129
250.945740
251.652740
252.359177
253.064987
253.770218
254.474838
255.000000
255.000000
255.000000
255.000000
255.000000
255.000000
255.000000
255.000000
255.000000
255.000000
255.000000
255.000000
255.000000
255.000000
255.000000
255.000000
255.000000
255.000000
255.000000
