0.925515
0.037242
0.037242
0.037242
0.925515
0.037242
0.037242
0.037242
0.925515
0.000000
0.908888
1.822599
2.741132
3.664487
4.592665
5.525665
6.463487
7.406133
8.353599
9.305889
10.263000
11.224934
12.191690
13.163269
14.139670
15.120893
16.106941
17.097805
18.093496
19.094009
20.099344
21.109501
22.124479
23.144281
24.168903
25.198351
26.232618
27.271711
28.315624
29.364361
30.417919
31.476299
32.539501
33.607525
34.680374
35.758045
36.840534
37.927849
39.019985
40.116943
41.218727
42.325329
43.436752
44.553005
45.670219
46.784580
47.896069
49.004688
50.110447
51.213333
52.313354
53.410507
54.504791
55.596210
56.684761
57.770443
58.853260
59.933208
61.010288
62.084503
63.155849
64.224327
65.289932
66.352676
67.412552
68.469566
69.523705
70.574982
71.623390
72.668930
73.711601
74.751396
75.788330
76.822411
77.853607
78.881943
79.907402
80.930000
81.949730
82.966606
83.980598
84.991730
85.999985
87.005386
88.007912
89.007568
90.004364
90.998291
91.989349
92.978409
93.966324
94.953079
95.938698
96.923164
97.906487
98.888664
99.869705
100.849594
101.828331
102.805939
103.782387
104.757706
105.731865
106.704880
107.676750
108.647476
109.617065
110.585495
111.552795
112.518936
113.483940
114.447800
115.410507
116.372078
117.332497
118.291771
119.249908
120.206886
121.162727
122.117424
123.070976
124.023369
124.974640
125.924751
126.873718
127.821541
128.768219
129.713745
130.658127
131.601379
132.543488
133.484436
134.424225
135.362900
136.300705
137.237946
138.174622
139.110733
140.046280
140.981262
141.915680
142.849533
143.782822
144.715546
145.647705
146.579300
147.510315
148.440781
149.370682
150.300018
151.228806
152.156998
153.084641
154.011719
154.938232
155.864166
156.789551
157.714371
158.638626
159.562317
160.485443
161.408005
162.330002
163.251419
164.172272
165.092590
166.012314
166.931488
167.850098
168.768127
169.685608
170.602509
171.518860
172.434647
173.349854
174.264511
175.178589
176.092133
177.005081
177.919998
178.839386
179.763229
180.691574
181.624359
182.561646
183.503387
184.449615
185.400299
186.355469
187.315109
188.279221
189.247803
190.220856
191.198380
192.180389
193.166855
194.157822
195.153229
196.153122
197.157501
198.166321
199.179642
200.197418
201.219681
202.246414
203.277603
204.313293
205.353424
206.398056
207.447144
208.500702
209.558746
210.621262
211.688232
212.759705
213.835617
214.916031
216.000900
217.090240
218.184067
219.282364
220.385117
221.492355
222.604065
223.703949
224.775787
225.819534
226.835220
227.822845
228.782379
229.713852
230.617218
231.492538
232.339783
233.158936
233.950027
234.713043
235.447983
236.154831
236.833633
237.484344
238.106995
238.701553
239.268036
239.806458
240.316803
240.799072
241.253250
241.679367
242.077408
242.447372
242.789276
243.103104
243.388840
243.646500
0.000000
1.075822
2.150542
3.224158
4.296672
5.368082
6.438390
7.507595
8.575695
9.642694
10.708591
11.773382
12.837071
13.899658
14.961143
16.021523
17.080801
18.138975
19.196047
20.252016
21.306883
22.360647
23.413305
24.464861
25.515316
26.564667
27.612913
28.660059
29.706100
30.751041
31.794878
32.837605
33.879242
34.919769
35.959190
36.997517
38.034733
39.070847
40.105862
41.139771
42.172577
43.204273
44.234879
45.264378
46.292770
47.320057
48.346245
49.371334
50.395317
51.418777
52.442291
53.465866
54.489498
55.513187
56.536930
57.560734
58.584591
59.608509
60.632484
61.656513
62.680599
63.704746
64.728951
65.753204
66.777527
67.801895
68.826332
69.850815
70.875366
71.899963
72.924622
73.949333
74.974113
75.998940
77.023827
78.048767
79.073769
80.098839
81.123947
82.149124
83.174355
84.199638
85.224991
86.250389
87.275848
88.301361
89.326935
90.352562
91.378258
92.403992
93.429794
94.455658
95.481506
96.505890
97.528206
98.548462
99.566650
100.582779
101.596840
102.608841
103.618774
104.626648
105.632454
106.636200
107.637878
108.637489
109.635048
110.630531
111.623955
112.615318
113.604614
114.591850
115.577019
116.560120
117.541161
118.520142
119.497055
120.471893
121.444687
122.415413
123.384071
124.350662
125.315193
126.277657
127.238060
128.196396
129.152664
130.106888
131.059021
132.009109
132.957123
133.903076
134.846985
135.788818
136.728561
137.666260
138.602356
139.539383
140.477829
141.417648
142.358887
143.301529
144.245560
145.190994
146.137833
147.086060
148.035690
148.986725
149.939163
150.892990
151.848221
152.804855
153.762878
154.722321
155.683151
156.645386
157.609009
158.574036
159.540451
160.508301
161.477524
162.448151
163.420166
164.393600
165.368439
166.344666
167.322296
168.301315
169.281738
170.263580
171.246796
172.231415
173.217438
174.204880
175.193695
176.183914
177.175537
178.168564
179.162979
180.158798
181.155762
182.153229
183.151169
184.149597
185.148483
186.147842
187.147690
188.148010
189.148804
190.150085
191.151810
192.154053
193.156738
194.159897
195.163544
196.167664
197.172272
198.177353
199.182892
200.188919
201.195404
202.202377
203.209824
204.217743
205.226151
206.235031
207.244370
208.254211
209.264496
210.275269
211.286545
212.298264
213.310455
214.323135
215.336288
216.349915
217.364029
218.378601
219.393661
220.409180
221.425186
222.441681
223.458618
224.476059
225.484543
226.474686
227.446503
228.399963
229.335098
230.251877
231.150314
232.030426
232.892197
233.735611
234.560684
235.367416
236.155792
236.925842
237.677551
238.410904
239.125931
239.822617
240.500931
241.160934
241.802582
242.425903
243.030853
243.617477
244.185760
244.735703
245.267288
245.780548
246.275452
246.752029
247.210251
247.650146
0.000000
0.996255
1.996562
3.000922
4.009334
5.021798
6.038313
7.058882
8.083502
9.112175
10.144899
11.181676
12.222506
13.267387
14.316320
15.369306
16.426346
17.487434
18.552576
19.621771
20.695019
21.772318
22.853668
23.939074
25.028528
26.122034
27.219595
28.321205
29.426870
30.536589
31.650356
32.768177
33.890049
35.015976
36.145950
37.279984
38.418068
39.560200
40.706387
41.852848
42.995819
44.135296
45.271278
46.403770
47.532768
48.658268
49.780277
50.898792
52.013813
53.125336
54.233372
55.337910
56.438957
57.536507
58.630566
59.721130
60.808197
61.891773
62.971855
64.048447
65.121536
66.191139
67.257240
68.319855
69.378983
70.434601
71.486732
72.535370
73.580513
74.622169
75.660324
76.694977
77.726151
78.753822
79.778000
80.798698
81.815887
82.829582
83.839790
84.846497
85.849716
86.849442
87.846008
88.841476
89.836166
90.830086
91.823235
92.815613
93.807220
94.798065
95.788139
96.777443
97.765976
98.753738
99.740723
100.726959
101.712410
102.697090
103.681007
104.664154
105.646523
106.628128
107.608963
108.589027
109.568321
110.546852
111.524605
112.501595
113.477814
114.453262
115.427933
116.401848
117.374985
118.347359
119.318947
120.289780
121.259834
122.229126
123.197639
124.165398
125.132378
126.098587
127.064026
128.028702
128.992599
129.955734
130.918808
131.882599
132.847076
133.812225
134.778076
135.744614
136.711853
137.679764
138.648361
139.617661
140.587646
141.558319
142.529678
143.501724
144.474472
145.447906
146.422028
147.396835
148.372345
149.348541
150.325409
151.302994
152.281235
153.260193
154.239822
155.220154
156.201172
157.182861
158.165268
159.148331
160.132111
161.116562
162.101730
163.087570
164.074097
165.061325
166.049225
167.037827
168.027100
169.017090
170.007751
170.999115
171.991150
172.983902
173.977432
174.971756
175.966858
176.962753
177.959442
178.956894
179.955170
180.954224
181.954071
182.954712
183.956131
184.958344
185.961349
186.965149
187.969727
188.975113
189.981277
190.988220
191.995972
193.004517
194.013855
195.023956
196.034866
197.046555
198.059052
199.072327
200.086395
201.101242
202.116898
203.133331
204.150574
205.168579
206.187393
207.206985
208.227386
209.248550
210.270538
211.293289
212.316833
213.341156
214.366302
215.392212
216.418915
217.434097
218.425369
219.392761
220.336273
221.255875
222.151611
223.023453
223.871414
224.695480
225.495682
226.271973
227.024399
227.752930
228.457565
229.138321
229.795197
230.428177
231.037277
231.622482
232.183807
232.721252
233.234802
233.724457
234.190247
234.632141
235.050140
235.444260
235.814499
236.160858
236.483322
236.781891
237.056580
237.307388
237.534302
237.737335
237.916489
238.071747
238.203110
238.310593
238.394196
238.453903
238.489731
238.501678
