0.983536
0.008232
0.008232
0.008232
0.983536
0.008232
0.008232
0.008232
0.983536
0.000000
1.500653
2.917431
4.250334
5.499361
6.664513
7.745789
8.743188
9.698332
10.652838
11.606705
12.559936
13.512527
14.464480
15.415797
16.366474
17.316515
18.265917
19.214680
20.162806
21.110294
22.057144
23.003353
23.948927
24.893864
25.838163
26.781824
27.724846
28.667229
29.608974
30.550081
31.490551
32.430386
33.369576
34.308132
35.246052
36.183331
37.119972
38.055977
38.991341
39.926067
40.860157
41.793617
42.726429
43.658600
44.590137
45.521042
46.451298
47.380928
48.309910
49.238258
50.165974
51.093040
52.019474
52.945271
53.870422
54.796986
55.726990
56.660431
57.597317
58.537640
59.481407
60.428616
61.379269
62.333359
63.290894
64.251869
65.216286
66.184151
67.155449
68.130196
69.108376
70.089996
71.075066
72.063576
73.055519
74.050911
75.049751
76.052025
77.057739
78.066902
79.079498
80.095535
81.115021
82.137939
83.164314
84.194122
85.227364
86.264061
87.304192
88.347771
89.394775
90.445236
91.499138
92.556473
93.617256
94.681480
95.749146
96.820259
97.894798
98.972786
100.054222
101.139099
102.227417
103.316399
104.403313
105.488136
106.570885
107.651543
108.730133
109.806633
110.881042
111.953377
113.023628
114.091797
115.157883
116.221886
117.283806
118.343643
119.401405
120.457077
121.510666
122.562172
123.611595
124.658936
125.704201
126.747375
127.788467
128.827484
129.864410
130.899261
131.932022
132.962708
133.991302
135.017822
136.042267
137.064606
138.084885
139.103058
140.119171
141.133179
142.145126
143.154984
144.162766
145.168442
146.172058
147.173584
148.173019
149.170395
150.165665
151.158875
152.149979
153.140747
154.132965
155.126602
156.121643
157.118134
158.116043
159.115372
160.116135
161.118301
162.121918
163.126938
164.133392
165.141266
166.150574
167.161301
168.173447
169.187027
170.202026
171.218445
172.236313
173.255585
174.276260
175.298401
176.321945
177.346909
178.373306
179.401123
180.430374
181.461044
182.493149
183.526657
184.561600
185.597977
186.635757
187.674973
188.715622
189.757690
190.801163
191.846085
192.892426
193.940201
194.989380
196.039993
197.092041
198.145493
199.200394
200.256683
201.314423
202.369263
203.416885
204.457260
205.490417
206.516327
207.535034
208.546509
209.550751
210.547760
211.537552
212.520111
213.495453
214.463562
215.424438
216.378098
217.324524
218.263718
219.195694
220.120422
221.037949
221.948227
222.851303
223.747131
224.635742
225.517120
226.391281
227.258209
228.117905
228.970383
229.815613
230.653641
231.484436
232.307999
233.124329
233.933441
234.735321
235.529968
236.317413
237.097595
237.870575
238.636322
239.394852
240.146133
240.890182
241.627029
242.356628
243.079025
243.794174
244.502106
245.202805
245.896286
246.582520
247.261551
247.933319
248.597885
249.255219
0.000000
1.109358
2.259866
3.451522
4.684328
5.958281
7.273385
8.629637
9.999807
11.356660
12.700197
14.030416
15.347320
16.650908
17.941177
19.218132
20.481771
21.732092
22.969099
24.192787
25.403160
26.600216
27.783957
28.954380
30.111488
31.255280
32.385754
33.502911
34.606758
35.697281
36.774487
37.838387
38.888962
39.926220
40.950169
41.960793
42.958099
43.942097
44.912777
45.872868
46.838779
47.813240
48.796253
49.787811
50.787922
51.796581
52.813793
53.839550
54.873859
55.916718
56.968124
58.028080
59.096588
60.173645
61.259251
62.353405
63.456108
64.567368
65.687164
66.815514
67.952423
69.097870
70.251877
71.414421
72.585526
73.765182
74.953377
76.150131
77.355431
78.569275
79.791672
81.016472
82.237511
83.454811
84.668358
85.878151
87.084198
88.286491
89.485039
90.679832
91.870872
93.058167
94.241707
95.421501
96.597542
97.769836
98.938377
100.103165
101.264198
102.421501
103.575035
104.724823
105.870865
107.013145
108.151680
109.286469
110.417511
111.544792
112.668335
113.788116
114.904144
116.016434
117.126053
118.239594
119.358139
120.481682
121.610237
122.743797
123.882362
125.025932
126.174500
127.328079
128.486664
129.650253
130.818848
131.992447
133.171066
134.354660
135.543289
136.736893
137.935516
139.139160
140.347794
141.561432
142.780075
144.003723
145.232376
146.466034
147.704697
148.948380
150.197052
151.450729
152.709412
153.973099
155.234116
156.484741
157.724976
158.954849
160.174347
161.383453
162.582184
163.770538
164.948517
166.116119
167.273315
168.420151
169.556610
170.682709
171.798401
172.903732
173.998688
175.083237
176.157440
177.221237
178.274673
179.317734
180.350388
181.372696
182.384598
183.386154
184.377304
185.358078
186.328491
187.288513
188.238159
189.177429
190.106308
191.024811
191.932938
192.830704
193.718079
194.595062
195.461685
196.317932
197.163773
197.999252
198.824356
199.639084
200.443420
201.237381
202.020981
202.794174
203.557007
204.309464
205.051529
205.783234
206.504547
207.215485
207.916031
208.606216
209.286026
209.955444
210.614471
211.263153
211.901428
212.529327
213.146851
213.754013
214.350784
214.937180
215.513184
216.078827
216.634079
217.178955
217.713455
218.237579
218.751312
219.254684
219.747681
220.230286
220.702499
221.164352
221.615814
222.056915
222.487640
222.907959
223.317902
223.717499
224.106689
224.485504
224.853958
225.212021
225.559692
225.897003
226.223938
226.540466
226.846649
227.142456
227.427856
227.702881
227.967529
228.221817
228.465714
228.699234
228.922363
229.135132
229.337509
229.529510
229.711136
229.882401
230.043259
230.193741
230.333862
230.463593
230.582947
230.691925
230.790527
230.878738
230.956573
231.024048
231.081131
231.127823
231.164154
231.190094
231.205658
231.210846
0.000000
2.186233
3.732465
5.256572
6.758557
8.238418
9.696155
11.131766
12.545257
13.936621
15.305863
16.652983
17.977976
19.280846
20.561592
21.820215
23.056713
24.271088
25.463343
26.633469
27.781471
28.916086
30.058657
31.210161
32.370594
33.539951
34.718243
35.905464
37.101612
38.306686
39.520695
40.743633
41.975498
43.216293
44.466019
45.724670
46.992252
48.268768
49.554207
50.848583
52.149677
53.444298
54.730236
56.007496
57.276073
58.535973
59.787189
61.029724
62.263580
63.488758
64.705254
65.913063
67.112198
68.302650
69.484421
70.657509
71.821922
72.977654
74.124702
75.263947
76.414795
77.585190
78.775108
79.984566
81.213562
82.462097
83.730164
85.017761
86.324905
87.651581
88.997795
90.363548
91.748833
93.153656
94.578018
96.021912
97.485352
98.968323
100.470818
101.978821
103.478279
104.969193
106.451561
107.925392
109.390671
110.847412
112.295601
113.735252
115.166359
116.588913
118.002945
119.408409
120.805336
122.193726
123.573570
124.944862
126.307625
127.661842
129.007507
130.344620
131.673187
132.993225
134.304733
135.607666
136.902084
138.187927
139.465256
140.734024
141.994247
143.245926
144.489075
145.723663
146.949722
148.167221
149.376190
150.576614
151.768494
152.951828
154.126617
155.292862
156.450562
157.599701
158.740326
159.872391
160.995911
162.110901
163.217346
164.315216
165.404572
166.485397
167.557648
168.621368
169.676544
170.723160
171.761261
172.790802
173.811798
174.824234
175.828140
176.823517
177.810349
178.788635
179.758347
180.719543
181.672211
182.616302
183.551849
184.478867
185.397339
186.307266
187.208664
188.101486
188.985779
189.861526
190.728760
191.587402
192.437531
193.279129
194.112137
194.936630
195.752579
196.559952
197.358826
198.149139
198.930908
199.704117
200.468826
201.224945
201.972534
202.711578
203.442093
204.164047
204.877472
205.582352
206.278687
206.966476
207.645691
208.316406
208.978546
209.632156
210.277222
210.913742
211.541733
212.161163
212.772049
213.374390
213.968185
214.553452
215.130173
215.698349
216.257980
216.809067
217.351593
217.885605
218.411057
218.927963
219.436310
219.936127
220.427399
220.910141
221.384323
221.849976
222.307068
222.755630
223.195648
223.627106
224.050018
224.464417
224.870239
225.267532
225.656281
226.036499
226.408142
226.771255
227.125854
227.471878
227.809357
228.138306
228.458694
228.770554
229.073837
229.368607
229.654846
229.932526
230.201645
230.462250
230.714294
230.957779
231.192764
231.419159
231.637024
231.846359
232.047134
232.239380
232.423065
232.598221
232.764847
232.922882
233.072403
233.213394
233.345810
233.469711
233.585052
233.691833
233.790115
233.879822
233.960983
234.033600
234.097687
234.153229
234.200226
234.238678
234.268555
234.289932
234.302750
234.307007
