0.975691
0.012155
0.012155
0.012155
0.975691
0.012155
0.012155
0.012155
0.975691
0.000000
1.960491
3.294668
4.317982
5.345882
6.378366
7.415437
8.457094
9.503337
10.554166
11.609579
12.669579
13.734165
14.803337
15.877093
16.955439
18.038366
19.125883
20.217981
21.314667
22.415943
23.521801
24.632246
25.747274
26.866892
27.991091
29.119879
30.253250
31.390791
32.523251
33.646847
34.761581
35.867455
36.964462
38.052608
39.131897
40.202320
41.263882
42.316582
43.360416
44.395393
45.421505
46.438755
47.447144
48.446671
49.437332
50.419128
51.392071
52.356152
53.311367
54.257717
55.195206
56.123837
57.043602
57.956520
58.874714
59.800198
60.732979
61.673046
62.620407
63.575058
64.536995
65.506233
66.482758
67.466583
68.457687
69.456093
70.461777
71.474762
72.495041
73.522606
74.557465
75.599609
76.649055
77.705788
78.769806
79.841118
80.919731
82.005615
83.098816
84.195969
85.288910
86.377274
87.461075
88.540306
89.614952
90.685036
91.750549
92.811478
93.867836
94.919632
95.966850
97.009491
98.047569
99.081070
100.110001
101.134354
102.154137
103.169350
104.179993
105.186058
106.187553
107.184464
108.176819
109.164604
110.147804
111.126831
112.102104
113.073624
114.041382
115.005379
115.965614
116.922096
117.874809
118.823776
119.768967
120.710403
121.648087
122.582001
123.512161
124.438560
125.361191
126.280075
127.195198
128.106552
129.014145
129.917984
130.818054
131.714386
132.606934
133.495743
134.380783
135.262054
136.139572
137.013321
137.883316
138.749573
139.612045
140.470749
141.325729
142.176910
143.024353
143.868027
144.707947
145.544113
146.376511
147.205154
148.030029
148.851151
149.668503
150.482101
151.291931
152.098007
152.900330
153.698898
154.493698
155.284714
156.072006
156.855530
157.635269
158.411285
159.183517
159.951996
160.716721
161.477676
162.234879
162.988297
163.737991
164.483902
165.226059
165.964447
166.699097
167.429977
168.157089
168.880447
169.600052
170.315887
171.027969
171.736282
172.440842
173.141647
173.838684
174.531967
175.221481
175.907242
176.589233
177.267487
177.941956
178.612671
179.279617
179.942825
180.602280
181.257935
181.909851
182.558014
183.202423
183.843063
184.479950
185.113052
185.742416
186.368027
186.989853
187.607925
188.222244
188.832809
189.439606
190.042633
190.641922
191.237442
191.829193
192.417206
193.001434
193.581924
194.158630
194.731583
195.300797
195.866241
196.427902
196.985825
197.539978
198.090378
198.637024
199.179901
199.719009
200.254379
200.785965
201.313812
201.837891
202.358215
202.874756
203.387573
203.896606
204.401886
204.903397
205.401169
205.895157
206.385406
206.871872
207.354599
207.833557
208.308746
208.780197
209.247864
209.711777
210.171951
210.628357
211.080978
211.529861
211.974991
212.416336
212.853943
213.287781
213.717865
214.144165
214.566742
214.985535
0.000000
0.509778
1.139890
1.890338
2.761120
3.752237
4.863689
6.033862
7.201139
8.365521
9.527010
10.685602
11.841303
12.994105
14.144014
15.291028
16.435150
17.576374
18.714705
19.850140
20.982681
22.112326
23.239079
24.362934
25.483896
26.601967
27.717140
28.829414
29.938799
31.045288
32.148880
33.249580
34.347275
35.441322
36.531612
37.618141
38.700912
39.779930
40.855183
41.926682
42.994419
44.058399
45.118626
46.175091
47.227798
48.276752
49.321938
50.363373
51.401051
52.434967
53.465130
54.491531
55.514172
56.533054
57.548187
58.559555
59.567165
60.571022
61.573681
62.577713
63.583122
64.589897
65.598045
66.607567
67.618462
68.630722
69.644363
70.659378
71.675751
72.693512
73.712631
74.733139
75.755005
76.778244
77.802864
78.828850
79.856209
80.884941
81.915039
82.946518
83.979362
85.013580
86.049179
87.085663
88.120224
89.152367
90.182106
91.209442
92.234360
93.256866
94.276978
95.294678
96.309967
97.322838
98.333313
99.341377
100.347038
101.350281
102.351120
103.349548
104.345573
105.339188
106.330391
107.319183
108.305573
109.289551
110.271133
111.250290
112.227043
113.199272
114.164864
115.123825
116.076149
117.021843
117.960892
118.893303
119.819084
120.738228
121.650734
122.556602
123.455833
124.348427
125.234390
126.113716
126.986397
127.852455
128.711868
129.564636
130.410782
131.250290
132.083160
132.909393
133.728989
134.541946
135.348267
136.147949
136.941010
137.727417
138.507187
139.280334
140.046829
140.806702
141.559952
142.306534
143.046478
143.779816
144.506500
145.226547
145.939972
146.646744
147.346878
148.040390
148.727264
149.407486
150.081085
150.748032
151.408356
152.062042
152.709091
153.349518
153.983292
154.610428
155.230942
155.844803
156.452026
157.052628
157.646576
158.233902
158.814590
159.388641
159.956055
160.516830
161.070969
161.618454
162.159332
162.693558
163.221161
163.742126
164.256424
164.764130
165.265167
165.759583
166.247375
166.728500
167.203003
167.670868
168.132095
168.586700
169.034637
169.475967
169.910645
170.338699
170.760132
171.174881
171.583023
171.984528
172.379395
172.767624
173.149231
173.524185
173.892502
174.254181
174.609238
174.957642
175.299423
175.634552
175.963058
176.284927
176.600143
176.908752
177.210693
177.506012
177.794708
178.076767
178.352173
178.620941
178.883087
179.138596
179.387451
179.629669
179.865265
180.094223
180.316544
180.532242
180.741287
180.943680
181.139450
181.328598
181.511093
181.686966
181.856186
182.018768
182.174728
182.324051
182.466736
182.602783
182.732193
182.854980
182.971100
183.080612
183.183472
183.279694
183.369293
183.452240
183.528564
183.598251
183.661285
183.717712
183.767471
183.810608
183.847122
183.876984
183.900208
183.916794
183.926758
183.930069
0.000000
1.884099
3.370658
4.459678
5.352695
6.251265
7.155382
8.065044
8.980254
9.901009
10.827312
11.759161
12.696558
13.639501
14.587988
15.542025
16.501606
17.466736
18.437410
19.413633
20.395401
21.382715
22.375578
23.373985
24.377941
25.386696
26.395754
27.404362
28.412527
29.420244
30.427517
31.434345
32.440723
33.446659
34.452152
35.457191
36.461792
37.465942
38.469650
39.472908
40.475723
41.478092
42.480015
43.481491
44.482521
45.483109
46.483246
47.483604
48.484844
49.486961
50.489960
51.493843
52.498600
53.504242
54.510765
55.518166
56.526451
57.535614
58.545662
59.556587
60.568394
61.581081
62.594650
63.609097
64.624428
65.640633
66.657722
67.675697
68.693794
69.707474
70.715981
71.719322
72.717491
73.710487
74.698311
75.680969
76.658455
77.630768
78.597916
79.559891
80.516693
81.468323
82.414780
83.356064
84.292183
85.223137
86.148911
87.069519
87.984947
88.895210
89.800171
90.699646
91.593658
92.482193
93.365273
94.242874
95.115013
95.981682
96.842880
97.698616
98.548882
99.393684
100.233009
101.066872
101.895264
102.718193
103.535652
104.347633
105.154160
105.955215
106.750801
107.540916
108.325577
109.104752
109.878471
110.646713
111.409492
112.166801
112.918648
113.665016
114.405922
115.141357
115.871330
116.595840
117.314873
118.028442
118.736534
119.439171
120.136330
120.828026
121.514259
122.195015
122.870308
123.540123
124.204483
124.863365
125.516792
126.164742
126.807228
127.444244
128.075790
128.701859
129.322479
129.937637
130.547302
131.151520
131.750259
132.343521
132.931320
133.513657
134.090530
134.661926
135.227859
135.788330
136.343323
136.892853
137.436905
137.975510
138.508636
139.036285
139.558472
140.075195
140.586456
141.092239
141.592560
142.087402
142.576782
143.060699
143.539139
144.012115
144.479630
144.941666
145.398239
145.849350
146.294983
146.735153
147.169861
147.599091
148.022858
148.441162
148.853989
149.261337
149.663239
150.059662
150.450623
150.836121
151.216141
151.590698
151.959778
152.323395
152.681549
153.034241
153.381439
153.723190
154.059479
154.390274
154.715622
155.035507
155.349899
155.658829
155.962311
156.260315
156.552841
156.839920
157.121506
157.397644
157.668320
157.933502
158.193237
158.447479
158.696289
158.939606
159.177475
159.409851
159.636780
159.858215
160.074188
160.284714
160.489777
160.689346
160.883453
161.072113
161.255295
161.432999
161.605240
161.772003
161.933304
162.089142
162.239517
162.384415
162.523849
162.657806
162.786301
162.909348
163.026901
163.138992
163.245621
163.346771
163.442459
163.532669
163.617432
163.696716
163.770538
163.838882
163.901779
163.959183
164.011124
164.057602
164.098618
164.134155
164.164230
164.188828
164.207977
164.221634
164.229828
164.232590
