0.967110
0.016445
0.016445
0.016445
0.967110
0.016445
0.016445
0.016445
0.967110
0.000000
0.718404
1.457562
2.217472
2.998137
3.799554
4.621724
5.464647
6.328324
7.212754
8.117938
9.043873
9.990562
10.958004
11.946199
12.943133
13.936791
14.927174
15.914278
16.898108
17.878660
18.855938
19.829937
20.800661
21.768110
22.732283
23.693178
24.650797
25.605141
26.556210
27.503998
28.448511
29.389751
30.327713
31.262400
32.193810
33.121941
34.046799
34.968384
35.886688
36.801716
37.713467
38.621944
39.527142
40.429066
41.327713
42.223083
43.115177
44.004002
44.889545
45.771812
46.650803
47.526512
48.398952
49.268112
50.133999
50.996609
51.855938
52.712002
53.564785
54.414280
55.260509
56.103466
56.943138
57.781399
58.622799
59.467545
60.315639
61.167072
62.021858
62.879982
63.741459
64.606277
65.474449
66.345955
67.220810
68.099014
68.980560
69.865456
70.753693
71.645279
72.540207
73.438484
74.340111
75.245064
76.153389
77.065041
77.980049
78.898399
79.820091
80.745125
81.673515
82.605240
83.540329
84.478745
85.420509
86.365623
87.314087
88.265900
89.221046
90.179543
91.141380
92.106567
93.075104
94.046974
95.022202
96.000771
96.982689
97.967957
98.956558
99.948517
100.943802
101.942451
102.943764
103.943756
104.941757
105.937759
106.931770
107.923782
108.913803
109.901840
110.887871
111.871910
112.853951
113.833992
114.812057
115.788109
116.762169
117.734245
118.704323
119.672401
120.638489
121.602577
122.564682
123.524780
124.482887
125.439003
126.393120
127.345245
128.295380
129.243515
130.189651
131.133804
132.075958
133.016113
133.954269
134.890442
135.824631
136.756790
137.686981
138.615158
139.541367
140.465576
141.387772
142.307983
143.226196
144.142426
145.056656
145.968887
146.879120
147.787369
148.693619
149.597961
150.501694
151.405457
152.309204
153.212952
154.116669
155.020416
155.924149
156.827866
157.731583
158.635300
159.539017
160.442719
161.346420
162.250122
163.153824
164.057510
164.961182
165.864868
166.768555
167.672226
168.575882
169.479553
170.383224
171.286880
172.190521
173.094177
173.997818
174.901459
175.805084
176.708710
177.612350
178.515976
179.419571
180.323196
181.226807
182.130417
183.034012
183.937607
184.841202
185.744781
186.648376
187.551941
188.455521
189.359100
190.262665
191.166229
192.069778
192.973328
193.876877
194.777603
195.672699
196.562180
197.446014
198.324219
199.196793
200.063736
200.925049
201.780731
202.630783
203.475204
204.313995
205.147141
205.974670
206.796555
207.612839
208.423462
209.228455
210.027832
210.821564
211.609665
212.392151
213.168991
213.940216
214.705795
215.465729
216.220062
216.968750
217.711807
218.449234
219.181030
219.907181
220.627716
221.342621
222.051895
222.755524
223.453537
224.145920
224.832657
225.513763
226.189240
226.859100
227.523331
228.181900
0.000000
1.241834
2.484676
3.728526
4.973384
6.219250
7.466123
8.714004
9.962893
11.212790
12.463695
13.715607
14.968526
16.219604
17.466000
18.707712
19.944738
21.177078
22.404736
23.627707
24.845993
26.059595
27.268511
28.472742
29.672289
30.867149
32.057327
33.242821
34.423622
35.599743
36.771183
37.937931
39.100002
40.257381
41.410080
42.558090
43.701416
44.840057
45.974010
47.103283
48.227871
49.347771
50.462986
51.573517
52.679363
53.780521
54.876999
55.968784
57.055901
58.138325
59.216053
60.289108
61.357475
62.421150
63.480152
64.534462
65.584251
66.633240
67.682922
68.733315
69.784401
70.836205
71.888702
72.941895
73.995804
75.050415
76.105721
77.161736
78.218452
79.275879
80.334000
81.392822
82.452354
83.512589
84.573524
85.635162
86.697510
87.760551
88.824303
89.888748
90.953911
92.019768
93.086334
94.153595
95.221565
96.290237
97.359612
98.429688
99.500473
100.571953
101.644150
102.717033
103.790634
104.864929
105.939926
107.015633
108.092049
109.169151
110.246964
111.325485
112.404694
113.484505
114.564919
115.645920
116.727524
117.809715
118.892502
119.975891
121.059868
122.144447
123.229622
124.315384
125.401749
126.488701
127.576256
128.664398
129.753143
130.842468
131.932404
133.022934
134.114044
135.205765
136.298080
137.390976
138.484482
139.578583
140.673264
141.768555
142.864426
143.960892
145.057983
146.155640
147.253906
148.352768
149.452209
150.552246
151.652908
152.754135
153.855957
154.958389
156.061417
157.165024
158.269226
159.374039
160.477600
161.575394
162.667252
163.753159
164.833084
165.907074
166.975113
168.037186
169.093292
170.143463
171.187668
172.225922
173.258224
174.284561
175.304962
176.319382
177.327866
178.330383
179.326935
180.317566
181.302216
182.280899
183.253647
184.220444
185.181274
186.136139
187.085068
188.028030
188.965042
189.896103
190.821198
191.740341
192.653519
193.560760
194.462036
195.357361
196.246735
197.130142
198.007584
198.879089
199.744644
200.604233
201.457870
202.305542
203.144669
203.972717
204.789658
205.595520
206.390259
207.173904
207.946457
208.707901
209.458237
210.197495
210.925629
211.642685
212.348633
213.043472
213.727219
214.399857
215.061386
215.711838
216.351181
216.979416
217.596573
218.202606
218.797546
219.381378
219.954117
220.515762
221.066284
221.605713
222.134064
222.651306
223.157440
223.652466
224.136398
224.609238
225.070969
225.521606
225.961136
226.389572
226.806900
227.213120
227.608261
227.992279
228.365219
228.727036
229.077774
229.417404
229.745926
230.063354
230.369675
230.664902
230.949020
231.222061
231.483978
231.734802
231.974533
232.203156
232.420670
232.627090
232.822418
233.006622
233.179749
233.341766
233.492691
233.632523
233.761230
233.878845
233.985367
234.080780
0.000000
3.486451
6.449972
8.890561
10.808223
12.456867
14.090417
15.708870
17.312227
18.900486
20.473650
22.031715
23.574686
25.102556
26.615334
28.113012
29.595598
31.063082
32.515472
33.952766
35.374958
36.782059
38.174061
39.550968
40.912777
42.259491
43.591106
44.907623
46.209045
47.495373
48.766602
50.022732
51.263767
52.489708
53.700550
54.896294
56.076939
57.242493
58.392948
59.538090
60.687683
61.841736
63.000248
64.163216
65.330643
66.502525
67.678871
68.859665
70.044922
71.234642
72.428810
73.627441
74.830536
76.038078
77.250084
78.466553
79.687469
80.912849
82.142685
83.376984
84.615738
85.858948
87.106621
88.358742
89.615326
90.876373
92.141869
93.411835
94.686249
95.965118
97.248459
98.536247
99.828484
101.123444
102.419350
103.716194
105.014000
106.312744
107.612450
108.913101
110.214706
111.517250
112.820755
114.125206
115.430603
116.736954
118.044250
119.352509
120.661705
121.971855
123.282951
124.595001
125.907997
127.221947
128.536850
129.852692
131.169495
132.487244
133.805923
135.125580
136.446182
137.767731
139.090225
140.413666
141.738068
143.063416
144.389694
145.710068
147.017593
148.312302
149.594208
150.863266
152.119522
153.362930
154.593536
155.811310
157.016251
158.208389
159.387695
160.554169
161.707825
162.848663
163.976669
165.091873
166.194229
167.283768
168.360504
169.424393
170.475464
171.513702
172.539139
173.551758
174.551529
175.538483
176.512634
177.473938
178.422424
179.358093
180.280930
181.190948
182.088150
182.975052
183.854218
184.725632
185.589310
186.445236
187.293427
188.133850
188.966537
189.791489
190.608688
191.418137
192.219849
193.013809
193.800018
194.578491
195.349197
196.112183
196.867401
197.614899
198.354630
199.086624
199.810883
200.527374
201.236130
201.937134
202.630402
203.315918
203.993683
204.663712
205.325989
205.980515
206.627319
207.266357
207.897644
208.521194
209.136993
209.745056
210.345367
210.937927
211.522751
212.099838
212.669144
213.230728
213.784576
214.330658
214.869003
215.399597
215.922455
216.437561
216.944916
217.444534
217.936386
218.420517
218.896896
219.365524
219.826416
220.279541
220.724945
221.162582
221.592499
222.014633
222.429062
222.835709
223.234634
223.625793
224.009232
224.384903
224.752838
225.113022
225.465454
225.810165
226.147110
226.476318
226.797760
227.111481
227.417450
227.715668
228.006149
228.288864
228.563843
228.831085
229.090576
229.342316
229.586319
229.822571
230.051071
230.271835
230.484833
230.690125
230.887634
231.077408
231.259445
231.433731
231.600266
231.759048
231.910095
232.053391
232.188965
232.316772
232.436829
232.549149
232.653717
232.750534
232.839615
232.920944
232.994522
233.060379
233.118469
233.168823
233.211426
233.246292
233.273392
233.292755
233.304382
233.308243
