0.993101
0.003449
0.003449
0.003449
0.993101
0.003449
0.003449
0.003449
0.993101
0.000000
1.629930
3.189465
4.678605
6.097350
7.445699
8.723654
9.931212
11.068378
12.135148
13.131521
14.057501
14.913085
15.729955
16.573420
17.445463
18.346087
19.275293
20.233080
21.219448
22.234396
23.277927
24.350039
25.450729
26.580004
27.731279
28.877514
30.015783
31.146088
32.268429
33.382801
34.489216
35.587658
36.678139
37.760654
38.835205
39.901791
40.961174
42.020416
43.081234
44.143627
45.207592
46.273132
47.340252
48.408947
49.479214
50.551056
51.624470
52.699463
53.775841
54.847031
55.909874
56.964363
58.010498
59.048283
60.077717
61.098797
62.111526
63.115902
64.111923
65.099594
66.078918
67.053986
68.028908
69.003677
69.978302
70.952774
71.927094
72.901268
73.875298
74.849174
75.822899
76.796486
77.769913
78.743195
79.716331
80.689316
81.662148
82.634834
83.607376
84.579765
85.552010
86.524101
87.496040
88.467834
89.439476
90.410980
91.382324
92.353531
93.324570
94.295471
95.266228
96.236832
97.207283
98.177597
99.147743
100.117760
101.087616
102.057335
103.026894
103.996300
104.965569
105.934685
106.903656
107.872475
108.841148
109.809662
110.778030
111.746262
112.714333
113.682251
114.650032
115.617661
116.585129
117.552467
118.519653
119.486679
120.453568
121.420296
122.386887
123.353317
124.319618
125.285751
126.251740
127.217583
128.183258
129.148804
130.114212
131.079468
132.044556
133.009521
133.974304
134.938965
135.903458
136.867813
137.832031
138.796082
139.759995
140.723740
141.687347
142.650818
143.614136
144.577286
145.540314
146.503174
147.465897
148.428452
149.390869
150.353165
151.315262
152.277237
153.239059
154.200745
155.162277
156.123657
157.084885
158.045959
159.006882
159.967682
160.928299
161.888794
162.849121
163.809296
164.769348
165.729233
166.688965
167.648575
168.608017
169.567307
170.526459
171.485443
172.444290
173.403000
174.361542
175.319946
176.278198
177.236298
178.194260
179.152054
180.109726
181.067230
182.024582
182.981796
183.938858
184.895767
185.852539
186.809158
187.765625
188.721954
189.678101
190.634125
191.590012
192.545731
193.501297
194.456726
195.412018
196.367142
197.322098
198.276947
199.231613
200.186142
201.140533
202.094772
203.048859
204.002808
204.956589
205.910217
206.863724
207.817047
208.770248
209.723297
210.676193
211.628952
212.581543
213.533981
214.486267
215.438431
216.390457
217.342285
218.294006
219.245560
220.196976
221.148224
222.099335
223.050278
224.001114
224.951767
225.902283
226.852661
227.802856
228.752930
229.702835
230.652603
231.602249
232.551712
233.501022
234.450211
235.399246
236.348145
237.296844
238.245422
239.193848
240.142136
241.090286
242.038254
242.986084
243.933777
244.881332
245.828720
246.775940
247.723053
248.669998
249.616791
250.563416
251.509933
252.456268
0.000000
0.238929
1.691422
3.022548
4.232306
5.320697
6.287720
7.197116
8.112620
9.034236
9.961960
10.895795
11.835740
12.781795
13.733960
14.692235
15.656621
16.627117
17.603722
18.586437
19.575262
20.570196
21.569433
22.568535
23.567305
24.565742
25.563847
26.561617
27.559059
28.556166
29.552937
30.549381
31.545488
32.541264
33.536709
34.531818
35.526596
36.521561
37.519836
38.521946
39.527882
40.537655
41.551254
42.568684
43.589947
44.615040
45.643963
46.676723
47.713310
48.753723
49.797977
50.846054
51.897564
52.943684
53.980797
55.008904
56.028011
57.038116
58.039215
59.031311
60.014400
60.988491
61.953579
62.909660
63.856735
64.794815
65.723885
66.643951
67.558029
68.469109
69.377197
70.282280
71.184387
72.083496
72.979607
73.872726
74.762848
75.649986
76.534126
77.415276
78.293434
79.168602
80.040764
80.909950
81.776123
82.639320
83.499519
84.356728
85.210938
86.062157
86.910385
87.755623
88.597862
89.437111
90.273369
91.106628
91.936905
92.764175
93.588463
94.409752
95.228050
96.043358
96.855667
97.664986
98.471321
99.274651
100.074989
100.872337
101.666695
102.458054
103.246429
104.031807
104.814186
105.593582
106.369972
107.143379
107.913788
108.681213
109.445633
110.207069
110.965515
111.720963
112.473419
113.222878
113.969353
114.712822
115.453308
116.190796
116.925293
117.656792
118.385307
119.110825
119.833359
120.552895
121.269432
121.982971
122.693535
123.401093
124.105659
124.807236
125.505821
126.201408
126.894005
127.583611
128.270218
128.953827
129.634460
130.312088
130.986740
131.658371
132.327042
132.992706
133.655365
134.315048
134.971741
135.625427
136.276123
136.923828
137.568512
138.210251
138.848969
139.484711
140.117447
140.747177
141.373932
141.997711
142.618469
143.236252
143.851044
144.462814
145.071625
145.677429
146.280228
146.880051
147.476868
148.070694
148.661545
149.249390
149.834244
150.416092
150.994965
151.570862
152.143723
152.713623
153.280518
153.844406
154.405319
154.963242
155.518173
156.070084
156.619034
157.164978
157.707932
158.247894
158.784882
159.318832
159.849823
160.377808
160.902802
161.424805
161.943817
162.459824
162.972855
163.482880
163.989929
164.493973
164.995026
165.493088
165.988144
166.480225
166.969299
167.455399
167.938492
168.418610
168.895706
169.369812
169.840942
170.309082
170.774200
171.236359
171.695526
172.151657
172.604828
173.054993
173.502182
173.946365
174.387573
174.825775
175.260986
175.693192
176.122421
176.548645
176.971893
177.392151
177.809387
178.223633
178.634903
179.043167
179.448471
179.850754
180.250046
180.646347
181.039658
181.429993
181.817291
182.201614
182.582962
182.961304
183.336655
183.709015
184.078384
184.444748
184.808136
185.168518
185.525925
185.880310
0.000000
1.292905
2.283637
3.120337
3.951147
4.776065
5.595093
6.408231
7.215477
8.016831
8.812296
9.601870
10.385553
11.163344
11.935246
12.701255
13.461373
14.218000
14.985524
15.766343
16.560457
17.367868
18.188576
19.022577
19.869873
20.730469
21.604357
22.491541
23.392019
24.305796
25.232866
26.173235
27.123615
28.080730
29.044577
30.015156
30.992468
31.976511
32.967285
33.964798
34.969036
35.980011
36.997719
38.022160
39.053329
40.091232
41.134186
42.172081
43.203243
44.227665
45.245354
46.256302
47.260509
48.257980
49.248714
50.232708
51.209965
52.180489
53.144268
54.101311
55.051617
55.996120
56.935776
57.870571
58.800510
59.725597
60.645824
61.561195
62.471714
63.377373
64.278183
65.174126
66.065216
66.951454
67.832832
68.709358
69.581024
70.447838
71.309792
72.166893
73.019135
73.866524
74.709053
75.546722
76.379547
77.207512
78.030624
78.848869
79.662262
80.470802
81.274483
82.073311
82.867279
83.656387
84.440651
85.220047
85.994598
86.764290
87.529121
88.289101
89.044228
89.794487
90.539902
91.280449
92.016151
92.746986
93.472977
94.194099
94.910378
95.621796
96.328354
97.030060
97.726913
98.418900
99.106041
99.788315
100.465744
101.138306
101.806023
102.468872
103.126877
103.780014
104.428307
105.071732
105.710312
106.344025
106.972893
107.596893
108.216057
108.830353
109.439789
110.044373
110.644104
111.238968
111.828987
112.414139
112.994446
113.569893
114.140480
114.706215
115.267090
115.823120
116.374290
116.920593
117.462051
117.998642
118.530380
119.057266
119.579300
120.096466
120.608788
121.116249
121.618858
122.116608
122.609497
123.097534
123.580719
124.059036
124.532509
125.001114
125.464874
125.923775
126.377823
126.827011
127.271347
127.710815
128.145432
128.575195
129.000092
129.420166
129.835358
130.245697
130.651184
131.051804
131.447571
131.838486
132.224548
132.605743
132.982101
133.353607
133.720230
134.082001
134.438934
134.790985
135.138199
135.480560
135.818054
136.150696
136.478470
136.801422
137.119492
137.432693
137.741058
138.044586
138.343216
138.637024
138.925949
139.210022
139.489258
139.763611
140.033127
140.297806
140.557587
140.812546
141.062622
141.307861
141.548248
141.783768
142.014435
142.240234
142.461182
142.677277
142.888519
143.094910
143.296432
143.493103
143.684906
143.871872
144.053986
144.231232
144.403625
144.571152
144.733841
144.891647
145.044632
145.192734
145.335999
145.474396
145.607925
145.736618
145.860428
145.979416
146.093536
146.202805
146.307190
146.406754
146.501450
146.591278
146.676270
146.756393
146.831665
146.902069
146.967636
147.028336
147.084183
147.135178
147.181305
147.222580
147.259003
147.290558
147.317276
147.339127
147.356125
147.368256
147.375549
147.377975
