0.841652
0.079174
0.079174
0.079174
0.841652
0.079174
0.079174
0.079174
0.841652
0.000000
0.683897
1.380725
2.090483
2.813172
3.548791
4.297340
5.058820
5.833230
6.620571
7.420842
8.234043
9.060175
9.899237
10.751229
11.616152
12.494005
13.384789
14.288503
15.198773
16.109228
17.019869
17.930691
18.841698
19.752888
20.664265
21.575823
22.487568
23.399494
24.311607
25.223902
26.136381
27.049046
27.961893
28.874924
29.788141
30.701542
31.615126
32.528893
33.442844
34.356979
35.271305
36.185806
37.100494
38.015366
38.930424
39.845665
40.761089
41.676697
42.592491
43.508465
44.424625
45.340973
46.257504
47.174210
48.091110
49.008190
49.925453
50.842903
51.760536
52.678356
53.596355
54.514542
55.432911
56.351467
57.270203
58.189129
59.108234
60.027519
60.946995
61.866650
62.786491
63.706524
64.626709
65.547058
66.467567
67.388237
68.309067
69.230049
70.151199
71.072495
71.993965
72.915581
73.837364
74.759300
75.681396
76.603653
77.526070
78.448647
79.371376
80.294273
81.217331
82.140533
83.063904
83.987434
84.911118
85.834961
86.758972
87.683136
88.607460
89.531937
90.456581
91.381378
92.306335
93.231453
94.156731
95.082169
96.007759
96.933510
97.859421
98.785492
99.711723
100.638115
101.564659
102.491371
103.418228
104.345261
105.272438
106.199783
107.127289
108.054947
108.982765
109.910744
110.838882
111.767174
112.695633
113.624161
114.552284
115.479912
116.407051
117.333694
118.259850
119.185509
120.110664
121.035347
121.959526
122.883209
123.806412
124.729111
125.651321
126.573036
127.494270
128.415009
129.335236
130.254990
131.174255
132.093018
133.011292
133.929062
134.846344
135.763138
136.679443
137.595245
138.510559
139.425385
140.339722
141.253555
142.166901
143.079758
143.992111
144.903976
145.815353
146.726242
147.636642
148.546524
149.455933
150.364853
151.273270
152.181198
153.088638
153.995590
154.902039
155.807999
156.713455
157.618423
158.522903
159.426895
160.330383
161.233383
162.135895
163.039200
163.946457
164.857803
165.773239
166.692764
167.616379
168.544098
169.475891
170.411804
171.351776
172.295853
173.244019
174.196274
175.152618
176.113052
177.077591
178.046204
179.018921
179.995728
180.976624
181.961624
182.950699
183.943878
184.941116
185.942474
186.947922
187.957458
188.971085
189.988800
191.010620
192.036514
193.066498
194.100571
195.138748
196.181015
197.227371
198.277817
199.332352
200.390976
201.453705
202.520508
203.591400
204.666412
205.745499
206.828674
207.915939
209.007294
210.102737
211.202271
212.305923
213.413635
214.525452
215.641357
216.761337
217.906357
219.097290
220.334122
221.616913
222.945587
224.320206
225.740738
227.207184
228.719559
230.277863
231.882080
233.532211
235.228271
236.970276
238.758179
240.592010
242.471756
244.397430
246.369019
248.386536
250.449966
252.559326
0.000000
0.000000
0.008915
1.842199
3.639464
5.400711
7.125937
8.815145
10.468334
12.085505
13.666656
15.211788
16.720901
18.207417
19.684763
21.152933
22.611933
24.061758
25.502411
26.933893
28.356199
29.769335
31.173300
32.568089
33.953709
35.330154
36.697422
38.055523
39.404449
40.744202
42.074780
43.396191
44.708431
46.011490
47.305382
48.590099
49.865643
51.132015
52.389214
53.637241
54.876099
56.105778
57.326286
58.537621
59.739784
60.932774
62.116592
63.291241
64.456718
65.613007
66.760139
67.898094
69.026878
70.146484
71.256920
72.358185
73.457321
74.561409
75.670433
76.784393
77.903297
79.027138
80.155914
81.289627
82.428284
83.571877
84.720413
85.873886
87.032295
88.195641
89.363922
90.537148
91.715317
92.898415
94.086464
95.279442
96.477356
97.680222
98.888008
100.100746
101.318420
102.541031
103.768578
105.001068
106.238503
107.480858
108.728165
109.980400
111.237587
112.499702
113.766762
115.038765
116.315697
117.597572
118.884384
120.176140
121.472832
122.774460
124.081024
125.388718
126.693764
127.996147
129.295853
130.592911
131.887299
133.179031
134.468094
135.754501
137.038239
138.319305
139.597733
140.873474
142.146561
143.416977
144.684738
145.949829
147.212280
148.472046
149.729156
150.983612
152.235382
153.484512
154.730972
155.974762
157.215881
158.454361
159.690155
160.923294
162.153778
163.381592
164.606735
165.829239
167.049072
168.266220
169.480728
170.692551
171.901749
173.108246
174.312103
175.513275
176.711807
177.907669
179.096252
180.272903
181.437637
182.590469
183.731354
184.860352
185.977417
187.082565
188.175812
189.257126
190.326523
191.384033
192.429596
193.463242
194.484985
195.494797
196.492706
197.478683
198.452759
199.414917
200.365143
201.303467
202.229874
203.144363
204.046936
204.937592
205.816315
206.683151
207.538055
208.381027
209.212112
210.031265
210.838501
211.633820
212.417221
213.188721
213.948273
214.695923
215.431671
216.155487
216.867401
217.567383
218.255447
218.934113
219.605835
220.270630
220.928497
221.579422
222.223434
222.860519
223.490662
224.113892
224.730179
225.339554
225.941986
226.537491
227.126068
227.707718
228.282440
228.850235
229.411087
229.965042
230.512054
231.052124
231.585281
232.111496
232.630798
233.143158
233.648590
234.147110
234.638687
235.123337
235.601074
236.071869
236.535721
236.992676
237.442673
237.885757
238.321915
238.751144
239.173431
239.588806
239.997253
240.398758
240.793335
241.181000
241.561722
241.935516
242.302383
242.662323
243.015335
243.361420
243.700577
244.032806
244.358109
244.676468
244.987915
245.292435
245.589996
245.880676
246.164398
246.441193
246.711060
246.974014
247.230011
247.479111
247.721268
247.956482
248.184799
248.406158
248.620605
248.828110
249.028702
249.222366
0.000000
4.931894
9.727576
14.387045
18.910301
23.297344
27.548176
31.662794
35.641201
39.483395
43.189377
46.759144
50.192699
53.490044
56.651176
59.676098
62.564804
65.347069
68.084259
70.778244
73.429031
76.036613
78.600975
81.122147
83.600105
86.034859
88.426422
90.774765
93.079910
95.341850
97.560585
99.736107
101.868439
103.966675
106.068336
108.177467
110.294067
112.418144
114.549690
116.688705
118.835205
120.989166
123.150604
125.319511
127.495880
129.679733
131.871063
134.069855
136.276123
138.489532
140.707001
142.927780
145.151886
147.379318
149.610062
151.844101
154.081467
156.322174
158.566177
160.813492
163.064133
165.318085
167.575348
169.835938
172.099854
174.365173
176.569672
178.683151
180.705582
182.636993
184.477356
186.226700
187.885025
189.452301
190.928558
192.313782
193.607971
194.811127
195.923248
196.944366
197.874420
198.713470
199.504700
200.291367
201.073486
201.851059
202.624069
203.392502
204.156387
204.915710
205.670456
206.420654
207.166290
207.907379
208.643890
209.375854
210.103256
210.826080
211.544357
212.258072
212.967239
213.671829
214.371857
215.067337
215.758240
216.444595
217.126389
217.803619
218.476288
219.144394
219.807938
220.466934
221.121368
221.771240
222.416534
223.057281
223.693481
224.325104
224.952164
225.574661
226.192627
226.806000
227.414825
228.019089
228.618790
229.213928
229.804504
230.390533
230.972000
231.548904
232.121246
232.689026
233.252228
233.810898
234.364990
234.914536
235.459503
235.999924
236.535782
237.067078
237.593811
238.115982
238.633591
239.146652
239.655151
240.159073
240.658447
241.153275
241.643524
242.129211
242.610336
243.086914
243.558899
244.026367
244.489243
244.947586
245.401352
245.850540
246.295197
246.735291
247.170807
247.601776
248.028198
248.450027
248.867310
249.280029
249.688202
250.091797
250.490845
250.885315
251.275238
251.660599
252.041397
252.417648
252.789322
253.156448
253.519012
253.876999
254.230438
254.579315
254.923630
255.263367
255.598572
255.929214
256.255280
256.576782
256.893768
257.206146
257.513977
257.817261
258.115967
258.410126
258.699738
258.984741
259.265198
259.541107
259.812469
260.079254
260.341492
255.000000
255.000000
255.000000
255.000000
255.000000
255.000000
255.000000
255.000000
255.000000
255.000000
255.000000
255.000000
255.000000
255.000000
255.000000
255.000000
255.000000
255.000000
255.000000
255.000000
255.000000
255.000000
255.000000
255.000000
255.000000
255.000000
255.000000
255.000000
255.000000
255.000000
255.000000
255.000000
255.000000
255.000000
255.000000
255.000000
255.000000
255.000000
255.000000
255.000000
255.000000
255.000000
255.000000
255.000000
255.000000
255.000000
255.000000
255.000000
255.000000
255.000000
255.000000
255.000000
255.000000
255.000000
255.000000
255.000000
255.000000
