0.962532
0.018734
0.018734
0.018734
0.962532
0.018734
0.018734
0.018734
0.962532
0.000000
1.453184
2.787472
4.002862
5.099356
6.076953
6.996253
7.917858
8.841766
9.767979
10.696496
11.627317
12.560443
13.495871
14.433604
15.373642
16.315983
17.260632
18.207579
19.156832
20.108393
21.062250
22.018415
22.976889
23.937662
24.900743
25.866123
26.833811
27.803801
28.776094
29.750694
30.727598
31.706806
32.688316
33.672134
34.658249
35.646675
36.637398
37.630428
38.625767
39.623413
40.623356
41.625599
42.630154
43.637009
44.646168
45.657631
46.671402
47.687477
48.705853
49.726532
50.749516
51.774284
52.797707
53.819263
54.838955
55.856777
56.872738
57.886829
58.899055
59.909412
60.917904
61.924534
62.929295
63.932186
64.933220
65.932373
66.929672
67.925102
68.918663
69.910370
70.900200
71.888161
72.874252
73.858490
74.840851
75.821350
76.799980
77.776749
78.751656
79.724693
80.695862
81.665154
82.632591
83.598160
84.561867
85.523697
86.483673
87.441772
88.398018
89.352386
90.304893
91.255539
92.204300
93.151215
94.096252
95.039436
95.980736
96.920181
97.860977
98.806358
99.756310
100.710854
101.669975
102.633675
103.601967
104.574829
105.552269
106.534302
107.520905
108.512093
109.507858
110.508209
111.513138
112.522652
113.536743
114.555420
115.578674
116.606499
117.638924
118.675919
119.717484
120.763649
121.814377
122.869705
123.929604
124.994080
126.063148
127.136787
128.214996
129.297806
130.385193
131.477158
132.573700
133.674820
134.780533
135.890839
137.005692
138.125137
139.249161
140.377777
141.510971
142.648743
143.791092
144.938019
146.088287
147.234268
148.374756
149.509720
150.639175
151.763107
152.881546
153.994446
155.101837
156.203705
157.300064
158.390915
159.476242
160.556046
161.630341
162.699142
163.762390
164.820160
165.872391
166.919113
167.960327
168.996002
170.026184
171.050827
172.069977
173.083603
174.091721
175.094315
176.091400
177.082962
178.069016
179.049545
180.024551
180.994064
181.958054
182.916534
183.869492
184.816910
185.758835
186.695267
187.626144
188.551544
189.471390
190.385742
191.294586
192.197876
193.095703
193.988556
194.877045
195.761185
196.640930
197.516327
198.387344
199.253998
200.116272
200.974197
201.827744
202.676926
203.521744
204.362198
205.198273
206.029984
206.857346
207.680313
208.498932
209.313171
210.123062
210.928574
211.729706
212.526474
213.318878
214.106918
214.890579
215.669891
216.444824
217.215393
217.981598
218.743423
219.500885
220.253983
221.002701
221.747070
222.487076
223.222702
223.953964
224.680847
225.403366
226.121536
226.835312
227.544739
228.249802
228.950485
229.646790
230.338745
231.026321
231.709549
232.388382
233.062881
233.733002
234.398743
235.060120
235.717133
236.369766
237.018036
237.661942
238.301483
238.936646
239.567459
240.193893
240.815964
241.433670
0.000000
0.843327
1.752659
2.727994
3.769334
4.876678
6.050026
7.289377
8.559413
9.824809
11.085567
12.341684
13.593166
14.840007
16.082209
17.319773
18.552698
19.780987
21.004635
22.223642
23.438013
24.647745
25.852840
27.053295
28.249109
29.440289
30.626823
31.808723
32.985985
34.158607
35.326591
36.489937
37.648643
38.802711
39.952141
41.096931
42.237083
43.372589
44.503468
45.629700
46.751301
47.868259
48.980579
50.088257
51.191303
52.289703
53.383469
54.473015
55.560860
56.647415
57.732689
58.816681
59.899384
60.980808
62.060947
63.139801
64.217377
65.293663
66.368668
67.442383
68.514824
69.585968
70.655838
71.724426
72.791718
73.857750
74.922470
75.985924
77.048088
78.108963
79.168571
80.226875
81.283905
82.339653
83.394119
84.447289
85.499191
86.549797
87.599121
88.647163
89.693932
90.739403
91.783592
92.826492
93.868126
94.908463
95.947510
96.988358
98.034058
99.084610
100.140022
101.200287
102.265411
103.335388
104.410225
105.489914
106.574463
107.663872
108.758125
109.857246
110.961220
112.070045
113.183739
114.302277
115.425674
116.553925
117.687035
118.825005
119.967834
121.115509
122.268044
123.425430
124.587685
125.754791
126.926750
128.103561
129.285233
130.471771
131.663147
132.859406
134.060486
135.266449
136.477264
137.692917
138.913452
140.138824
141.367569
142.590775
143.806961
145.016129
146.218277
147.413391
148.601486
149.782562
150.956619
152.123642
153.283661
154.436630
155.582596
156.721527
157.853439
158.978333
160.096191
161.207031
162.310837
163.407654
164.497437
165.580170
166.655899
167.724609
168.786285
169.840942
170.888580
171.929199
172.962784
173.989349
175.008881
176.021408
177.026901
178.025375
179.016830
180.001251
180.978668
181.949036
182.912399
183.868729
184.818253
185.761200
186.697556
187.627335
188.550537
189.467133
190.377167
191.280609
192.177460
193.067734
193.951416
194.828506
195.699036
196.562973
197.420303
198.271088
199.115265
199.952850
200.783859
201.608292
202.426132
203.237381
204.042053
204.840134
205.631653
206.416565
207.194901
207.966644
208.731812
209.490387
210.242386
210.987793
211.726624
212.458862
213.184525
213.903595
214.616089
215.321991
216.021317
216.714050
217.400192
218.079773
218.752747
219.419144
220.078964
220.732193
221.378830
222.018890
222.652359
223.279251
223.899567
224.513290
225.120422
225.720978
226.314941
226.902328
227.483124
228.057343
228.624969
229.186020
229.740479
230.288361
230.829651
231.364349
231.892487
232.414032
232.928970
233.437347
233.939133
234.434326
234.922958
235.404984
235.880432
236.349289
236.811554
237.267258
237.716370
238.158905
238.594833
239.024200
239.446960
239.863159
240.272751
240.675766
241.072205
241.462051
241.845322
242.222000
242.592102
242.955612
0.000000
2.617661
4.627051
6.028167
7.125351
8.222957
9.320977
10.419414
11.518265
12.617533
13.717216
14.817315
15.917831
17.018763
18.120106
19.221870
20.324049
21.426643
22.529652
23.633076
24.736919
25.841175
26.945847
28.050938
29.156439
30.262360
31.368696
32.475449
33.582619
34.690201
35.798199
36.906609
38.015442
39.124687
40.234348
41.344425
42.454926
43.565830
44.677155
45.788895
46.900341
48.009785
49.117146
50.222420
51.325603
52.426712
53.525726
54.622658
55.717506
56.810265
57.900940
58.989529
60.076031
61.160446
62.242779
63.323025
64.401184
65.477264
66.551254
67.623154
68.692970
69.760704
70.826355
71.889915
72.951393
74.010788
75.068085
76.123306
77.176445
78.227478
79.276451
80.323326
81.368118
82.410820
83.451439
84.489975
85.527000
86.565926
87.607315
88.651184
89.697517
90.746323
91.797592
92.851341
93.907555
94.966248
96.027405
97.091034
98.157135
99.225708
100.296761
101.370277
102.446259
103.524712
104.605644
105.689049
106.774918
107.863258
108.954079
110.047356
111.143112
112.241341
113.342033
114.445206
115.550850
116.658951
117.769547
118.882591
119.998123
121.116112
122.236580
123.359520
124.484917
125.612717
126.742882
127.875420
129.010315
130.147583
131.287216
132.429199
133.573563
134.720291
135.869385
137.020828
138.174667
139.330841
140.489410
141.650314
142.813599
143.979263
145.147278
146.317657
147.490402
148.665512
149.843002
151.022842
152.205048
153.389618
154.576569
155.765884
156.957535
158.151581
159.347992
160.546768
161.747894
162.951401
164.157257
165.365479
166.576080
167.782211
168.977005
170.160461
171.332611
172.493439
173.642914
174.781097
175.907928
177.023438
178.127640
179.220520
180.302063
181.372269
182.431152
183.478729
184.514969
185.539886
186.553482
187.555740
188.546692
189.526306
190.494598
191.451553
192.397202
193.331528
194.254517
195.166183
196.066528
196.955536
197.833221
198.699585
199.554642
200.398361
201.230743
202.051819
202.861557
203.659973
204.447052
205.222824
205.987259
206.740387
207.482162
208.212646
208.931778
209.639587
210.336090
211.021255
211.695099
212.357605
213.008804
213.648651
214.277206
214.894409
215.500305
216.094879
216.678116
217.250031
217.810623
218.359894
218.897812
219.424438
219.939743
220.443695
220.936325
221.417648
221.887634
222.346313
222.793655
223.229660
223.654358
224.067719
224.469757
224.860474
225.239853
225.607925
225.964661
226.310074
226.644165
226.966934
227.278381
227.578476
227.867264
228.144745
228.410889
228.665695
228.909180
229.141342
229.362183
229.571701
229.769882
229.956757
230.132294
230.296509
230.449402
230.590958
230.721191
230.840103
230.947708
231.043961
231.128891
231.202515
231.264801
231.315765
231.355408
231.383713
231.400711
231.406372
