0.991886
0.004057
0.004057
0.004057
0.991886
0.004057
0.004057
0.004057
0.991886
0.000000
0.836010
1.684460
2.545349
3.418678
4.304445
5.202652
6.113299
7.036386
7.971911
8.919877
9.880280
10.853125
11.838408
12.836131
13.839641
14.842280
15.844051
16.844954
17.844986
18.844154
19.842447
20.839876
21.836437
22.832127
23.826948
24.820902
25.813988
26.806202
27.797548
28.788027
29.777637
30.766378
31.754253
32.741253
33.727394
34.712658
35.697056
36.680588
37.663246
38.645039
39.625961
40.606014
41.585205
42.563519
43.540966
44.517544
45.493259
46.468105
47.442081
48.415184
49.387421
50.358788
51.329292
52.298920
53.267681
54.235577
55.202602
56.168758
57.134045
58.098465
59.062012
60.024696
60.986507
61.947453
62.907528
63.866730
64.825073
65.782539
66.739143
67.694870
68.649734
69.603790
70.558563
71.514671
72.472107
73.430870
74.390961
75.352386
76.315132
77.279221
78.244629
79.211372
80.179436
81.148834
82.119568
83.091621
84.065010
85.039726
86.015770
86.993149
87.971855
88.951889
89.933250
90.915939
91.899971
92.885315
93.872002
94.860008
95.849350
96.840019
97.832024
98.825348
99.820007
100.815994
101.813309
102.811958
103.811935
104.813240
105.815872
106.819839
107.825127
108.831757
109.839706
110.848991
111.859596
112.871544
113.884811
114.899414
115.915344
116.932602
117.951187
118.971100
119.992348
121.014931
122.038834
123.064072
124.090630
125.118530
126.147751
127.177940
128.206879
129.234207
130.259949
131.284058
132.306580
133.327484
134.346771
135.364471
136.380554
137.395020
138.407898
139.419144
140.428787
141.436829
142.443268
143.448090
144.451309
145.452911
146.452911
147.451294
148.448090
149.443268
150.436829
151.428787
152.419159
153.407898
154.395020
155.380569
156.364471
157.346786
158.327484
159.306595
160.284058
161.259964
162.234222
163.206894
164.177948
165.147385
166.115234
167.081451
168.046082
169.009094
169.970505
170.930298
171.888489
172.845078
173.800064
174.753418
175.705185
176.655334
177.603867
178.550812
179.496140
180.439850
181.381958
182.322449
183.261353
184.200241
185.142975
186.089722
187.040527
187.995346
188.954208
189.917114
190.884033
191.855011
192.830002
193.809021
194.792084
195.779175
196.770309
197.765472
198.764664
199.767899
200.775162
201.786453
202.801773
203.821136
204.844528
205.871964
206.903427
207.938919
208.978455
210.022018
211.069595
212.121231
213.176895
214.236572
215.300308
216.368073
217.439865
218.515686
219.595535
220.679459
221.767365
222.859314
223.955322
225.055344
226.159393
227.267487
228.379623
229.495773
230.615982
231.740204
232.868454
234.000748
235.137070
236.277435
237.421829
238.570251
239.722702
240.879196
242.039719
243.204285
244.372864
245.523453
246.634064
247.704697
248.735336
249.725967
250.676620
251.587280
252.457947
253.288635
254.079330
0.000000
1.063558
2.125049
3.184474
4.241833
5.297126
6.350352
7.401512
8.450607
9.497635
10.542597
11.585492
12.626321
13.665084
14.701781
15.736411
16.768976
17.799477
18.827908
19.854273
20.878572
21.900806
22.920977
23.940022
24.958897
25.977598
26.996130
28.014488
29.032677
30.050690
31.068531
32.086201
33.103699
34.121021
35.138176
36.155155
37.171963
38.188602
39.205067
40.221355
41.237469
42.253422
43.269196
44.284794
45.300228
46.315483
47.330563
48.345482
49.360222
50.374790
51.389183
52.403408
53.417458
54.431339
55.445045
56.458580
57.471939
58.485130
59.498150
60.510994
61.523663
62.536163
63.548489
64.560646
65.572639
66.584450
67.596085
68.607552
69.618843
70.629967
71.640915
72.651695
73.662300
74.672737
75.682991
76.693077
77.702995
78.712746
79.722313
80.731674
81.740089
82.747231
83.753113
84.757736
85.761086
86.763184
87.764015
88.763580
89.761887
90.758919
91.754700
92.749214
93.742470
94.734459
95.725182
96.714645
97.702843
98.689781
99.675446
100.659859
101.643005
102.624893
103.605507
104.584869
105.562958
106.539795
107.515358
108.489662
109.462700
110.434486
111.404999
112.374260
113.342239
114.308960
115.274429
116.238632
117.201561
118.163239
119.123657
120.082794
121.040680
121.997299
122.952660
123.906761
124.859581
125.811157
126.761467
127.710510
128.658279
129.604797
130.550049
131.494049
132.436768
133.378235
134.318436
135.257370
136.195251
137.133331
138.071793
139.010635
139.949875
140.889511
141.829529
142.769958
143.710770
144.651962
145.593552
146.535538
147.477921
148.420670
149.363831
150.307373
151.251328
152.195663
153.140381
154.085495
155.031006
155.976898
156.923203
157.869888
158.816956
159.764420
160.712280
161.660538
162.609177
163.558212
164.507629
165.457443
166.407669
167.358246
168.309250
169.260635
170.212418
171.164581
172.117126
173.070068
174.023422
174.977158
175.931290
176.885803
177.840698
178.796005
179.751694
180.707779
181.664261
182.621124
183.578400
184.536041
185.494064
186.452515
187.411346
188.370544
189.330154
190.291153
191.256012
192.224823
193.197601
194.174332
195.155029
196.139679
197.128281
198.120865
199.117401
200.117889
201.122345
202.130753
203.143112
204.159439
205.179733
206.203995
207.232208
208.264374
209.300507
210.340591
211.384628
212.432648
213.484619
214.540543
215.600433
216.664276
217.732086
218.803864
219.879593
220.959290
222.042923
223.130539
224.222107
225.317627
226.417114
227.520569
228.627975
229.739349
230.854660
231.973953
233.097198
234.224396
235.355576
236.490692
237.629776
238.772827
239.919846
241.070801
242.225723
243.384598
244.547455
245.714264
246.885040
248.059753
249.238449
250.421082
251.523758
252.462631
253.237656
253.848831
254.296173
254.579666
0.000000
0.707909
1.446509
2.215799
3.015780
3.846452
4.707814
5.599866
6.522610
7.476044
8.460169
9.474984
10.505543
11.536896
12.569042
13.601984
14.635721
15.670253
16.705580
17.741701
18.778616
19.816324
20.854828
21.894129
22.934223
23.975109
25.016794
26.059271
27.102543
28.146610
29.191473
30.237133
31.283585
32.330830
33.378872
34.427708
35.477337
36.527760
37.578979
38.630993
39.683800
40.737404
41.791801
42.846992
43.902981
44.959763
46.017334
47.075706
48.134880
49.194839
50.255592
51.317142
52.379486
53.442623
54.506557
55.571289
56.636806
57.703125
58.770237
59.838142
60.906849
61.976341
63.046635
64.117714
65.189598
66.262276
67.335739
68.410011
69.485069
70.560921
71.636696
72.710228
73.781441
74.850311
75.916855
76.981071
78.042953
79.102509
80.159729
81.214622
82.267181
83.317413
84.365311
85.410881
86.454117
87.495026
88.533607
89.569847
90.603767
91.635353
92.664604
93.691528
94.716118
95.738388
96.758308
97.775909
98.791191
99.804123
100.814728
101.823006
102.828957
103.832573
104.833870
105.832817
106.829445
107.823746
108.815704
109.805336
110.792633
111.777611
112.760254
113.740555
114.718544
115.694183
116.667511
117.638496
118.607155
119.573486
120.537483
121.499146
122.458473
123.415474
124.370155
125.322495
126.272514
127.220192
128.165543
129.108566
130.049561
130.990463
131.931580
132.872910
133.814453
134.756210
135.698181
136.640366
137.582764
138.525360
139.468201
140.411240
141.354477
142.297943
143.241623
144.185516
145.129623
146.073929
147.018478
147.963211
148.908173
149.853348
150.798721
151.744324
152.690140
153.636169
154.582397
155.528839
156.475510
157.422394
158.369476
159.316788
160.264313
161.212051
162.159988
163.108154
164.056534
165.005112
165.953903
166.902908
167.852142
168.801575
169.751236
170.701096
171.651184
172.601486
173.551971
174.502701
175.453644
176.404770
177.356155
178.307709
179.259506
180.211502
181.163712
182.116135
183.068787
184.021637
184.974823
185.930389
186.889221
187.851288
188.816620
189.785217
190.757095
191.732193
192.710571
193.692200
194.677078
195.665237
196.656631
197.651306
198.649216
199.650406
200.654846
201.662537
202.673492
203.687698
204.705170
205.725906
206.749878
207.777130
208.807632
209.841400
210.878403
211.918686
212.962219
214.009018
215.059067
216.112381
217.168945
218.228760
219.291855
220.358200
221.427795
222.500641
223.576782
224.656143
225.738785
226.824677
227.913818
229.006226
230.101913
231.200821
232.303009
233.408447
234.517151
235.629105
236.744324
237.862793
238.984528
240.109512
241.237762
242.369263
243.504044
244.642059
245.783340
246.874283
247.861359
248.744522
249.523758
250.199127
250.770584
251.238129
251.601776
251.861542
252.017395
252.069336
