0.956773
0.021614
0.021614
0.021614
0.956773
0.021614
0.021614
0.021614
0.956773
0.000000
1.002639
2.004805
3.006499
4.007720
5.008471
6.008748
7.008553
8.007885
9.006746
10.005134
11.003049
12.000492
12.997464
13.993963
14.989989
15.983850
16.973850
17.959991
18.942272
19.920692
20.895254
21.865953
22.832792
23.795773
24.754892
25.710154
26.661552
27.609093
28.552773
29.492592
30.428551
31.360651
32.288891
33.213268
34.133789
35.050449
35.963245
36.872189
37.777267
38.678482
39.575840
40.469341
41.358978
42.244759
43.126675
44.004738
44.878937
45.749275
46.615753
47.478371
48.337132
49.192028
50.043068
50.890244
51.733562
52.573021
53.408615
54.240356
55.068233
55.892254
56.712410
57.528709
58.341312
59.153877
59.967899
60.783375
61.600307
62.418697
63.238541
64.059845
64.882599
65.706802
66.532478
67.359604
68.188179
69.018211
69.849709
70.682655
71.517059
72.352913
73.190231
74.029007
74.869232
75.710907
76.554054
77.398636
78.244698
79.092201
79.941162
80.791580
81.643456
82.496780
83.351570
84.207817
85.065506
85.924667
86.785278
87.647339
88.510857
89.375839
90.242271
91.110161
91.979507
92.850296
93.722565
94.596275
95.471443
96.348061
97.226143
98.105682
98.986504
99.867645
100.748940
101.630379
102.511971
103.393715
104.275604
105.157639
106.039825
106.922157
107.804649
108.687279
109.570068
110.452995
111.336082
112.219315
113.102692
113.986229
114.869911
115.753738
116.637718
117.521851
118.406120
119.290558
120.175133
121.059853
121.944725
122.829758
123.714935
124.600250
125.485725
126.371346
127.257118
128.143051
129.029114
129.915329
130.801697
131.688232
132.574890
133.461700
134.348679
135.235794
136.123062
137.010468
137.898041
138.785751
139.673599
140.561615
141.449127
142.334488
143.217682
144.098679
144.977463
145.854065
146.728470
147.600677
148.470688
149.338516
150.204132
151.067566
151.928802
152.787842
153.644684
154.499329
155.351776
156.202026
157.050110
157.895966
158.739624
159.581100
160.420380
161.257477
162.092377
162.925064
163.755554
164.583862
165.409973
166.233887
167.055603
167.875122
168.692444
169.507599
170.320526
171.131271
171.939819
172.746185
173.550323
174.352295
175.152054
175.949615
176.744995
177.538177
178.329178
179.117950
179.904556
180.688950
181.478714
182.281403
183.097015
183.925552
184.767029
185.621429
186.488739
187.368973
188.262146
189.168228
190.087250
191.019180
191.964050
192.921844
193.892578
194.876205
195.872787
196.882263
197.904694
198.940048
199.988297
201.049484
202.123611
203.210663
204.310623
205.423523
206.549347
207.688095
208.839767
210.004364
211.181870
212.372330
213.575699
214.792007
216.021225
217.263367
218.518448
219.786438
221.067368
222.361206
223.667984
224.987686
226.320312
227.665863
229.024338
230.395737
231.780060
233.177322
234.587479
0.000000
1.460531
2.945967
4.456311
5.991561
7.551718
9.136781
10.746753
12.381630
14.041413
15.726104
17.435701
19.170204
20.905674
22.618172
24.307699
25.974255
27.617836
29.238447
30.836082
32.410748
33.962440
35.491165
36.996914
38.479691
39.939495
41.376324
42.790184
44.181072
45.548985
46.893929
48.215900
49.514900
50.790928
52.043980
53.274059
54.481171
55.665310
56.826473
57.964664
59.079887
60.172134
61.241409
62.287716
63.311047
64.311401
65.288788
66.251953
67.222328
68.200890
69.187622
70.182541
71.185631
72.196899
73.216347
74.243973
75.279778
76.323753
77.375908
78.436249
79.504761
80.581451
81.666328
82.759377
83.860596
84.970009
86.087578
87.213341
88.347282
89.489395
90.639679
91.798157
92.964806
94.139626
95.322632
96.513817
97.713173
98.920715
100.136429
101.360321
102.592400
103.831291
105.068871
106.303764
107.535988
108.765541
109.992409
111.216614
112.438133
113.656975
114.873146
116.086647
117.297470
118.505615
119.711090
120.913879
122.113998
123.311447
124.506226
125.698318
126.887741
128.074478
129.258545
130.439941
131.618652
132.794708
133.968079
135.138779
136.306793
137.472137
138.634796
139.794785
140.952118
142.106750
143.258728
144.407898
145.551788
146.689316
147.820541
148.945419
150.063980
151.176208
152.282104
153.381668
154.474915
155.561829
156.642395
157.716644
158.784576
159.846161
160.901428
161.950348
162.992950
164.029236
165.059174
166.082779
167.100067
168.111023
169.115646
170.113937
171.105896
172.091537
173.070831
174.043808
175.010468
175.970779
176.924774
177.872406
178.813736
179.748749
180.676956
181.597961
182.511749
183.418304
184.317642
185.209747
186.094650
186.972321
187.842773
188.706009
189.562012
190.410812
191.252365
192.086716
192.913849
193.733765
194.546432
195.351898
196.150146
196.941162
197.724960
198.501541
199.270905
200.033035
200.787949
201.535660
202.276123
203.009369
203.735397
204.454208
205.165802
205.870178
206.567307
207.257248
207.939957
208.615433
209.283691
209.944733
210.598557
211.245148
211.884537
212.516693
213.141632
213.759338
214.369843
214.973114
215.569168
216.158005
216.739594
217.313980
217.881165
218.441101
218.993835
219.539337
220.077621
220.608688
221.132523
221.649139
222.158539
222.660721
223.155670
223.643417
224.123917
224.597229
225.063293
225.522141
225.973770
226.418182
226.855362
227.285339
227.708084
228.123596
228.531906
228.932999
229.326859
229.713501
230.092911
230.465118
230.830093
231.187851
231.538391
231.881683
232.217789
232.546677
232.868317
233.182739
233.489960
233.789932
234.082703
234.368240
234.646576
234.917679
235.181564
235.438217
235.687653
235.929886
236.164886
236.392654
236.613205
236.826553
237.032669
237.231552
237.423218
237.607681
237.784897
237.954926
0.000000
2.365430
4.652342
6.860736
8.990614
11.041973
13.014813
14.933002
16.820385
18.676968
20.502750
22.297731
24.061916
25.795300
27.497881
29.169662
30.810646
32.420830
34.000210
35.548790
37.066574
38.553555
40.009735
41.435120
42.829700
44.193481
45.526466
46.828648
48.100025
49.340611
50.550388
51.729370
52.877552
53.994930
55.082607
56.164749
57.251228
58.342052
59.437225
60.536739
61.640594
62.748798
63.861343
64.978233
66.099464
67.225052
68.354965
69.489235
70.627846
71.770798
72.918098
74.069740
75.225723
76.386055
77.550720
78.719742
79.893097
81.070808
82.252853
83.439255
84.629990
85.825066
87.024086
88.224648
89.426331
90.629150
91.833092
93.038170
94.244377
95.451714
96.660179
97.869781
99.080513
100.292366
101.505356
102.719475
103.934731
105.151108
106.368622
107.587257
108.807030
110.027931
111.249969
112.473129
113.697426
114.922844
116.149391
117.377075
118.605896
119.835838
121.066460
122.296684
123.526436
124.755745
125.984581
127.212967
128.440887
129.668350
130.895340
132.121887
133.347977
134.573608
135.798767
137.023468
138.247726
139.471512
140.694855
141.917725
143.140121
144.362076
145.583557
146.804611
148.025192
149.245285
150.464951
151.684158
152.902878
154.121170
155.334808
156.539627
157.735596
158.922760
160.101089
161.270599
162.431274
163.583115
164.726151
165.860336
166.985718
168.102264
169.209976
170.308868
171.398941
172.480179
173.552582
174.616165
175.670929
176.716858
177.753983
178.782257
179.801697
180.812347
181.814133
182.807114
183.791260
184.766571
185.733078
186.690750
187.639587
188.579590
189.510788
190.433151
191.346695
192.251404
193.147278
194.034332
194.912582
195.781967
196.642548
197.494308
198.337234
199.171326
199.996613
200.813049
201.620682
202.419464
203.209427
203.990570
204.762878
205.526382
206.281036
207.026855
207.763885
208.492050
209.211411
209.921936
210.623642
211.316513
212.000565
212.675781
213.342178
213.999741
214.648499
215.288422
215.919510
216.541763
217.155197
217.759811
218.355606
218.942551
219.520691
220.089996
220.650482
221.202133
221.744965
222.278946
222.804123
223.320480
223.827988
224.326691
224.816544
225.297607
225.769806
226.233200
226.687759
227.133499
227.570404
227.998489
228.417755
228.828171
229.229782
229.622559
230.006500
230.381638
230.747925
231.105392
231.454025
231.793854
232.124847
232.447006
232.760345
233.064865
233.360550
233.647415
233.925430
234.194656
234.455017
234.706573
234.949295
235.183212
235.408279
235.624542
235.831940
236.030533
236.220306
236.401245
236.573364
236.736664
236.891113
237.036758
237.173569
237.301559
237.420715
237.531036
237.632553
237.725220
237.809067
237.884094
237.950287
238.007660
238.056213
238.095917
238.126816
238.148880
238.162125
238.166534
