0.953867
0.023067
0.023067
0.023067
0.953867
0.023067
0.023067
0.023067
0.953867
0.000000
0.856395
1.723490
2.601285
3.489781
4.388978
5.298875
6.219472
7.150772
8.092770
9.045469
10.002007
10.955530
11.906034
12.853520
13.797988
14.739437
15.677868
16.613283
17.545677
18.475054
19.401413
20.324753
21.245073
22.162378
23.076668
23.987934
24.896185
25.801414
26.703629
27.602823
28.499001
29.392162
30.282303
31.169426
32.053528
32.934620
33.812683
34.687737
35.559769
36.428783
37.294777
38.157749
39.017712
39.874649
40.728577
41.579483
42.427368
43.272240
44.114090
44.952927
45.788734
46.621529
47.451309
48.279404
49.109085
49.940495
50.773643
51.608524
52.445137
53.283482
54.123558
54.965370
55.808914
56.654190
57.501198
58.349941
59.200417
60.052624
60.906567
61.762241
62.619648
63.478790
64.339661
65.202271
66.066605
66.932678
67.800484
68.670021
69.541290
70.414291
71.289032
72.165497
73.043709
73.923645
74.805305
75.688705
76.573837
77.460716
78.349312
79.239639
80.131714
81.025505
81.921036
82.818306
83.717308
84.618042
85.520363
86.423462
87.327194
88.231567
89.136574
90.042221
90.948502
91.855415
92.762962
93.671150
94.579979
95.489441
96.399529
97.310265
98.221626
99.133636
100.046265
100.959549
101.873459
102.788002
103.703186
104.619003
105.535461
106.452553
107.370277
108.288643
109.207634
110.127274
111.047546
111.968452
112.889999
113.812172
114.734985
115.658440
116.582527
117.507248
118.432610
119.358604
120.285217
121.212494
122.140396
123.068939
123.998108
124.927849
125.856674
126.783974
127.709747
128.634003
129.556717
130.477921
131.397583
132.315735
133.232361
134.147461
135.061035
135.973068
136.883591
137.792603
138.700073
139.606018
140.510422
141.413315
142.314697
143.214523
144.112839
145.009644
145.904907
146.798645
147.690872
148.581558
149.470718
150.358368
151.244492
152.129074
153.012131
153.893677
154.773697
155.652176
156.529129
157.404572
158.278503
159.150879
160.021744
160.891068
161.758881
162.625168
163.489929
164.354034
165.218384
166.082977
166.947784
167.812820
168.678101
169.543625
170.409363
171.275345
172.141541
173.007980
173.874664
174.741562
175.608704
176.476074
177.343674
178.211517
179.079590
179.947891
180.816422
181.685196
182.554199
183.423416
184.292892
185.162582
186.032532
186.902679
187.773102
188.643723
189.514587
190.385681
191.257004
192.128555
193.000351
193.872375
194.744644
195.617142
196.489853
197.362808
198.236008
199.109436
199.983093
200.856979
201.731079
202.605453
203.480042
204.354858
205.229904
206.105194
206.980698
207.856461
208.732437
209.608658
210.485107
211.361771
212.238693
213.115829
213.993225
214.870819
215.748672
216.626740
217.505066
218.383606
219.262375
220.141388
221.020630
221.900101
222.779816
223.659744
224.539917
225.420319
226.300964
0.000000
1.329187
2.700546
4.114075
5.569776
7.067647
8.607691
10.189904
11.814290
13.480846
15.158877
16.817688
18.457279
20.077652
21.678802
23.260731
24.823441
26.366930
27.891199
29.396248
30.882074
32.348682
33.796070
35.224239
36.633190
38.022911
39.393421
40.744705
42.076767
43.389614
44.683243
45.957645
47.212830
48.448799
49.665539
50.863068
52.041370
53.200451
54.340313
55.460957
56.562382
57.644577
58.717960
59.792904
60.869411
61.947491
63.027138
64.108353
65.191132
66.275482
67.361397
68.448875
69.537926
70.628540
71.720726
72.814484
73.909805
75.006691
76.105141
77.205170
78.306763
79.409920
80.514641
81.620934
82.728798
83.838219
84.949211
86.061783
87.175911
88.291603
89.408867
90.527702
91.648102
92.770065
93.895111
95.024757
96.158981
97.297806
98.441216
99.589226
100.741821
101.899010
103.060799
104.227165
105.398140
106.573692
107.753845
108.938583
110.127914
111.321846
112.520363
113.723465
114.931168
116.143456
117.360352
118.581825
119.807892
121.038551
122.273804
123.513649
124.758080
126.007103
127.260735
128.518936
129.781754
131.049149
132.315216
133.574097
134.825745
136.070190
137.307434
138.537460
139.760269
140.975876
142.184265
143.385437
144.579407
145.766159
146.945694
148.118027
149.283142
150.441040
151.591736
152.735214
153.871475
155.000534
156.122375
157.237015
158.344437
159.444641
160.537628
161.623413
162.701981
163.773346
164.837494
165.894424
166.944153
167.986664
169.021179
170.046860
171.063766
172.071854
173.071136
174.061615
175.043289
176.016159
176.980225
177.935501
178.881958
179.819626
180.748459
181.668503
182.579742
183.482193
184.375839
185.260651
186.136673
187.003891
187.862320
188.711929
189.552734
190.384735
191.207947
192.022339
192.827927
193.624725
194.412704
195.191879
195.962250
196.723816
197.476593
198.220551
198.955719
199.682053
200.399612
201.108337
201.808289
202.499435
203.181747
203.855286
204.520020
205.175919
205.823044
206.461349
207.090866
207.711548
208.323456
208.926544
209.520828
210.106323
210.682999
211.250885
211.809937
212.360214
212.901672
213.434341
213.958191
214.473236
214.979477
215.476929
215.965561
216.445404
216.916428
217.378647
217.832062
218.276688
218.712494
219.139496
219.557709
219.967102
220.367691
220.759491
221.142487
221.516647
221.882019
222.238602
222.586365
222.925339
223.255493
223.576859
223.889404
224.193146
224.488098
224.774231
225.051575
225.320099
225.579819
225.830750
226.072861
226.306168
226.530685
226.746384
226.953278
227.151382
227.340683
227.521164
227.692841
227.855713
228.009811
228.155060
228.291534
228.419189
228.538055
228.648117
228.749359
228.841812
228.925430
229.000275
229.066299
229.123535
229.171967
229.211578
229.242401
229.264404
229.277618
229.282013
0.000000
4.247881
6.991524
8.966919
10.910059
12.820943
14.699571
16.545942
18.360058
20.141918
21.891518
23.608864
25.293955
26.946789
28.567366
30.155685
31.711750
33.235554
34.727104
36.186401
37.613441
39.008224
40.370747
41.701023
42.999031
44.264790
45.498287
46.699535
47.868519
49.006493
50.140873
51.282883
52.432522
53.589775
54.754658
55.927166
57.107296
58.295052
59.490429
60.693432
61.904064
63.122314
64.348198
65.581688
66.822823
68.071571
69.327942
70.591934
71.863564
73.142807
74.429680
75.724174
77.026291
78.336037
79.653412
80.978394
82.310066
83.642715
84.975388
86.308083
87.640816
88.973572
90.306351
91.639168
92.972000
94.304871
95.637756
96.970680
98.303627
99.636612
100.969612
102.302643
103.635696
104.968788
106.301910
107.635048
108.968216
110.301414
111.634651
112.967903
114.301178
115.634499
116.967834
118.299881
119.627510
120.950546
122.269012
123.582878
124.892166
126.196877
127.497002
128.792542
130.083481
131.369843
132.651642
133.928833
135.201447
136.469482
137.732925
138.991791
140.246063
141.495743
142.740860
143.981369
145.217331
146.448669
147.675446
148.897629
150.115234
151.328247
152.534821
153.733109
154.923096
156.104797
157.278214
158.443314
159.600143
160.748672
161.888916
163.020859
164.144501
165.259872
166.366928
167.465714
168.556183
169.638367
170.712265
171.777863
172.835190
173.884201
174.924927
175.957352
176.981491
177.997345
179.004898
180.004166
180.995148
181.977814
182.952194
183.918274
184.876083
185.825592
186.766800
187.699722
188.624359
189.540695
190.448730
191.348495
192.239944
193.123123
193.997986
194.864563
195.722839
196.572845
197.414551
198.247955
199.073059
199.889893
200.698425
201.498657
202.290619
203.074265
203.849625
204.616699
205.375473
206.125961
206.868149
207.602036
208.327652
209.044968
209.753967
210.454712
211.147141
211.831284
212.507126
213.174683
213.833954
214.484940
215.127594
215.761978
216.388077
217.005890
217.615387
218.216599
218.809525
219.394165
219.970505
220.538559
221.098297
221.649765
222.192932
222.727798
223.254379
223.772675
224.282669
224.784393
225.277786
225.762909
226.239746
226.708267
227.168503
227.620468
228.064117
228.499481
228.926559
229.345322
229.755798
230.157990
230.551895
230.937500
231.314819
231.683838
232.044586
232.397018
232.741165
233.076996
233.404572
233.723831
234.034805
234.337494
234.631882
234.917969
235.195770
235.465271
235.726486
235.979431
236.224045
236.460403
236.688446
236.908203
237.119675
237.322830
237.517715
237.704300
237.882584
238.052582
238.214294
238.367722
238.512833
238.649658
238.778183
238.898438
239.010391
239.114059
239.209412
239.296478
239.375275
239.445770
239.507965
239.561859
239.607452
239.644775
239.673798
239.694550
239.706970
239.711105
