0.903257
0.048371
0.048371
0.048371
0.903257
0.048371
0.048371
0.048371
0.903257
0.000000
0.906888
1.819899
2.739034
3.664292
4.595673
5.533177
6.476806
7.426557
8.382431
9.344429
10.312551
11.286795
12.267164
13.253654
14.242717
15.230798
16.217896
17.204014
18.189152
19.173306
20.156479
21.138668
22.119879
23.100107
24.079353
25.057619
26.034901
27.011204
27.986525
28.960861
29.934217
30.906595
31.877987
32.848400
33.817833
34.786282
35.753750
36.720234
37.685738
38.650261
39.613800
40.576359
41.537937
42.498535
43.458145
44.416779
45.374428
46.331104
47.286793
48.241497
49.195225
50.147968
51.099731
52.050510
53.000309
53.949123
54.896961
55.843815
56.789684
57.734577
58.678486
59.621414
60.563358
61.504326
62.444305
63.383308
64.321320
65.258369
66.194427
67.129494
68.064453
69.001442
69.940544
70.881760
71.825096
72.770554
73.718132
74.667824
75.619637
76.573563
77.529602
78.487770
79.448044
80.410439
81.374962
82.341591
83.310341
84.281212
85.254196
86.229294
87.206520
88.185860
89.167313
90.150894
91.136581
92.124390
93.114319
94.106361
95.100525
96.096802
97.095200
98.095718
99.098351
100.103104
101.109970
102.118958
103.130058
104.143280
105.158623
106.176079
107.195656
108.217339
109.241150
110.267075
111.295120
112.325287
113.357567
114.391968
115.428482
116.467110
117.507858
118.550735
119.595718
120.642830
121.692039
122.743385
123.796326
124.847801
125.897316
126.944847
127.990417
129.034012
130.075623
131.115265
132.152924
133.188629
134.222336
135.254089
136.283875
137.311661
138.337494
139.361359
140.383224
141.403137
142.421066
143.437012
144.451019
145.463013
146.473053
147.481125
148.487213
149.491318
150.493484
151.493652
152.491837
153.488052
154.482300
155.474579
156.464890
157.453217
158.439575
159.423950
160.406357
161.386795
162.365250
163.341751
164.316254
165.288788
166.259369
167.227966
168.194565
169.159210
170.121887
171.082596
172.041321
172.998062
173.952835
174.905655
175.856476
176.805328
177.752213
178.697128
179.640244
180.585358
181.534012
182.486237
183.442017
184.401337
185.364227
186.330658
187.300644
188.274200
189.251312
190.231964
191.216171
192.203934
193.195251
194.190125
195.188568
196.190552
197.196106
198.205185
199.217834
200.234055
201.253815
202.277130
203.303986
204.334412
205.368408
206.405945
207.447021
208.491669
209.539871
210.591629
211.646942
212.705795
213.768219
214.834198
215.903717
216.976807
218.053436
219.133636
220.217377
221.304688
222.395538
223.489960
224.587921
225.689453
226.794525
227.903152
229.015350
230.131088
231.250397
232.373230
233.499649
234.629593
235.763123
236.900192
238.040817
239.154465
240.210648
241.209335
242.150528
243.034256
243.860489
244.629242
245.340515
245.994293
246.590576
247.129379
247.610703
248.034531
248.400894
248.709763
248.961136
0.000000
1.081088
2.159417
3.234989
4.307802
5.377857
6.445154
7.509692
8.571473
9.630495
10.686759
11.740264
12.791012
13.839001
14.884231
15.926702
16.966419
18.003376
19.037573
20.069012
21.097692
22.124573
23.150612
24.175808
25.200161
26.223671
27.246340
28.268164
29.289148
30.309286
31.328583
32.347038
33.364651
34.381416
35.397343
36.412426
37.426670
38.440067
39.452621
40.464333
41.475208
42.485233
43.494419
44.502758
45.510262
46.516918
47.522732
48.527706
49.531830
50.535122
51.537563
52.539165
53.539925
54.539833
55.538906
56.537136
57.534531
58.531071
59.526772
60.521633
61.515652
62.508827
63.501152
64.492645
65.483299
66.473091
67.462059
68.450172
69.437454
70.423889
71.409477
72.394226
73.378128
74.361191
75.343407
76.324783
77.305748
78.287369
79.269691
80.252701
81.236420
82.220825
83.205933
84.191750
85.178261
86.165459
87.153366
88.141968
89.131279
90.121277
91.111977
92.103378
93.095474
94.088272
95.081764
96.075951
97.070847
98.066437
99.062721
100.059715
101.057404
102.055786
103.054863
104.054649
105.055130
106.056305
107.058182
108.060760
109.064034
110.068008
111.072678
112.078056
113.084122
114.090881
115.098358
116.106522
117.115387
118.124947
119.135208
120.146164
121.157822
122.170181
123.183235
124.196991
125.211441
126.226593
127.242432
128.258987
129.276245
130.294189
131.312820
132.332001
133.350815
134.369110
135.386841
136.404068
137.420731
138.436890
139.452499
140.467575
141.482147
142.496155
143.509628
144.522598
145.535019
146.546906
147.558258
148.569077
149.579391
150.589142
151.598373
152.607056
153.615219
154.622849
155.629944
156.636520
157.642548
158.648056
159.653030
160.657455
161.661346
162.664734
163.667572
164.669876
165.671661
166.672882
167.673599
168.673767
169.673416
170.672531
171.671112
172.669159
173.666672
174.663666
175.660110
176.656021
177.651413
178.646255
179.640594
180.634369
181.627640
182.620361
183.612549
184.604202
185.595322
186.585922
187.576004
188.565506
189.554459
190.542831
191.530640
192.517883
193.504562
194.490662
195.476227
196.461212
197.445618
198.429474
199.412750
200.395493
201.377640
202.359222
203.340256
204.320709
205.300613
206.279938
207.258698
208.236893
209.214539
210.191605
211.168106
212.144043
213.119415
214.094223
215.068466
216.042145
217.015259
217.987793
218.959778
219.931198
220.902039
221.872330
222.842056
223.811203
224.779800
225.747818
226.715271
227.682175
228.648499
229.614258
230.579453
231.544083
232.508148
233.471664
234.434586
235.396957
236.358765
237.320007
238.280685
239.240784
240.200333
241.159317
242.083771
242.939743
243.727234
244.446259
245.096802
245.678879
246.192459
246.637558
247.014191
247.322342
247.562027
247.733215
247.835938
247.870163
0.000000
1.556620
3.079923
4.569909
6.026579
7.449931
8.839966
10.196683
11.520085
12.810169
14.066936
15.290385
16.480518
17.637335
18.760834
19.867323
20.973124
22.078228
23.182644
24.286362
25.389389
26.491720
27.593359
28.694305
29.794556
30.894117
31.992979
33.091152
34.188629
35.285416
36.381504
37.476902
38.571606
39.665615
40.758930
41.851555
42.943485
44.034725
45.125267
46.215115
47.304268
48.392738
49.480503
50.567577
51.653957
52.739651
53.824642
54.908939
55.992550
57.075470
58.157688
59.239216
60.320045
61.400192
62.479637
63.558392
64.636444
65.713821
66.790489
67.866463
68.941750
70.016350
71.090248
72.163445
73.235962
74.307777
75.379593
76.453102
77.528374
78.605408
79.684212
80.764771
81.847099
82.931198
84.017059
85.104691
86.194077
87.285233
88.378151
89.472839
90.569290
91.667503
92.767494
93.869232
94.972748
96.078026
97.185066
98.293869
99.404442
100.516785
101.630890
102.746750
103.864388
104.983788
106.104942
107.227875
108.352570
109.479027
110.607254
111.737244
112.868988
114.002518
115.137794
116.274849
117.413658
118.554245
119.696587
120.840698
121.986572
123.134216
124.283607
125.434792
126.587715
127.742424
128.898880
130.057114
131.217117
132.378265
133.537094
134.692993
135.845978
136.996017
138.143158
139.287354
140.428604
141.566956
142.702362
143.834854
144.964417
146.091034
147.214737
148.335510
149.453354
150.568268
151.680267
152.789337
153.895462
154.998672
156.098953
157.196304
158.290741
159.382233
160.470795
161.556427
162.639160
163.718948
164.795807
165.869736
166.940750
168.008804
169.073959
170.136185
171.195480
172.251846
173.305283
174.355804
175.403381
176.448029
177.489746
178.528549
179.564438
180.597382
181.627396
182.654495
183.678650
184.699875
185.718201
186.733582
187.745895
188.752533
189.752365
190.745422
191.731689
192.711166
193.683868
194.649780
195.608902
196.561234
197.506790
198.445557
199.377518
200.302719
201.221115
202.132736
203.037567
203.935608
204.826874
205.711319
206.589020
207.459915
208.324020
209.181351
210.031876
210.875626
211.712585
212.542770
213.366150
214.182755
214.992569
215.795609
216.591843
217.381302
218.163971
218.939865
219.708954
220.471252
221.226776
221.975510
222.717468
223.452637
224.181015
224.902588
225.617386
226.325409
227.026627
227.721085
228.408737
229.089615
229.763687
230.430969
231.085678
231.721939
232.339722
232.939087
233.519989
234.082474
234.626495
235.152084
235.659241
236.147949
236.618210
237.070038
237.503418
237.918350
238.314850
238.692902
239.052521
239.393692
239.716431
240.020721
240.306549
240.573975
240.822937
241.053452
241.265533
241.459167
241.634369
241.791122
241.929428
242.049301
242.150742
242.233734
242.298264
242.344391
242.372040
242.381271
