0.972039
0.013980
0.013980
0.013980
0.972039
0.013980
0.013980
0.013980
0.972039
0.000001
1.327070
2.626200
3.897390
5.140642
6.355953
7.543325
8.702758
9.834252
10.937806
12.013420
13.061095
14.080832
15.072628
16.036484
16.972401
17.880381
18.776218
19.675713
20.578869
21.485685
22.396158
23.310289
24.228081
25.149532
26.074638
27.003407
27.935831
28.871918
29.811661
30.755064
31.702124
32.652843
33.607224
34.565262
35.526958
36.492313
37.461327
38.434002
39.410332
40.390320
41.373970
42.361282
43.352245
44.346874
45.345154
46.347099
47.352703
48.361961
49.374882
50.391460
51.411697
52.435589
53.463146
54.494358
55.526115
56.555290
57.581882
58.605892
59.627323
60.646175
61.662445
62.676136
63.687248
64.695778
65.701729
66.705093
67.705887
68.704094
69.699715
70.692757
71.683228
72.671112
73.656418
74.639145
75.619293
76.596855
77.571838
78.544250
79.514061
80.481308
81.445969
82.408058
83.367554
84.324486
85.278816
86.230583
87.179756
88.126358
89.070374
90.011818
90.950676
91.886948
92.823814
93.764404
94.708740
95.656822
96.608627
97.564178
98.523468
99.486496
100.453262
101.423767
102.398018
103.375999
104.357712
105.343178
106.332375
107.325317
108.321991
109.322395
110.326553
111.334450
112.346077
113.361450
114.380554
115.403412
116.429993
117.460312
118.494377
119.532188
120.573723
121.619003
122.668022
123.720779
124.777275
125.837509
126.901474
127.969185
129.040634
130.115829
131.190308
132.259644
133.323837
134.382889
135.436798
136.485580
137.529190
138.567673
139.600998
140.629196
141.652237
142.670135
143.682892
144.690506
145.692978
146.690308
147.682480
148.669525
149.651413
150.628174
151.599762
152.566238
153.527557
154.483719
155.434753
156.380646
157.321381
158.256973
159.187424
160.112732
161.032898
161.947922
162.857803
163.762527
164.662109
165.556564
166.445862
167.330017
168.213867
169.102295
169.995285
170.892822
171.794922
172.701584
173.612808
174.528580
175.448929
176.373840
177.303299
178.237320
179.175903
180.119049
181.066757
182.019012
182.975830
183.937210
184.903152
185.873672
186.848724
187.828339
188.812531
189.801270
190.794571
191.792450
192.794861
193.801834
194.813385
195.829483
196.850143
197.875366
198.905151
199.939499
200.978394
202.021866
203.069870
204.122467
205.179596
206.241287
207.307556
208.378387
209.453766
210.533707
211.618195
212.707260
213.800873
214.899063
216.001816
217.109100
218.220963
219.337387
220.458359
221.583893
222.714005
223.848663
224.987885
226.131668
227.279999
228.432907
229.590363
230.752380
231.918976
233.090103
234.265823
235.446060
236.630875
237.820267
239.014191
240.212692
241.415756
242.623383
243.835556
245.052292
246.273605
247.499451
248.729874
249.964844
251.204391
252.448486
253.697159
254.950363
255.000000
255.000000
255.000000
255.000000
255.000000
0.000000
0.976563
1.954652
2.934265
3.915402
4.898066
5.882253
6.867966
7.855203
8.843966
9.834252
10.826065
11.819401
12.814263
13.810650
14.808560
15.807998
16.808958
17.811445
18.815456
19.820143
20.824665
21.829020
22.833206
23.837227
24.841078
25.844761
26.848280
27.851631
28.854813
29.857826
30.860674
31.863354
32.865864
33.868210
34.870388
35.872402
36.874241
37.875919
38.877422
39.878761
40.879940
41.880943
42.881779
43.882450
44.882954
45.883289
46.883457
47.883457
48.883289
49.882961
50.882454
51.881786
52.880947
53.879944
54.878773
55.877430
56.875927
57.874199
58.871891
59.868942
60.865360
61.861141
62.856289
63.850792
64.844666
65.837906
66.830505
67.822472
68.813797
69.804489
70.794540
71.783958
72.772743
73.760887
74.748405
75.735268
76.721512
77.707115
78.692078
79.676407
80.660103
81.643158
82.625580
83.607361
84.588509
85.569023
86.548897
87.528137
88.506737
89.484695
90.462036
91.438728
92.414780
93.390205
94.364990
95.339142
96.312393
97.284470
98.255379
99.225121
100.193695
101.161087
102.127327
103.092392
104.056282
105.019005
105.980568
106.940964
107.900169
108.858223
109.815102
110.770821
111.725357
112.678734
113.630943
114.581978
115.531845
116.480545
117.428078
118.374443
119.319633
120.263657
121.206505
122.148193
123.088707
124.028053
124.966232
125.903244
126.839081
127.773750
128.707260
129.639587
130.570755
131.500748
132.429962
133.360886
134.293869
135.228943
136.166107
137.105331
138.046661
138.990067
139.935547
140.883118
141.832779
142.784515
143.738342
144.694229
145.652222
146.612289
147.574448
148.538666
149.504990
150.473389
151.443863
152.416428
153.391083
154.367798
155.346603
156.327499
157.310486
158.295547
159.282684
160.271912
161.263229
162.256607
163.252090
164.249649
165.249283
166.251007
167.254807
168.260681
169.268661
170.277573
171.286255
172.294739
173.302979
174.311035
175.318863
176.326477
177.333878
178.341080
179.348053
180.354813
181.361359
182.367691
183.373810
184.379715
185.385391
186.390869
187.396118
188.401169
189.406006
190.410614
191.415024
192.419205
193.423172
194.426941
195.430481
196.433807
197.436920
198.439819
199.442490
200.444977
201.447220
202.449280
203.451096
204.452713
205.454102
206.455292
207.456253
208.457016
209.457565
210.457886
211.457977
212.457886
213.457581
214.457047
215.456299
216.455338
217.454147
218.452774
219.451157
220.449356
221.447311
222.445084
223.442596
224.439926
225.437042
226.433945
227.430618
228.427078
229.423325
230.419357
231.415192
232.410812
233.406204
234.401367
235.396332
236.391098
237.385635
238.379929
239.374054
240.367935
241.361618
242.355087
243.348343
244.341354
245.334198
246.326797
247.319183
248.311356
249.303329
250.295059
251.286606
0.000000
1.396057
2.761542
4.096455
5.400795
6.674564
7.917761
9.130384
10.312439
11.463919
12.584827
13.675164
14.749462
15.822258
16.893551
17.963343
19.031628
20.098412
21.163694
22.227470
23.289745
24.350519
25.409788
26.467552
27.523815
28.578577
29.631832
30.683584
31.733835
32.782581
33.829826
34.875568
35.919811
36.962547
38.003780
39.043510
40.081734
41.118462
42.153679
43.187397
44.219616
45.250328
46.279533
47.307240
48.333443
49.358143
50.381336
51.403034
52.423759
53.444836
54.466320
55.488213
56.510513
57.533226
58.556343
59.579868
60.603802
61.628147
62.652897
63.678055
64.703629
65.729599
66.755981
67.782768
68.809975
69.837585
70.865601
71.894028
72.922859
73.952103
74.981750
76.011803
77.042274
78.073151
79.104431
80.136116
81.168221
82.200722
83.233643
84.266968
85.300697
86.334839
87.369385
88.404335
89.439468
90.473328
91.505676
92.536522
93.565849
94.593674
95.619995
96.644806
97.668114
98.689903
99.710190
100.728973
101.746246
102.762009
103.776260
104.789009
105.800247
106.809982
107.818214
108.824921
109.830124
110.833839
111.836021
112.836708
113.835884
114.833565
115.829720
116.824371
117.817520
118.809158
119.799294
120.787918
121.775032
122.760635
123.744736
124.727333
125.708481
126.689568
127.671143
128.653244
129.635818
130.618912
131.602509
132.586609
133.571198
134.556290
135.541885
136.527985
137.514587
138.501694
139.489304
140.477402
141.466019
142.455109
143.444733
144.434845
145.425461
146.416565
147.408203
148.400314
149.392929
150.386047
151.379684
152.373795
153.368439
154.363556
155.359192
156.355316
157.351959
158.349091
159.346725
160.344864
161.343506
162.341812
163.338882
164.334747
165.329422
166.322876
167.315125
168.306168
169.295990
170.284622
171.272034
172.258255
173.243256
174.227051
175.209625
176.191010
177.171173
178.150146
179.127884
180.104431
181.079788
182.053909
183.026825
183.998550
184.969055
185.938354
186.906433
187.873322
188.839005
189.803467
190.766724
191.728775
192.689621
193.649246
194.607681
195.564911
196.520920
197.475723
198.429321
199.381714
200.332886
201.282867
202.231628
203.179184
204.125534
205.070679
206.014603
206.957321
207.898849
208.839172
209.778259
210.716141
211.652832
212.588318
213.522583
214.455643
215.387497
216.318146
217.247589
218.175812
219.102844
220.028656
220.953247
221.876663
222.798859
223.719833
224.639618
225.558182
226.475540
227.391678
228.306625
229.220352
230.132889
231.044220
231.954330
232.863235
233.770935
234.677414
235.582703
236.486771
237.389648
238.291290
239.191757
240.090988
240.989029
241.885834
242.781464
243.675873
244.569077
245.461060
246.351852
247.241425
248.129791
249.016968
249.902908
250.787674
251.671204
252.553543
253.434647
254.314575
