0.952985
0.023507
0.023507
0.023507
0.952985
0.023507
0.023507
0.023507
0.952985
0.000000
1.042524
2.084969
3.127337
4.169629
5.211843
6.253978
7.296038
8.338020
9.379926
10.421752
11.463502
12.505175
13.546771
14.588287
15.629728
16.671093
17.712379
18.753586
19.794716
20.835772
21.876751
22.917648
23.958471
24.999216
26.039883
27.080473
28.120985
29.161421
30.201780
31.242060
32.282265
33.322392
34.362446
35.402412
36.442310
37.482128
38.521866
39.561527
40.601112
41.640621
42.680054
43.719402
44.758678
45.797882
46.837006
47.876045
48.915012
49.953903
50.992718
52.031448
53.070107
54.108685
55.147194
56.185612
57.223965
58.262238
59.300430
60.338543
61.376583
62.414547
63.452435
64.490234
65.527962
66.565628
67.603195
68.640694
69.678116
70.715462
71.752731
72.789909
73.827026
74.864059
75.901016
76.937889
77.974693
79.011429
80.048080
81.084641
82.121132
83.157547
84.193893
85.230148
86.266327
87.302444
88.338470
89.374420
90.410294
91.446091
92.481819
93.517448
94.553017
95.588509
96.623924
97.659248
98.694504
99.729691
100.764793
101.799805
102.834755
103.869629
104.904427
105.939125
106.973778
108.008339
109.042824
110.077217
111.111549
112.145805
113.179985
114.214066
115.248093
116.282036
117.315903
118.349678
119.383392
120.417389
121.452057
122.487396
123.523392
124.560051
125.597382
126.635368
127.674034
128.713348
129.753342
130.793976
131.835312
132.877289
133.919937
134.963242
136.007233
137.051865
138.097153
139.143143
140.189774
141.237076
142.285034
143.333664
144.382965
145.432922
146.483536
147.534836
148.586792
149.639404
150.692688
151.746643
152.800903
153.847702
154.883881
155.909439
156.924377
157.928680
158.922348
159.905411
160.877838
161.839630
162.790802
163.731339
164.661270
165.580566
166.489243
167.387283
168.274704
169.151474
170.017654
170.873184
171.718094
172.552368
173.376038
174.189072
174.991486
175.783249
176.564407
177.334930
178.094833
178.844116
179.582779
180.310776
181.031128
181.761688
182.505371
183.262222
184.032227
184.815369
185.611664
186.421112
187.243713
188.079453
188.928360
189.790390
190.665588
191.553940
192.455429
193.370087
194.297882
195.238831
196.192932
197.160172
198.140564
199.134125
200.140808
201.160660
202.193649
203.239807
204.299103
205.371552
206.457153
207.555893
208.667801
209.792831
210.925140
212.050278
213.167603
214.277100
215.378769
216.472626
217.558655
218.636856
219.707245
220.769821
221.824570
222.871506
223.910614
224.941910
225.965378
226.981033
227.988861
228.988876
229.981064
230.965439
231.941986
232.910706
233.871613
234.824707
235.769974
236.707413
237.637039
238.558853
239.472855
240.379013
241.277359
242.167877
243.050842
243.926498
244.794861
245.655899
246.509644
247.356094
248.195236
249.027054
249.851593
250.668808
251.478729
252.281357
253.076660
0.000000
1.023783
2.047704
3.071762
4.095957
5.120289
6.144758
7.169364
8.194108
9.218989
10.244005
11.269160
12.294451
13.319881
14.345447
15.371150
16.396990
17.422968
18.449081
19.475332
20.501722
21.528246
22.554909
23.581709
24.608646
25.635719
26.662930
27.690279
28.717762
29.745386
30.773144
31.801041
32.829075
33.857246
34.885555
35.914001
36.942581
37.971302
39.000156
40.029148
41.058277
42.087547
43.116951
44.146492
45.176170
46.205990
47.235939
48.266029
49.296257
50.326618
51.357121
52.387760
53.418533
54.449448
55.480495
56.511681
57.543007
58.574471
59.606064
60.637798
61.669674
62.701683
63.733829
64.766113
65.798531
66.831093
67.863785
68.896622
69.929588
70.962692
71.995941
73.029312
74.062828
75.096489
76.130272
77.164207
78.198265
79.232475
80.266815
81.301285
82.335907
83.370659
84.405540
85.440567
86.475731
87.511032
88.546463
89.582039
90.617752
91.653595
92.689583
93.725700
94.761963
95.798363
96.834892
97.871559
98.908363
99.945312
100.982391
102.019615
103.056969
104.094467
105.132088
106.169861
107.207756
108.245804
109.283981
110.322296
111.360748
112.399338
113.438065
114.476929
115.515930
116.555069
117.593407
118.630066
119.665024
120.698280
121.729843
122.759705
123.787865
124.814323
125.839096
126.862152
127.883522
128.903183
129.921158
130.937424
131.951996
132.964859
133.976028
134.985489
135.993256
136.999344
138.003723
139.006393
140.007370
141.006638
142.004211
143.000076
143.994263
144.986740
145.977524
146.966599
147.953979
148.939667
149.923279
150.902527
151.877045
152.846832
153.811874
154.772202
155.727768
156.678635
157.624756
158.566147
159.502792
160.434723
161.361893
162.284348
163.202072
164.115067
165.023315
165.926834
166.825623
167.719681
168.609009
169.493591
170.373459
171.248581
172.118988
172.984634
173.845566
174.701752
175.553223
176.399948
177.241943
178.079208
178.911743
179.745789
180.587601
181.437210
182.294586
183.159714
184.032623
184.913315
185.801773
186.698013
187.602020
188.513794
189.433350
190.360672
191.295761
192.238647
193.189285
194.147690
195.113892
196.087860
197.069580
198.059097
199.056381
200.061417
201.074265
202.094864
203.123245
204.159378
205.203293
206.254990
207.314453
208.381699
209.456711
210.537933
211.615891
212.689041
213.757401
214.820908
215.879623
216.933517
217.982620
219.026871
220.066330
221.100967
222.130798
223.155807
224.176010
225.191391
226.201950
227.207718
228.208633
229.204758
230.196091
231.182571
232.164261
233.141129
234.113174
235.080414
236.042847
237.000458
237.953247
238.901215
239.844391
240.782745
241.716278
242.645004
243.571655
244.498962
245.426910
246.355545
247.284821
248.214752
249.145340
250.076584
251.008499
251.941071
252.874283
253.808167
0.000001
1.089890
2.179305
3.268246
4.356714
5.444706
6.532226
7.619270
8.705842
9.791939
10.877562
11.962709
13.047384
14.131585
15.215313
16.298565
17.381342
18.463650
19.545479
20.626837
21.707718
22.788126
23.868063
24.947523
26.026510
27.105021
28.183058
29.260622
30.337717
31.414328
32.490471
33.566139
34.641335
35.716053
36.790302
37.864075
38.937374
40.010197
41.082542
42.154423
43.225822
44.296753
45.367203
46.437183
47.506691
48.575722
49.644283
50.712364
51.779972
52.847107
53.913773
54.979958
56.045670
57.110912
58.175678
59.239964
60.303783
61.367130
62.430000
63.492397
64.554314
65.615761
66.676743
67.737244
68.797264
69.856812
70.915894
71.974503
73.032631
74.090279
75.147461
76.204163
77.260406
78.316154
79.371437
80.426254
81.480591
82.534454
83.587837
84.640755
85.693199
86.745171
87.796654
88.847679
89.898224
90.948296
91.997879
93.047005
94.095657
95.143837
96.191544
97.238762
98.285507
99.331795
100.377602
101.422920
102.467781
103.512161
104.556068
105.599503
106.642464
107.684952
108.726959
109.768509
110.809563
111.850151
112.890274
113.929916
114.969078
116.007774
117.045990
118.083946
119.121735
120.159409
121.196960
122.234383
123.271675
124.308846
125.345894
126.382820
127.419617
128.456284
129.492844
130.529266
131.565567
132.601746
133.637802
134.673706
135.709518
136.745193
137.780746
138.816177
139.851486
140.886658
141.921707
142.956635
143.991440
145.026123
146.060669
147.095093
148.129395
149.163574
150.196564
151.221924
152.238586
153.246552
154.245819
155.236404
156.218277
157.191467
158.155945
159.111755
160.058838
160.997238
161.926941
162.847946
163.760269
164.663895
165.558807
166.445023
167.322556
168.191391
169.051529
169.902954
170.745712
171.579758
172.405106
173.221756
174.029739
174.828995
175.619568
176.401428
177.174606
177.939087
178.705048
179.482605
180.271805
181.072632
181.885071
182.709137
183.544815
184.392136
185.251083
186.121643
187.003830
187.897659
188.803101
189.720154
190.648834
191.589157
192.541092
193.504669
194.479843
195.466644
196.465088
197.475159
198.496841
199.530151
200.575073
201.631638
202.699814
203.779633
204.871063
205.974121
207.088791
208.212006
209.325256
210.425446
211.512573
212.586655
213.647690
214.695648
215.730560
216.752411
217.761215
218.756958
219.739624
220.709259
221.665817
222.609344
223.539780
224.457199
225.361526
226.252808
227.131042
227.996216
228.848328
229.687378
230.513382
231.326324
232.126221
232.913040
233.686829
234.447540
235.195206
235.929810
236.651367
237.373245
238.108948
238.858398
239.621658
240.398697
241.189499
241.994095
242.812454
243.644608
244.490540
245.350250
246.223755
247.111023
248.012070
248.926910
249.855515
250.797913
251.754074
252.724030
