0.995734
0.002133
0.002133
0.002133
0.995734
0.002133
0.002133
0.002133
0.995734
0.000000
1.383994
2.705033
3.963118
5.187081
6.405753
7.619134
8.827225
10.030024
11.227532
12.419749
13.606675
14.788313
15.964657
17.135708
18.301474
19.461945
20.617128
21.767014
22.911612
24.050924
25.184942
26.313667
27.437099
28.555244
29.668097
30.775661
31.877934
32.974911
34.066601
35.153000
36.234112
37.309929
38.380451
39.445686
40.505630
41.560284
42.609650
43.653717
44.692497
45.725986
46.754189
47.777096
48.794708
49.807037
50.814068
51.815815
52.812267
53.803429
54.789299
55.769878
56.745171
57.715168
58.679874
59.639290
60.596252
61.553623
62.511387
63.469547
64.428108
65.387070
66.346420
67.306175
68.266335
69.226883
70.187828
71.149178
72.110916
73.073059
74.035591
74.998528
75.961861
76.925598
77.889725
78.854248
79.819176
80.784500
81.750229
82.716339
83.682854
84.649773
85.617088
86.584801
87.552902
88.521408
89.490311
90.459610
91.429314
92.399406
93.369896
94.340790
95.312080
96.283768
97.255859
98.228340
99.201218
100.174507
101.148178
102.122253
103.096718
104.071594
105.046867
106.022537
106.998596
107.975052
108.951912
109.930099
110.910538
111.893227
112.878174
113.865364
114.854820
115.846519
116.840477
117.836685
118.835144
119.835861
120.838829
121.844048
122.851517
123.861244
124.873230
125.887459
126.903946
127.922691
128.943680
129.966919
130.992416
132.020172
133.050171
134.082428
135.116928
136.153702
137.192719
138.233978
139.277496
140.323273
141.371307
142.421585
143.474121
144.528915
145.585938
146.645248
147.706787
148.770569
149.836624
150.904938
151.975494
153.048309
154.123367
155.200684
156.280243
157.362061
158.446152
159.532486
160.621063
161.711884
162.802277
163.889572
164.973724
166.054749
167.132675
168.207474
169.279144
170.347702
171.413132
172.475433
173.534637
174.590714
175.643646
176.693481
177.740189
178.783768
179.824234
180.861588
181.895798
182.926910
183.954895
184.979752
186.001495
187.020111
188.035614
189.047989
190.057251
191.063385
192.066391
193.066284
194.063065
195.056717
196.047241
197.034653
198.018936
199.000107
199.978165
200.953079
201.924896
202.893585
203.859131
204.821579
205.780914
206.737106
207.690186
208.640152
209.586975
210.530701
211.471298
212.408768
213.343124
214.280090
215.225433
216.179123
217.141190
218.111603
219.090408
220.077545
221.073044
222.076920
223.089157
224.109741
225.138687
226.176025
227.221695
228.275726
229.338135
230.408905
231.488022
232.575516
233.671371
234.775574
235.888153
237.009079
238.138382
239.276031
240.422058
241.576431
242.739166
243.910278
245.089737
246.277573
247.473755
248.678329
249.891220
251.112503
252.342148
253.580139
254.826508
255.000000
255.000000
255.000000
255.000000
255.000000
255.000000
255.000000
255.000000
255.000000
255.000000
0.000000
0.526189
1.155780
1.888773
2.725168
3.664965
4.708163
5.854764
7.049533
8.237233
9.417867
10.591433
11.757933
12.917363
14.069728
15.215024
16.353254
17.484417
18.608513
19.725540
20.835503
21.938393
23.034220
24.122978
25.204670
26.279295
27.346855
28.407341
29.460766
30.507118
31.546406
32.578629
33.603783
34.621864
35.632885
36.636841
37.633720
38.623535
39.606289
40.581966
41.550583
42.512135
43.466614
44.414028
45.354374
46.287651
47.213860
48.133011
49.045086
49.950092
50.848034
51.740044
52.632923
53.527798
54.424671
55.323547
56.224419
57.127296
58.032173
58.939049
59.847919
60.758797
61.671673
62.586548
63.503422
64.422295
65.343170
66.266052
67.190918
68.117798
69.046669
69.977547
70.910423
71.845299
72.782173
73.721054
74.661926
75.604805
76.549675
77.496552
78.445427
79.396309
80.349182
81.304054
82.260933
83.219803
84.180679
85.143555
86.108437
87.075310
88.044189
89.015060
89.987938
90.962814
91.939682
92.917435
93.894920
94.872162
95.849152
96.825882
97.802361
98.778580
99.754547
100.730263
101.705719
102.680931
103.655884
104.630577
105.605019
106.579208
107.553146
108.526825
109.500252
110.473427
111.446342
112.419006
113.391411
114.363564
115.335472
116.307114
117.278503
118.249641
119.220528
120.191154
121.161530
122.131645
123.101517
124.071121
125.040482
126.009590
126.978439
127.947037
128.915375
129.883453
130.851303
131.818863
132.786179
133.753265
134.720245
135.688171
136.657211
137.627335
138.598587
139.570938
140.544388
141.518951
142.494614
143.471390
144.449280
145.428253
146.408356
147.389557
148.371872
149.355286
150.339798
151.325439
152.312164
153.300003
154.288956
155.279022
156.270172
157.262451
158.255829
159.250305
160.245895
161.242584
162.240402
163.239304
164.239319
165.240448
166.242661
167.246002
168.250443
169.255997
170.262650
171.270416
172.279282
173.289261
174.300339
175.312531
176.325836
177.340225
178.356384
179.374863
180.395691
181.418854
182.444366
183.472244
184.502457
185.535019
186.569931
187.607193
188.646805
189.688751
190.733047
191.779709
192.828690
193.880035
194.933731
195.989777
197.048157
198.108902
199.171982
200.237411
201.305191
202.375320
203.447784
204.522614
205.599777
206.679306
207.761169
208.845383
209.931946
211.020844
212.112091
213.205704
214.301651
215.399948
216.500580
217.603592
218.708939
219.816620
220.926651
222.039032
223.153778
224.270859
225.390289
226.512070
227.636185
228.762650
229.891464
231.022629
232.156143
233.292007
234.430222
235.570770
236.713684
237.858932
239.006531
240.156479
241.308777
242.463409
243.620407
244.779739
245.941437
247.105453
248.271835
249.440567
250.611649
251.785065
252.960846
254.138962
255.000000
255.000000
255.000000
255.000000
0.000000
0.000000
0.142981
0.890864
1.788918
2.688158
3.588587
4.490203
5.393007
6.296999
7.202179
8.108545
9.016101
9.924843
10.834774
11.745892
12.658197
13.571690
14.486371
15.402239
16.319298
17.237541
18.156973
19.077593
19.999401
20.922394
21.846577
22.771946
23.698503
24.626251
25.555183
26.485302
27.416613
28.349110
29.282795
30.217325
31.150652
32.082439
33.012676
33.941376
34.868530
35.794140
36.718204
37.640732
38.561707
39.481144
40.399036
41.315384
42.230190
43.143448
44.055168
44.965340
45.873974
46.781055
47.686596
48.590599
49.493053
50.393967
51.293335
52.191158
53.087437
53.982174
54.875370
55.767025
56.657127
57.545692
58.432709
59.320061
60.209648
61.101456
61.995487
62.891743
63.790226
64.690926
65.593857
66.499016
67.406395
68.316002
69.227821
70.141884
71.058159
71.976654
72.897385
73.820335
74.745514
75.672913
76.602539
77.534386
78.468460
79.404747
80.343277
81.284019
82.226997
83.172188
84.119606
85.069260
86.021118
86.975212
87.930870
88.884064
89.834152
90.781120
91.724968
92.665695
93.603310
94.537811
95.469185
96.397446
97.322586
98.244614
99.163528
100.079315
100.991997
101.901558
102.807999
103.711319
104.611526
105.508614
106.402580
107.293434
108.181175
109.065788
109.947296
110.825676
111.700951
112.573097
113.442123
114.308044
115.170837
116.030518
116.890686
117.754951
118.623306
119.495750
120.372292
121.252922
122.137650
123.026466
123.919373
124.816383
125.717476
126.622673
127.531952
128.445328
129.362793
130.284348
131.210022
132.139771
133.073608
134.011536
134.953552
135.899673
136.849884
137.804199
138.762589
139.725082
140.691666
141.662338
142.637115
143.615967
144.598938
145.585983
146.577118
147.572342
148.571671
149.575104
150.582611
151.594223
152.609909
153.629715
154.653580
155.681564
156.713638
157.749802
158.790039
159.834396
160.882828
161.935379
162.992004
164.052719
165.117523
166.186432
167.259445
168.336533
169.417709
170.502991
171.592361
172.685822
173.783386
174.885025
175.990784
177.100601
178.214539
179.332565
180.454666
181.580887
182.711182
183.845566
184.984039
186.126633
187.273300
188.424072
189.578918
190.737885
191.900925
193.068039
194.239288
195.414612
196.594009
197.777512
198.965103
200.156815
201.352600
202.552475
203.756439
204.964508
206.176666
207.392899
208.613266
209.837692
211.066223
212.298843
213.535568
214.776367
216.021271
217.270264
218.523361
219.780533
221.041794
222.307159
223.576630
224.850174
226.127808
227.409561
228.695374
229.985306
231.279297
232.577423
233.879608
235.185913
236.496307
237.810791
239.129364
240.452011
241.778778
243.109619
244.444580
245.783615
247.126740
248.473969
249.825272
251.180695
252.540176
253.903778
255.000000
255.000000
