0.932590
0.033705
0.033705
0.033705
0.932590
0.033705
0.033705
0.033705
0.932590
0.000000
1.161950
2.319677
3.473182
4.622464
5.767525
6.908363
8.044979
9.177373
10.305544
11.429492
12.549220
13.664723
14.776007
15.883066
16.985903
18.084520
19.178915
20.269083
21.355032
22.436758
23.514263
24.587545
25.656603
26.721443
27.782055
28.838449
29.890619
30.938568
31.982294
33.021797
34.057079
35.088142
36.114975
37.137592
38.155983
39.170151
40.180099
41.185825
42.187328
43.184612
44.177673
45.166504
46.151123
47.131512
48.107685
49.079628
50.047359
51.010857
51.970139
52.925194
53.876034
54.822643
55.765038
56.703201
57.637154
58.566875
59.492382
60.413658
61.330719
62.243557
63.152168
64.056557
64.956726
65.852676
66.744400
67.631912
68.515182
69.394241
70.269073
71.139694
72.006073
72.868248
73.726189
74.583611
75.444221
76.308014
77.174980
78.045143
78.918480
79.795006
80.674713
81.557594
82.443657
83.332916
84.225349
85.120964
86.019760
86.921753
87.826904
88.735252
89.646790
90.561501
91.479393
92.400467
93.324722
94.252174
95.182793
96.116600
97.053589
97.993759
98.937119
99.883659
100.833374
101.786278
102.742371
103.701637
104.664078
105.629715
106.598534
107.570526
108.545708
109.524071
110.505524
111.488274
112.471573
113.455414
114.439796
115.424728
116.410202
117.396217
118.382782
119.369896
120.357552
121.345757
122.334503
123.323799
124.313629
125.304008
126.294930
127.286407
128.278427
129.270996
130.264099
131.257751
132.251953
133.246689
134.241974
135.237808
136.234177
137.231110
138.228592
139.226593
140.225159
141.224258
142.223907
143.224106
144.224854
145.226120
146.227951
147.230331
148.233246
149.236725
150.240814
151.246109
152.252701
153.260590
154.269775
155.280228
156.291992
157.305054
158.319397
159.335037
160.351959
161.370178
162.389694
163.410507
164.432587
165.455978
166.480667
167.506638
168.533905
169.562454
170.592300
171.623444
172.655869
173.689590
174.724609
175.760910
176.798508
177.837402
178.877594
179.919052
180.961823
182.005890
183.051224
184.097870
185.145798
186.195023
187.245544
188.297348
189.350449
190.404831
191.459549
192.512238
193.562775
194.611160
195.657410
196.701523
197.743484
198.783295
199.820969
200.856506
201.889908
202.921143
203.950256
204.977219
206.002029
207.024704
208.045242
209.063629
210.079865
211.093964
212.105927
213.115723
214.123398
215.128937
216.132309
217.133560
218.132645
219.129608
220.124405
221.117081
222.107590
223.095978
224.082214
225.066315
226.048264
227.028061
228.005737
228.981247
229.954636
230.925858
231.891907
232.849777
233.799454
234.740936
235.674210
236.599304
237.516190
238.424896
239.325394
240.217697
241.101822
241.977737
242.845459
243.704987
244.556320
245.399460
246.234406
247.061157
247.879715
248.690079
249.492233
250.286194
251.071991
0.000000
1.157466
2.310638
3.459515
4.604099
5.744388
6.880383
8.012085
9.139492
10.262605
11.381423
12.495947
13.606177
14.712113
15.813755
16.911102
18.004158
19.092916
20.177382
21.257553
22.333429
23.405014
24.472301
25.535295
26.593996
27.648401
28.698513
29.744331
30.785854
31.823086
32.856018
33.884663
34.909012
35.929062
36.944820
37.956284
38.963455
39.966331
40.964912
41.959202
42.949200
43.934895
44.916306
45.893414
46.866238
47.834751
48.798988
49.758923
50.714565
51.665909
52.612961
53.555721
54.494183
55.428352
56.358231
57.283810
58.205097
59.122093
60.034790
60.943192
61.847305
62.747124
63.642643
64.533875
65.420807
66.303452
67.181793
68.055847
68.925606
69.791069
70.652237
71.513306
72.378494
73.247803
74.121231
74.998772
75.880432
76.766205
77.656090
78.550095
79.448212
80.350441
81.256790
82.167259
83.081841
84.000542
84.923355
85.850273
86.781326
87.716476
88.655746
89.599136
90.546646
91.498260
92.454002
93.413857
94.377815
95.345894
96.318100
97.294403
98.274834
99.259377
100.248039
101.240807
102.237701
103.238708
104.243835
105.253059
106.266418
107.283882
108.305466
109.331169
110.359283
111.385712
112.410248
113.432907
114.453674
115.472557
116.489548
117.504662
118.517883
119.529221
120.538666
121.546234
122.551910
123.555695
124.557602
125.557617
126.555756
127.552010
128.546356
129.538834
130.529419
131.518112
132.504944
133.489868
134.472916
135.454071
136.433334
137.410721
138.386215
139.359818
140.331543
141.301376
142.269333
143.235397
144.199585
145.161880
146.122284
147.080811
148.037430
148.992172
149.945053
150.896576
151.850037
152.805954
153.764343
154.725220
155.688553
156.654388
157.622681
158.593445
159.566696
160.542404
161.520599
162.501266
163.484390
164.470016
165.458099
166.448639
167.441681
168.437195
169.435165
170.435623
171.438568
172.443954
173.451828
174.462204
175.475006
176.490311
177.508087
178.528336
179.551056
180.576248
181.603912
182.634064
183.666672
184.701767
185.739334
186.779373
187.821884
188.866867
189.914337
190.964264
192.016586
193.068817
194.119965
195.170074
196.219116
197.267090
198.313980
199.359818
200.404587
201.448303
202.490936
203.532516
204.573029
205.612473
206.650864
207.688171
208.724426
209.759613
210.793732
211.826782
212.858765
213.889709
214.919571
215.948349
216.976074
218.002747
219.028351
220.052887
221.076355
222.098755
223.120087
224.140366
225.159576
226.177719
227.194794
228.210800
229.225754
230.239639
231.252457
232.264206
233.274887
234.284515
235.289902
236.288055
237.278931
238.262543
239.238861
240.207901
241.169647
242.124115
243.071320
244.011215
244.943832
245.869186
246.787247
247.698029
248.601517
249.497742
250.386688
251.268326
252.142700
253.009781
0.000000
1.261789
2.517740
3.767852
5.012128
6.250566
7.483165
8.709926
9.930850
11.145935
12.355183
13.558592
14.756165
15.947898
17.133793
18.313852
19.488075
20.656458
21.819000
22.975706
24.126575
25.271606
26.410799
27.544153
28.671671
29.793352
30.909193
32.019199
33.123363
34.221691
35.314178
36.400829
37.481644
38.556622
39.625759
40.689060
41.746525
42.798149
43.843937
44.883884
45.917995
46.946266
47.968700
48.985298
49.996059
51.000980
52.000065
52.993309
53.980717
54.962288
55.938019
56.907913
57.871967
58.830185
59.782566
60.729115
61.669815
62.604679
63.533710
64.456902
65.374252
66.285774
67.191444
68.091286
68.985291
69.873451
70.755783
71.632263
72.502922
73.367729
74.226700
75.085007
75.947830
76.815170
77.687035
78.563408
79.444298
80.329704
81.219620
82.114067
83.013023
83.916481
84.824471
85.736977
86.653984
87.575516
88.501572
89.432121
90.367210
91.306801
92.250900
93.199532
94.152672
95.110329
96.072495
97.039185
98.010391
98.986099
99.966339
100.951080
101.940353
102.934128
103.932434
104.935234
105.942574
106.954414
107.970764
108.991638
110.017029
111.046173
112.074585
113.101509
114.126930
115.150864
116.173302
117.194244
118.213699
119.231667
120.248138
121.263107
122.276588
123.288582
124.299072
125.308075
126.315582
127.321602
128.326126
129.329163
130.330688
131.330734
132.329285
133.326355
134.321915
135.315979
136.308563
137.299637
138.289230
139.277328
140.263947
141.249054
142.232681
143.214798
144.195435
145.174591
146.152222
147.128372
148.103043
149.076218
150.049530
151.024536
152.001266
152.979721
153.959900
154.941788
155.925415
156.910736
157.897812
158.886612
159.877106
160.869339
161.863297
162.858978
163.856369
164.855484
165.856339
166.858917
167.863190
168.869217
169.876938
170.886414
171.897583
172.910477
173.925125
174.941452
175.959534
176.979324
178.000839
179.024078
180.049042
181.075714
182.104126
183.134247
184.166107
185.199677
186.234970
187.271973
188.310120
189.345779
190.378372
191.407898
192.434372
193.457764
194.478073
195.495316
196.509491
197.520599
198.528641
199.533615
200.535507
201.534332
202.530090
203.522781
204.512390
205.498932
206.482407
207.462814
208.440155
209.414413
210.385605
211.353729
212.318787
213.280762
214.239685
215.195526
216.148300
217.098007
218.044632
218.988190
219.928665
220.866104
221.800446
222.731735
223.659958
224.585083
225.507156
226.423370
227.330948
228.229858
229.120132
230.001770
230.874741
231.739090
232.594772
233.441833
234.280228
235.109985
235.931091
236.743546
237.547348
238.342529
239.129059
239.906937
240.676163
241.436752
242.188705
242.932007
243.666641
244.392639
245.110016
245.818726
246.518784
247.210205
247.892990
248.567108
249.232590
249.889420
