0.998079
0.000960
0.000960
0.000960
0.998079
0.000960
0.000960
0.000960
0.998079
0.000000
1.110247
2.217671
3.322274
4.424055
5.523014
6.619152
7.712467
8.802962
9.890634
10.975484
12.057513
13.136719
14.213105
15.287111
16.359190
17.429337
18.497549
19.563835
20.628189
21.690611
22.751101
23.809664
24.866291
25.920990
26.973757
28.024593
29.073498
30.120470
31.165514
32.208626
33.249805
34.289055
35.326378
36.361767
37.395222
38.426746
39.456341
40.484009
41.509735
42.533539
43.555405
44.575348
45.593357
46.609432
47.623577
48.635796
49.646076
50.654434
51.660854
52.665344
53.667912
54.668533
55.667233
56.664005
57.658836
58.651741
59.642712
60.631760
61.618870
62.604046
63.587299
64.568611
65.548004
66.525459
67.500984
68.474579
69.446243
70.416054
71.385612
72.355606
73.326012
74.296844
75.268105
76.239777
77.211868
78.184395
79.157341
80.130699
81.104485
82.078690
83.053322
84.028374
85.003845
85.979744
86.956062
87.932800
88.909966
89.887550
90.865555
91.843979
92.822830
93.802101
94.781792
95.761917
96.742455
97.723412
98.704796
99.686600
100.668823
101.651474
102.634544
103.618042
104.601959
105.586288
106.571045
107.556221
108.541832
109.527855
110.514305
111.501175
112.488457
113.476166
114.464294
115.452850
116.441833
117.431236
118.421059
119.411301
120.401962
121.393059
122.384560
123.376503
124.368698
125.360207
126.350876
127.340698
128.329681
129.317810
130.305099
131.291550
132.277145
133.261902
134.245819
135.228912
136.211121
137.192520
138.173050
139.152756
140.131607
141.109604
142.086777
143.063095
144.038589
145.013214
145.987015
146.959961
147.932053
148.903305
149.873734
150.843307
151.812027
152.779907
153.746948
154.713135
155.678497
156.643005
157.606659
158.569489
159.531464
160.492599
161.452896
162.412338
163.370941
164.328690
165.285614
166.241684
167.196915
168.151276
169.104828
170.057526
171.009369
171.960388
172.910538
173.859863
174.808350
175.755981
176.702774
177.648941
178.595047
179.541122
180.487167
181.433182
182.379166
183.325104
184.271027
185.216904
186.162735
187.108536
188.054321
189.000061
189.945770
190.891449
191.837082
192.782684
193.728256
194.673798
195.619308
196.564789
197.510223
198.455627
199.400986
200.346329
201.291626
202.236908
203.182129
204.127335
205.072510
206.017654
206.962753
207.907806
208.852844
209.797836
210.742798
211.687729
212.632645
213.577515
214.522339
215.467133
216.411896
217.356613
218.301331
219.245987
220.190613
221.135208
222.079773
223.024292
223.968796
224.913239
225.857681
226.802063
227.746414
228.690750
229.642532
230.609314
231.591049
232.587784
233.599487
234.626160
235.667801
236.724442
237.796036
238.882614
239.984177
241.100708
242.232208
243.378708
244.540161
245.716614
246.908020
248.114410
249.335770
250.572113
251.823425
253.089722
254.371002
0.000000
0.955178
1.921540
2.899087
3.887818
4.887733
5.898832
6.921115
7.954584
8.999236
10.055073
11.122093
12.200298
13.289688
14.390261
15.502019
16.618099
17.731634
18.842632
19.951086
21.056999
22.160372
23.261200
24.359489
25.455236
26.548443
27.639107
28.727230
29.812809
30.895849
31.976349
33.054302
34.129719
35.202591
36.272923
37.340710
38.405960
39.468670
40.528835
41.586456
42.641541
43.694080
44.744080
45.791538
46.836452
47.878830
48.918667
49.955956
50.990711
52.022919
53.052586
54.079708
55.104294
56.126331
57.145832
58.162796
59.177212
60.189091
61.198421
62.205215
63.209473
64.211182
65.210342
66.206970
67.201065
68.192604
69.181610
70.168076
71.153107
72.139427
73.127159
74.116318
75.106873
76.098862
77.092255
78.087067
79.083290
80.080925
81.079971
82.080444
83.082321
84.085617
85.090332
86.096451
87.103989
88.112938
89.123314
90.135094
91.148285
92.162903
93.178917
94.196358
95.215218
96.235481
97.257164
98.280258
99.304771
100.330696
101.358032
102.386780
103.416954
104.448540
105.481537
106.515945
107.551773
108.589005
109.627670
110.667740
111.709221
112.752113
113.796425
114.842148
115.889290
116.937843
117.987808
119.039200
120.091995
121.146210
122.201828
123.258865
124.316887
125.373291
126.427643
127.479935
128.530182
129.578384
130.624512
131.668610
132.710648
133.750641
134.788559
135.824448
136.858261
137.890045
138.919754
139.947433
140.973038
141.996613
143.018127
144.037582
145.054993
146.070343
147.083649
148.094894
149.104111
150.111252
151.116348
152.119385
153.120361
154.119308
155.116196
156.111023
157.103806
158.094528
159.083206
160.069809
161.054382
162.036911
163.017365
163.995773
164.972153
165.946457
166.918716
167.888916
168.857071
169.823166
170.787216
171.749207
172.709152
173.667038
174.622864
175.576660
176.528427
177.478394
178.426758
179.373444
180.318497
181.261917
182.203690
183.143814
184.082291
185.019135
185.954330
186.887878
187.819809
188.750061
189.678680
190.605667
191.531006
192.454681
193.376740
194.297150
195.215912
196.133026
197.048508
197.962326
198.874512
199.785065
200.693970
201.601227
202.506836
203.410812
204.313141
205.213821
206.112854
207.010269
207.906006
208.800140
209.692596
210.583420
211.472610
212.360138
213.246033
214.130280
215.012894
215.893845
216.773163
217.650848
218.526886
219.401276
220.274017
221.145126
222.014572
222.882385
223.748581
224.617950
225.495468
226.381073
227.274796
228.176651
229.086578
230.004639
230.930786
231.865051
232.807434
233.757889
234.716476
235.683167
236.657974
237.640884
238.631897
239.631012
240.638245
241.653580
242.677017
243.708572
244.748245
245.795990
246.851868
247.915848
248.987930
250.068146
251.156433
252.252838
253.357361
254.469971
0.000000
1.127575
2.259748
3.396519
4.537888
5.683854
6.834419
7.989582
9.149343
10.313701
11.482658
12.656212
13.830523
15.001755
16.169905
17.334974
18.496962
19.655869
20.811693
21.964436
23.114100
24.260681
25.404181
26.544600
27.681940
28.816195
29.947369
31.075464
32.200474
33.322407
34.441257
35.557026
36.669716
37.779320
38.885849
39.989288
41.089653
42.186932
43.281136
44.372257
45.460289
46.545254
47.627125
48.705917
49.781624
50.854259
51.923813
52.990276
54.053673
55.113976
56.171200
57.225338
58.276409
59.324387
60.369347
61.412594
62.454666
63.495560
64.535271
65.573814
66.611176
67.647362
68.682373
69.716194
70.748856
71.780327
72.810631
73.839752
74.867699
75.894470
76.920059
77.944481
78.967712
79.989784
81.010666
82.030373
83.048904
84.066254
85.082436
86.097427
87.111252
88.123901
89.135368
90.145660
91.154778
92.162720
93.169472
94.175056
95.179466
96.182686
97.184738
98.185623
99.185318
100.183846
101.181183
102.177353
103.172356
104.166389
105.160759
106.155670
107.151138
108.147163
109.143738
110.140862
111.138542
112.136772
113.135551
114.134888
115.134773
116.135216
117.136200
118.137741
119.139839
120.142487
121.145683
122.149429
123.153732
124.158592
125.163994
126.169952
127.176460
128.183517
129.191132
130.199295
131.208023
132.217300
133.227112
134.237488
135.248413
136.259903
137.271927
138.284500
139.297638
140.311310
141.325562
142.340347
143.355698
144.371582
145.388031
146.405029
147.421661
148.435684
149.447021
150.455643
151.461563
152.464783
153.465286
154.463089
155.458206
156.450607
157.440292
158.427292
159.411591
160.393158
161.372055
162.348236
163.321701
164.292465
165.260529
166.225891
167.188553
168.148514
169.105759
170.060303
171.012146
171.961288
172.907730
173.851456
174.792480
175.730804
176.666428
177.599335
178.529556
179.457062
180.381866
181.303955
182.223358
183.140045
184.054031
184.965317
185.873917
186.779785
187.682968
188.581894
189.474960
190.362213
191.243637
192.119232
192.988998
193.852936
194.711044
195.563324
196.409790
197.250427
198.085220
198.914185
199.737350
200.554657
201.366150
202.171799
202.971634
203.765640
204.553818
205.336166
206.112686
206.883377
207.648254
208.407288
209.160492
209.907883
210.649429
211.385147
212.115067
212.839127
213.557358
214.269775
214.976364
215.677124
216.372055
217.061142
217.744431
218.421875
219.093491
219.759293
220.419235
221.073380
221.721695
222.364166
223.000824
223.631653
224.256638
224.875793
225.489136
226.096649
226.698349
227.294189
227.884232
228.468430
229.046799
229.619339
230.186050
230.746933
231.302002
231.851227
232.394638
232.932220
233.463959
233.989883
234.509979
235.024246
235.532669
236.035278
236.532059
237.023010
237.508133
237.987427
