0.958915
0.020542
0.020542
0.020542
0.958915
0.020542
0.020542
0.020542
0.958915
0.000000
0.774569
1.549864
2.325886
3.102635
3.880111
4.658312
5.437241
6.216897
6.997279
7.778389
8.560225
9.342787
10.126076
10.910091
11.694834
12.480304
13.266498
14.053420
14.841070
15.629446
16.418549
17.208378
17.998934
18.790216
19.582226
20.374962
21.168425
21.962614
22.757530
23.553173
24.349543
25.146641
25.944462
26.743013
27.542290
28.342291
29.143023
29.944479
30.746662
31.549572
32.353207
33.157570
33.962662
34.768475
35.575020
36.382290
37.190289
37.999008
38.808456
39.618633
40.429539
41.241169
42.053524
42.866608
43.680420
44.494957
45.310219
46.126213
46.942928
47.760372
48.578541
49.397442
50.217064
51.037418
51.858498
52.680298
53.502831
54.326088
55.150070
55.974781
56.800217
57.626385
58.453274
59.280891
60.113495
60.955357
61.806477
62.666847
63.536480
64.415359
65.303497
66.200890
67.107544
68.023445
68.948608
69.883018
70.826691
71.779610
72.741791
73.713226
74.693916
75.683853
76.683052
77.691513
78.709221
79.736183
80.772400
81.817879
82.872604
83.936584
85.009827
86.092323
87.184074
88.285072
89.395332
90.514854
91.643616
92.781647
93.928925
95.085457
96.245262
97.395988
98.537262
99.669083
100.791451
101.904366
103.007835
104.101845
105.186409
106.261520
107.327171
108.383377
109.430130
110.467430
111.495277
112.513672
113.522614
114.522102
115.512146
116.492737
117.463867
118.425545
119.377785
120.320557
121.253883
122.177757
123.092178
123.997147
124.892670
125.778740
126.655350
127.522507
128.380219
129.228485
130.067276
130.896622
131.719513
132.548141
133.383835
134.226593
135.076431
135.933350
136.797318
137.668365
138.546494
139.431686
140.323944
141.223282
142.129684
143.043152
143.963699
144.891312
145.826004
146.767761
147.716599
148.672501
149.635468
150.605515
151.582642
152.566818
153.558075
154.556396
155.561798
156.574280
157.593811
158.620422
159.654099
160.694855
161.742676
162.797577
163.859543
164.928574
166.003540
167.074005
168.137390
169.193726
170.242981
171.285172
172.320297
173.348373
174.369354
175.383301
176.390167
177.389969
178.382706
179.368378
180.346985
181.318527
182.283005
183.240402
184.190750
185.134048
186.070251
186.999405
187.921478
188.836502
189.744461
190.645340
191.539185
192.425934
193.305634
194.178238
195.043808
195.902298
196.753754
197.598114
198.435410
199.265640
200.089523
200.930878
201.801193
202.700516
203.628830
204.586121
205.572403
206.587662
207.631927
208.705170
209.807404
210.938629
212.098831
213.288025
214.506210
215.753387
217.029556
218.334686
219.668823
221.031952
222.424057
223.845169
225.295242
226.774323
228.282394
229.819458
231.385483
232.980515
234.604523
236.257523
237.939529
239.650497
241.390472
243.159409
244.957352
246.784286
248.640198
0.000000
1.298692
2.593571
3.884638
5.171894
6.455336
7.734965
9.010783
10.282789
11.550982
12.815362
14.075932
15.332687
16.585630
17.834763
19.080082
20.321589
21.559284
22.793165
24.023233
25.249491
26.471937
27.690569
28.905392
30.116400
31.323595
32.526978
33.726551
34.922306
36.114254
37.302387
38.486706
39.667217
40.843918
42.016800
43.185875
44.351135
45.512581
46.670219
47.824043
48.974049
50.120247
51.262634
52.401207
53.535969
54.666920
55.794056
56.917381
58.036892
59.152592
60.264481
61.372555
62.476822
63.577267
64.673904
65.766724
66.855743
67.940948
69.025291
70.111755
71.200340
72.291039
73.383850
74.478775
75.575813
76.674973
77.776245
78.879631
79.985130
81.092751
82.202477
83.314331
84.428291
85.544365
86.662560
87.782860
88.905281
90.029816
91.156464
92.285233
93.416107
94.549103
95.684219
96.821434
97.960777
99.102234
100.245804
101.391479
102.539284
103.689194
104.841225
105.995369
107.151619
108.309998
109.470482
110.633087
111.797813
112.964638
114.133591
115.304649
116.477821
117.653114
118.830521
120.010056
121.191689
122.374802
123.555679
124.733681
125.908806
127.081047
128.250412
129.416901
130.580521
131.741272
132.899124
134.054138
135.206223
136.355469
137.501831
138.645325
139.785919
140.923660
142.058502
143.190491
144.319595
145.445816
146.569168
147.689651
148.807251
149.921951
151.033813
152.142776
153.248871
154.352081
155.452423
156.549896
157.644485
158.736191
159.825012
160.910980
161.994064
163.074265
164.151596
165.226059
166.297638
167.366333
168.432159
169.495117
170.555191
171.612381
172.666702
173.718140
174.766708
175.811569
176.851837
177.887558
178.918716
179.945297
180.967331
181.984772
182.997665
184.005997
185.009750
186.008942
187.003571
187.993637
188.979141
189.960083
190.936447
191.908249
192.875473
193.838150
194.796265
195.749802
196.698776
197.643188
198.583023
199.518311
200.449036
201.375183
202.296768
203.213776
204.126236
205.034119
205.937454
206.836212
207.730392
208.620026
209.505096
210.385590
211.261520
212.132889
212.999695
213.861938
214.719604
215.572708
216.421249
217.265228
218.104630
218.939484
219.769775
220.595703
221.417267
222.234482
223.047333
223.855835
224.659988
225.459778
226.255219
227.046295
227.833023
228.615387
229.393402
230.167053
230.936356
231.701309
232.461899
233.218140
233.970016
234.717545
235.460709
236.199524
236.933975
237.664078
238.389832
239.111221
239.828262
240.540939
241.249268
241.953232
242.652847
243.348114
244.039017
244.725571
245.407761
246.085602
246.759079
247.428207
248.092972
248.753387
249.409454
250.061142
250.708511
251.351501
251.990143
252.624420
253.254349
253.879913
254.464340
254.970840
255.000000
255.000000
255.000000
255.000000
255.000000
255.000000
0.000000
1.868447
3.719882
5.554303
7.371709
9.172101
10.955478
12.721842
14.471191
16.203526
17.918846
19.617153
21.298445
22.962723
24.609985
26.240234
27.853470
29.449694
31.028900
32.591087
34.136265
35.664429
37.175579
38.669720
40.146835
41.606945
43.050034
44.476112
45.885174
47.277229
48.652264
50.010288
51.351288
52.675282
53.982258
55.272228
56.545177
57.801117
59.052769
60.312897
61.581493
62.858559
64.144089
65.438087
66.740562
68.051491
69.370895
70.698761
72.035103
73.379906
74.733185
76.094925
77.465126
78.843811
80.230949
81.626556
83.030640
84.443184
85.864189
87.293671
88.731621
90.178040
91.632919
93.096268
94.568085
96.048370
97.537125
99.034348
100.540039
102.054184
103.576820
105.107903
106.647453
108.195488
109.751976
111.316940
112.890366
114.472260
116.062622
117.661461
119.268753
120.884521
122.508759
124.140770
125.765701
127.377480
128.976089
130.561523
132.133789
133.692886
135.238815
136.771576
138.291183
139.797592
141.290863
142.770950
144.237854
145.691620
147.132202
148.559616
149.973862
151.374939
152.762848
154.137589
155.499161
156.847580
158.182800
159.504883
160.813766
162.109497
163.392075
164.661453
165.917694
167.160751
168.390640
169.607346
170.810898
172.001297
173.178497
174.342545
175.493439
176.631134
177.755676
178.867050
179.965256
181.050278
182.122162
183.180862
184.226395
185.259094
186.280930
187.292267
188.293091
189.283386
190.263199
191.232483
192.191238
193.139496
194.077225
195.004471
195.921173
196.827393
197.723053
198.608246
199.482895
200.347046
201.200684
202.043808
202.876404
203.698502
204.510071
205.311142
206.101700
206.881744
207.651260
208.410278
209.158768
209.896759
210.624237
211.341187
212.047638
212.743561
213.428986
214.103882
214.768280
215.422165
216.065521
216.698364
217.320709
217.932526
218.533844
219.124634
219.704910
220.274689
220.833939
221.385666
221.937057
222.488480
223.039932
223.591385
224.142868
224.694397
225.245926
225.797470
226.349045
226.900665
227.452271
228.003922
228.555588
229.107285
229.658997
230.210724
230.762466
231.314255
231.866058
232.417877
232.969727
233.521591
234.073471
234.625381
235.177322
235.729279
236.281265
236.833252
237.385284
237.937317
238.489395
239.041473
239.593597
240.145737
240.697891
241.250061
241.802277
242.354492
242.906738
243.459000
244.011292
244.563599
245.115936
245.668289
246.220673
246.765167
247.293915
247.806915
248.304138
248.785599
249.251297
249.701248
250.135406
250.553833
250.956482
251.343384
251.714523
252.069901
252.409515
252.733368
253.041443
253.333771
253.610336
253.871140
254.116180
254.345459
254.558975
254.756744
254.938751
255.000000
255.000000
255.000000
255.000000
255.000000
255.000000
255.000000
255.000000
255.000000
255.000000
255.000000
