0.950331
0.024834
0.024834
0.024834
0.950331
0.024834
0.024834
0.024834
0.950331
0.000000
1.180219
2.344492
3.492818
4.625197
5.741629
6.842115
7.926653
8.995246
10.047890
11.092009
12.135024
13.176937
14.217747
15.257450
16.296053
17.333551
18.369946
19.405237
20.439425
21.472509
22.504490
23.535366
24.565138
25.593809
26.621376
27.647837
28.673197
29.697454
30.720606
31.742657
32.763599
33.783440
34.802181
35.819817
36.836349
37.851772
38.866096
39.879318
40.891434
41.902451
42.912354
43.921162
44.928864
45.935463
46.940960
47.945347
48.948639
49.950829
50.951908
51.951889
52.950760
53.948532
54.945194
55.940758
56.935223
57.928577
58.920830
59.911983
60.902023
61.890968
62.878807
63.865543
64.851173
65.835854
66.820427
67.805054
68.789726
69.774445
70.759209
71.744026
72.728897
73.713814
74.698769
75.683777
76.668839
77.653938
78.639091
79.624283
80.609535
81.594841
82.580177
83.565575
84.551010
85.536507
86.522041
87.507622
88.493256
89.478935
90.464661
91.450439
92.436264
93.422134
94.408066
95.394028
96.380051
97.366112
98.352219
99.338387
100.324593
101.310844
102.297150
103.283501
104.269905
105.256355
106.242859
107.229401
108.215988
109.202629
110.189323
111.176064
112.162842
113.149673
114.136559
115.123489
116.110458
117.097496
118.084564
119.071686
120.058960
121.046478
122.034248
123.022278
124.010559
124.999077
125.987854
126.976891
127.966171
128.955704
129.945496
130.935516
131.925812
132.916336
133.907120
134.898178
135.889465
136.880997
137.872803
138.864838
139.857132
140.849686
141.842484
142.835541
143.828827
144.822388
145.816193
146.810242
147.804550
148.799103
149.793915
150.788986
151.784286
152.779846
153.775665
154.771729
155.768051
156.764618
157.761429
158.758484
159.755814
160.753403
161.751205
162.749298
163.747620
164.746201
165.745026
166.744110
167.743423
168.743011
169.742844
170.742935
171.743271
172.743866
173.744675
174.745758
175.747070
176.748627
177.750412
178.752457
179.754730
180.757248
181.759995
182.762985
183.766220
184.769684
185.773407
186.777344
187.781540
188.785965
189.790634
190.795547
191.800674
192.806061
193.811691
194.817551
195.823669
196.830002
197.836578
198.843384
199.850464
200.857758
201.865295
202.873077
203.881088
204.889343
205.897827
206.906570
207.915543
208.924759
209.934204
210.943909
211.953827
212.963989
213.974411
214.985046
215.995941
217.007065
218.018433
219.030029
220.041870
221.053955
222.066284
223.078857
224.091660
225.104691
226.117981
227.131500
228.145264
229.152206
230.145279
231.124481
232.089813
233.041260
233.978867
234.902588
235.812424
236.708420
237.590515
238.458771
239.313141
240.153641
240.980270
241.793030
242.591919
243.376938
244.148087
244.905365
245.648773
246.378311
247.093979
247.795792
248.483719
249.157761
249.817963
250.464279
251.096710
0.000000
0.966148
1.948340
2.946573
3.960851
4.991171
6.037533
7.099939
8.178388
9.272879
10.383412
11.509989
12.652609
13.801484
14.946833
16.088652
17.226944
18.361706
19.492941
20.620646
21.744823
22.865471
23.982592
25.096182
26.206247
27.312782
28.415789
29.515266
30.611214
31.703636
32.792526
33.877888
34.959728
36.038033
37.112808
38.184059
39.251785
40.315975
41.376637
42.433773
43.487377
44.537460
45.584007
46.627029
47.666519
48.702484
49.734921
50.763828
51.789211
52.811058
53.829384
54.844173
55.855438
56.863178
57.867382
58.868061
59.865215
60.858833
61.848927
62.835495
63.818535
64.798035
65.774025
66.746475
67.715393
68.680794
69.642654
70.602280
71.562881
72.524605
73.487434
74.451363
75.416412
76.382576
77.349854
78.318230
79.287712
80.258324
81.230026
82.202850
83.176781
84.151825
85.127983
86.105240
87.083618
88.063103
89.043701
90.025398
91.008217
91.992142
92.977180
93.963326
94.950584
95.938957
96.928436
97.919022
98.910721
99.903534
100.897453
101.892479
102.888626
103.885880
104.884239
105.883705
106.884300
107.885986
108.888786
109.892700
110.897736
111.903862
112.911110
113.919464
114.928940
115.939507
116.951195
117.963997
118.977898
119.992928
121.009048
122.026291
123.044640
124.063904
125.082916
126.101494
127.119621
128.137299
129.154541
130.171326
131.187668
132.203583
133.219040
134.234055
135.248627
136.262741
137.276413
138.289658
139.302460
140.314804
141.326691
142.338150
143.349167
144.359726
145.369843
146.379532
147.388763
148.397537
149.405884
150.413788
151.421234
152.428238
153.434830
154.440933
155.446609
156.451828
157.456619
158.460953
159.464859
160.468307
161.471313
162.473877
163.475998
164.477676
165.478897
166.479675
167.480026
168.479904
169.479355
170.478363
171.476929
172.475021
173.472702
174.469940
175.466705
176.463043
177.458923
178.454391
179.449356
180.443817
181.437820
182.431305
183.424301
184.416824
185.408844
186.400375
187.391418
188.381958
189.372025
190.361588
191.350662
192.339249
193.327347
194.314941
195.302078
196.288681
197.274826
198.260452
199.245605
200.230270
201.214432
202.198105
203.181305
204.163986
205.146194
206.127899
207.109131
208.089859
209.070099
210.049850
211.029114
212.007874
212.986160
213.963943
214.941238
215.918045
216.894363
217.870193
218.845520
219.820358
220.794708
221.768570
222.741928
223.714813
224.687210
225.659103
226.630508
227.601425
228.571838
229.541779
230.511215
231.480179
232.445007
233.402100
234.351456
235.293060
236.226929
237.153046
238.071426
238.982071
239.884964
240.780121
241.667526
242.547195
243.419113
244.283310
245.139755
245.988449
246.829422
247.662628
248.488113
249.305832
250.115829
250.918076
251.712585
252.499344
253.278366
254.049652
0.000000
1.294152
2.567052
3.818702
5.049100
6.258247
7.446144
8.612788
9.758183
10.882325
11.994995
13.105976
14.215267
15.322867
16.428776
17.532997
18.635525
19.736361
20.835510
21.932966
23.028732
24.122808
25.215195
26.305889
27.394894
28.482206
29.567831
30.651762
31.734007
32.814556
33.893417
34.970589
36.046070
37.119858
38.191959
39.262367
40.331085
41.398109
42.463451
43.527096
44.589050
45.649315
46.707890
47.764774
48.819965
49.873474
50.925285
51.975403
53.023846
54.070583
55.115635
56.158997
57.200661
58.240643
59.278927
60.315533
61.350437
62.383652
63.415180
64.445015
65.473160
66.500763
67.529007
68.557869
69.587349
70.617455
71.648193
72.679550
73.711533
74.744141
75.777374
76.811218
77.845711
78.880814
79.916534
80.952896
81.989868
83.027466
84.065697
85.104546
86.144012
87.184120
88.224838
89.266182
90.308151
91.350746
92.393967
93.437813
94.482277
95.527374
96.573090
97.619438
98.666397
99.713982
100.762199
101.811035
102.860504
103.910591
104.961296
106.012642
107.064590
108.117180
109.170395
110.224228
111.278679
112.333763
113.389465
114.445786
115.502754
116.560326
117.618523
118.677353
119.735970
120.793571
121.850159
122.905716
123.960243
125.013763
126.066246
127.117706
128.168152
129.217575
130.265976
131.313339
132.359695
133.405014
134.449326
135.492599
136.534851
137.576080
138.616302
139.655487
140.693649
141.730804
142.766907
143.802002
144.836090
145.869125
146.901154
147.932159
148.962128
149.991089
151.019028
152.045929
153.071808
154.096680
155.120514
156.143341
157.165131
158.185898
159.205658
160.224365
161.242065
162.258743
163.274399
164.289017
165.302643
166.315216
167.326782
168.337326
169.346832
170.355331
171.362808
172.368820
173.372940
174.375229
175.375626
176.374146
177.370789
178.365555
179.358459
180.349487
181.338638
182.325928
183.311310
184.294861
185.276505
186.256271
187.234192
188.210220
189.184387
190.156662
191.127075
192.095612
193.062271
194.027054
194.989975
195.951019
196.910172
197.867462
198.822876
199.776428
200.728088
201.677887
202.625793
203.571838
204.516022
205.458313
206.398727
207.337280
208.273956
209.208755
210.141678
211.072723
212.001907
212.929199
213.854645
214.778183
215.699860
216.619675
217.537613
218.453674
219.367859
220.280151
221.190582
222.099091
223.005676
223.910339
224.813095
225.713943
226.612885
227.509888
228.404984
229.298172
230.189438
231.078812
231.966248
232.851776
233.735397
234.617096
235.496887
236.374771
237.250717
238.124756
238.996902
239.867111
240.735413
241.601791
242.466263
243.328842
244.189468
245.048218
245.905014
246.759933
247.612930
248.463989
249.313156
250.160400
251.005722
251.849152
252.690643
253.530243
254.367889
255.000000
255.000000
255.000000
