0.888111
0.055944
0.055944
0.055944
0.888111
0.055944
0.055944
0.055944
0.888111
0.000000
1.157327
2.307935
3.451826
4.588998
5.719453
6.843189
7.960207
9.070508
10.174090
11.270954
12.361100
13.444528
14.521239
15.591230
16.654505
17.711061
18.760899
19.804018
20.840420
21.870104
22.893070
23.909321
24.918848
25.921661
26.917753
27.907129
28.889786
29.865726
30.834946
31.797451
32.753235
33.702309
34.644653
35.583851
36.523491
37.463562
38.404064
39.345001
40.286366
41.228168
42.170399
43.113064
44.056160
44.999687
45.943645
46.888039
47.832863
48.778118
49.723808
50.669933
51.616482
52.563469
53.510887
54.458736
55.407017
56.355728
57.304878
58.254456
59.204464
60.154907
61.105782
62.057087
63.008827
63.960995
64.913605
65.866638
66.820099
67.774002
68.728333
69.683098
70.638298
71.593918
72.549988
73.506477
74.463402
75.420753
76.378548
77.336761
78.295425
79.254509
80.214027
81.173981
82.134354
83.095169
84.056412
85.018097
85.980209
86.943520
87.909927
88.879501
89.852257
90.828186
91.807289
92.789566
93.775024
94.763649
95.755455
96.750435
97.748581
98.749916
99.754417
100.762093
101.772949
102.786980
103.804184
104.824562
105.848114
106.874840
107.904747
108.937828
109.974075
111.013512
112.056114
113.101898
114.150848
115.202980
116.258278
117.316757
118.378418
119.443245
120.511246
121.582428
122.656776
123.734314
124.815010
125.898888
126.985947
128.076172
129.169586
130.266159
131.365906
132.468857
133.574951
134.684235
135.796692
136.912308
138.031113
139.153091
140.278259
141.406586
142.538086
143.672058
144.804169
145.933716
147.060715
148.185135
149.307007
150.426300
151.543045
152.657196
153.768829
154.877869
155.984344
157.088272
158.189636
159.288422
160.384659
161.478317
162.569412
163.657959
164.743942
165.827362
166.908203
167.986496
169.062210
170.135376
171.205963
172.274002
173.339478
174.402374
175.462723
176.520508
177.575714
178.628372
179.678467
180.725998
181.770950
182.813354
183.853195
184.890457
185.925171
186.957321
187.986908
189.013931
190.038376
191.060287
192.079605
193.096359
194.110580
195.122208
196.131287
197.137802
198.141754
199.143143
200.141968
201.138214
202.131409
203.121399
204.108154
205.091705
206.072021
207.049118
208.022980
208.993652
209.961075
210.925278
211.886276
212.844040
213.798599
214.749908
215.698029
216.642914
217.584564
218.523010
219.458221
220.390228
221.319000
222.244553
223.166885
224.086014
225.001907
225.914566
226.824020
227.730240
228.633240
229.533035
230.429596
231.322937
232.213058
233.099960
233.983627
234.864090
235.741333
236.615341
237.486130
238.353699
239.218063
240.079193
240.937088
241.791794
242.643250
243.491486
244.336517
245.178314
246.016891
246.852249
247.684387
248.513290
249.338989
250.161469
250.942184
251.642624
252.262787
252.802673
253.262283
0.000000
1.171367
2.337835
3.499403
4.656072
5.807841
6.954711
8.096682
9.233752
10.365924
11.493196
12.615568
13.733041
14.845613
15.953288
17.056061
18.153938
19.246914
20.334991
21.418167
22.496445
23.569822
24.638298
25.701878
26.760555
27.814335
28.863214
29.907196
30.946276
31.980455
33.011806
34.042397
35.072216
36.101276
37.129570
38.157101
39.183865
40.209869
41.235107
42.259583
43.283295
44.306236
45.328423
46.349846
47.370495
48.390388
49.409512
50.427876
51.445477
52.462311
53.478382
54.493690
55.508232
56.522011
57.535027
58.547279
59.558769
60.569489
61.579449
62.588646
63.597076
64.604744
65.611641
66.617783
67.623161
68.627777
69.631630
70.634712
71.637032
72.638580
73.639381
74.639412
75.638664
76.637161
77.634903
78.631882
79.628090
80.623535
81.618210
82.612129
83.605278
84.597672
85.589287
86.580147
87.570251
88.559586
89.549057
90.540848
91.535057
92.531700
93.530754
94.532242
95.536156
96.542480
97.551239
98.562416
99.576019
100.592049
101.610497
102.631371
103.654671
104.680382
105.708534
106.739098
107.772095
108.807510
109.845352
110.885612
111.928299
112.973412
114.020943
115.070908
116.123291
117.178093
118.235321
119.294968
120.357056
121.421547
122.488472
123.557816
124.629585
125.703781
126.780403
127.859444
128.940918
130.024796
131.111115
132.199844
133.291016
134.384598
135.480606
136.579041
137.679901
138.783173
139.888870
140.996994
142.107544
143.220520
144.335922
145.453735
146.573990
147.696655
148.821030
149.942825
151.061356
152.176559
153.288483
154.397125
155.502472
156.604538
157.703308
158.798782
159.890961
160.979858
162.065460
163.147766
164.226791
165.302521
166.374954
167.444107
168.509964
169.572525
170.631805
171.687805
172.740494
173.789886
174.835999
175.878815
176.918350
177.954605
178.987549
180.017212
181.043564
182.066650
183.086441
184.102936
185.116135
186.126053
187.132675
188.136002
189.136047
190.132797
191.126266
192.116425
193.103302
194.086899
195.067184
196.044189
197.017914
197.988327
198.955475
199.919312
200.879852
201.837112
202.791092
203.741776
204.689148
205.633255
206.574081
207.511902
208.446808
209.378860
210.308014
211.234283
212.157669
213.078156
213.995758
214.910477
215.822311
216.731247
217.637299
218.540466
219.440750
220.338150
221.232651
222.124268
223.013000
223.898834
224.781799
225.661865
226.539047
227.413330
228.284744
229.153259
230.018875
230.881638
231.741486
232.598450
233.452530
234.303726
235.152023
235.997437
236.839966
237.679611
238.516357
239.350235
240.181213
241.009308
241.834518
242.656815
243.476257
244.292801
245.106461
245.917206
246.725098
247.530090
248.332199
249.131393
249.927734
250.721176
251.511719
252.299393
253.084167
253.866058
254.645065
255.000000
0.000000
1.079307
2.157959
3.235958
4.313303
5.389993
6.466029
7.541411
8.616140
9.690213
10.763631
11.836397
12.908507
13.979965
15.050766
16.120914
17.190411
18.259249
19.327435
20.394966
21.461845
22.528069
23.593637
24.658550
25.722811
26.786417
27.849369
28.911667
29.973532
31.035189
32.096638
33.157875
34.218903
35.279724
36.340340
37.400738
38.460934
39.520916
40.580688
41.640255
42.699612
43.758759
44.817696
45.876423
46.934944
47.993252
49.051353
50.109249
51.166931
52.224403
53.281670
54.338722
55.395569
56.452206
57.508629
58.564850
59.620861
60.676662
61.732254
62.787632
63.842808
64.897766
65.952522
67.007072
68.061409
69.115532
70.169449
71.223160
72.276657
73.329956
74.383034
75.435898
76.488564
77.541016
78.593262
79.645302
80.697128
81.748741
82.800148
83.851357
84.902336
85.954208
87.009583
88.068611
89.131271
90.197571
91.267509
92.341087
93.418304
94.499161
95.583656
96.671791
97.763573
98.858978
99.958031
101.060722
102.167053
103.277031
104.390633
105.507889
106.628777
107.753304
108.881470
110.013275
111.148720
112.287804
113.430534
114.576897
115.726891
116.880539
118.037827
119.198738
120.363297
121.531502
122.703339
123.878822
125.057930
126.240685
127.427086
128.617126
129.810791
131.008102
132.209061
133.413651
134.621887
135.833755
137.049271
138.268402
139.491211
140.717636
141.947708
143.181396
144.418747
145.659744
146.903000
148.140549
149.371017
150.594437
151.810760
153.020004
154.222183
155.417297
156.605331
157.786285
158.960175
160.126984
161.286713
162.439377
163.584961
164.723465
165.854935
166.979294
168.096588
169.206802
170.309952
171.406006
172.495010
173.576935
174.651779
175.719543
176.780258
177.833878
178.880432
179.919922
180.952316
181.977646
182.995895
184.007080
185.011200
186.008240
186.998199
187.981079
188.956894
189.925629
190.887299
191.841904
192.789398
193.729858
194.663223
195.589523
196.508728
197.420898
198.325958
199.223969
200.114899
200.998749
201.875519
202.745407
203.612106
204.477173
205.340576
206.202332
207.062454
207.920944
208.777771
209.632965
210.486496
211.338394
212.188644
213.037262
213.884216
214.729538
215.573212
216.415222
217.255600
218.094345
218.931442
219.766891
220.600693
221.432846
222.263351
223.092209
223.919449
224.745026
225.568954
226.391251
227.211884
228.030869
228.848221
229.663925
230.477997
231.290405
232.101181
232.910309
233.717804
234.523636
235.327820
236.130371
236.931274
237.730530
238.528137
239.324112
240.118423
240.911102
241.702148
242.491531
243.279251
244.065353
244.849808
245.632614
246.413773
247.168060
247.870361
248.520645
249.118896
249.665146
250.159363
250.601547
250.991730
251.329865
251.615997
251.850113
252.032181
252.162231
252.240280
252.266296
