0.942749
0.028626
0.028626
0.028626
0.942749
0.028626
0.028626
0.028626
0.942749
0.000000
0.901890
1.799138
2.691744
3.579709
4.463032
5.341715
6.215755
7.085155
7.949912
8.810028
9.665502
10.516335
11.362526
12.207319
13.053957
13.902441
14.752771
15.604945
16.458967
17.314833
18.172544
19.032101
19.893503
20.756750
21.621845
22.488783
23.357567
24.228199
25.100672
25.974993
26.851160
27.729172
28.609030
29.490730
30.374279
31.259672
32.146912
33.035995
33.926926
34.819702
35.714321
36.610790
37.509098
38.409260
39.311256
40.215103
41.120796
42.028339
42.937725
43.848957
44.762032
45.676952
46.593719
47.512333
48.432785
49.355091
50.279240
51.204613
52.129692
53.054413
53.978771
54.902771
55.826408
56.749683
57.672604
58.595158
59.517349
60.439186
61.360657
62.281765
63.202518
64.122910
65.042938
65.962608
66.881912
67.800858
68.719452
69.637672
70.555534
71.473038
72.390182
73.306969
74.223389
75.139450
76.055145
76.970482
77.885452
78.800072
79.714325
80.628220
81.541756
82.454933
83.367737
84.280190
85.192276
86.104019
87.015381
87.926392
88.837044
89.747322
90.657249
91.566856
92.476326
93.385704
94.294998
95.204178
96.113281
97.022293
97.931206
98.840019
99.748741
100.657372
101.565910
102.474358
103.382713
104.290977
105.199142
106.107208
107.015190
107.923080
108.830872
109.738571
110.646179
111.553696
112.461105
113.368439
114.275665
115.182808
116.089859
116.996811
117.903679
118.810440
119.717110
120.623688
121.530182
122.436577
123.342873
124.249077
125.155197
126.061218
126.967148
127.872986
128.778717
129.684372
130.589935
131.495300
132.398544
133.298859
134.196213
135.090652
135.982162
136.870728
137.756363
138.639053
139.518829
140.395660
141.269547
142.140518
143.008545
143.873642
144.735794
145.595032
146.451309
147.304688
148.155121
149.002594
149.847153
150.688766
151.527466
152.363220
153.196045
154.025940
154.852875
155.676895
156.497971
157.316132
158.131363
158.943634
159.752991
160.559402
161.362885
162.163422
162.961029
163.755707
164.547470
165.336273
166.122147
166.905090
167.685089
168.462173
169.240311
170.023483
170.811752
171.605057
172.403442
173.206863
174.015350
174.828888
175.647507
176.471161
177.299881
178.133682
178.972504
179.816406
180.665375
181.519394
182.378464
183.242599
184.111801
184.986053
185.865356
186.749741
187.639160
188.533646
189.433197
190.337784
191.247467
192.162186
193.081955
194.006790
194.936707
195.871658
196.811676
197.756760
198.706894
199.662079
200.622330
201.587631
202.558014
203.533432
204.513916
205.499466
206.490067
207.485733
208.486450
209.492233
210.503082
211.518967
212.539917
213.565948
214.597015
215.633133
216.674347
217.720596
218.771896
219.828262
220.889679
221.956177
223.027725
224.104309
225.185974
226.272705
227.364471
228.461319
229.563217
0.000000
1.019946
2.107660
3.263142
4.486392
5.777412
7.136199
8.562755
10.057080
11.619172
13.249033
14.946663
16.667120
18.365469
20.041708
21.695837
23.327856
24.937765
26.525564
28.091255
29.634834
31.156303
32.655663
34.132912
35.588055
37.021084
38.432003
39.820816
41.187519
42.532104
43.854588
45.154961
46.433224
47.689377
48.923416
50.135345
51.325172
52.492878
53.638485
54.761978
55.863361
56.942635
57.999798
59.034847
60.062908
61.099094
62.143402
63.195831
64.256386
65.325058
66.401855
67.486778
68.579819
69.680992
70.790283
71.907700
73.033234
74.166901
75.308685
76.458588
77.616615
78.782776
79.957047
81.139458
82.329979
83.528625
84.735390
85.950287
87.173294
88.404434
89.643700
90.891083
92.146599
93.410233
94.681984
95.961861
97.243019
98.518616
99.788651
101.053116
102.312012
103.565353
104.813126
106.055336
107.291977
108.523056
109.748573
110.968529
112.182922
113.391747
114.595009
115.792709
116.984840
118.171402
119.352409
120.527847
121.697723
122.862038
124.020782
125.173973
126.321594
127.463646
128.600128
129.731064
130.856430
131.976227
133.090454
134.199127
135.304352
136.408279
137.510864
138.612137
139.712097
140.810745
141.908081
143.004089
144.098785
145.192169
146.284225
147.374985
148.464417
149.552521
150.639328
151.724808
152.808960
153.891815
154.973343
156.053558
157.132446
158.210037
159.286301
160.361252
161.434891
162.507187
163.578186
164.647873
165.716232
166.783279
167.848999
168.913437
169.973312
171.025467
172.069839
173.106491
174.135391
175.156540
176.169937
177.175598
178.173508
179.163666
180.146088
181.120758
182.087677
183.046860
183.998291
184.941971
185.877914
186.806091
187.726547
188.639236
189.544189
190.441406
191.330856
192.212570
193.086533
193.952744
194.811234
195.661942
196.504913
197.340164
198.167633
198.987381
199.799377
200.603622
201.400116
202.188873
202.969879
203.743134
204.508636
205.266418
206.016434
206.758713
207.493240
208.220016
208.939056
209.650345
210.353882
211.049667
211.737732
212.418030
213.090576
213.755386
214.412445
215.061752
215.703323
216.337158
216.963226
217.581558
218.192139
218.794968
219.390060
219.977402
220.556992
221.128845
221.692947
222.249298
222.797913
223.338776
223.871887
224.397263
224.914886
225.424759
225.926880
226.421280
226.907913
227.386810
227.857941
228.321350
228.776993
229.224884
229.665054
230.097458
230.522125
230.939041
231.348221
231.749634
232.143311
232.529251
232.907440
233.277878
233.640549
233.995514
234.342697
234.682159
235.013870
235.337814
235.654037
235.962509
236.263214
236.556183
236.841415
237.118896
237.388626
237.650620
237.904861
238.151337
238.390091
238.621078
238.844345
239.059860
239.267609
239.467636
239.659882
239.844421
240.021194
240.190216
0.000000
1.800238
3.605010
5.414314
7.228151
9.046521
10.854656
12.637780
14.395894
16.128998
17.837093
19.520180
21.178259
22.811323
24.419382
26.002430
27.560472
29.093504
30.601522
32.084538
33.542542
34.975533
36.383514
37.766491
39.124454
40.457417
41.765366
43.048302
44.306229
45.539146
46.747059
47.929958
49.088829
50.245220
51.407948
52.577011
53.752411
54.934143
56.122211
57.316620
58.517361
59.724438
60.937855
62.157604
63.383690
64.616112
65.854866
67.099960
68.351387
69.609146
70.873253
72.143692
73.420456
74.703568
75.993011
77.288788
78.590904
79.899353
81.214142
82.533905
83.850533
85.162666
86.470314
87.773460
89.072113
90.366280
91.655952
92.941132
94.221809
95.498001
96.769707
98.036911
99.299622
100.557846
101.811569
103.060806
104.305542
105.545799
106.781548
108.012810
109.239578
110.461861
111.679642
112.892929
114.101738
115.306038
116.507637
117.710892
118.916000
120.122971
121.331802
122.542480
123.755020
124.969414
126.185669
127.403770
128.623734
129.845566
131.069244
132.294785
133.522171
134.751419
135.982529
137.215485
138.450317
139.686981
140.925522
142.165909
143.408157
144.652252
145.898209
147.146027
148.395691
149.641922
150.879410
152.108154
153.328140
154.539383
155.741882
156.935638
158.120636
159.296906
160.464432
161.623199
162.773239
163.914505
165.047043
166.170837
167.285889
168.392197
169.489731
170.578552
171.658615
172.729935
173.792511
174.846344
175.891418
176.927750
177.955353
178.974197
179.984283
180.985641
181.978256
182.962128
183.937241
184.903610
185.861237
186.810120
187.750244
188.681641
189.604294
190.518188
191.423340
192.319748
193.207428
194.086334
194.956497
195.817932
196.670624
197.514557
198.349747
199.176193
199.993912
200.802856
201.603058
202.394531
203.177246
203.951218
204.716446
205.472931
206.220657
206.959671
207.689896
208.411392
209.124146
209.828156
210.523422
211.209930
211.887711
212.556732
213.217010
213.868561
214.511353
215.145401
215.770691
216.387268
216.995056
217.594116
218.184448
218.766022
219.338852
219.902924
220.458267
221.004868
221.542709
222.071808
222.592163
223.103760
223.606628
224.100754
224.586121
225.062744
225.530640
225.989777
226.440155
226.881805
227.314713
227.738861
228.154266
228.560928
228.958847
229.348038
229.728439
230.100113
230.463074
230.817261
231.162704
231.499420
231.827347
232.146561
232.457031
232.758759
233.051712
233.335953
233.611435
233.878174
234.136169
234.385406
234.625900
234.857666
235.080673
235.294922
235.500443
235.697220
235.885254
236.064529
236.235077
236.396866
236.549896
236.694214
236.829758
236.956558
237.074631
237.183945
237.284531
237.376343
237.459442
237.533768
237.599365
237.656204
237.704300
237.743668
237.774277
237.796127
237.809250
237.813614
