0.967891
0.016055
0.016055
0.016055
0.967891
0.016055
0.016055
0.016055
0.967891
0.000000
0.000000
0.000000
0.205804
1.901722
3.525502
5.077145
6.556649
7.964017
9.299247
10.562339
11.753294
12.872109
13.918790
14.893332
15.795737
16.626003
17.421305
18.218821
19.018545
19.820480
20.624630
21.430986
22.239557
23.050339
23.863331
24.678532
25.495949
26.315571
27.137407
27.961452
28.787712
29.616180
30.446861
31.279751
32.114853
32.952168
33.791695
34.633423
35.477371
36.323528
37.171898
38.022476
38.875267
39.730267
40.587479
41.446899
42.308537
43.172379
44.038441
44.906704
45.777184
46.649872
47.524773
48.401886
49.281204
50.162743
51.046482
51.932438
52.820610
53.710983
54.603573
55.498371
56.395382
57.294609
58.196045
59.099689
60.005535
60.913605
61.823883
62.736366
63.651070
64.567879
65.484299
66.399323
67.312958
68.225204
69.136063
70.045525
70.953590
71.860275
72.765564
73.669464
74.571968
75.473091
76.372818
77.271149
78.168098
79.063652
79.957809
80.850578
81.741959
82.631950
83.520546
84.407753
85.293564
86.177994
87.061020
87.942665
88.822906
89.701775
90.579247
91.455315
92.330002
93.203300
94.075203
94.945717
95.814835
96.682564
97.548904
98.413857
99.277412
100.139572
101.000351
101.859734
102.717720
103.574326
104.429535
105.283356
106.135780
106.986816
107.836464
108.684715
109.531586
110.377052
111.221138
112.063828
112.905121
113.745171
114.584778
115.424080
116.263084
117.101784
117.940186
118.778275
119.616066
120.453568
121.290756
122.127640
122.964226
123.800514
124.636497
125.472176
126.307556
127.142632
127.977409
128.811874
129.646042
130.479919
131.313492
132.146759
132.979721
133.812378
134.644745
135.476791
136.308548
137.139999
137.971146
138.802002
139.632553
140.462799
141.292740
142.122375
142.951721
143.780762
144.609497
145.437927
146.266068
147.093887
147.921417
148.748642
149.575562
150.402191
151.228516
152.054520
152.880249
153.705658
154.530777
155.355591
156.180099
157.004303
157.828217
158.651810
159.475113
160.299545
161.128647
161.962555
162.801270
163.644806
164.493149
165.346298
166.204285
167.067062
167.934662
168.807068
169.684280
170.566330
171.453186
172.344849
173.241318
174.142624
175.048721
175.959641
176.875351
177.795914
178.721268
179.651428
180.586411
181.526215
182.470810
183.420242
184.374481
185.333542
186.297394
187.266068
188.239563
189.217850
190.200974
191.188904
192.181641
193.179199
194.181564
195.188751
196.200745
197.217545
198.239166
199.265610
200.296860
201.332916
202.373779
203.419464
204.469971
205.525284
206.585419
207.650345
208.720108
209.794678
210.874054
211.958252
213.047256
214.208313
215.508621
216.948227
218.527115
220.245270
222.102707
224.099411
226.235397
228.510651
230.925171
233.478989
236.172073
239.004425
241.976059
245.086975
248.337158
0.000000
0.000000
0.000000
0.000000
1.052156
4.157090
7.076935
9.811692
12.361355
14.725930
16.905415
18.899805
20.709108
22.333317
23.772440
25.116596
26.455925
27.790419
29.120079
30.444908
31.764904
33.080067
34.390396
35.695892
36.996559
38.292393
39.583393
40.869556
42.150887
43.427391
44.699055
45.965889
47.227894
48.485065
49.737400
50.984905
52.227573
53.465412
54.698418
55.926594
57.149929
58.368431
59.582111
60.790955
61.994957
63.194134
64.388474
65.577980
66.762665
67.942513
69.117523
70.287704
71.453049
72.613556
73.769234
74.920082
76.066093
77.207283
78.343628
79.475143
80.601830
81.726501
82.851990
83.978310
85.105453
86.233414
87.362190
88.491798
89.622215
90.753464
91.885521
93.018410
94.152115
95.286636
96.421982
97.558151
98.695145
99.832947
100.971573
102.111023
103.251297
104.392387
105.534309
106.677040
107.820587
108.964958
110.110161
111.256172
112.403015
113.550674
114.699150
115.848450
116.998566
118.149506
119.301270
120.453857
121.607254
122.761475
123.916519
125.072388
126.229073
127.386581
128.544891
129.704056
130.864014
132.024811
133.186432
134.347397
135.506287
136.663086
137.817795
138.970413
140.120941
141.269394
142.415756
143.560013
144.702194
145.842285
146.980270
148.116196
149.250000
150.381744
151.511383
152.638931
153.764404
154.887787
156.009079
157.128265
158.245377
159.360413
160.473343
161.584183
162.692932
163.799606
164.904190
166.006683
167.107071
168.205399
169.301605
170.395752
171.487793
172.577744
173.665604
174.751389
175.835083
176.916687
177.996185
179.073608
180.148941
181.222183
182.293350
183.362411
184.429398
185.490891
186.543564
187.587357
188.622299
189.648407
190.665649
191.674042
192.673584
193.664291
194.646118
195.619095
196.583237
197.538513
198.484955
199.422531
200.351242
201.271133
202.182129
203.084320
203.977615
204.862091
205.737701
206.604462
207.462357
208.311417
209.151611
209.982971
210.805466
211.619110
212.423889
213.219849
214.006927
214.785156
215.554550
216.315079
217.066757
217.809586
218.543549
219.268677
219.984955
220.692368
221.390945
222.080643
222.761505
223.433517
224.096664
224.756470
225.418335
226.082306
226.748367
227.416519
228.086777
228.759125
229.433578
230.110123
230.788742
231.469482
232.152313
232.837234
233.524246
234.213364
234.904587
235.597870
236.293289
236.990768
237.690369
238.392044
239.095825
239.801712
240.509674
241.219757
241.931915
242.646179
243.362534
244.080978
244.801529
245.524155
246.248901
246.975723
247.704651
248.435684
249.168808
249.904022
250.641312
251.380722
252.122223
252.865814
253.611511
254.359299
255.000000
255.000000
255.000000
255.000000
255.000000
255.000000
255.000000
255.000000
255.000000
255.000000
255.000000
255.000000
255.000000
255.000000
0.000000
3.570953
6.791665
9.662136
12.182364
14.352351
16.172096
17.810665
19.437126
21.051477
22.653719
24.243851
25.821875
27.387791
28.941595
30.483290
32.012878
33.530357
35.035725
36.528984
38.010136
39.479176
40.936108
42.380932
43.813648
45.234249
46.642750
48.039131
49.423409
50.795574
52.155636
53.503582
54.839428
56.163155
57.474781
58.774292
60.061699
61.336990
62.600174
63.851257
65.090218
66.317078
67.531830
68.734467
69.925003
71.103416
72.275482
73.446930
74.617775
75.788002
76.957626
78.126633
79.295044
80.462830
81.630020
82.796585
83.962555
85.127907
86.292641
87.456779
88.620293
89.783211
90.945511
92.107201
93.268280
94.428757
95.588623
96.747871
97.906509
99.064545
100.221962
101.378784
102.534981
103.690567
104.845558
105.999931
107.153687
108.306839
109.459389
110.611320
111.762642
112.913353
114.063454
115.212952
116.361824
117.511269
118.662460
119.815392
120.970062
122.126480
123.284637
124.444542
125.606178
126.769562
127.934700
129.101547
130.270172
131.440506
132.612610
133.786438
134.962021
136.139343
137.318405
138.499207
139.681747
140.866043
142.052063
143.239838
144.429352
145.620605
146.813599
148.008347
149.204834
150.403046
151.603012
152.804733
154.008163
155.213364
156.420288
157.628967
158.839386
160.051544
161.265442
162.481079
163.692993
164.895721
166.089249
167.273590
168.448746
169.614700
170.771469
171.919037
173.057419
174.186600
175.306610
176.417404
177.519012
178.611435
179.694656
180.768692
181.833527
182.889191
183.935654
184.972900
186.000992
187.019867
188.029556
189.030060
190.021362
191.003464
191.976395
192.940125
193.894653
194.839996
195.776169
196.703125
197.620895
198.529465
199.428833
200.319031
201.200043
202.071854
202.934464
203.787888
204.632065
205.467010
206.292740
207.109238
207.916534
208.714584
209.503403
210.282990
211.053360
211.814514
212.566437
213.309128
214.042587
214.766830
215.481857
216.187653
216.884216
217.571548
218.249664
218.918549
219.578217
220.228638
220.869858
221.501831
222.124588
222.738113
223.342422
223.937485
224.523361
225.099960
225.667374
226.225540
226.774490
227.314209
227.844711
228.365982
228.878021
229.380844
229.874435
230.358810
230.833939
231.299850
231.756546
232.204010
232.642242
233.071259
233.491028
233.901581
234.302917
234.695023
235.077911
235.451553
235.815979
236.171188
236.517166
236.853912
237.181427
237.499741
237.808807
238.108643
238.399261
238.680664
238.952820
239.215775
239.469482
239.713974
239.949234
240.175278
240.392090
240.599670
240.798035
240.987167
241.167068
241.337753
241.499207
241.651443
241.794434
241.928223
242.052750
242.168091
242.274200
242.371063
242.458710
242.537125
242.606323
242.666290
242.717041
242.758545
242.790848
242.813904
242.827744
242.832352
