0.983769
0.008116
0.008116
0.008116
0.983769
0.008116
0.008116
0.008116
0.983769
0.000000
0.845465
1.699063
2.560794
3.430658
4.308655
5.194784
6.089046
6.991442
7.901969
8.820630
9.747423
10.682350
11.625408
12.576599
13.535924
14.503383
15.478972
16.462696
17.454552
18.454540
19.462660
20.478916
21.503304
22.535822
23.576475
24.625259
25.682177
26.742004
27.799515
28.854713
29.907595
30.958162
32.006416
33.052353
34.095974
35.137283
36.176273
37.212952
38.247318
39.279366
40.309101
41.336517
42.361622
43.384407
44.404884
45.423042
46.438889
47.452415
48.463634
49.472530
50.479118
51.483383
52.485340
53.484982
54.482304
55.477314
56.470009
57.460388
58.448456
59.434204
60.417641
61.398762
62.377567
63.354061
64.328239
65.300095
66.269646
67.236877
68.201797
69.164391
70.124672
71.082649
72.038315
72.991653
73.942680
74.891853
75.839638
76.786011
77.731010
78.674599
79.616791
80.557602
81.497009
82.435028
83.371643
84.306870
85.240700
86.173134
87.104179
88.033821
88.962074
89.888924
90.814392
91.738457
92.661125
93.582405
94.502289
95.420776
96.337875
97.253571
98.167870
99.080780
99.992294
100.902412
101.811134
102.718468
103.624405
104.528946
105.432091
106.333847
107.234200
108.133163
109.030724
109.926903
110.821678
111.715057
112.607048
113.497635
114.386833
115.274643
116.161041
117.046059
117.929680
118.814301
119.702286
120.593666
121.488419
122.386551
123.288071
124.192970
125.101250
126.012909
126.927956
127.846375
128.768173
129.693359
130.621933
131.553879
132.489212
133.427917
134.369995
135.315460
136.264328
137.216553
138.172165
139.131165
140.093536
141.059296
142.028427
143.000946
143.976852
144.956131
145.938782
146.924835
147.914246
148.907059
149.903229
150.902802
151.905762
152.912094
153.921783
154.934891
155.951355
156.971207
157.994446
159.021057
160.051041
161.084427
162.121185
163.161316
164.204834
165.249786
166.294296
167.338303
168.381836
169.424896
170.467484
171.509598
172.551239
173.592377
174.633057
175.673248
176.712982
177.752228
178.791000
179.829285
180.867096
181.904434
182.941299
183.977676
185.013596
186.049026
187.083969
188.118454
189.152435
190.185959
191.219009
192.251587
193.283661
194.315277
195.346420
196.377075
197.407257
198.436966
199.466187
200.494934
201.523224
202.551010
203.578339
204.605179
205.631531
206.657425
207.682846
208.707764
209.732224
210.756210
211.779709
212.802750
213.825287
214.843460
215.853363
216.854980
217.848343
218.833435
219.810257
220.778793
221.739059
222.691055
223.634781
224.570236
225.497391
226.416306
227.326935
228.229294
229.123383
230.009201
230.886749
231.756012
232.617020
233.469742
234.314194
235.150375
235.978287
236.797913
237.609268
238.412369
239.207199
239.993744
240.772018
241.542007
242.303741
243.057190
243.802383
244.539276
245.267929
0.000000
1.216808
2.428978
3.636511
4.839407
6.037665
7.231287
8.420271
9.604618
10.784328
11.959400
13.129835
14.295633
15.456795
16.613317
17.765203
18.912453
20.055065
21.193039
22.326376
23.455078
24.579142
25.698565
26.813354
27.923504
29.030567
30.136089
31.240072
32.342514
33.443420
34.542782
35.640606
36.736893
37.831631
38.924839
40.016502
41.106628
42.195213
43.282253
44.367760
45.451725
46.534149
47.615036
48.694378
49.772182
50.848454
51.923180
52.996365
54.068012
55.138119
56.206684
57.273712
58.339195
59.403149
60.465549
61.526421
62.585747
63.643528
64.699783
65.754486
66.807655
67.859283
68.909378
69.957924
71.004936
72.050407
73.094330
74.136726
75.177567
76.216888
77.254654
78.290909
79.326515
80.361778
81.396721
82.431343
83.465630
84.499596
85.533226
86.566536
87.599518
88.632164
89.664497
90.696487
91.728165
92.759506
93.790520
94.821205
95.851578
96.881599
97.911308
98.940689
99.969742
100.998459
102.026855
103.054924
104.082672
105.110085
106.137169
107.163925
108.190361
109.216461
110.242241
111.267693
112.292816
113.317612
114.342072
115.366219
116.390030
117.413521
118.436668
119.459496
120.482002
121.504181
122.526024
123.547546
124.568748
125.589607
126.610298
127.631668
128.653854
129.676895
130.700745
131.725433
132.750946
133.777313
134.804489
135.832504
136.861328
137.890991
138.921494
139.952820
140.984970
142.017960
143.051773
144.086426
145.121902
146.158203
147.195343
148.233292
149.272095
150.311722
151.352188
152.393463
153.435577
154.478516
155.522293
156.566910
157.612335
158.658600
159.705688
160.753616
161.802368
162.851944
163.902359
164.953598
166.005676
167.058578
168.112305
169.166870
170.222260
171.278488
172.335541
173.393417
174.452133
175.510498
176.565704
177.617599
178.666168
179.711441
180.753418
181.792068
182.827408
183.859436
184.888184
185.913589
186.935715
187.954514
188.970016
189.982208
190.991089
191.996643
192.998917
193.997864
194.993515
195.985855
196.974884
197.960587
198.943008
199.922104
200.897903
201.870407
202.839569
203.805435
204.768005
205.727249
206.683197
207.635834
208.585159
209.531189
210.473877
211.413284
212.349380
213.282166
214.211655
215.137817
216.060669
216.980209
217.896469
218.809402
219.719009
220.625336
221.526688
222.421509
223.309753
224.191437
225.066559
225.935120
226.797089
227.652512
228.501373
229.343689
230.179413
231.008575
231.831161
232.647202
233.456680
234.259567
235.055923
235.845688
236.628891
237.405548
238.175613
238.939133
239.696075
240.446457
241.190277
241.927536
242.658218
243.382355
244.099899
244.810898
245.515335
246.213181
246.904495
247.589218
248.267380
248.938995
249.604019
250.262497
250.914398
251.559738
252.198517
252.830750
253.456375
254.075470
0.000000
1.252795
2.495978
3.729548
4.953505
6.167849
7.372579
8.567696
9.753201
10.929093
12.095372
13.252037
14.399091
15.536530
16.664358
17.782572
18.891172
19.990162
21.079538
22.163967
23.248125
24.332010
25.415621
26.498957
27.582020
28.664810
29.747328
30.829569
31.911539
32.993233
34.074654
35.155800
36.236675
37.317272
38.397602
39.477654
40.557430
41.636936
42.716167
43.795128
44.873810
45.952217
47.030357
48.108223
49.185814
50.263130
51.340172
52.416943
53.493435
54.569656
55.645599
56.721275
57.796673
58.871799
59.946651
61.021229
62.095535
63.169567
64.243317
65.316811
66.390022
67.462959
68.534904
69.605118
70.673630
71.740417
72.805489
73.868843
74.930473
75.990395
77.048592
78.105072
79.159843
80.212891
81.264221
82.313835
83.361725
84.407906
85.452370
86.495110
87.536133
88.575439
89.613022
90.648903
91.683052
92.715492
93.746208
94.775215
95.802498
96.828064
97.851906
98.874039
99.894447
100.913147
101.930122
102.945381
103.958931
104.970757
105.980865
106.989258
107.995926
109.000885
110.004128
111.005646
112.005447
113.006660
114.012444
115.022774
116.037682
117.057137
118.081154
119.109734
120.142868
121.180557
122.222816
123.269623
124.320992
125.376915
126.437408
127.502464
128.572052
129.646225
130.724945
131.808243
132.896072
133.988464
135.085434
136.186935
137.293015
138.403656
139.518860
140.638596
141.762909
142.891785
144.025223
145.163208
146.305756
147.452866
148.604523
149.760757
150.921539
152.086868
153.256775
154.431244
155.610260
156.793823
157.981964
159.174652
160.365829
161.549377
162.725327
163.893646
165.054337
166.207428
167.352921
168.490768
169.621017
170.743637
171.858658
172.966049
174.065826
175.158005
176.242554
177.319489
178.388794
179.450516
180.504608
181.551086
182.589935
183.621185
184.644821
185.660812
186.669205
187.669998
188.663162
189.648727
190.626648
191.596985
192.559677
193.514771
194.462250
195.402115
196.334351
197.258987
198.175995
199.085388
199.987183
200.881348
201.767899
202.646835
203.518143
204.382538
205.240631
206.092468
206.938034
207.777313
208.610321
209.437073
210.257538
211.071732
211.879654
212.681305
213.476685
214.265793
215.048615
215.825165
216.595459
217.359467
218.117203
218.868683
219.613861
220.352783
221.085434
221.811813
222.531906
223.245743
223.953293
224.654587
225.349594
226.038330
226.720810
227.396988
228.066910
228.730545
229.387924
230.039032
230.683853
231.322418
231.954712
232.580719
233.200455
233.813919
234.421097
235.022018
235.616669
236.205032
236.787140
237.362961
237.932510
238.495804
239.052795
239.603546
240.148010
240.686203
241.218109
241.743759
242.263123
242.776230
243.283051
243.783615
244.277893
244.765884
245.247620
245.723083
246.192291
246.655197
