0.959608
0.020196
0.020196
0.020196
0.959608
0.020196
0.020196
0.020196
0.959608
0.000000
1.170313
2.335531
3.495654
4.650681
5.800612
6.945448
8.085188
9.219833
10.349384
11.473839
12.593197
13.707460
14.816628
15.920702
17.019678
18.113562
19.202347
20.286036
21.364635
22.438133
23.506538
24.569847
25.628059
26.681181
27.729202
28.772129
29.809959
30.842695
31.870337
32.892887
33.910336
34.922691
35.929947
36.932110
37.929180
38.921951
39.911224
40.896996
41.879269
42.858044
43.833321
44.805096
45.773373
46.738148
47.699425
48.657207
49.611488
50.562267
51.509548
52.453331
53.393620
54.330399
55.263687
56.193470
57.119759
58.042545
58.961830
59.877621
60.789913
61.698704
62.603996
63.505787
64.404083
65.298874
66.190170
67.077965
67.962257
68.843056
69.720360
70.594154
71.464455
72.331253
73.194557
74.054359
74.910660
75.763466
76.612762
77.458572
78.300880
79.139694
79.974991
80.806801
81.635109
82.459923
83.281235
84.099045
84.913361
85.724174
86.531479
87.335587
88.142639
88.955170
89.773193
90.596695
91.425674
92.260155
93.100105
93.945541
94.796463
95.652863
96.514755
97.382118
98.254974
99.133316
100.017128
100.906433
101.801216
102.701492
103.607246
104.518486
105.435204
106.357407
107.285103
108.218269
109.156921
110.101059
111.050682
112.005783
112.966370
113.932442
114.903992
115.881035
116.863556
117.851555
118.845055
119.844017
120.848473
121.858414
122.873833
123.894737
124.921127
125.952995
126.990356
128.033188
129.081528
130.135330
131.194611
132.259384
133.329651
134.405380
135.486588
136.573303
137.665482
138.763168
139.865387
140.966583
142.065842
143.163147
144.258484
145.351883
146.443314
147.532791
148.620346
149.705917
150.789551
151.871216
152.950958
154.028732
155.104553
156.178421
157.250320
158.320297
159.388306
160.454361
161.518448
162.580612
163.640808
164.699066
165.755341
166.809677
167.862076
168.912521
169.960983
171.007523
172.052109
173.094727
174.135406
175.174133
176.210892
177.245697
178.278580
179.309479
180.338425
181.365433
182.390488
183.413589
184.434753
185.453934
186.471161
187.486465
188.499802
189.511185
190.520599
191.528091
192.533615
193.537186
194.538818
195.538483
196.536194
197.532776
198.530182
199.528503
200.527771
201.527954
202.529037
203.531082
204.534027
205.537903
206.542694
207.548416
208.555069
209.562637
210.571121
211.580536
212.590881
213.602142
214.614334
215.627457
216.641479
217.656433
218.672318
219.689133
220.706863
221.725525
222.745102
223.765594
224.787033
225.809387
226.832657
227.856857
228.881973
229.908035
230.934998
231.962906
232.991714
234.021454
235.052124
236.083710
237.116211
238.149673
239.184021
240.219315
241.255524
242.292664
243.330704
244.369690
245.409592
246.450424
247.492188
248.534866
249.578445
250.622971
251.668427
252.714798
254.867111
0.000000
1.564512
3.104747
4.620707
6.112390
7.579797
9.022927
10.441782
11.836361
13.206662
14.552689
15.874438
17.171913
18.445110
19.694031
20.918678
22.119047
23.295137
24.446957
25.574495
26.677763
27.756748
28.811460
29.841898
30.848055
31.829943
32.787548
33.720875
34.642704
35.565792
36.490143
37.415752
38.342628
39.270763
40.200165
41.130825
42.062752
42.995941
43.930389
44.866100
45.803078
46.741314
47.680813
48.621574
49.563599
50.506886
51.451435
52.397247
53.344322
54.292660
55.242264
56.193127
57.145248
58.098637
59.053284
60.009201
60.966373
61.924805
62.884510
63.845467
64.807693
65.771179
66.735931
67.701942
68.669220
69.637764
70.607552
71.578621
72.550949
73.524536
74.499382
75.475502
76.452873
77.431511
78.411407
79.392570
80.374992
81.358681
82.343636
83.329849
84.317322
85.306061
86.296059
87.287323
88.279839
89.273727
90.268990
91.265648
92.263695
93.263123
94.263939
95.266144
96.269737
97.274719
98.281090
99.288841
100.297989
101.308517
102.320427
103.333740
104.348434
105.364517
106.381981
107.400841
108.421082
109.442719
110.465729
111.490135
112.515930
113.543106
114.571678
115.601631
116.632980
117.665703
118.699821
119.735329
120.772217
121.810501
122.850174
123.891228
124.933662
125.977501
127.022713
128.069336
129.117310
130.166702
131.217468
132.269623
133.323151
134.378082
135.434402
136.492111
137.551208
138.611679
139.673538
140.736816
141.801437
142.867477
143.934891
145.003693
146.073883
147.145081
148.214798
149.282669
150.348663
151.412796
152.475067
153.535492
154.594040
155.650726
156.705566
157.758530
158.809647
159.858902
160.906281
161.951813
162.995483
164.037292
165.077240
166.115311
167.151535
168.185898
169.218399
170.249039
171.277817
172.304733
173.329803
174.352997
175.374329
176.393799
177.411423
178.427170
179.441055
180.453094
181.463257
182.471573
183.478012
184.482590
185.485336
186.486191
187.485199
188.482346
189.477631
190.471039
191.462601
192.452301
193.440140
194.426117
195.410233
196.392487
197.372879
198.351425
199.328094
200.302902
201.275848
202.246948
203.216187
204.183548
205.148865
206.111755
207.072189
208.030136
208.985641
209.938675
210.889236
211.837341
212.782974
213.726151
214.666840
215.605087
216.540848
217.474167
218.405014
219.333374
220.259293
221.182755
222.103729
223.022247
223.938309
224.851883
225.763016
226.671661
227.577866
228.481583
229.382858
230.281662
231.177979
232.071854
232.963257
233.852188
234.738647
235.622665
236.504196
237.383286
238.259888
239.134033
240.005722
240.874924
241.741669
242.605957
243.467789
244.327133
245.184036
246.038452
246.890411
247.739899
248.586929
249.431488
250.273605
251.113220
251.950394
252.785095
253.617325
254.447098
255.000000
255.000000
0.000000
1.645818
3.258188
4.837110
6.382586
7.894612
9.373192
10.818324
12.230008
13.608246
14.953034
16.264376
17.542271
18.786715
19.997715
21.175264
22.319368
23.430023
24.507231
25.550991
26.561304
27.555775
28.552021
29.550041
30.549833
31.551397
32.554733
33.559845
34.566727
35.575378
36.585804
37.598007
38.611977
39.627724
40.645237
41.664528
42.685589
43.708424
44.733028
45.759407
46.787560
47.817482
48.849174
49.882645
50.917885
51.954903
52.993683
54.034241
55.076569
56.120678
57.166553
58.214199
59.263618
60.314808
61.367775
62.422512
63.479023
64.537300
65.597359
66.659187
67.722794
68.788155
69.855301
70.924217
71.994911
73.067375
74.141609
75.217621
76.295395
77.374947
78.456276
79.539368
80.624237
81.710876
82.799294
83.889481
84.981438
86.075172
87.170570
88.265602
89.359413
90.452003
91.543373
92.633530
93.722466
94.810173
95.896667
96.981949
98.065994
99.148834
100.230446
101.310837
102.390022
103.467979
104.544708
105.620224
106.694519
107.767601
108.839462
109.910088
110.979515
112.047714
113.114685
114.180443
115.244987
116.308311
117.370407
118.431282
119.490944
120.549385
121.606606
122.662605
123.717384
124.770958
125.823296
126.874420
127.924316
128.972992
130.020462
131.066696
132.111740
133.155533
134.198120
135.239487
136.279633
137.318558
138.356262
139.392746
140.427994
141.462067
142.494873
143.526474
144.556870
145.586044
146.613998
147.640717
148.666214
149.690491
150.713501
151.735260
152.755783
153.775070
154.793106
155.809875
156.825409
157.839706
158.852753
159.864548
160.875092
161.884399
162.892456
163.899261
164.904831
165.909149
166.912216
167.914047
168.914627
169.913956
170.912048
171.908890
172.904480
173.898819
174.891922
175.883774
176.874390
177.863739
178.851852
179.838730
180.824341
181.808716
182.791855
183.773727
184.754364
185.733765
186.711884
187.688782
188.664429
189.638840
190.612000
191.583908
192.554581
193.523987
194.492172
195.459076
196.424759
197.389191
198.352371
199.314316
200.275009
201.234451
202.192657
203.149597
204.105301
205.059769
206.012146
206.960434
207.904556
208.844482
209.780243
210.711792
211.639191
212.562393
213.481400
214.396240
215.306885
216.213364
217.115646
218.013763
218.907684
219.797424
220.682983
221.564362
222.441559
223.314560
224.183395
225.048050
225.908508
226.764786
227.616898
228.464813
229.308548
230.148087
230.983459
231.814651
232.641647
233.464478
234.283112
235.097565
235.907852
236.713943
237.515839
238.313568
239.107132
239.896484
240.681656
241.462662
242.239471
243.012100
243.780548
244.544815
245.304901
246.060806
246.812531
247.560059
248.303421
249.042587
249.777588
250.508377
251.235016
251.957458
252.675705
253.389801
254.012817
254.457809
254.724808
254.813812
