0.864622
0.067689
0.067689
0.067689
0.864622
0.067689
0.067689
0.067689
0.864622
0.000000
0.000000
0.000000
0.000000
0.000000
0.706887
1.865766
3.012145
4.146025
5.267405
6.376285
7.472667
8.556548
9.627931
10.686813
11.733197
12.767082
13.788465
14.797351
15.793736
16.777624
17.749006
18.707897
19.654282
20.588173
21.509560
22.418451
23.314838
24.198729
25.070120
25.929010
26.775404
27.609295
28.438454
29.270636
30.105844
30.944084
31.785347
32.629639
33.476959
34.327305
35.180679
36.037075
36.896503
37.758957
38.624435
39.492947
40.364483
41.239048
42.116634
42.997250
43.880894
44.767563
45.657265
46.549988
47.445736
48.344517
49.246323
50.151154
51.059017
51.969902
52.883816
53.800758
54.720726
55.643719
56.569736
57.498787
58.430866
59.365971
60.304100
61.245258
62.189438
63.136654
64.086891
65.040161
65.996445
66.955765
67.918121
68.883484
69.851891
70.823318
71.797768
72.775261
73.755760
74.739296
75.725861
76.715454
77.707909
78.699432
79.688484
80.675087
81.659225
82.640900
83.620110
84.596848
85.571129
86.542938
87.512291
88.479179
89.443604
90.405563
91.365067
92.322098
93.276665
94.228767
95.178413
96.125587
97.070297
98.012550
98.952332
99.889656
100.824509
101.756912
102.686836
103.614304
104.539307
105.461853
106.381920
107.299530
108.214684
109.127365
110.037582
110.945335
111.850632
112.753464
113.653816
114.551727
115.447159
116.340134
117.230644
118.118683
119.004265
119.887383
120.768036
121.646225
122.521950
123.395218
124.266006
125.134346
126.000221
126.863625
127.724571
128.583572
129.443756
130.305679
131.169296
132.034653
132.901703
133.770462
134.640961
135.513168
136.387085
137.262711
138.140060
139.019135
139.899918
140.782410
141.666626
142.552551
143.440201
144.329559
145.220642
146.113419
147.007935
147.904144
148.802094
149.701752
150.603104
151.506195
152.411011
153.317520
154.225739
155.135696
156.047348
156.960724
157.875824
158.792648
159.711166
160.631409
161.553360
162.477036
163.402420
164.329529
165.258347
166.188889
167.121124
168.055099
168.990784
169.928177
170.867279
171.808121
172.750656
173.694916
174.640900
175.588577
176.537979
177.489120
178.443512
179.404999
180.373734
181.349731
182.333008
183.323517
184.321304
185.326324
186.338638
187.358185
188.385010
189.419098
190.460419
191.509003
192.564865
193.627991
194.698364
195.775986
196.860886
197.953033
199.052444
200.159103
201.273041
202.394226
203.522675
204.658386
205.801346
206.951584
208.109055
209.273804
210.445816
211.625092
212.811600
214.005386
215.206421
216.414734
217.630280
218.853104
220.083191
221.320526
222.565125
223.816986
225.076096
226.342468
227.616119
228.897003
230.185165
231.480576
232.783249
234.093170
235.410370
236.734818
238.066528
239.405502
240.751724
242.477707
244.955963
248.186493
252.169296
0.000000
0.000000
0.000000
0.000000
0.000000
1.312603
3.571468
5.776494
7.927684
10.025036
12.068549
14.058224
15.994061
17.876059
19.704220
21.478544
23.199028
24.865671
26.478483
28.037453
29.542583
30.993877
32.391335
33.734951
35.024731
36.260670
37.468788
38.675060
39.879505
41.082119
42.282898
43.481846
44.678963
45.874252
47.067707
48.259331
49.449123
50.637081
51.823212
53.007507
54.189976
55.370605
56.549412
57.726379
58.901520
60.074829
61.246307
62.415955
63.583775
64.749756
65.913910
67.076218
68.236710
69.395370
70.552200
71.707184
72.860344
74.011681
75.161186
76.308846
77.454681
78.598694
79.740868
80.881195
82.019714
83.156395
84.291245
85.424263
86.555450
87.684792
88.812317
89.938011
91.061867
92.183891
93.304085
94.423004
95.543922
96.667389
97.793411
98.921989
100.053123
101.186798
102.323036
103.461830
104.603165
105.747063
106.893509
108.042511
109.194061
110.348175
111.504837
112.664047
113.825813
114.990128
116.156998
117.326431
118.498413
119.672935
120.850021
122.029663
123.211853
124.396599
125.583900
126.773750
127.966141
129.161102
130.358612
131.558685
132.761292
133.966461
135.174194
136.384476
137.597290
138.812683
140.030609
141.251099
142.474152
143.699738
144.927872
146.158585
147.391830
148.627625
149.865997
151.106903
152.350357
153.591965
154.827194
156.056076
157.278610
158.494797
159.704636
160.908157
162.105301
163.296127
164.480591
165.658722
166.830505
167.995941
169.155029
170.307770
171.454193
172.594254
173.727951
174.855316
175.976349
177.091034
178.199371
179.301376
180.397003
181.486313
182.569275
183.645889
184.716156
185.780090
186.837677
187.888916
188.933792
189.972336
191.004547
192.030411
193.049911
194.063095
195.069916
196.070404
197.064545
198.052338
199.033783
200.008896
200.977646
201.940063
202.896133
203.845856
204.789230
205.726288
206.656799
207.579941
208.495560
209.403610
210.304138
211.197128
212.082550
212.960434
213.830780
214.693588
215.548843
216.396561
217.236725
218.069351
218.894440
219.711990
220.521988
221.324448
222.119354
222.906723
223.686569
224.458847
225.223587
225.980774
226.730423
227.472549
228.207108
228.934128
229.653610
230.365540
231.069946
231.766785
232.456100
233.137863
233.812073
234.478760
235.137894
235.789474
236.433533
237.070038
237.698990
238.320419
238.934280
239.540604
240.139389
240.730637
241.314346
241.890488
242.459122
243.020187
243.580399
244.146454
244.718369
245.296127
245.879715
246.469147
247.064423
247.665543
248.272507
248.885315
249.503967
250.128464
250.758804
251.394989
252.037003
252.684860
253.338577
253.998123
254.663513
255.000000
255.000000
255.000000
255.000000
255.000000
255.000000
255.000000
255.000000
255.000000
255.000000
255.000000
255.000000
255.000000
0.000000
4.935456
9.741827
14.419111
18.967310
23.386419
27.676443
31.837383
35.869240
39.772003
43.545681
47.190273
50.705788
54.092201
57.349537
60.477783
63.476948
66.347023
69.088013
71.699921
74.182732
76.536469
78.761108
80.856667
82.823135
84.732101
86.655113
88.592171
90.543282
92.508453
94.487671
96.480942
98.488266
100.509651
102.545082
104.594566
106.658104
108.735695
110.827339
112.933037
115.052780
117.186584
119.334435
121.496353
123.672310
125.862328
128.066391
130.284515
132.516693
134.749786
136.970657
139.179291
141.375717
143.559906
145.731873
147.891617
150.039124
152.174438
154.297501
156.408340
158.506973
160.593369
162.667542
164.729492
166.779221
168.816727
170.842010
172.855072
174.855881
176.844498
178.820877
180.785034
182.736969
184.658417
186.531128
188.355103
190.130341
191.856842
193.534592
195.163620
196.743896
198.275436
199.758240
201.192322
202.577652
203.914230
205.202087
206.441208
207.631577
208.773209
209.866119
210.910263
211.905685
212.852371
213.750320
214.599518
215.399979
216.171188
216.932602
217.684250
218.426132
219.158203
219.880508
220.593033
221.295761
221.988724
222.671890
223.345276
224.008896
224.662735
225.306778
225.941040
226.565536
227.180237
227.785156
228.380295
228.965652
229.541245
230.107040
230.663055
231.209274
231.748627
232.283951
232.815277
233.342575
233.865875
234.385162
234.900452
235.411713
235.918976
236.422226
236.921448
237.416687
237.907913
238.395126
238.878311
239.357498
239.832687
240.303848
240.771011
241.234161
241.693298
242.148438
242.599548
243.046661
243.489761
243.928848
244.363937
244.794998
245.222061
245.645111
246.064163
246.479187
246.890198
247.297211
247.700211
248.099213
248.494186
248.885162
249.272110
249.655075
250.033997
250.408936
250.779861
251.146759
251.509659
251.868561
252.223450
252.574310
252.921173
253.264023
253.602859
253.937698
254.268524
254.595322
254.918121
255.236923
255.551697
255.862457
256.169250
256.471985
256.770721
257.065460
257.356171
257.642883
257.925598
258.204285
258.478973
258.749634
259.016296
259.278931
259.537598
259.792206
260.042847
260.289459
260.532043
260.770630
261.005219
261.235809
255.000000
255.000000
255.000000
255.000000
255.000000
255.000000
255.000000
255.000000
255.000000
255.000000
255.000000
255.000000
255.000000
255.000000
255.000000
255.000000
255.000000
255.000000
255.000000
255.000000
255.000000
255.000000
255.000000
255.000000
255.000000
255.000000
255.000000
255.000000
255.000000
255.000000
255.000000
255.000000
255.000000
255.000000
255.000000
255.000000
255.000000
255.000000
255.000000
255.000000
255.000000
255.000000
255.000000
255.000000
255.000000
255.000000
255.000000
255.000000
255.000000
255.000000
255.000000
255.000000
255.000000
255.000000
255.000000
255.000000
255.000000
