0.985472
0.007264
0.007264
0.007264
0.985472
0.007264
0.007264
0.007264
0.985472
0.000000
0.912545
1.827377
2.744496
3.663902
4.585595
5.509575
6.435842
7.364396
8.295236
9.228364
10.163779
11.101481
12.041471
12.983746
13.928309
14.875160
15.824297
16.775723
17.729433
18.685429
19.643715
20.604288
21.567146
22.532293
23.499725
24.469444
25.441454
26.415747
27.392328
28.371195
29.352350
30.335794
31.321524
32.309540
33.299843
34.292435
35.287308
36.284473
37.283928
38.285664
39.289692
40.296001
41.304600
42.315487
43.328659
44.344124
45.361866
46.381901
47.404224
48.428829
49.455727
50.484909
51.516376
52.550137
53.586178
54.624508
55.665123
56.708027
57.753220
58.800697
59.850464
60.902515
61.956852
63.013485
64.072395
65.133598
66.197090
67.262863
68.330917
69.401268
70.473907
71.548828
72.624702
73.700172
74.775238
75.849907
76.924171
77.998047
79.071526
80.144592
81.217270
82.289543
83.361420
84.432892
85.503967
86.574654
87.644928
88.714813
89.784294
90.853378
91.922058
92.990341
94.058220
95.125717
96.192802
97.259491
98.325775
99.391663
100.457153
101.522255
102.586945
103.651230
104.715134
105.778633
106.841728
107.904419
108.966721
110.028610
111.090126
112.151222
113.211922
114.272224
115.332130
116.391632
117.450737
118.509445
119.567757
120.624413
121.678185
122.729065
123.777061
124.822151
125.864372
126.903687
127.940109
128.973648
130.004288
131.032043
132.056915
133.078888
134.097977
135.114166
136.127472
137.137878
138.145401
139.150024
140.151764
141.150620
142.146576
143.139648
144.129822
145.117096
146.101486
147.082993
148.061615
149.037338
150.010162
150.980118
151.947159
152.911301
153.872574
154.830963
155.786438
156.739029
157.688736
158.635559
159.579483
160.520523
161.458649
162.393921
163.326279
164.255753
165.183365
166.110199
167.036255
167.961502
168.885971
169.809631
170.732513
171.654602
172.575897
173.496399
174.416107
175.335022
176.253159
177.170486
178.087036
179.002792
179.917740
180.831909
181.745300
182.657883
183.569687
184.480682
185.390900
186.300308
187.208939
188.116776
189.023819
189.930069
190.835541
191.740204
192.644073
193.547165
194.449463
195.350952
196.251663
197.151581
198.050705
198.949036
199.846588
200.743332
201.639297
202.534470
203.428833
204.322418
205.215225
206.110672
207.012192
207.919800
208.833496
209.753265
210.679123
211.611053
212.549072
213.493164
214.443359
215.399628
216.361984
217.330414
218.304947
219.285538
220.272217
221.264999
222.263840
223.268784
224.279800
225.296906
226.320084
227.349350
228.384705
229.426147
230.473648
231.527252
232.586929
233.652695
234.724548
235.802490
236.886490
237.976593
239.072769
240.175049
241.283386
242.397827
243.518341
244.644928
245.777618
246.916382
248.061218
249.212158
250.369171
251.532257
252.568649
253.345490
253.862793
0.000000
0.941650
1.885225
2.830724
3.778146
4.727493
5.678764
6.631960
7.587080
8.544124
9.503092
10.463983
11.426800
12.391541
13.358205
14.326794
15.297308
16.269745
17.244106
18.220392
19.198603
20.178736
21.160795
22.144777
23.130684
24.118515
25.108271
26.099949
27.093552
28.089079
29.086531
30.085905
31.087210
32.090435
33.095581
34.102657
35.111652
36.122570
37.135418
38.150188
39.166882
40.185501
41.206043
42.228504
43.252895
44.279213
45.307449
46.337612
47.369701
48.403713
49.439648
50.477505
51.517292
52.559002
53.602634
54.648193
55.695671
56.745075
57.796406
58.849659
59.904835
60.961937
62.020958
63.081913
64.144791
65.208916
66.273621
67.338898
68.404762
69.471199
70.538223
71.605820
72.674004
73.742760
74.812088
75.882004
76.952499
78.023567
79.095215
80.167442
81.240250
82.313637
83.387604
84.462151
85.537270
86.612968
87.689255
88.766113
89.843552
90.921570
92.000160
93.079330
94.159081
95.239410
96.320335
97.401817
98.483894
99.566528
100.649757
101.733559
102.817940
103.902901
104.988441
106.073410
107.155418
108.234413
109.310371
110.383301
111.453209
112.520088
113.583946
114.644775
115.702576
116.757347
117.809097
118.857819
119.903519
120.946190
121.985832
123.022453
124.056046
125.086609
126.114151
127.138672
128.160141
129.178619
130.194061
131.206451
132.215836
133.222183
134.225540
135.225830
136.223114
137.217361
138.208588
139.196793
140.181961
141.164108
142.143234
143.119324
144.092392
145.063034
146.033813
147.004974
147.976517
148.948471
149.920792
150.893494
151.866608
152.840088
153.813950
154.788223
155.762878
156.737915
157.713348
158.689163
159.665359
160.641953
161.618942
162.596298
163.574066
164.552200
165.530746
166.509659
167.488968
168.468674
169.448746
170.429230
171.410080
172.391342
173.372955
174.354996
175.337418
176.320206
177.303391
178.286987
179.270950
180.255310
181.240036
182.225021
183.208984
184.191574
185.172821
186.152710
187.131241
188.108414
189.084244
190.058701
191.031815
192.003571
192.973984
193.943039
194.910721
195.877075
196.842056
197.805695
198.767975
199.728897
200.688461
201.646683
202.603531
203.559052
204.513184
205.465988
206.417435
207.367523
208.316254
209.263626
210.209656
211.154343
212.097641
213.039597
213.980194
214.919464
215.857361
216.793900
217.729095
218.662964
219.596848
220.531387
221.466583
222.402451
223.338974
224.276138
225.213974
226.152466
227.091614
228.031418
228.971863
229.912979
230.854767
231.797195
232.740295
233.684036
234.628448
235.573517
236.519241
237.465607
238.412643
239.360336
240.308701
241.257706
242.207367
243.157700
244.108673
245.060318
246.012604
246.965561
247.919174
248.873444
249.828354
250.783951
251.740189
252.697083
253.654633
254.612854
0.000000
0.910753
1.828339
2.752756
3.684006
4.622088
5.567002
6.518748
7.477327
8.442739
9.414981
10.394056
11.379965
12.372705
13.372276
14.378680
15.391917
16.411985
17.438887
18.472620
19.513186
20.560583
21.614813
22.675877
23.743771
24.818497
25.900057
26.988447
28.083670
29.185724
30.294613
31.410332
32.532890
33.662273
34.798492
35.941540
37.091415
38.248131
39.411674
40.582054
41.759266
42.943310
44.134178
45.331890
46.536427
47.747799
48.966000
50.191036
51.417091
52.638363
53.854843
55.066536
56.273441
57.475555
58.672882
59.865421
61.053177
62.236137
63.414314
64.587700
65.756302
66.920113
68.079140
69.233368
70.382812
71.527466
72.667336
73.802422
74.932709
76.058212
77.178932
78.294861
79.405998
80.512352
81.613914
82.710693
83.802681
84.889877
85.972290
87.049911
88.122742
89.190788
90.254044
91.312515
92.366188
93.415085
94.459190
95.498512
96.533028
97.562775
98.587730
99.607887
100.623268
101.633842
102.639641
103.640656
104.636887
105.628311
106.614967
107.598961
108.582481
109.565498
110.548027
111.530075
112.511620
113.492676
114.473244
115.453316
116.432899
117.411987
118.390587
119.368698
120.346313
121.323441
122.300072
123.276215
124.251869
125.227020
126.201683
127.175865
128.149551
129.122742
130.095444
131.067657
132.039368
133.010605
133.981323
134.951584
135.921341
136.890594
137.859360
138.827637
139.795425
140.762711
141.729523
142.695847
143.661652
144.626984
145.591812
146.556152
147.520020
148.483383
149.446259
150.408630
151.370529
152.331909
153.292831
154.253235
155.213165
156.172592
157.131393
158.089401
159.046631
160.003113
160.958801
161.913712
162.867844
163.821198
164.773773
165.725586
166.676605
167.626862
168.576340
169.525040
170.472961
171.420090
172.366470
173.312057
174.256866
175.200912
176.144165
177.086639
178.028351
178.969269
179.909439
180.848801
181.787399
182.725220
183.662262
184.598526
185.534027
186.468735
187.402679
188.335831
189.268204
190.199829
191.130661
192.060699
192.989975
193.918472
194.846207
195.773148
196.699310
197.624710
198.549316
199.473160
200.396210
201.318481
202.240005
203.160736
204.080673
205.000183
205.919540
206.838745
207.757797
208.676727
209.595505
210.514145
211.432632
212.350983
213.269180
214.187241
215.105164
216.022934
216.940567
217.858078
218.775421
219.692612
220.609680
221.526596
222.443375
223.360016
224.276489
225.192841
226.109039
227.025101
227.941010
228.856796
229.772430
230.687897
231.603256
232.518448
233.433517
234.348434
235.263184
236.177811
237.092316
238.006653
238.920853
239.834900
240.748825
241.662598
242.576218
243.489700
244.403030
245.316254
246.229294
247.142197
248.054977
248.967590
249.880096
250.792419
251.590683
252.160858
252.502960
252.616989
