0.969649
0.015176
0.015176
0.015176
0.969649
0.015176
0.015176
0.015176
0.969649
0.000000
1.147906
2.289237
3.423992
4.552173
5.673779
6.788809
7.897264
8.999146
10.094450
11.183180
12.265335
13.340914
14.409918
15.472347
16.528202
17.577480
18.620184
19.656315
20.685867
21.708847
22.725250
23.735079
24.738333
25.735010
26.725113
27.708641
28.685596
29.655972
30.619776
31.577003
32.527657
33.471737
34.409237
35.344799
36.283066
37.224033
38.167706
39.114075
40.063145
41.014923
41.969398
42.926575
43.886452
44.849030
45.814312
46.782295
47.752979
48.726368
49.702450
50.681240
51.662731
52.646919
53.633816
54.623405
55.615700
56.610699
57.608398
58.608799
59.611900
60.617699
61.626205
62.637413
63.651318
64.667923
65.687233
66.709251
67.733955
68.761368
69.791496
70.824310
71.859818
72.898041
73.938965
74.982590
76.028915
77.077934
78.129662
79.184090
80.241219
81.301056
82.363586
83.428818
84.496758
85.567398
86.640732
87.716774
88.795502
89.876442
90.956467
92.035072
93.112274
94.188049
95.262405
96.335358
97.406883
98.476997
99.545692
100.612976
101.678833
102.743286
103.806320
104.867935
105.928131
106.986916
108.044281
109.100235
110.154770
111.207878
112.259583
113.309868
114.358742
115.406189
116.452232
117.496849
118.540047
119.581841
120.622208
121.661163
122.698708
123.734825
124.769524
125.802826
126.834702
127.865143
128.894196
129.921829
130.948029
131.972809
132.996185
134.018158
135.038712
136.057846
137.075546
138.091827
139.106705
140.120193
141.132217
142.142853
143.152054
144.159851
145.166245
146.171204
147.174545
148.176041
149.175720
150.173569
151.169571
152.163727
153.156067
154.146576
155.135254
156.122086
157.107086
158.090240
159.071579
160.051071
161.028748
162.004578
162.978577
163.950745
164.921082
165.889572
166.856232
167.821060
168.784058
169.745224
170.704544
171.662033
172.617706
173.571518
174.523514
175.473679
176.421997
177.368500
178.313156
179.255981
180.196960
181.136108
182.073425
183.008926
183.942566
184.874405
185.804382
186.732529
187.658859
188.583328
189.505981
190.426804
191.345779
192.262939
193.178238
194.091736
195.003372
195.913208
196.821167
197.727310
198.632126
199.538559
200.447098
201.357758
202.270538
203.185425
204.102417
205.021545
205.942764
206.866119
207.791580
208.719147
209.648834
210.580658
211.514572
212.450607
213.388763
214.329041
215.271408
216.215912
217.162521
218.111252
219.062088
220.015045
220.970123
221.927307
222.886612
223.848022
224.811569
225.777206
226.744980
227.714844
228.686844
229.660950
230.637161
231.615509
232.595963
233.578522
234.563202
235.550003
236.538925
237.529938
238.523087
239.518341
240.515717
241.515198
242.516800
243.520508
244.526352
245.534302
246.544357
247.556534
248.570816
249.587234
250.605743
251.561569
252.389893
253.090714
253.664017
0.000000
1.204898
2.400928
3.588089
4.766384
5.935811
7.096369
8.248059
9.390883
10.524839
11.649927
12.766148
13.873499
14.971984
16.061602
17.142351
18.214233
19.277245
20.331392
21.376671
22.413080
23.440624
24.459301
25.469109
26.470049
27.462120
28.445324
29.424967
30.406364
31.389511
32.374413
33.361061
34.349461
35.339615
36.331520
37.325172
38.320580
39.317738
40.316643
41.317303
42.319714
43.323872
44.329784
45.337448
46.346863
47.358028
48.370941
49.385609
50.402031
51.420200
52.440121
53.461792
54.485214
55.510387
56.537319
57.565990
58.596420
59.628597
60.662521
61.698208
62.735638
63.774818
64.815750
65.858437
66.902878
67.949066
68.997002
70.046684
71.098129
72.151321
73.206261
74.262962
75.321404
76.381599
77.443542
78.507248
79.572693
80.639893
81.708847
82.779549
83.851997
84.926201
86.002159
87.079865
88.158180
89.235939
90.313156
91.389824
92.465950
93.541519
94.616539
95.691025
96.764954
97.838341
98.911186
99.983475
101.055222
102.126411
103.197067
104.267166
105.336723
106.405739
107.474190
108.542114
109.609482
110.676308
111.742577
112.808304
113.873482
114.938118
116.002205
117.065742
118.128738
119.191185
120.253082
121.314430
122.375229
123.435493
124.495193
125.554367
126.612976
127.671051
128.728577
129.785553
130.841965
131.897858
132.953201
134.007980
135.062210
136.115906
137.169052
138.221649
139.273712
140.325211
141.376175
142.426575
143.476440
144.525757
145.574539
146.622742
147.670425
148.716019
149.758057
150.796494
151.831345
152.862625
153.890305
154.914398
155.934906
156.951843
157.965179
158.974945
159.981110
160.983719
161.982712
162.978134
163.969955
164.958206
165.942871
166.923950
167.901443
168.875351
169.845673
170.812424
171.775558
172.735123
173.691116
174.643509
175.592316
176.537552
177.479187
178.417252
179.351730
180.282608
181.209900
182.133621
183.053757
183.970306
184.883270
185.792648
186.698441
187.600647
188.499268
189.394302
190.285751
191.173615
192.057892
192.938599
193.815704
194.689224
195.559174
196.425522
197.288300
198.147476
199.003067
199.855087
200.703522
201.548355
202.392639
203.239349
204.088470
204.940063
205.794052
206.650497
207.509369
208.370682
209.234421
210.100586
210.969193
211.840240
212.713715
213.589630
214.467972
215.348755
216.231964
217.117615
218.005692
218.896194
219.789139
220.684525
221.582336
222.482590
223.385269
224.290390
225.197937
226.107925
227.020355
227.935211
228.852493
229.772217
230.694366
231.618958
232.545975
233.475433
234.407318
235.341644
236.278412
237.217590
238.159225
239.103302
240.049774
240.998703
241.950073
242.903870
243.860092
244.818771
245.779861
246.743393
247.709351
248.677750
249.648575
250.621841
251.597549
252.575684
253.556259
254.977524
0.000000
1.244630
2.478086
3.700368
4.911478
6.111413
7.300176
8.477765
9.644181
10.799422
11.943491
13.076387
14.198108
15.308657
16.408031
17.496231
18.573261
19.639116
20.693798
21.737303
22.769638
23.790798
24.800785
25.799601
26.793749
27.789749
28.787601
29.787302
30.788855
31.792255
32.797508
33.804607
34.813560
35.824360
36.837013
37.851513
38.867863
39.886063
40.906116
41.928013
42.951767
43.977367
45.004814
46.034119
47.065269
48.098267
49.133118
50.169819
51.208370
52.248768
53.291023
54.335121
55.381069
56.428867
57.478519
58.530014
59.583363
60.638569
61.695614
62.754513
63.815266
64.877853
65.942307
67.008614
68.076767
69.146759
70.218605
71.292305
72.367851
73.445259
74.524506
75.605606
76.688545
77.773346
78.859993
79.948486
81.038841
82.131042
83.225090
84.320984
85.418732
86.516777
87.613533
88.709015
89.803223
90.896156
91.987816
93.078194
94.167297
95.255127
96.341690
97.426971
98.510971
99.593697
100.675148
101.755325
102.834229
103.911850
104.988205
106.063286
107.137077
108.209595
109.280846
110.350822
111.419518
112.486946
113.553085
114.617950
115.681549
116.743874
117.804909
118.864677
119.923180
120.980385
122.036331
123.090988
124.144386
125.196495
126.247337
127.296898
128.345200
129.392212
130.437927
131.482407
132.525574
133.567490
134.608124
135.647491
136.685562
137.722366
138.757904
139.792160
140.825134
141.856842
142.887268
143.916428
144.944305
145.970901
146.995331
148.016678
149.034973
150.050201
151.062347
152.071442
153.077454
154.080399
155.080276
156.077103
157.070831
158.061508
159.049103
160.033646
161.015091
161.993500
162.968811
163.941071
164.910263
165.876389
166.839447
167.799423
168.756332
169.710190
170.660950
171.608673
172.553299
173.494873
174.433365
175.368805
176.301163
177.230453
178.156677
179.079834
179.999924
180.916946
181.830887
182.741776
183.649567
184.554321
185.455978
186.354584
187.250122
188.142593
189.031982
189.918304
190.801575
191.681763
192.558899
193.432938
194.303909
195.171829
196.036682
196.898453
197.757172
198.612808
199.465378
200.317413
201.171356
202.027237
202.885071
203.744843
204.606552
205.470200
206.335815
207.203354
208.072815
208.944260
209.817612
210.692917
211.570160
212.449356
213.330475
214.213547
215.098557
215.985519
216.874405
217.765228
218.658020
219.552734
220.449402
221.348007
222.248535
223.151031
224.055466
224.961823
225.870132
226.780396
227.692581
228.606705
229.522797
230.440811
231.360764
232.282654
233.206512
234.132294
235.060028
235.989685
236.921295
237.854828
238.790329
239.727768
240.667145
241.608459
242.551712
243.496902
244.444046
245.393143
246.344162
247.297119
248.252014
249.208862
250.167664
251.128387
251.969894
252.570953
252.931595
253.051804
