0.992542
0.003729
0.003729
0.003729
0.992542
0.003729
0.003729
0.003729
0.992542
0.000001
0.916685
1.833920
2.751707
3.670045
4.588934
5.508374
6.428365
7.348908
8.270001
9.191647
10.113843
11.036591
11.959888
12.883738
13.808139
14.733091
15.658595
16.584650
17.511253
18.438412
19.366121
20.294380
21.223190
22.152550
23.082462
24.012930
24.943939
25.875509
26.807627
27.740294
28.673512
29.607285
30.541609
31.476480
32.411907
33.347881
34.284409
35.221489
36.159119
37.097298
38.036026
38.975311
39.915150
40.855534
41.795963
42.735950
43.675488
44.614574
45.553211
46.491398
47.429134
48.366425
49.303257
50.239651
51.175587
52.111076
53.046116
53.980701
54.914845
55.848530
56.781769
57.714561
58.646896
59.578789
60.510231
61.441219
62.371761
63.301853
64.231499
65.160683
66.089432
67.017715
67.945557
68.872955
69.799896
70.726387
71.652428
72.578018
73.503166
74.427856
75.352097
76.275902
77.199242
78.122139
79.044571
79.966576
80.888145
81.809319
82.730118
83.650536
84.570564
85.490204
86.409470
87.328346
88.246834
89.164948
90.082664
91.000000
91.916962
92.833534
93.749718
94.665520
95.580940
96.495972
97.410622
98.324890
99.238770
100.152275
101.065392
101.978111
102.890457
103.802429
104.714005
105.625198
106.536011
107.446434
108.356476
109.266129
110.175407
111.084297
111.992798
112.900925
113.808655
114.716011
115.622978
116.529564
117.435760
118.341583
119.247292
120.154053
121.061974
121.971069
122.881332
123.792770
124.705360
125.619133
126.534073
127.450188
128.367462
129.285904
130.205521
131.126297
132.048248
132.971375
133.895660
134.821121
135.747742
136.675552
137.604507
138.534653
139.465958
140.398422
141.332062
142.266876
143.202850
144.139999
145.078308
146.017807
146.958450
147.900284
148.843277
149.787445
150.732773
151.679260
152.626923
153.575760
154.525772
155.476959
156.429291
157.382812
158.337143
159.288940
160.237427
161.182602
162.124451
163.062973
163.998199
164.930069
165.858658
166.783905
167.705826
168.624435
169.539734
170.451691
171.360352
172.265671
173.167679
174.066360
174.961731
175.853775
176.742493
177.627914
178.509995
179.388763
180.264206
181.136337
182.005142
182.870636
183.732788
184.591644
185.447159
186.299362
187.148254
187.993820
188.836060
189.674988
190.510590
191.342880
192.171844
192.997482
193.819824
194.638809
195.454941
196.283432
197.131607
197.999512
198.887115
199.794418
200.721436
201.668152
202.634583
203.620728
204.626556
205.652100
206.697357
207.762299
208.846985
209.951355
211.075424
212.219208
213.382690
214.565887
215.768799
216.991394
218.233704
219.495728
220.777451
222.078888
223.400024
224.740875
226.101425
227.481689
228.881668
230.301331
231.740707
233.199783
234.678574
236.177063
237.695267
239.233185
240.790802
242.368103
243.965149
245.581863
247.218323
0.000000
1.502056
2.986191
4.452405
5.900698
7.331070
8.743521
10.138051
11.514660
12.873347
14.214114
15.536960
16.841883
18.128887
19.397970
20.649130
21.882372
23.097691
24.295092
25.474564
26.636122
27.779755
28.905470
30.013260
31.103132
32.175083
33.229115
34.265224
35.293240
36.323009
37.354530
38.387798
39.422817
40.459579
41.498093
42.538357
43.580372
44.624130
45.669643
46.716896
47.765907
48.816666
49.869167
50.923420
51.979420
53.037174
54.096672
55.157921
56.220917
57.285664
58.352161
59.420406
60.490398
61.562134
62.635628
63.710861
64.787857
65.866585
66.947075
68.029297
69.113281
70.199013
71.286491
72.375717
73.466705
74.559433
75.653908
76.750122
77.848091
78.947815
80.049286
81.152512
82.257469
83.364189
84.472656
85.582611
86.692551
87.802223
88.911629
90.020760
91.129616
92.238197
93.346512
94.454559
95.562332
96.669838
97.777069
98.884026
99.990715
101.097130
102.203285
103.309158
104.414764
105.520096
106.625160
107.729958
108.834473
109.938728
111.042702
112.146408
113.249847
114.353020
115.455910
116.558533
117.660881
118.762962
119.864784
120.966316
122.067589
123.168579
124.269310
125.369766
126.469948
127.569855
128.669510
129.768875
130.867981
131.966812
133.065369
134.163651
135.261658
136.359421
137.456894
138.552795
139.645859
140.736084
141.823456
142.907974
143.989639
145.068466
146.144424
147.217545
148.287811
149.355225
150.419815
151.481522
152.540405
153.596420
154.649582
155.699921
156.747391
157.792007
158.833786
159.872711
160.908798
161.942017
162.972397
163.999924
165.024597
166.046432
167.065414
168.081543
169.094818
170.105255
171.112839
172.117569
173.119461
174.118484
175.114670
176.108017
177.098495
178.086136
179.070923
180.052856
181.031937
182.008179
182.981567
183.952118
184.919800
185.884644
186.846741
187.806702
188.764648
189.720581
190.674484
191.626358
192.576233
193.524078
194.469894
195.413696
196.355484
197.295227
198.232956
199.168686
200.102371
201.034042
201.963699
202.891327
203.816940
204.740524
205.662094
206.581635
207.499161
208.414673
209.328140
210.239609
211.149048
212.056458
212.961853
213.865234
214.766571
215.665909
216.563217
217.458496
218.351776
219.243027
220.132248
221.019455
221.904633
222.787796
223.668930
224.548050
225.425156
226.300232
227.173279
228.044312
228.913330
229.780334
230.643387
231.500595
232.351974
233.197479
234.037170
234.871002
235.698990
236.521149
237.337448
238.147903
238.952515
239.751297
240.544220
241.331299
242.112549
242.887939
243.657486
244.421188
245.179047
245.931076
246.677246
247.417572
248.152054
248.880692
249.603485
250.320450
251.031555
251.736816
252.436234
253.129807
253.817535
254.499420
255.000000
255.000000
255.000000
255.000000
255.000000
255.000000
0.000000
1.998755
3.937934
5.817538
7.637567
9.398021
11.098899
12.740202
14.321931
15.844084
17.306662
18.709663
20.053089
21.336945
22.561220
23.725922
24.831049
25.876600
26.894299
27.915863
28.941294
29.970591
31.003752
32.040783
33.081676
34.126434
35.175060
36.227558
37.283916
38.344143
39.408234
40.476192
41.548016
42.623703
43.703262
44.786686
45.873974
46.965130
48.060154
49.159042
50.261795
51.368412
52.478901
53.593254
54.711475
55.833557
56.959511
58.089325
59.223015
60.360561
61.501980
62.647263
63.796410
64.949425
66.106308
67.267052
68.431671
69.600151
70.771553
71.940186
73.105125
74.266365
75.423889
76.577713
77.727829
78.874245
80.016960
81.155960
82.291267
83.422859
84.550751
85.674934
86.795418
87.912193
89.025269
90.134644
91.240311
92.342262
93.440521
94.535072
95.625923
96.713066
97.796501
98.876236
99.952263
101.024590
102.093201
103.158127
104.219330
105.276840
106.330635
107.380730
108.427124
109.469818
110.508804
111.544075
112.575645
113.603523
114.627686
115.651810
116.679581
117.710991
118.746040
119.784721
120.827049
121.873001
122.922607
123.975845
125.032722
126.093239
127.157394
128.225189
129.296616
130.371689
131.450394
132.532745
133.618713
134.708344
135.801590
136.898514
137.999039
139.103210
140.211029
141.322495
142.437576
143.556290
144.678665
145.804672
146.934311
148.067596
149.204529
150.345078
151.489273
152.637115
153.788589
154.943695
156.102448
157.264832
158.430862
159.599075
160.760864
161.914764
163.060791
164.198929
165.329193
166.451553
167.566055
168.672653
169.771393
170.862244
171.945206
173.020294
174.087509
175.146835
176.198257
177.241821
178.277496
179.305298
180.325211
181.337234
182.341385
183.337662
184.326035
185.306534
186.279175
187.243912
188.200760
189.149750
190.090836
191.024048
191.949371
192.866821
193.776413
194.678085
195.571884
196.457825
197.335861
198.206009
199.068298
199.922684
200.768082
201.603348
202.428497
203.243530
204.048447
204.843216
205.627884
206.402435
207.166840
207.921143
208.665314
209.399384
210.123306
210.837128
211.540802
212.234375
212.917816
213.591141
214.254349
214.907425
215.550385
216.183228
216.805939
217.418533
218.020996
218.613358
219.195572
219.767685
220.329651
220.881531
221.423264
221.954880
222.476379
222.987747
223.488998
223.980133
224.461151
224.932037
225.392792
225.843430
226.283966
226.714371
227.134644
227.544800
227.944824
228.334747
228.714523
229.084198
229.443756
229.793167
230.132477
230.461655
230.780716
231.089661
231.388474
231.677170
231.955734
232.224182
232.482513
232.730728
232.968811
233.196777
233.414627
233.622330
233.819931
234.007401
234.184769
234.352005
234.509094
234.656082
234.792953
234.919708
235.036331
235.142822
235.239212
235.325455
