0.925469
0.037265
0.037265
0.037265
0.925469
0.037265
0.037265
0.037265
0.925469
0.000000
0.934147
1.876403
2.826769
3.785243
4.751826
5.726518
6.709320
7.700231
8.699249
9.706379
10.721616
11.744963
12.776418
13.815983
14.863656
15.919438
16.983332
18.050425
19.115814
20.179501
21.241484
22.301762
23.360332
24.417204
25.472370
26.525833
27.577591
28.627645
29.675993
30.722639
31.767580
32.810818
33.852352
34.892181
35.930305
36.966728
38.001442
39.034458
40.065765
41.095371
42.123272
43.149471
44.173958
45.196751
46.217838
47.237213
48.254894
49.270870
50.285133
51.297695
52.308563
53.317722
54.325169
55.330914
56.334965
57.338375
58.343773
59.351269
60.360867
61.372566
62.386372
63.402271
64.420280
65.440392
66.462601
67.486916
68.513336
69.541847
70.572472
71.605186
72.640015
73.676933
74.715965
75.757095
76.800331
77.845665
78.893097
79.942642
80.994278
82.048027
83.103874
84.161819
85.221870
86.284027
87.348282
88.414635
89.483101
90.553658
91.626320
92.701088
93.777946
94.856918
95.937988
97.019943
98.095451
99.163300
100.223488
101.276016
102.320877
103.358078
104.387619
105.409500
106.423706
107.430267
108.429161
109.420387
110.403954
111.379852
112.348099
113.308670
114.261597
115.206856
116.144447
117.074379
117.996651
118.911263
119.818207
120.717484
121.609108
122.493073
123.369362
124.237999
125.098969
125.952286
126.797935
127.635910
128.466248
129.288895
130.103912
130.911240
131.710922
132.503387
133.299042
134.102066
134.912506
135.730331
136.555542
137.388153
138.228149
139.075546
139.930328
140.792511
141.662079
142.539047
143.423416
144.315155
145.214294
146.120834
147.034775
147.956100
148.884811
149.820923
150.764420
151.715332
152.673615
153.639297
154.612366
155.592834
156.580688
157.575943
158.578598
159.588623
160.606064
161.630890
162.663101
163.702728
164.749725
165.804123
166.865906
167.935089
169.004837
170.068375
171.125656
172.176727
173.221542
174.260117
175.292480
176.318588
177.338470
178.352127
179.359528
180.360718
181.355652
182.344360
183.326828
184.303070
185.273071
186.236832
187.194366
188.145676
189.090729
190.029556
190.962143
191.888504
192.808624
193.722519
194.630157
195.531586
196.426773
197.315720
198.198425
199.074905
199.945145
200.809158
201.666931
202.518463
203.363785
204.202835
205.035675
205.862274
206.682648
207.496765
208.304657
209.106308
209.901733
210.690933
211.473877
212.250595
213.021088
213.785324
214.543350
215.295120
216.040665
216.779984
217.513046
218.239883
218.960495
219.674866
220.383011
221.084900
221.780579
222.469986
223.153183
223.830154
224.500870
225.165375
225.823608
226.475632
227.121414
227.760971
228.394287
229.021362
229.642212
230.256821
230.865204
231.467331
232.063248
232.652908
233.236343
233.813553
234.384506
234.949234
235.507736
236.059998
236.606018
0.000000
0.865614
1.746729
2.643346
3.555464
4.483085
5.426208
6.384831
7.358959
8.348587
9.353717
10.374348
11.410481
12.462117
13.529256
14.611896
15.710038
16.823681
17.952826
19.097471
20.257622
21.423824
22.586630
23.746038
24.902054
26.054670
27.203892
28.349716
29.492144
30.631178
31.766815
32.899055
34.027901
35.153347
36.275398
37.394054
38.509315
39.621181
40.729645
41.834721
42.936394
44.034676
45.129555
46.221043
47.309132
48.393826
49.475128
50.553028
51.627537
52.698643
53.766361
54.830677
55.891598
56.949123
58.003250
59.053986
60.101849
61.150021
62.199020
63.248852
64.299522
65.351021
66.403343
67.456512
68.510506
69.565331
70.620987
71.677483
72.734802
73.792961
74.851952
75.911766
76.972427
78.033905
79.096222
80.159363
81.223351
82.288162
83.353806
84.420280
85.487602
86.555740
87.624710
88.694519
89.765160
90.836624
91.908936
92.982056
94.056030
95.130829
96.206459
97.282928
98.356689
99.424232
100.485550
101.540627
102.589493
103.632126
104.668533
105.698715
106.722672
107.740395
108.751900
109.757172
110.756218
111.749039
112.735634
113.716003
114.690140
115.658066
116.619759
117.575211
118.524460
119.467461
120.404243
121.334801
122.259140
123.177238
124.089111
124.994766
125.894188
126.787384
127.674362
128.555099
129.429626
130.297913
131.159973
132.017441
132.879990
133.749237
134.625198
135.507843
136.397202
137.293274
138.196030
139.105499
140.021683
140.944565
141.874161
142.810440
143.753433
144.703140
145.659531
146.622635
147.592453
148.568954
149.552185
150.542099
151.538727
152.542053
153.552109
154.568832
155.592270
156.622421
157.659286
158.702835
159.753098
160.810059
161.873734
162.944092
164.021179
165.104950
166.195435
167.286545
168.372269
169.452576
170.527496
171.596985
172.661057
173.719742
174.773026
175.820877
176.863327
177.900375
178.932007
179.958237
180.979050
181.994461
183.004456
184.009048
185.008224
186.001999
186.990356
187.973312
188.950851
189.922989
190.889725
191.851044
192.806946
193.757462
194.702545
195.642227
196.576492
197.505356
198.428818
199.346878
200.259506
201.166733
202.068573
202.964966
203.855972
204.741577
205.621750
206.496536
207.365891
208.229858
209.088394
209.941544
210.789276
211.631607
212.468521
213.300018
214.126129
214.946808
215.762085
216.571960
217.376419
218.175476
218.969116
219.757355
220.540176
221.317596
222.089600
222.856201
223.617386
224.373169
225.123535
225.868515
226.608078
227.342209
228.070953
228.794281
229.512192
230.224701
230.931824
231.633499
232.329773
233.020676
233.706131
234.386185
235.060822
235.730072
236.393906
237.052322
237.705338
238.352936
238.995132
239.631927
240.263290
240.889282
241.509842
242.124985
242.734711
243.339066
243.937988
244.531494
0.000000
1.030150
2.076609
3.139376
4.218452
5.313837
6.425530
7.553531
8.697842
9.858459
11.035387
12.228621
13.438165
14.664020
15.906180
17.164648
18.428038
19.684969
20.935442
22.179451
23.417004
24.648094
25.872723
27.090889
28.302599
29.507845
30.706631
31.898958
33.084820
34.264225
35.437168
36.603649
37.763672
38.917236
40.064335
41.204975
42.339153
43.466869
44.588131
45.702927
46.811260
47.913139
49.008553
50.097507
51.180000
52.257763
53.341175
54.431969
55.530140
56.635696
57.748627
58.868938
59.996632
61.131702
62.274151
63.423985
64.581200
65.745789
66.917763
68.097115
69.283844
70.477951
71.679443
72.888313
74.104568
75.328201
76.559204
77.797592
79.043373
80.296516
81.557045
82.824959
84.100250
85.382927
86.672966
87.958786
89.228767
90.482895
91.721184
92.943619
94.150215
95.340965
96.515877
97.674942
98.818161
99.945534
101.057068
102.152756
103.232597
104.296593
105.344749
106.377052
107.393524
108.394142
109.378914
110.347855
111.300934
112.238182
113.159584
114.065140
114.954849
115.828720
116.686737
117.528915
118.358826
119.197937
120.049843
120.914536
121.792007
122.682259
123.585304
124.501129
125.429741
126.371140
127.325325
128.292282
129.272049
130.264572
131.269897
132.287994
133.318893
134.362564
135.419022
136.488266
137.570297
138.665115
139.772705
140.893082
142.026260
143.172211
144.330933
145.502457
146.686768
147.883850
149.082642
150.272034
151.452011
152.622604
153.783798
154.935593
156.077972
157.210983
158.334579
159.448776
160.553574
161.648987
162.734970
163.811584
164.878799
165.936615
166.985016
168.024017
169.053635
170.073837
171.084671
172.086075
173.078094
174.060730
175.033951
175.997772
176.952194
177.897217
178.832840
179.759079
180.675919
181.583344
182.481384
183.370010
184.249252
185.119110
185.979538
186.830582
187.672226
188.504471
189.327316
190.140762
190.944809
191.739471
192.524719
193.300583
194.067032
194.824081
195.571747
196.310028
197.038879
197.758331
198.468399
199.169083
199.860336
200.542221
201.214691
201.877762
202.531448
203.175705
203.810593
204.436081
205.052170
205.658844
206.256119
206.844009
207.422516
207.991592
208.551300
209.101578
209.642471
210.173965
210.696060
211.208771
211.712051
212.205963
212.690491
213.165588
213.631287
214.087601
214.534515
214.972015
215.400131
215.818848
216.228165
216.628082
217.018600
217.399704
217.771454
218.133774
218.486694
218.830231
219.164352
219.489075
219.804413
220.110352
220.406906
220.694031
220.971756
221.240097
221.499039
221.748596
221.988739
222.219498
222.440826
222.652771
222.855331
223.048492
223.232239
223.406586
223.571548
223.727097
223.873276
224.010040
224.137390
224.255356
224.363922
224.463104
224.552872
224.633240
224.704224
224.765778
