0.964287
0.017857
0.017857
0.017857
0.964287
0.017857
0.017857
0.017857
0.964287
0.000000
1.447747
2.809947
4.086603
5.277712
6.383276
7.403295
8.380311
9.356871
10.332973
11.308618
12.283806
13.258537
14.232811
15.206626
16.179985
17.152887
18.125334
19.097321
20.068851
21.039923
22.010540
22.980700
23.950399
24.919647
25.888433
26.856766
27.824638
28.792051
29.759012
30.725512
31.691553
32.657143
33.622272
34.586945
35.551159
36.514915
37.478218
38.441059
39.403450
40.365383
41.326851
42.287865
43.248425
44.208527
45.168167
46.127354
47.086082
48.044357
49.002171
49.959526
50.916428
51.872871
52.828854
53.784382
54.739456
55.694073
56.648617
57.604065
58.560452
59.517784
60.476051
61.435265
62.395416
63.356510
64.318542
65.281517
66.245430
67.210289
68.176086
69.142822
70.110512
71.079124
72.048683
73.019196
73.990631
74.963013
75.936340
76.910606
77.885818
78.861961
79.839050
80.817078
81.796051
82.775970
83.756821
84.738617
85.721352
86.705025
87.689636
88.675194
89.661690
90.649139
91.637512
92.626831
93.617096
94.608307
95.600449
96.593529
97.587555
98.582520
99.578430
100.575287
101.573074
102.571800
103.571465
104.572083
105.573540
106.575363
107.577461
108.579819
109.582451
110.585350
111.588524
112.591957
113.595665
114.599640
115.603882
116.608391
117.613174
118.618225
119.623550
120.629143
121.635002
122.641129
123.647522
124.654190
125.661125
126.668327
127.675797
128.683548
129.691559
130.699844
131.708374
132.717194
133.726288
134.735641
135.745270
136.755157
137.765335
138.775757
139.786469
140.797440
141.808685
142.820190
143.831970
144.844025
145.856323
146.868912
147.881775
148.894882
149.908295
150.921936
151.935883
152.950073
153.964554
154.979294
155.994308
157.009674
158.025421
159.041550
160.058060
161.074966
162.092255
163.109909
164.127960
165.146408
166.165222
167.184433
168.204010
169.223984
170.244354
171.265076
172.286209
173.307709
174.329605
175.351883
176.374542
177.397583
178.421021
179.444824
180.469040
181.493607
182.518570
183.543915
184.569656
185.595779
186.622269
187.649155
188.676422
189.704086
190.732117
191.760544
192.789337
193.818542
194.848114
195.878082
196.908417
197.939148
198.970261
200.001755
201.033630
202.065887
203.098541
204.131577
205.164993
206.198792
207.232971
208.269379
209.309845
210.354355
211.402954
212.455582
213.512283
214.573029
215.637833
216.706726
217.779648
218.856628
219.937668
221.022766
222.111923
223.205139
224.302414
225.403748
226.509155
227.618607
228.732117
229.849686
230.971298
232.096985
233.226730
234.360519
235.498383
236.640305
237.786270
238.936295
240.090393
241.248535
242.410736
243.577011
244.747330
245.921707
247.100128
248.282623
249.469193
250.659805
251.854462
253.053192
254.255981
255.000000
255.000000
255.000000
255.000000
255.000000
255.000000
0.000000
1.053142
2.103842
3.152102
4.197923
5.241302
6.282240
7.320738
8.356796
9.390413
10.421591
11.450753
12.478335
13.504336
14.528755
15.551591
16.572845
17.592516
18.610607
19.627113
20.642038
21.655382
22.667145
23.677320
24.685919
25.692934
26.698362
27.702211
28.704481
29.705164
30.704268
31.701790
32.697727
33.692085
34.684856
35.676048
36.665661
37.653683
38.640129
39.624996
40.608273
41.589973
42.570087
43.548618
44.525570
45.500942
46.474728
47.446934
48.417561
49.386600
50.354057
51.319931
52.284225
53.246941
54.208069
55.167614
56.125580
57.081963
58.036762
58.990353
59.944988
60.901039
61.858505
62.817394
63.777695
64.739410
65.702545
66.667107
67.633072
68.600464
69.569267
70.539482
71.511124
72.484184
73.458649
74.434540
75.411842
76.390564
77.370705
78.352257
79.335228
80.319618
81.305428
82.292656
83.281288
84.271347
85.262817
86.255714
87.250023
88.245743
89.242882
90.241440
91.241417
92.242805
93.245613
94.249840
95.255493
96.262543
97.271027
98.280922
99.292229
100.304947
101.319099
102.334663
103.351631
104.370033
105.389839
106.411072
107.432640
108.453529
109.473717
110.493210
111.511993
112.530090
113.547478
114.564163
115.580162
116.595451
117.610046
118.623940
119.637138
120.649628
121.661430
122.672523
123.682922
124.692619
125.701614
126.709923
127.717529
128.724411
129.730637
130.736130
131.740936
132.745041
133.748444
134.751144
135.753159
136.754471
137.755066
138.754974
139.754196
140.752701
141.750519
142.747620
143.744034
144.739746
145.734772
146.729065
147.722702
148.715607
149.707825
150.699341
151.690155
152.680283
153.669693
154.658417
155.646576
156.634995
157.623825
158.613068
159.602692
160.592728
161.583160
162.574020
163.565262
164.556900
165.548950
166.541412
167.534271
168.527542
169.521194
170.515274
171.509735
172.504608
173.499893
174.495560
175.491653
176.488144
177.485031
178.482315
179.480011
180.478104
181.476608
182.475510
183.474808
184.474518
185.474640
186.475159
187.476074
188.477402
189.479111
190.481262
191.483780
192.486710
193.490051
194.493790
195.497925
196.502472
197.507431
198.512772
199.518539
200.524689
201.531265
202.538223
203.545593
204.554550
205.566208
206.580597
207.597717
208.617554
209.640152
210.665451
211.693497
212.724258
213.757751
214.793976
215.832932
216.874619
217.919037
218.966187
220.016052
221.068649
222.123978
223.182037
224.242844
225.306351
226.372589
227.441574
228.513275
229.587708
230.664871
231.744781
232.827393
233.912750
235.000824
236.091644
237.185165
238.281448
239.380432
240.482162
241.586624
242.693817
243.803726
244.916382
246.031754
247.149857
248.270676
249.394241
250.520523
251.649551
252.781296
253.915787
255.000000
255.000000
255.000000
255.000000
0.000000
1.072221
2.138088
3.197604
4.250767
5.297579
6.338038
7.372145
8.399899
9.424147
10.447735
11.470661
12.492928
13.514532
14.535478
15.555761
16.575384
17.594345
18.612648
19.630291
20.647272
21.663591
22.679251
23.694246
24.708584
25.722261
26.735277
27.747633
28.759329
29.770361
30.780735
31.790447
32.799503
33.807896
34.815624
35.822693
36.829102
37.834850
38.839939
39.844364
40.848125
41.851234
42.853683
43.855469
44.856594
45.857056
46.856850
47.855991
48.854481
49.852299
50.849464
51.845963
52.841797
53.838467
54.837498
55.838875
56.842598
57.848667
58.857082
59.867847
60.880959
61.896423
62.914227
63.934380
64.956879
65.981728
67.008926
68.038467
69.070351
70.104591
71.141174
72.180107
73.221390
74.265015
75.310989
76.359306
77.409981
78.462990
79.518349
80.576057
81.636116
82.698517
83.763275
84.830376
85.899818
86.971603
88.045746
89.122231
90.201065
91.282249
92.365776
93.451653
94.539886
95.630455
96.723366
97.818634
98.916252
100.014236
101.110596
102.205360
103.298500
104.390038
105.479950
106.568260
107.654961
108.740044
109.823517
110.905373
111.985626
113.064255
114.141273
115.216690
116.290489
117.362679
118.433250
119.502220
120.569565
121.635300
122.699432
123.761948
124.822845
125.882141
126.939819
127.995888
129.050354
130.103180
131.154419
132.204025
133.252045
134.298431
135.343201
136.386383
137.427933
138.467880
139.506210
140.542938
141.578049
142.611542
143.643433
144.673706
145.702362
146.730713
147.760040
148.790359
149.821686
150.853989
151.887283
152.921570
153.956833
154.993103
156.030365
157.068604
158.107834
159.148041
160.189255
161.231461
162.274643
163.318817
164.363983
165.410141
166.457275
167.505402
168.554535
169.604645
170.655746
171.707825
172.760925
173.814987
174.870041
175.926086
176.983124
178.041153
179.100174
180.160156
181.221146
182.283142
183.346100
184.410065
185.475006
186.540955
187.607880
188.675812
189.744705
190.814606
191.885483
192.954468
194.018616
195.077957
196.132462
197.182159
198.227036
199.267105
200.302338
201.332748
202.358337
203.379135
204.395096
205.406235
206.412552
207.414047
208.410736
209.402603
210.389648
211.371872
212.349274
213.321854
214.289642
215.252579
216.210724
217.164032
218.112518
219.056198
219.995041
220.929077
221.858307
222.782700
223.702271
224.617035
225.526978
226.432098
227.332397
228.227890
229.118546
230.004379
230.885422
231.761612
232.632996
233.499573
234.361313
235.218262
236.070358
236.917648
237.760132
238.597778
239.430603
240.258636
241.081833
241.900208
242.713760
243.522507
244.326416
245.125519
245.919800
246.709274
247.493912
248.273727
249.048737
249.818924
250.584290
251.344833
252.100571
252.851471
253.597565
254.338837
255.000000
255.000000
