0.979190
0.010405
0.010405
0.010405
0.979190
0.010405
0.010405
0.010405
0.979190
0.000000
0.470603
0.966561
1.487874
2.034542
2.606565
3.203943
3.826676
4.474765
5.148208
5.847006
6.571160
7.320668
8.095531
8.895749
9.721323
10.572251
11.448535
12.350174
13.277166
14.229515
15.207219
16.210278
17.238693
18.292459
19.371584
20.476063
21.605896
22.761084
23.941629
25.147528
26.378780
27.635393
28.917358
30.208702
31.493462
32.771637
34.043221
35.308224
36.566631
37.818459
39.063694
40.302349
41.534409
42.759884
43.978771
45.191074
46.396786
47.595913
48.788456
49.974411
51.153774
52.326550
53.492744
54.652348
55.805363
56.951794
58.091633
59.224892
60.351555
61.471638
62.585133
63.692039
64.792351
65.886093
66.973228
68.053787
69.127762
70.195137
71.255936
72.310150
73.357773
74.398804
75.433250
76.461105
77.482384
78.497070
79.505165
80.506676
81.501602
82.489937
83.471687
84.446854
85.415421
86.377403
87.332809
88.281624
89.224670
90.166885
91.109077
92.051262
92.993431
93.935577
94.877716
95.819839
96.761948
97.704033
98.646111
99.588173
100.530228
101.472252
102.414268
103.356277
104.298264
105.240234
106.182198
107.124138
108.066063
109.007980
109.949883
110.891762
111.833633
112.775490
113.717316
114.659149
115.600952
116.542755
117.484528
118.426300
119.368042
120.309784
121.251495
122.193207
123.134895
124.076569
125.018234
125.959877
126.901505
127.843124
128.784729
129.726318
130.667877
131.609436
132.550980
133.492508
134.434021
135.375519
136.316986
137.258453
138.199905
139.141342
140.083298
141.026260
141.970245
142.915253
143.861298
144.808350
145.756424
146.705536
147.655670
148.606812
149.558990
150.512192
151.466415
152.421661
153.377914
154.335205
155.293533
156.252869
157.213242
158.174622
159.137024
160.100464
161.064911
162.030396
162.996887
163.964417
164.932968
165.902527
166.873138
167.844757
168.817398
169.791061
170.765762
171.741470
172.718216
173.695953
174.674744
175.654556
176.635376
177.617233
178.600113
179.584015
180.568924
181.554886
182.541855
183.529846
184.518860
185.508896
186.499969
187.492050
188.485168
189.479294
190.474442
191.470612
192.467850
193.466156
194.465530
195.465942
196.467422
197.469971
198.473587
199.478241
200.483978
201.490768
202.498627
203.507538
204.517502
205.528534
206.540634
207.553787
208.568008
209.583282
210.599625
211.617035
212.635483
213.655014
214.675598
215.697235
216.719940
217.743698
218.768539
219.794418
220.821365
221.849380
222.878433
223.908585
224.939789
225.972031
227.005356
228.039719
229.075165
230.111649
231.149216
232.187836
233.227524
234.268250
235.310059
236.352921
237.396851
238.441833
239.487885
240.534988
241.583160
242.632401
243.682678
244.734024
245.786438
246.832779
247.865875
248.885757
249.892426
250.885834
251.866043
252.833023
253.786774
0.000000
0.913601
1.830772
2.751514
3.675826
4.603708
5.535159
6.470181
7.408774
8.350936
9.296670
10.245972
11.198845
12.155288
13.115300
14.078884
15.046039
16.016762
16.991056
17.968920
18.950352
19.935358
20.923933
21.916077
22.911793
23.911077
24.913933
25.920357
26.930353
27.943918
28.961054
29.981760
31.006039
32.033886
33.065300
34.100285
35.138844
36.180969
37.226665
38.275936
39.328770
40.385178
41.445156
42.508705
43.575821
44.646511
45.720768
46.798599
47.877285
48.954128
50.029118
51.102261
52.173557
53.242996
54.310593
55.376339
56.440239
57.502285
58.562489
59.620838
60.677338
61.731991
62.784794
63.835747
64.884857
65.932106
66.977516
68.021080
69.062782
70.102654
71.140656
72.176826
73.211136
74.243599
75.274216
76.302986
77.329903
78.354973
79.378189
80.399567
81.419083
82.436760
83.452583
84.466568
85.478683
86.488960
87.497391
88.503967
89.508698
90.511581
91.512619
92.511795
93.509140
94.504623
95.498253
96.490044
97.479988
98.468071
99.454575
100.441002
101.427605
102.414413
103.401405
104.388573
105.375938
106.363487
107.351227
108.339149
109.327263
110.315559
111.304039
112.292709
113.281563
114.270615
115.259850
116.249260
117.238869
118.228668
119.218643
120.208809
121.199165
122.189697
123.180420
124.171333
125.162445
126.153725
127.145195
128.136856
129.128708
130.120743
131.112961
132.105377
133.097961
134.090744
135.083725
136.076874
137.070221
138.063751
139.057465
140.051361
141.045471
142.039734
143.034210
144.028854
145.023682
146.018723
147.013931
148.009323
149.004913
150.000473
150.995895
151.991150
152.986206
153.981079
154.975815
155.970337
156.964691
157.958878
158.952881
159.946716
160.940384
161.933853
162.927170
163.920303
164.913254
165.906036
166.898621
167.891052
168.883301
169.875381
170.867279
171.859009
172.850555
173.841919
174.833115
175.824142
176.814987
177.805649
178.796158
179.786453
180.776611
181.766556
182.756363
183.745987
184.735413
185.724670
186.713760
187.702667
188.691406
189.679962
190.668335
191.656555
192.644592
193.632446
194.620117
195.607620
196.594940
197.582108
198.569077
199.555939
200.543106
201.530594
202.518417
203.506607
204.495132
205.483994
206.473221
207.462769
208.452682
209.442917
210.433517
211.424454
212.415741
213.407364
214.399353
215.391663
216.384308
217.377319
218.370682
219.364380
220.358414
221.352798
222.347534
223.342621
224.338028
225.333801
226.329910
227.326370
228.323166
229.320328
230.317795
231.315643
232.313812
233.312347
234.311218
235.310425
236.309982
237.309891
238.310135
239.310730
240.311676
241.312973
242.314590
243.316574
244.318878
245.321548
246.324554
247.327911
248.331604
249.335648
250.330292
251.305725
252.262024
253.199127
254.117050
255.000000
0.000000
0.463882
0.955562
1.475039
2.022313
2.597386
3.200255
3.830923
4.489388
5.175650
5.889709
6.631567
7.401222
8.198675
9.023925
9.876971
10.757817
11.666460
12.602901
13.567137
14.559172
15.579004
16.626635
17.702063
18.805286
19.936310
21.095131
22.281748
23.496164
24.738377
26.008387
27.289642
28.565594
29.836245
31.101589
32.361633
33.616367
34.865799
36.109928
37.348755
38.582279
39.810493
41.033409
42.251019
43.463326
44.670326
45.872025
47.068417
48.259510
49.445293
50.625778
51.800957
52.970833
54.135399
55.294670
56.448631
57.597294
58.740646
59.878696
61.011444
62.138885
63.261024
64.377861
65.489395
66.595619
67.696541
68.792160
69.882477
70.967491
72.047203
73.121605
74.190697
75.254501
76.312996
77.366180
78.414070
79.456642
80.493919
81.525887
82.552559
83.573921
84.589989
85.600746
86.607613
87.614014
88.620117
89.625916
90.631409
91.636597
92.641495
93.646080
94.650375
95.654366
96.658051
97.661430
98.664520
99.667297
100.669777
101.671951
102.673828
103.675400
104.676674
105.677643
106.678322
107.678680
108.678741
109.678505
110.677971
111.677132
112.675987
113.674545
114.672798
115.670746
116.668411
117.665756
118.662796
119.659546
120.655991
121.652138
122.647980
123.643509
124.638756
125.633682
126.628326
127.622658
128.616684
129.610413
130.603836
131.596970
132.589783
133.582306
134.574524
135.566452
136.558060
137.549377
138.540421
139.531372
140.522247
141.513062
142.503799
143.494476
144.485107
145.475647
146.466125
147.456543
148.446884
149.437164
150.427383
151.417526
152.407608
153.397614
154.387573
155.377441
156.367264
157.357010
158.346680
159.336304
160.325851
161.315323
162.304749
163.294098
164.283386
165.272583
166.261734
167.250824
168.239838
169.228790
170.217667
171.206482
172.195236
173.183914
174.172531
175.161087
176.149567
177.137985
178.126328
179.114609
180.102829
181.090973
182.079056
183.067062
184.055008
185.042892
186.030716
187.018478
188.006149
188.993774
189.981293
190.968201
191.954300
192.939575
193.924011
194.907623
195.890427
196.872391
197.853546
198.833878
199.813370
200.792053
201.769897
202.746918
203.723129
204.698517
205.673065
206.646805
207.619705
208.591782
209.563034
210.533478
211.503098
212.471893
213.439850
214.406998
215.373306
216.338806
217.303467
218.267303
219.230331
220.192535
221.153915
222.114471
223.074173
224.033096
224.991150
225.948410
226.904861
227.860458
228.815247
229.769196
230.722321
231.674637
232.626129
233.576782
234.526627
235.475647
236.423828
237.371201
238.317734
239.263458
240.208359
241.148636
242.080521
243.004028
243.919144
244.825867
245.724197
246.614120
247.495667
248.368820
249.233582
250.089935
250.937912
251.777496
252.608688
253.431488
254.245895
