0.952268
0.023866
0.023866
0.023866
0.952268
0.023866
0.023866
0.023866
0.952268
0.000000
1.016145
2.031440
3.045886
4.059481
5.072225
6.084120
7.095164
8.105358
9.114702
10.123197
11.130839
12.137633
13.143578
14.148670
15.152912
16.156305
17.158850
18.160540
19.161386
20.161377
21.160519
22.158810
23.156252
24.152842
25.148582
26.143473
27.137516
28.130707
29.123047
30.114538
31.105177
32.094971
33.083908
34.071999
35.059242
36.045631
37.031166
38.015858
38.999695
39.983051
40.966312
41.949471
42.932533
43.915489
44.898346
45.881100
46.863750
47.846302
48.828747
49.811096
50.793346
51.775490
52.757530
53.739475
54.721313
55.703053
56.684689
57.666225
58.647659
59.628990
60.610222
61.591351
62.572384
63.553307
64.534134
65.514854
66.495476
67.475998
68.456413
69.436729
70.416946
71.397057
72.377075
73.356987
74.336792
75.316505
76.296104
77.275620
78.255020
79.234322
80.213524
81.192612
82.171616
83.150513
84.129311
85.108002
86.086594
87.065079
88.043465
89.021759
89.999939
90.978027
91.956161
92.935356
93.915779
94.897408
95.880264
96.864326
97.849617
98.836113
99.823837
100.812767
101.802925
102.794304
103.786888
104.780693
105.775711
106.771957
107.769417
108.768082
109.767975
110.769089
111.771416
112.774963
113.779716
114.785698
115.792892
116.801308
117.810936
118.821785
119.833847
120.847130
121.861626
122.877342
123.894272
124.912430
125.931793
126.952370
127.974182
128.997192
130.021439
131.046875
132.073563
133.101440
134.130554
135.160873
136.192413
137.225174
138.259140
139.294342
140.330734
141.368378
142.407211
143.447266
144.488556
145.531052
146.573135
147.613220
148.651276
149.687332
150.721359
151.753372
152.783356
153.811340
154.837296
155.861252
156.883179
157.903091
158.920990
159.936874
160.950729
161.962585
162.972397
163.980225
164.986023
165.989807
166.991577
167.991333
168.989044
169.984756
170.978470
171.970154
172.959824
173.947464
174.933105
175.916718
176.898300
177.877899
178.855453
179.831009
180.804550
181.776062
182.745575
183.713043
184.678513
185.641953
186.603394
187.562820
188.520233
189.475601
190.428970
191.380325
192.329666
193.276978
194.222275
195.165573
196.106842
197.046082
197.983337
198.919144
199.857117
200.797821
201.741302
202.687515
203.636475
204.588165
205.542633
206.499832
207.459778
208.422485
209.387924
210.356125
211.327057
212.300751
213.277191
214.256378
215.238312
216.222992
217.210419
218.200607
219.193512
220.189209
221.187622
222.188797
223.192719
224.199371
225.208786
226.220947
227.235855
228.253510
229.273926
230.297073
231.322968
232.351624
233.383026
234.417175
235.454056
236.493698
237.536072
238.581223
239.629105
240.679733
241.733124
242.789246
243.848114
244.909744
245.974121
247.041229
248.111084
249.183716
250.259079
251.337173
252.418060
253.437088
254.329636
0.000000
1.057819
2.114341
3.169566
4.223495
5.276127
6.327463
7.377502
8.426245
9.473690
10.519839
11.564690
12.608247
13.650504
14.691466
15.731133
16.769501
17.806572
18.842350
19.876829
20.910011
21.941896
22.972483
24.001778
25.029772
26.056469
27.081873
28.105976
29.128788
30.150299
31.170511
32.189434
33.207058
34.223385
35.238411
36.252140
37.265556
38.279652
39.294415
40.309849
41.325954
42.342731
43.360184
44.378304
45.397099
46.416561
47.436699
48.457508
49.478992
50.501141
51.523968
52.547462
53.571632
54.596470
55.621983
56.648163
57.675018
58.702541
59.730743
60.759609
61.789154
62.819370
63.850254
64.881805
65.914040
66.946938
67.980507
69.014755
70.049667
71.085258
72.121513
73.158447
74.196053
75.234322
76.273262
77.312889
78.353180
79.394142
80.435768
81.478073
82.521057
83.564697
84.609009
85.654015
86.699677
87.746010
88.793015
89.840691
90.889046
91.938065
92.987747
94.037857
95.088303
96.139084
97.190193
98.241646
99.293419
100.345535
101.397987
102.450768
103.503876
104.557327
105.611107
106.665215
107.719666
108.774452
109.829567
110.885010
111.940796
112.996910
114.053360
115.110138
116.167259
117.224716
118.282494
119.340607
120.399063
121.457848
122.516960
123.576416
124.636200
125.696312
126.756775
127.817558
128.878677
129.940125
131.001907
132.064026
133.126480
134.189270
135.252396
136.315842
137.379623
138.443741
139.508209
140.572998
141.638107
142.703568
143.769363
144.835480
145.901932
146.968719
148.035843
149.103302
150.171082
151.238800
152.303940
153.366089
154.425262
155.481461
156.534653
157.584869
158.632111
159.676376
160.717636
161.755905
162.791214
163.823532
164.852859
165.879196
166.902557
167.922943
168.940338
169.954758
170.966171
171.974625
172.980072
173.982559
174.982040
175.978561
176.972061
177.962616
178.950165
179.934738
180.916336
181.894928
182.870560
183.843201
184.812836
185.779510
186.743179
187.703873
188.661591
189.616333
190.568069
191.516830
192.462616
193.405411
194.345230
195.282059
196.215897
197.146759
198.074631
198.999512
199.921417
200.840347
201.756287
202.669235
203.579208
204.486206
205.391022
206.295578
207.199997
208.104263
209.008392
209.912384
210.816208
211.719894
212.623428
213.526825
214.430084
215.333176
216.236115
217.138916
218.041580
218.944107
219.846466
220.748688
221.650757
222.552689
223.454453
224.356094
225.257584
226.158920
227.060120
227.961151
228.862061
229.762802
230.663422
231.563873
232.464188
233.364349
234.264374
235.164246
236.063980
236.963547
237.862976
238.762268
239.661407
240.560394
241.459244
242.357941
243.256500
244.154892
245.053162
245.951279
246.849243
247.747055
248.644730
249.542252
250.439636
251.336868
252.233948
253.130890
254.027679
254.960922
0.000000
1.316788
2.622075
3.915862
5.198149
6.468935
7.728220
8.976005
10.212290
11.437074
12.650358
13.852140
15.042424
16.221205
17.388487
18.544268
19.688549
20.821329
21.942608
23.052389
24.150665
25.237446
26.312721
27.376499
28.428776
29.469553
30.498827
31.516605
32.522877
33.517651
34.500927
35.472702
36.432972
37.381744
38.327141
39.277302
40.232224
41.191906
42.156345
43.125546
44.099506
45.078228
46.061707
47.049946
48.042946
49.040703
50.043224
51.050503
52.062542
53.079342
54.100895
55.127213
56.158295
57.194134
58.234730
59.280087
60.330204
61.385075
62.444717
63.509109
64.578262
65.652176
66.730858
67.814293
68.902489
69.995445
71.093163
72.195633
73.302864
74.414856
75.531609
76.653122
77.779396
78.910423
80.046227
81.186775
82.332092
83.482162
84.636993
85.796585
86.960930
88.130043
89.303917
90.482536
91.665932
92.854080
94.046989
95.244667
96.446014
97.644600
98.839340
100.030235
101.217293
102.400490
103.579857
104.755371
105.927048
107.094872
108.258858
109.418999
110.575294
111.727745
112.876350
114.021111
115.162033
116.299095
117.432335
118.561707
119.687248
120.808945
121.926796
123.040802
124.150955
125.257278
126.359749
127.458374
128.553146
129.644089
130.731201
131.814438
132.893845
133.969406
135.041107
136.108978
137.173004
138.233200
139.289536
140.342026
141.390671
142.435486
143.476440
144.513535
145.546814
146.576233
147.601822
148.623550
149.641449
150.655487
151.665695
152.672058
153.674576
154.673218
155.668060
156.660049
157.650146
158.638412
159.624832
160.609390
161.592087
162.572937
163.551926
164.529053
165.504349
166.477783
167.449341
168.419067
169.386917
170.352936
171.317093
172.279388
173.239822
174.198410
175.155151
176.110031
177.063049
178.014221
178.963547
179.910995
180.856598
181.800369
182.742264
183.682297
184.620483
185.556808
186.491287
187.423904
188.354675
189.283585
190.210648
191.135849
192.059204
192.980698
193.900345
194.818130
195.734070
196.648132
197.560349
198.470718
199.379227
200.285889
201.190689
202.093643
202.994736
203.893951
204.791351
205.686890
206.580551
207.472229
208.361206
209.247391
210.130753
211.011261
211.888977
212.763855
213.635910
214.505142
215.371567
216.235153
217.095917
217.953857
218.808975
219.661270
220.510757
221.357391
222.201218
223.042236
223.880417
224.715775
225.548309
226.378036
227.204910
228.028992
228.850235
229.668655
230.484268
231.297043
232.106995
232.914124
233.718414
234.519913
235.318573
236.114426
236.907440
237.697632
238.484985
239.269547
240.051270
240.830170
241.606247
242.379517
243.149948
243.917542
244.682343
245.444305
246.203445
246.959747
247.713257
248.463928
249.211777
249.956802
250.698990
251.438370
252.084106
252.545349
252.822083
252.914322
