0.972354
0.013823
0.013823
0.013823
0.972354
0.013823
0.013823
0.013823
0.972354
0.000000
1.636204
3.176735
4.621593
5.970778
7.224289
8.382128
9.444293
10.410785
11.329974
12.250237
13.171573
14.093980
15.017457
15.942008
16.867630
17.794323
18.722090
19.650927
20.580837
21.511818
22.443872
23.376997
24.311193
25.246460
26.182802
27.120216
28.058699
28.998257
29.938885
30.880585
31.823355
32.767200
33.712116
34.658104
35.605160
36.553295
37.502499
38.452774
39.404118
40.356533
41.310024
42.264584
43.220219
44.176926
45.134705
46.093552
47.053474
48.014469
48.976536
49.939674
50.903881
51.869164
52.835514
53.802940
54.771435
55.741001
56.711643
57.683353
58.656139
59.629993
60.604919
61.580917
62.557991
63.536133
64.515350
65.495636
66.476990
67.459419
68.442932
69.427116
70.411591
71.396370
72.381439
73.366806
74.352463
75.338425
76.324684
77.311218
78.298065
79.285202
80.272636
81.260368
82.248390
83.236710
84.225319
85.214226
86.203430
87.192932
88.182716
89.172806
90.163193
91.153870
92.144852
93.136116
94.127686
95.119545
96.111702
97.104156
98.096893
99.089943
100.083275
101.076912
102.070839
103.065063
104.059578
105.054390
106.049500
107.044891
108.040588
109.036591
110.032875
111.029465
112.026337
113.023514
114.020981
115.018745
116.016800
117.015160
118.013809
119.012756
120.011993
121.011528
122.011360
123.011482
124.011909
125.012627
126.013634
127.014938
128.016541
129.018433
130.020370
131.022125
132.023666
133.025024
134.026169
135.027130
136.027878
137.028427
138.028778
139.028931
140.028900
141.028656
142.028214
143.027573
144.026733
145.025696
146.024460
147.023026
148.021393
149.019547
150.017532
151.015289
152.012863
153.010239
154.007401
155.004379
156.001160
156.997742
157.994110
158.990295
159.986282
160.982056
161.977631
162.973007
163.968216
164.963196
165.957977
166.952576
167.946960
168.941147
169.935135
170.928940
171.922516
172.915924
173.909119
174.902115
175.894897
176.887512
177.879913
178.872116
179.864120
180.855911
181.847519
182.838943
183.830154
184.821152
185.811966
186.802567
187.792984
188.783203
189.773224
190.763412
191.754150
192.745453
193.737274
194.729660
195.722580
196.716049
197.710083
198.704651
199.699768
200.695419
201.691635
202.688400
203.685715
204.683578
205.681976
206.680923
207.680420
208.680466
209.681061
210.682220
211.683899
212.686142
213.688919
214.692245
215.696121
216.700562
217.705536
218.711060
219.717133
220.723740
221.730911
222.738632
223.746887
224.755692
225.765045
226.774963
227.785400
228.796402
229.807953
230.820038
231.832687
232.845886
233.859604
234.873886
235.888733
236.904114
237.920044
238.936508
239.953537
240.971100
241.989227
243.007889
244.027100
245.046860
246.067169
247.088013
248.109421
249.131378
250.153870
251.176926
252.253693
253.437271
254.727692
0.000000
1.309999
2.589678
3.839038
5.058079
6.246800
7.405202
8.533286
9.631049
10.698493
11.735619
12.742424
13.718911
14.680889
15.644170
16.608753
17.574640
18.541826
19.510319
20.480112
21.451208
22.423605
23.397305
24.372311
25.348614
26.326221
27.305134
28.285347
29.266861
30.249680
31.233799
32.219223
33.205952
34.193977
35.183308
36.173943
37.165878
38.159115
39.153652
40.149498
41.146641
42.145088
43.144836
44.145893
45.148247
46.151905
47.156860
48.163124
49.170692
50.179562
51.189735
52.201202
53.213978
54.228062
55.243435
56.260117
57.278103
58.297390
59.317978
60.339874
61.363068
62.387562
63.413361
64.440468
65.468864
66.498573
67.529587
68.561905
69.595512
70.630424
71.666649
72.704163
73.742996
74.782799
75.821579
76.859016
77.895111
78.929863
79.963272
80.995346
82.026062
83.055443
84.083473
85.110168
86.135513
87.159515
88.182175
89.203499
90.223465
91.242096
92.259384
93.275330
94.289917
95.303169
96.315086
97.325653
98.334877
99.342758
100.349297
101.354485
102.358337
103.360847
104.362007
105.361824
106.360298
107.357430
108.353226
109.347656
110.340759
111.332520
112.322929
113.312004
114.299728
115.286118
116.271156
117.254852
118.237206
119.218208
120.197868
121.176193
122.153168
123.128807
124.103096
125.076042
126.047646
127.017899
127.986832
128.954391
129.920624
130.885498
131.849045
132.811234
133.772095
134.731598
135.690979
136.651382
137.612854
138.575363
139.538925
140.503525
141.469193
142.435883
143.403656
144.372452
145.342300
146.313202
147.285156
148.258163
149.232208
150.207306
151.183456
152.160645
153.138901
154.118195
155.098541
156.079941
157.062363
158.045868
159.030411
160.015991
161.002640
161.990326
162.979065
163.968826
164.959671
165.951553
166.944504
167.938461
168.933487
169.929581
170.926712
171.924896
172.924118
173.924393
174.925705
175.928085
176.931519
177.935974
178.941498
179.948074
180.955688
181.964355
182.974075
183.984833
184.996658
186.009521
187.023422
188.038391
189.054398
190.071457
191.089569
192.108719
193.128937
194.150192
195.172226
196.193466
197.213608
198.232697
199.250732
200.267670
201.283554
202.298370
203.312103
204.324768
205.336365
206.346878
207.356339
208.364716
209.372040
210.378265
211.383438
212.387543
213.390564
214.392517
215.393387
216.393204
217.391937
218.389618
219.386215
220.381744
221.376205
222.369583
223.361908
224.353134
225.343323
226.332428
227.320465
228.307419
229.293304
230.278122
231.261871
232.244537
233.226151
234.206680
235.186142
236.164536
237.141861
238.118103
239.093277
240.067383
241.040421
242.012390
242.983276
243.953094
244.921844
245.889526
246.856140
247.821671
248.786148
249.749527
250.711853
251.673111
252.633301
253.592407
254.550461
255.000000
0.000000
1.851880
3.561292
5.128236
6.552714
7.834723
8.974265
9.971339
10.897997
11.826285
12.756206
13.687757
14.620941
15.555756
16.492203
17.430281
18.369989
19.311331
20.254305
21.198910
22.145145
23.093014
24.042515
24.993645
25.946409
26.900805
27.856829
28.814489
29.773777
30.734699
31.697252
32.661438
33.627254
34.594700
35.563782
36.534489
37.506832
38.480808
39.456413
40.433651
41.412521
42.393024
43.375160
44.358921
45.344318
46.331348
47.320004
48.310295
49.302219
50.295773
51.290958
52.287777
53.286224
54.286308
55.288021
56.291367
57.296337
58.302948
59.311188
60.321056
61.332558
62.345692
63.360458
64.376854
65.394882
66.414543
67.435837
68.458763
69.483284
70.508583
71.534348
72.560555
73.587219
74.614342
75.641907
76.669937
77.698410
78.727356
79.756737
80.786575
81.816872
82.847626
83.878830
84.910477
85.942589
86.975159
88.008171
89.041649
90.075569
91.109947
92.144783
93.180069
94.215805
95.252007
96.288651
97.325752
98.363304
99.401314
100.439781
101.478691
102.518074
103.557892
104.598175
105.638901
106.680092
107.721725
108.763817
109.806366
110.849365
111.892822
112.936729
113.981087
115.025909
116.071175
117.116898
118.163071
119.209702
120.256783
121.304329
122.352318
123.400764
124.449661
125.499016
126.548820
127.599083
128.649780
129.700958
130.752594
131.804672
132.856964
133.908096
134.957825
136.006180
137.053116
138.098663
139.142807
140.185562
141.226913
142.266876
143.305435
144.342575
145.378357
146.412720
147.445694
148.477264
149.507446
150.536224
151.563614
152.589600
153.614182
154.637375
155.659164
156.679565
157.698563
158.716171
159.732376
160.747177
161.760605
162.772614
163.783234
164.792450
165.800278
166.806702
167.811737
168.815369
169.817596
170.818436
171.817886
172.815933
173.812576
174.807831
175.801682
176.794128
177.785202
178.774857
179.763123
180.750000
181.735458
182.719543
183.702225
184.683502
185.663391
186.641861
187.618942
188.594635
189.568939
190.541840
191.513336
192.483444
193.452148
194.419586
195.386032
196.351486
197.315964
198.279465
199.242004
200.203552
201.164124
202.123718
203.082336
204.039978
204.996643
205.952316
206.907043
207.860764
208.813522
209.765289
210.716095
211.665924
212.614761
213.562637
214.509521
215.455429
216.400360
217.344330
218.287292
219.229294
220.170319
221.110382
222.049438
222.987534
223.924637
224.860779
225.795944
226.730118
227.663330
228.595551
229.526810
230.457092
231.386383
232.314697
233.242035
234.168396
235.093781
236.018188
236.941620
237.864075
238.785538
239.706055
240.625565
241.544113
242.461670
243.378265
244.293884
245.208496
246.122162
247.034836
247.946548
248.857269
249.767014
250.675781
251.493225
252.129028
252.583160
252.855652
252.946487
