0.977279
0.011360
0.011360
0.011360
0.977279
0.011360
0.011360
0.011360
0.977279
0.000000
1.228182
2.443295
3.645338
4.834312
6.010216
7.173051
8.322817
9.459513
10.583138
11.693696
12.791183
13.875602
14.946950
16.005230
17.050440
18.082582
19.101652
20.107655
21.100588
22.080452
23.047245
24.008612
24.972193
25.937992
26.906004
27.876232
28.848675
29.823336
30.800211
31.779301
32.760605
33.744129
34.729862
35.717815
36.707981
37.700359
38.694958
39.691772
40.690800
41.692047
42.695503
43.701180
44.709068
45.719177
46.731495
47.746033
48.762783
49.781754
50.802933
51.826332
52.851944
53.879772
54.909813
55.942078
56.976551
58.013241
59.052143
60.093266
61.136600
62.182152
63.229927
64.279907
65.332108
66.386528
67.443153
68.501991
69.563049
70.626328
71.691818
72.759521
73.829445
74.901581
75.975937
77.052490
78.131287
79.212280
80.294556
81.375832
82.455994
83.535042
84.612991
85.689827
86.765556
87.840164
88.913681
89.986069
91.057358
92.127541
93.196609
94.264565
95.331421
96.397163
97.461792
98.525307
99.587723
100.649033
101.709221
102.768303
103.826279
104.883141
105.938904
106.993546
108.047081
109.099510
110.150833
111.201035
112.250137
113.298126
114.345001
115.390778
116.435432
117.478989
118.521431
119.562759
120.602989
121.642097
122.680099
123.716995
124.752785
125.787460
126.821022
127.853485
128.884827
129.915070
130.944199
131.972214
132.999130
134.024918
135.049622
136.073212
137.095673
138.116898
139.136154
140.153290
141.168320
142.181244
143.192062
144.200760
145.207352
146.211823
147.214188
148.214447
149.212601
150.208633
151.202545
152.194366
153.184082
154.171677
155.157166
156.140533
157.121796
158.100937
159.077988
160.052917
161.025742
161.996445
162.965042
163.931534
164.895920
165.858185
166.818344
167.776382
168.732315
169.686157
170.637863
171.587463
172.534973
173.480347
174.423615
175.364792
176.303833
177.240768
178.175598
179.108322
180.038940
180.967453
181.893845
182.818100
183.740265
184.660339
185.578278
186.494110
187.407837
188.319458
189.228958
190.136353
191.041763
191.948044
192.856354
193.766708
194.679108
195.593521
196.509979
197.428467
198.348999
199.271545
200.196152
201.122787
202.051437
202.982147
203.914871
204.849655
205.786453
206.725296
207.666168
208.609085
209.554016
210.500992
211.450027
212.401062
213.354141
214.309265
215.266418
216.225601
217.186829
218.150101
219.115372
220.082703
221.052078
222.023468
222.996902
223.972351
224.949860
225.929398
226.910980
227.894577
228.880234
229.867905
230.857620
231.849365
232.843140
233.838943
234.836792
235.836685
236.838608
237.842575
238.848557
239.856583
240.866623
241.878723
242.892868
243.909012
244.906860
245.866058
246.786636
247.668549
248.511810
249.316452
250.082428
250.809753
251.498428
252.148468
252.759857
253.332611
253.866699
0.000000
0.956055
1.915015
2.876882
3.841655
4.809332
5.779917
6.753408
7.729805
8.709107
9.691316
10.676430
11.664450
12.655375
13.649208
14.645946
15.645591
16.648142
17.653597
18.661959
19.673225
20.687401
21.704481
22.724466
23.747358
24.771513
25.795303
26.818722
27.841770
28.864450
29.886761
30.908699
31.930267
32.951466
33.972294
34.992752
36.012840
37.032558
38.051907
39.070889
40.089489
41.107731
42.125595
43.143093
44.160221
45.176975
46.193363
47.209381
48.225029
49.240311
50.255215
51.269753
52.283916
53.297710
54.311138
55.324196
56.336880
57.349197
58.361141
59.372715
60.383919
61.394756
62.405220
63.415314
64.425041
65.434395
66.443390
67.451996
68.460243
69.468117
70.475624
71.482750
72.489517
73.495918
74.501930
75.507591
76.512878
77.517784
78.522331
79.526505
80.530174
81.533012
82.535004
83.536163
84.536476
85.535942
86.534561
87.532341
88.529274
89.525360
90.520615
91.515015
92.508575
93.501289
94.493156
95.484184
96.474365
97.463707
98.452202
99.439857
100.426666
101.412628
102.397751
103.382027
104.365456
105.348053
106.329803
107.310692
108.290756
109.269974
110.248337
111.225868
112.202553
113.178391
114.153389
115.127548
116.100853
117.073311
118.044937
119.015709
119.985641
120.954727
121.922981
122.890373
123.856941
124.822647
125.787521
126.751549
127.714737
128.677063
129.638550
130.599213
131.559021
132.517975
133.476105
134.433533
135.391098
136.348969
137.307144
138.265610
139.224380
140.183426
141.142792
142.102448
143.062393
144.022659
144.983215
145.944061
146.905197
147.866653
148.828384
149.790421
150.752762
151.715408
152.678329
153.641571
154.605087
155.568909
156.533020
157.497452
158.462173
159.427185
160.392487
161.358093
162.324005
163.290222
164.256714
165.223526
166.190613
167.158020
168.125717
169.093704
170.061996
171.030579
171.999466
172.968643
173.938126
174.907898
175.877991
176.848343
177.819031
178.789993
179.761261
180.732834
181.704681
182.676834
183.649292
184.622055
185.595108
186.568451
187.542114
188.516769
189.492706
190.469864
191.448303
192.427994
193.408936
194.391144
195.374603
196.359314
197.345276
198.332520
199.320999
200.310730
201.301727
202.293991
203.287476
204.282257
205.278275
206.275543
207.274094
208.273880
209.274933
210.277222
211.280777
212.285599
213.291672
214.298981
215.307571
216.317429
217.328522
218.340881
219.354477
220.369339
221.385468
222.402847
223.421478
224.441376
225.462509
226.484909
227.508560
228.533493
229.559662
230.587082
231.615768
232.645706
233.676910
234.709366
235.743073
236.778030
237.814255
238.851730
239.890472
240.930466
241.971710
243.014206
244.066574
245.137344
246.226532
247.334137
248.460190
249.604660
250.767532
251.948853
253.148590
254.366745
0.000000
0.000000
1.244582
2.907411
4.514581
6.066091
7.561942
9.002134
10.386668
11.715542
12.988757
14.206315
15.368211
16.474449
17.525028
18.519947
19.459208
20.342813
21.202333
22.069359
22.943884
23.825907
24.715433
25.612459
26.516987
27.429014
28.348543
29.275574
30.210102
31.152132
32.101665
33.058697
34.023232
34.995262
35.974796
36.961834
37.956367
38.958405
39.967937
40.984978
42.009518
43.041557
44.081093
45.128136
46.182674
47.244720
48.314259
49.391304
50.475853
51.567890
52.667439
53.774487
54.889030
56.011082
57.140629
58.277679
59.422226
60.574276
61.733829
62.900879
64.075432
65.257484
66.447037
67.644089
68.848656
70.060707
71.280266
72.507332
73.741882
74.983551
76.223541
77.458275
78.687752
79.911972
81.130928
82.344627
83.553078
84.756271
85.954201
87.146873
88.334290
89.516449
90.693352
91.864998
93.031387
94.192520
95.348389
96.499008
97.644363
98.784462
99.919312
101.048889
102.173218
103.292290
104.406105
105.514671
106.617966
107.716003
108.808784
109.896309
110.978577
112.055595
113.127350
114.193848
115.255089
116.311073
117.361794
118.407272
119.447472
120.482430
121.512123
122.536552
123.555733
124.569664
125.578331
126.581741
127.579887
128.572784
129.560425
130.542801
131.519928
132.492310
133.463150
134.432968
135.401749
136.369507
137.336243
138.301956
139.266647
140.230301
141.192932
142.154541
143.115112
144.074661
145.033203
145.990707
146.947174
147.902618
148.857040
149.810455
150.762817
151.714172
152.664490
153.613785
154.562057
155.509308
156.455505
157.400711
158.344879
159.288010
160.230133
161.171219
162.111282
163.050308
163.988312
164.925323
165.861267
166.796204
167.730118
168.662994
169.594849
170.525681
171.455490
172.384262
173.312012
174.238739
175.164444
176.089111
177.012772
177.935394
178.856979
179.777557
180.697098
181.615829
182.534241
183.452347
184.370163
185.287674
186.204910
187.121841
188.038452
188.954803
189.870834
190.786575
191.702042
192.617188
193.532043
194.446594
195.360855
196.274841
197.188522
198.101883
199.014969
199.927765
200.840256
201.752457
202.664337
203.575943
204.487259
205.398270
206.308990
207.219406
208.129532
209.039368
209.948883
210.858139
211.767075
212.675720
213.584076
214.492126
215.399872
216.307343
217.214508
218.121384
219.027969
219.934235
220.840225
221.745911
222.651306
223.556396
224.461212
225.365707
226.269928
227.173828
228.077454
228.981842
229.888062
230.796097
231.705994
232.617706
233.531265
234.446625
235.363846
236.282883
237.203766
238.126480
239.051010
239.977386
240.905579
241.835617
242.767487
243.701187
244.636719
245.574081
246.513275
247.454300
248.397171
249.341858
250.288391
251.236740
252.186935
253.138947
254.092804
255.000000
255.000000
255.000000
