0.991665
0.004168
0.004168
0.004168
0.991665
0.004168
0.004168
0.004168
0.991665
0.000000
1.081903
2.161013
3.237333
4.310861
5.381597
6.449541
7.514694
8.577056
9.636625
10.693402
11.747390
12.798584
13.846988
14.892599
15.935419
16.975449
18.012684
19.047131
20.078783
21.107645
22.133715
23.156994
24.177481
25.195175
26.210081
27.222193
28.231514
29.238043
30.241779
31.242725
32.240879
33.236248
34.228817
35.218597
36.205582
37.189777
38.171181
39.149792
40.125618
41.098648
42.068890
43.036331
44.000984
44.962845
45.921921
46.878201
47.831692
48.782387
49.730289
50.675404
51.617725
52.557262
53.493999
54.427944
55.359100
56.287464
57.213036
58.135815
59.055813
59.973003
60.887413
61.799026
62.707844
63.613880
64.517128
65.417572
66.315224
67.210091
68.102165
68.993980
69.888100
70.784515
71.683220
72.584229
73.487526
74.393120
75.301018
76.211197
77.123680
78.038452
78.955521
79.874893
80.796547
81.720505
82.646751
83.575302
84.506142
85.439278
86.374710
87.312431
88.252457
89.194763
90.139381
91.086281
92.035484
92.986977
93.940773
94.896851
95.855240
96.815910
97.778885
98.744148
99.711708
100.681572
101.653717
102.628159
103.604904
104.583946
105.565269
106.548897
107.534821
108.523033
109.513542
110.506355
111.501450
112.497299
113.492317
114.486511
115.479881
116.472427
117.464157
118.455063
119.445152
120.434418
121.422859
122.410477
123.397270
124.383247
125.368401
126.352730
127.336235
128.318939
129.300781
130.281830
131.262054
132.241440
133.220032
134.197800
135.174728
136.150833
137.126114
138.100586
139.074234
140.047058
141.019073
141.990234
142.960602
143.930130
144.898834
145.866745
146.833801
147.800064
148.765488
149.730087
150.693863
151.656830
152.618958
153.580276
154.540771
155.500458
156.459290
157.419128
158.381729
159.347122
160.315292
161.286255
162.260010
163.236526
164.215820
165.197906
166.182770
167.170441
168.160858
169.154083
170.150085
171.148849
172.150421
173.154770
174.161896
175.171783
176.184479
177.199951
178.218201
179.239243
180.263062
181.289658
182.319031
183.351196
184.386154
185.423874
186.464386
187.507690
188.553757
189.602600
190.654251
191.708664
192.765869
193.825851
194.888626
195.954178
197.022491
198.093613
199.167511
200.244186
201.323654
202.405899
203.490906
204.577393
205.663910
206.750488
207.837143
208.923859
210.010651
211.097504
212.184433
213.271423
214.358490
215.445633
216.532822
217.620102
218.707428
219.794830
220.882294
221.969849
223.057449
224.145126
225.232864
226.320694
227.408569
228.496521
229.584534
230.672607
231.760773
232.848999
233.937286
235.025635
236.114075
237.202560
238.291122
239.379761
240.468460
241.557236
242.646057
243.734970
244.823929
245.912979
247.002075
248.091278
249.180511
250.269821
251.359207
252.448654
253.538177
254.355331
254.627716
0.000000
1.146797
2.289420
3.427869
4.562143
5.692243
6.818169
7.939919
9.057497
10.170899
11.280127
12.385180
13.486061
14.582766
15.675297
16.763653
17.847836
18.927845
20.003677
21.075336
22.142824
23.206131
24.265270
25.320232
26.371017
27.417633
28.460070
29.498335
30.532427
31.562342
32.588085
33.609653
34.627048
35.640266
36.649311
37.654182
38.654877
39.651398
40.643745
41.631920
42.615913
43.595741
44.571388
45.542866
46.510170
47.473293
48.432247
49.387028
50.337627
51.284058
52.226318
53.164394
54.098305
55.028030
55.953594
56.874981
57.795597
58.718868
59.644791
60.573364
61.504581
62.438454
63.374977
64.314148
65.255966
66.200432
67.147560
68.097321
69.049751
70.004814
70.962540
71.922905
72.885925
73.851601
74.819916
75.790886
76.764496
77.740776
78.719688
79.701263
80.685478
81.672348
82.661865
83.654037
84.648857
85.646324
86.646439
87.649208
88.654625
89.662697
90.673409
91.686775
92.702789
93.721458
94.742775
95.766747
96.791656
97.815811
98.839203
99.861839
100.883713
101.904831
102.925194
103.944786
104.963623
105.981712
106.999031
108.015587
109.031387
110.046432
111.060715
112.074242
113.087006
114.099014
115.110260
116.120750
117.130478
118.139442
119.147659
120.155113
121.161804
122.167740
123.172913
124.177330
125.180984
126.183884
127.186020
128.187393
129.188019
130.187881
131.186981
132.185333
133.182907
134.179733
135.175797
136.171097
137.166061
138.161072
139.156158
140.151321
141.146530
142.141800
143.137146
144.132538
145.128021
146.123550
147.119141
148.114807
149.110519
150.106308
151.102158
152.098083
153.094055
154.090103
155.086212
156.082382
157.078613
158.074905
159.071274
160.067703
161.064194
162.060745
163.057373
164.054031
165.050781
166.047592
167.044464
168.041412
169.038406
170.035461
171.032608
172.029800
173.027054
174.024368
175.021759
176.019196
177.016815
178.014740
179.012939
180.011444
181.010239
182.009323
183.008682
184.008347
185.008301
186.008545
187.009094
188.009918
189.011032
190.012451
191.014160
192.016144
193.018433
194.021011
195.023880
196.027039
197.030487
198.034225
199.038254
200.042587
201.047195
202.052109
203.057297
204.062790
205.068588
206.074646
207.081009
208.087662
209.094604
210.101852
211.109375
212.117203
213.125305
214.133713
215.142410
216.151382
217.159454
218.165344
219.169067
220.170639
221.170044
222.167297
223.162384
224.155304
225.146088
226.134674
227.121124
228.105408
229.087540
230.067505
231.045303
232.020950
232.994446
233.965759
234.934921
235.901917
236.866760
237.829437
238.789963
239.748322
240.704514
241.658554
242.610428
243.560150
244.507721
245.453110
246.396347
247.337418
248.276337
249.213089
250.147675
251.080109
252.010376
252.938507
253.864456
254.788239
0.000000
1.254516
2.501795
3.741837
4.974642
6.200210
7.418541
8.629635
9.833493
11.030112
12.219497
13.401643
14.576551
15.744225
16.904659
18.057858
19.203819
20.342545
21.474033
22.598282
23.715298
24.825073
25.927612
27.022915
28.110985
29.191814
30.265404
31.331760
32.390881
33.442757
34.487404
35.524811
36.554985
37.577915
38.593613
39.605453
40.616840
41.627769
42.638237
43.648251
44.657803
45.666893
46.675526
47.683697
48.691410
49.698666
50.705460
51.711792
52.717667
53.723083
54.728043
55.732544
56.736580
57.740158
58.743275
59.745934
60.748138
61.749878
62.751156
63.751976
64.752342
65.752251
66.751694
67.750679
68.749199
69.747261
70.744881
71.742020
72.738708
73.734940
74.730698
75.726013
76.720863
77.715256
78.709190
79.702652
80.695663
81.688217
82.680313
83.671944
84.663116
85.653831
86.644089
87.633881
88.623222
89.612106
90.600525
91.588478
92.575981
93.563492
94.552139
95.542015
96.533081
97.525352
98.518837
99.513512
100.509392
101.506493
102.504784
103.504288
104.504990
105.506897
106.510010
107.514328
108.519844
109.526566
110.534500
111.543640
112.553970
113.565514
114.578262
115.592216
116.607376
117.623734
118.641289
119.660065
120.680038
121.701225
122.723595
123.747185
124.771973
125.797966
126.825172
127.853577
128.883194
129.914001
130.946014
131.979233
133.013657
134.049301
135.086121
136.124176
137.163391
138.203857
139.245499
140.288361
141.332413
142.377686
143.424149
144.471832
145.520706
146.570786
147.622086
148.674149
149.724457
150.772583
151.818497
152.862244
153.903793
154.943146
155.980316
157.015305
158.048111
159.078705
160.107132
161.133362
162.157410
163.179260
164.198929
165.216415
166.231705
167.244797
168.255722
169.264435
170.270981
171.275345
172.277496
173.277466
174.275253
175.270859
176.264252
177.255478
178.244507
179.231354
180.216003
181.198471
182.178757
183.156845
184.132736
185.106461
186.077988
187.047318
188.014481
188.979431
189.942200
190.902786
191.861191
192.817398
193.771408
194.723236
195.672882
196.620346
197.565613
198.508682
199.449585
200.388275
201.324799
202.259155
203.192062
204.123779
205.054352
205.983734
206.911972
207.839035
208.764908
209.689621
210.613174
211.535553
212.456757
213.376801
214.295670
215.213364
216.129913
217.045273
217.959473
218.872482
219.784348
220.695038
221.604553
222.512894
223.420074
224.326080
225.230927
226.134598
227.037094
227.938431
228.838593
229.737595
230.635406
231.532059
232.427551
233.321869
234.215027
235.107010
235.997818
236.887451
237.775925
238.663223
239.549362
240.434311
241.318115
242.200729
243.082199
243.962479
244.841599
245.719543
246.596329
247.471939
248.346375
249.219650
250.091751
250.962692
251.724243
252.268204
252.594589
252.703384
