0.960702
0.019649
0.019649
0.019649
0.960702
0.019649
0.019649
0.019649
0.960702
0.000000
1.334483
2.633157
3.896023
5.123080
6.314329
7.469770
8.589401
9.673226
10.721241
11.733447
12.728008
13.723089
14.718690
15.714809
16.711449
17.708609
18.706284
19.704481
20.703197
21.702433
22.702188
23.702461
24.703253
25.704569
26.706400
27.708752
28.711620
29.715010
30.718920
31.723347
32.728298
33.733765
34.739750
35.746254
36.753281
37.760822
38.768887
39.777473
40.786575
41.796196
42.806335
43.816994
44.828175
45.839874
46.852089
47.864826
48.878082
49.891861
50.906158
51.920967
52.936306
53.952152
54.968525
55.985416
57.002827
58.020603
59.037800
60.054264
61.070000
62.084999
63.099266
64.112808
65.125610
66.137680
67.149017
68.159622
69.169495
70.178642
71.187050
72.194725
73.201675
74.207886
75.213364
76.218109
77.222130
78.225418
79.227959
80.229782
81.230873
82.231224
83.230850
84.229729
85.227890
86.225319
87.222008
88.217964
89.213196
90.207695
91.201454
92.194481
93.186775
94.178345
95.169182
96.159279
97.148659
98.137291
99.125206
100.112366
101.098801
102.084518
103.069489
104.053757
105.037308
106.020172
107.002327
107.983780
108.964539
109.944603
110.923958
111.902618
112.880569
113.857834
114.834389
115.810249
116.785408
117.759872
118.733627
119.706680
120.679039
121.650703
122.621658
123.591911
124.561462
125.530319
126.498482
127.465942
128.432693
129.398758
130.364105
131.328766
132.292725
133.255981
134.218521
135.180389
136.141541
137.101990
138.061768
139.020813
139.979172
140.936829
141.893784
142.850037
143.805588
144.760452
145.714615
146.668060
147.621170
148.576035
149.533035
150.492157
151.453400
152.416763
153.382248
154.349854
155.319595
156.291443
157.265411
158.241516
159.219742
160.200073
161.182526
162.167114
163.153824
164.142654
165.133606
166.126678
167.121872
168.119186
169.118622
170.120178
171.123856
172.129654
173.137589
174.147629
175.159805
176.174103
177.190506
178.209045
179.229691
180.252472
181.277374
182.304398
183.333542
184.364807
185.398193
186.433701
187.471329
188.511078
189.552948
190.596954
191.643082
192.691315
193.734436
194.765244
195.783691
196.789795
197.783554
198.764984
199.734070
200.690796
201.635193
202.567230
203.486954
204.394333
205.289352
206.172043
207.042374
207.900391
208.746033
209.579361
210.400330
211.208969
212.005264
212.789200
213.560822
214.320084
215.067001
215.801590
216.523834
217.233734
217.931290
218.616501
219.289368
219.949905
220.598083
221.233932
221.857452
222.468613
223.067429
223.653900
224.228043
224.789825
225.339279
225.876404
226.401169
226.913589
227.413681
227.901413
228.376816
228.839874
229.290588
229.728973
230.154999
230.568695
230.970047
231.359055
231.735703
232.100021
232.452011
232.791656
233.118958
233.433914
233.736526
234.026794
234.304733
0.000000
0.995699
2.005216
3.028551
4.065703
5.116673
6.181461
7.260067
8.352490
9.458732
10.578791
11.712668
12.851621
13.986909
15.118533
16.246492
17.370785
18.491413
19.608377
20.721676
21.831310
22.937279
24.039583
25.138222
26.233196
27.324505
28.412151
29.496130
30.576445
31.653093
32.726078
33.795399
34.861053
35.923046
36.981373
38.036030
39.087029
40.134354
41.178017
42.218021
43.254356
44.287025
45.316032
46.341370
47.363052
48.381058
49.395405
50.406090
51.413113
52.416462
53.416142
54.412167
55.404522
56.393215
57.378242
58.359608
59.337303
60.311722
61.285202
62.258141
63.230526
64.202362
65.173653
66.144386
67.114586
68.084229
69.053322
70.021866
70.989868
71.957306
72.924210
73.890564
74.856361
75.821617
76.786324
77.750488
78.714088
79.677147
80.639664
81.601624
82.563034
83.523903
84.484215
85.443985
86.403206
87.361870
88.320000
89.277573
90.234596
91.191071
92.146996
93.102379
94.057205
95.011482
95.965218
96.918404
97.871048
98.823120
99.774666
100.725655
101.676102
102.625984
103.575325
104.525398
105.477486
106.431580
107.387688
108.345795
109.305931
110.268059
111.232208
112.198364
113.166534
114.136711
115.108894
116.083092
117.059311
118.037521
119.017754
119.999992
120.984245
121.970505
122.958771
123.949051
124.941345
125.935646
126.931961
127.930275
128.930603
129.932953
130.937317
131.943665
132.952042
133.962433
134.974823
135.989227
137.005646
138.024063
139.044510
140.066956
141.091415
142.117874
143.146347
144.176834
145.209335
146.243851
147.280365
148.318893
149.358978
150.397934
151.435287
152.471039
153.505234
154.537796
155.568787
156.598206
157.626007
158.652222
159.676834
160.699875
161.721313
162.741165
163.759415
164.776077
165.791153
166.804642
167.816513
168.826828
169.835541
170.842651
171.848160
172.852097
173.854446
174.855194
175.854355
176.851913
177.847885
178.842270
179.835068
180.826263
181.815872
182.803894
183.790314
184.775146
185.758377
186.740036
187.720093
188.698563
189.675446
190.650726
191.624420
192.596512
193.567032
194.535950
195.500427
196.457703
197.407730
198.350540
199.286118
200.214432
201.135544
202.049423
202.956055
203.855438
204.747604
205.632553
206.510239
207.380707
208.243942
209.099930
209.948700
210.790237
211.624542
212.451599
213.271423
214.084030
214.889389
215.687515
216.478409
217.262085
218.038498
218.807709
219.569672
220.324387
221.071884
221.812134
222.545166
223.270950
223.989517
224.700836
225.404938
226.101791
226.791412
227.473801
228.148972
228.816879
229.477570
230.131027
230.777237
231.416245
232.047989
232.672516
233.289810
233.899857
234.502670
235.098267
235.686615
236.267731
236.841614
237.408264
237.967682
238.519867
239.064804
239.602524
240.133026
240.656265
0.000000
0.871663
1.778040
2.719130
3.694935
4.705454
5.750686
6.830632
7.945293
9.076649
10.206685
11.335401
12.462795
13.588869
14.713622
15.837053
16.959164
18.079954
19.199423
20.317570
21.434399
22.549906
23.664091
24.776958
25.888500
26.998726
28.107628
29.215208
30.321468
31.426407
32.530029
33.632324
34.733307
35.832962
36.931297
38.028313
39.124004
40.218380
41.311428
42.403164
43.493572
44.582661
45.670429
46.756878
47.842007
48.925812
50.008297
51.089462
52.169308
53.247829
54.325035
55.400879
56.474693
57.546185
58.615356
59.682213
60.746746
61.808960
62.868858
63.926434
64.981689
66.034630
67.085251
68.133553
69.179527
70.223190
71.264526
72.303551
73.340263
74.374641
75.406700
76.436455
77.463875
78.488983
79.511772
80.532242
81.550385
82.566216
83.579727
84.590927
85.599792
86.606354
87.610573
88.612488
89.612083
90.609360
91.604324
92.596954
93.587273
94.575279
95.560951
96.544304
97.525352
98.504074
99.480881
100.458260
101.436615
102.415932
103.396240
104.377518
105.359764
106.342995
107.327194
108.312378
109.298523
110.285645
111.273750
112.262825
113.252876
114.243904
115.235909
116.228874
117.222839
118.217758
119.213661
120.210541
121.208389
122.207214
123.207016
124.207787
125.209541
126.212265
127.215965
128.220642
129.226288
130.232925
131.240524
132.249084
133.258636
134.269165
135.280670
136.293137
137.306595
138.321014
139.336426
140.352798
141.370132
142.388168
143.406036
144.423782
145.441330
146.458755
147.475998
148.493088
149.510010
150.526794
151.543411
152.559875
153.576157
154.592300
155.608276
156.624100
157.639771
158.655273
159.670624
160.685806
161.700836
162.715714
163.730438
164.744995
165.759384
166.773636
167.787704
168.801620
169.815384
170.828979
171.842438
172.855713
173.868851
174.881821
175.894638
176.907288
177.919785
178.932129
179.944305
180.956329
181.968185
182.979874
183.991425
185.002823
186.007812
187.000153
187.979858
188.946915
189.901352
190.843124
191.772263
192.688736
193.592606
194.483810
195.362381
196.228317
197.081589
197.922226
198.750229
199.565598
200.368317
201.158401
201.935837
202.700623
203.452774
204.192291
204.919159
205.633377
206.334961
207.023911
207.700211
208.363876
209.014893
209.653259
210.278992
210.892090
211.492554
212.080368
212.655533
213.218048
213.767944
214.305191
214.829788
215.341736
215.841064
216.327744
216.801773
217.263168
217.711914
218.148026
218.571487
218.982315
219.380493
219.766037
220.138947
220.499207
220.846832
221.181793
221.504135
221.813828
222.110886
222.395294
222.667053
222.926178
223.172668
223.406525
223.627716
223.836258
224.032181
224.215454
224.386093
224.544083
224.689438
224.822144
224.942215
225.049637
225.144424
225.226562
225.296066
225.352921
