0.980368
0.009816
0.009816
0.009816
0.980368
0.009816
0.009816
0.009816
0.980368
0.000000
0.806372
1.658808
2.557310
3.501876
4.492507
5.529201
6.611961
7.740787
8.915676
10.111060
11.301371
12.486605
13.666765
14.841851
16.011862
17.176800
18.336660
19.491446
20.641157
21.785797
22.925360
24.059845
25.189259
26.313599
27.432861
28.547050
29.656166
30.760204
31.859171
32.953060
34.041870
35.125618
36.204281
37.277878
38.346394
39.409836
40.468201
41.521496
42.569710
43.612850
44.650917
45.683914
46.711830
47.734680
48.752449
49.765141
50.772762
51.775307
52.772778
53.765179
54.752625
55.737904
56.722141
57.705345
58.687511
59.668648
60.648743
61.627808
62.605831
63.582821
64.558777
65.533691
66.507576
67.480431
68.452232
69.423012
70.392754
71.361458
72.329124
73.295753
74.261353
75.225914
76.189438
77.151924
78.113380
79.073799
80.033188
80.991539
81.948853
82.905121
83.860359
84.814568
85.767738
86.719872
87.670959
88.621033
89.570053
90.518044
91.464996
92.410919
93.355797
94.299644
95.242577
96.185242
97.127769
98.070152
99.012390
99.954491
100.896439
101.838257
102.779922
103.721451
104.662834
105.604088
106.545181
107.486130
108.426949
109.367615
110.308144
111.248528
112.188774
113.128876
114.068832
115.008644
115.948318
116.887840
117.827225
118.766472
119.705566
120.644531
121.583336
122.522011
123.460541
124.398926
125.337173
126.275276
127.213226
128.151047
129.088715
130.026245
130.963623
131.900879
132.837982
133.774933
134.711884
135.649124
136.586655
137.524506
138.462662
139.401123
140.339890
141.278976
142.218353
143.158051
144.098038
145.038345
145.978958
146.919876
147.861099
148.802628
149.744476
150.686630
151.629074
152.571823
153.514908
154.458282
155.401962
156.345947
157.290253
158.234848
159.179749
160.124969
161.070496
162.016327
162.962463
163.908920
164.855652
165.802719
166.750092
167.697769
168.645737
169.594025
170.542633
171.491516
172.440735
173.390244
174.336533
175.276093
176.208908
177.134979
178.054306
178.966904
179.872742
180.771851
181.664215
182.549835
183.428711
184.300842
185.166245
186.024887
186.876801
187.721970
188.560394
189.392075
190.217010
191.035217
191.846695
192.651398
193.449387
194.240601
195.025101
195.802856
196.573868
197.338120
198.095657
198.846436
199.590469
200.327774
201.058334
201.782150
202.499222
203.209549
203.913147
204.609985
205.300095
205.983444
206.660080
207.329941
207.993088
208.649490
209.299133
209.942047
210.578232
211.207657
211.830353
212.446274
213.055496
213.657944
214.253662
214.842651
215.424881
216.000381
216.569138
217.131134
217.686401
218.234940
218.776718
219.311752
219.840057
220.361618
220.876434
221.384506
221.885834
222.380417
222.868271
223.349380
223.823746
224.291367
224.752258
225.206390
225.653793
226.094437
226.528351
226.955536
227.375961
0.000000
0.393356
0.887745
1.483168
2.179624
2.977113
3.875635
4.875190
5.975779
7.177401
8.480057
9.883744
11.330812
12.763603
14.182120
15.586362
16.976328
18.352020
19.713434
21.060574
22.393436
23.712027
25.016342
26.306379
27.582144
28.843632
30.090843
31.323780
32.542442
33.746830
34.936935
36.112778
37.274334
38.421623
39.554630
40.673367
41.777824
42.868008
43.943916
45.005547
46.052906
47.085987
48.104797
49.109325
50.099583
51.075562
52.037266
52.984695
53.917850
54.836731
55.741337
56.640129
57.541595
58.445736
59.352547
60.262024
61.174168
62.088985
63.006470
63.926620
64.849449
65.774940
66.703102
67.633934
68.567436
69.503601
70.442436
71.383949
72.328125
73.274971
74.224487
75.176674
76.131523
77.089050
78.049240
79.012100
79.977631
80.945831
81.916702
82.890244
83.866447
84.845329
85.826866
86.811081
87.797966
88.787529
89.779747
90.774635
91.772194
92.772430
93.774834
94.778900
95.784645
96.792053
97.801140
98.811897
99.824326
100.838417
101.854187
102.871620
103.890732
104.911514
105.933960
106.958084
107.983879
109.011337
110.040474
111.071281
112.103760
113.137901
114.173721
115.211220
116.250374
117.291206
118.333710
119.377884
120.423721
121.471237
122.520424
123.571281
124.623802
125.678009
126.733871
127.791412
128.850632
129.911499
130.974060
132.038284
133.104187
134.168457
135.227844
136.282333
137.331924
138.376617
139.416412
140.451309
141.481339
142.506439
143.526657
144.541977
145.552399
146.557922
147.558563
148.554291
149.545120
150.531067
151.512115
152.488266
153.459518
154.425873
155.387344
156.343903
157.295563
158.242340
159.184219
160.121185
161.053284
161.980453
162.902740
163.820160
164.732651
165.640259
166.542953
167.440750
168.333679
169.221680
170.104797
170.983047
171.858032
172.731430
173.603241
174.473495
175.342148
176.209244
177.074722
177.938644
178.800964
179.661728
180.520889
181.378494
182.234497
183.088913
183.941757
184.793030
185.642715
186.490814
187.337341
188.182266
189.025635
189.867401
190.707596
191.546204
192.383240
193.218689
194.052551
194.884842
195.715546
196.544662
197.372223
198.198166
199.022552
199.845352
200.666565
201.486191
202.304245
203.120712
203.935608
204.748917
205.560638
206.370789
207.179352
207.986343
208.791748
209.595566
210.397797
211.198456
211.997528
212.795029
213.590942
214.385269
215.178009
215.969193
216.758774
217.546783
218.333206
219.118042
219.901306
220.682983
221.463089
222.241592
223.018539
223.793884
224.567657
225.339859
226.110458
226.879486
227.646942
228.412796
229.177094
229.939789
230.700912
231.460449
232.218399
232.974777
233.729568
234.482788
235.234421
235.984467
236.732941
237.479828
238.225128
238.968842
239.710983
240.451553
241.190536
241.927948
0.000000
0.369855
0.858763
1.466724
2.193738
3.039804
4.004923
5.089096
6.292322
7.552683
8.808270
10.059080
11.305115
12.546372
13.782852
15.014558
16.241484
17.463634
18.681009
19.893608
21.101429
22.304474
23.502743
24.696236
25.884951
27.068890
28.248051
29.422438
30.592047
31.756878
32.916935
34.072216
35.222721
36.368450
37.509399
38.645573
39.776970
40.903591
42.025433
43.142502
44.254787
45.362305
46.465042
47.563000
48.656136
49.744415
50.827847
51.906429
52.980167
54.049053
55.113087
56.172272
57.226608
58.276100
59.320736
60.360527
61.395470
62.425568
63.450809
64.471199
65.486748
66.497444
67.503288
68.504288
69.500435
70.491737
71.478195
72.459793
73.436546
74.408440
75.375504
76.337708
77.295067
78.247574
79.195229
80.138031
81.076004
82.009117
82.938095
83.867256
84.797318
85.728271
86.660126
87.592880
88.526535
89.461082
90.396530
91.332878
92.270126
93.208275
94.147324
95.087257
96.028099
96.969841
97.912476
98.856010
99.800446
100.745781
101.692017
102.639137
103.587166
104.536095
105.485916
106.436646
107.388268
108.340782
109.294205
110.248520
111.203735
112.159851
113.116867
114.074776
115.033585
115.994453
116.960236
117.931053
118.906906
119.887802
120.873734
121.864708
122.860718
123.861763
124.867851
125.878975
126.895134
127.916336
128.942566
129.973846
131.010162
132.051514
133.097900
134.149323
135.205795
136.267303
137.333847
138.405411
139.482040
140.563705
141.650375
142.742126
143.838882
144.940704
146.047531
147.159409
148.276337
149.398315
150.525299
151.657333
152.786652
153.905457
155.013748
156.111526
157.198807
158.275589
159.341873
160.397629
161.442902
162.477646
163.501892
164.515640
165.518890
166.511627
167.493851
168.465576
169.426804
170.377502
171.317734
172.247437
173.166626
174.075317
174.973511
175.861191
176.738388
177.605057
178.461227
179.306870
180.142044
180.966690
181.780853
182.584488
183.377625
184.160263
184.932388
185.694000
186.445129
187.185745
187.915848
188.635452
189.344543
190.043137
190.731216
191.408798
192.075882
192.732452
193.378525
194.014084
194.639145
195.253693
195.857727
196.451263
197.034302
197.606842
198.168869
198.720383
199.261398
199.791916
200.311905
200.821411
201.320404
201.808899
202.286880
202.754349
203.211334
203.657806
204.093765
204.519226
204.934174
205.338623
205.732574
206.115997
206.488953
206.851364
207.203293
207.544708
207.875626
208.196030
208.505920
208.805328
209.094208
209.372604
209.640488
209.897842
210.144730
210.381088
210.606949
210.822311
211.027161
211.221512
211.405350
211.578674
211.741516
211.893829
212.035660
212.166962
212.287781
212.398087
212.497879
212.587173
212.665970
212.734253
212.792038
212.839294
212.876068
212.902328
212.918091
212.923340
