0.935317
0.032341
0.032341
0.032341
0.935317
0.032341
0.032341
0.032341
0.935317
0.000000
1.072546
2.134411
3.185594
4.226094
5.255915
6.275053
7.283510
8.281285
9.268379
10.244791
11.210523
12.165570
13.115933
14.067611
15.020599
15.974901
16.930513
17.887438
18.845676
19.805225
20.766087
21.728260
22.691746
23.656544
24.622654
25.590076
26.558811
27.528856
28.500214
29.472885
30.446867
31.422163
32.398773
33.376686
34.355919
35.336464
36.318317
37.301487
38.285961
39.271755
40.258862
41.247276
42.237007
43.228039
44.220394
45.214054
46.209030
47.205330
48.202930
49.201843
50.202061
51.203606
52.206455
53.210613
54.216084
55.222870
56.230972
57.240379
58.251095
59.263134
60.276478
61.291138
62.307110
63.324387
64.342979
65.362892
66.384109
67.406639
68.429893
69.452454
70.474243
71.495262
72.515511
73.534996
74.553726
75.571678
76.588860
77.605278
78.620926
79.635811
80.649925
81.663277
82.675858
83.687675
84.698723
85.709007
86.718513
87.727264
88.735237
89.742455
90.748894
91.754570
92.759483
93.763626
94.766998
95.769608
96.771454
97.772522
98.772827
99.772369
100.771141
101.769150
102.766380
103.762856
104.758553
105.753494
106.747658
107.741058
108.733696
109.725563
110.716667
111.707001
112.696564
113.685364
114.673393
115.660660
116.647156
117.632889
118.617844
119.602043
120.585464
121.568123
122.550018
123.531143
124.511452
125.490494
126.468208
127.444611
128.419708
129.393448
130.365891
131.337021
132.306824
133.275314
134.242462
135.208313
136.172836
137.136047
138.097916
139.058487
140.017731
140.975662
141.932266
142.887543
143.841522
144.794159
145.745499
146.695511
147.644196
148.591553
149.537598
150.482330
151.425751
152.367844
153.308609
154.248062
155.186188
156.123001
157.058487
157.992661
158.925522
159.857056
160.787262
161.716156
162.643738
163.569977
164.494919
165.418533
166.340836
167.261795
168.181458
169.099808
170.016815
170.932510
171.846893
172.759949
173.671692
174.582108
175.491196
176.398972
177.305542
178.213226
179.123016
180.034882
180.948837
181.864883
182.783005
183.703232
184.625534
185.549911
186.476379
187.404938
188.335587
189.268326
190.203140
191.140045
192.079041
193.020126
193.963303
194.908539
195.855881
196.805298
197.756821
198.710434
199.666107
200.623886
201.583740
202.545685
203.509720
204.475845
205.444046
206.414337
207.386719
208.361176
209.337723
210.316376
211.297089
212.279907
213.264801
214.251785
215.240860
216.232025
217.225266
218.220596
219.218018
220.217514
221.219116
222.222794
223.228546
224.236404
225.246353
226.258377
227.272476
228.288681
229.306961
230.327332
231.349792
232.384369
233.440994
234.519699
235.620483
236.743332
237.888275
239.055298
240.244400
241.455582
242.688843
243.944183
245.221619
246.521118
247.842697
249.186371
250.552109
251.939926
253.349838
0.000000
1.224221
2.440594
3.649117
4.849792
6.042618
7.227594
8.404723
9.574004
10.735435
11.889017
13.034750
14.172635
15.302671
16.424858
17.539198
18.645689
19.747841
20.849169
21.949678
23.049360
24.148220
25.246256
26.343468
27.439859
28.535421
29.630163
30.724083
31.817177
32.909451
34.000896
35.091518
36.181316
37.270294
38.358448
39.445774
40.532280
41.617962
42.702824
43.786858
44.870068
45.952454
47.034019
48.114758
49.194675
50.273773
51.352039
52.429485
53.506111
54.581909
55.656883
56.731037
57.804359
58.876869
59.948551
61.019405
62.089439
63.158649
64.227043
65.294594
66.361343
67.427261
68.492340
69.556618
70.620064
71.682686
72.744484
73.805450
74.865601
75.924980
76.983864
78.042290
79.100266
80.157791
81.214867
82.271492
83.327667
84.383392
85.438675
86.493500
87.547874
88.601799
89.655266
90.708298
91.760872
92.812996
93.864677
94.915894
95.966667
97.016998
98.066872
99.116287
100.165260
101.213783
102.261864
103.309486
104.356659
105.403381
106.449654
107.495468
108.540848
109.585770
110.630241
111.674263
112.717834
113.760956
114.803635
115.845848
116.887627
117.928947
118.969818
120.010239
121.050209
122.089729
123.128792
124.167412
125.205582
126.243301
127.280571
128.317398
129.353775
130.389679
131.424774
132.458664
133.491333
134.522797
135.553055
136.582108
137.609955
138.636597
139.662018
140.686234
141.709259
142.731064
143.751648
144.771042
145.789246
146.806198
147.821976
148.836533
149.849884
150.862030
151.872955
152.882706
153.891205
154.898514
155.904633
156.909531
157.913223
158.915695
159.916977
160.917053
161.915909
162.913559
163.909988
164.905228
165.899261
166.892075
167.883682
168.874100
169.863297
170.851303
171.838074
172.823654
173.808014
174.791168
175.773132
176.753876
177.733398
178.711731
179.688843
180.664749
181.639465
182.612961
183.585220
184.556000
185.525269
186.493057
187.459320
188.424088
189.387344
190.349106
191.309357
192.268097
193.225327
194.181076
195.135284
196.088028
197.039246
197.988953
198.937164
199.883865
200.829071
201.772766
202.714951
203.655640
204.594803
205.532486
206.468658
207.403320
208.336487
209.268127
210.198273
211.126923
212.054062
212.979691
213.903824
214.826447
215.747559
216.667175
217.585297
218.501892
219.416977
220.330566
221.242676
222.153259
223.062317
223.969894
224.875961
225.780533
226.683578
227.585144
228.485184
229.383728
230.280777
231.176300
232.070328
232.961670
233.848953
234.732239
235.611542
236.486847
237.358154
238.225464
239.088791
239.948105
240.803452
241.654785
242.502136
243.345474
244.184845
245.020203
245.851562
246.678955
247.502319
248.321701
249.137100
249.948486
250.755905
251.559311
252.358734
253.154144
253.945572
254.733017
255.000000
255.000000
0.000000
1.690408
3.595330
5.319504
6.862930
8.225609
9.407539
10.500219
11.595141
12.692307
13.791717
14.893370
15.997267
17.103407
18.211792
19.322418
20.435291
21.550407
22.667763
23.787367
24.909214
26.033304
27.159636
28.288212
29.419037
30.552101
31.687408
32.824959
33.964760
35.106796
36.251076
37.397602
38.546375
39.697388
40.850643
42.006145
43.163891
44.323875
45.486115
46.650581
47.817310
48.986271
50.157475
51.330929
52.506622
53.684559
54.864746
56.047169
57.231838
58.418751
59.607903
60.799305
61.992943
63.188831
64.386971
65.587219
66.787048
67.985405
69.182289
70.377693
71.571632
72.764091
73.955086
75.144592
76.332626
77.519203
78.704285
79.887901
81.070045
82.250710
83.429909
84.607635
85.783875
86.958656
88.131950
89.303780
90.474136
91.643013
92.810417
93.976341
95.140808
96.303787
97.465302
98.625336
99.783890
100.940987
102.096603
103.250732
104.403397
105.554588
106.704308
107.852547
108.999321
110.144615
111.288445
112.430794
113.571663
114.711075
115.848999
116.985451
118.120430
119.253937
120.385963
121.516525
122.645439
123.771774
124.895363
126.016197
127.134285
128.249619
129.362198
130.472046
131.579132
132.683472
133.785065
134.883896
135.979996
137.073334
138.163910
139.251755
140.336853
141.419205
142.498779
143.575623
144.649719
145.721069
146.789658
147.855515
148.918594
149.978958
151.036545
152.091400
153.143494
154.192841
155.239441
156.283295
157.324387
158.362732
159.398346
160.431198
161.461304
162.488647
163.513245
164.535110
165.554214
166.570572
167.584167
168.595032
169.603134
170.608490
171.611099
172.610962
173.608063
174.601959
175.591461
176.576553
177.557220
178.533447
179.505264
180.472656
181.435593
182.394135
183.348236
184.297928
185.243164
186.183990
187.120392
188.052368
188.979904
189.903030
190.821732
191.735992
192.645828
193.551254
194.452240
195.348816
196.240936
197.128647
198.011932
198.890793
199.765244
200.635239
201.500824
202.361969
203.218704
204.070999
204.918869
205.762329
206.601349
207.435944
208.266129
209.091873
209.913162
210.730072
211.542542
212.350571
213.154190
213.953369
214.748138
215.538467
216.324387
217.105865
217.884476
218.661697
219.437561
220.212067
220.985199
221.756989
222.527420
223.296463
224.064163
224.830505
225.595474
226.359085
227.121338
227.882217
228.641754
229.399918
230.156723
230.912170
231.666245
232.418961
233.170319
233.920334
234.668961
235.416229
236.162140
236.906693
237.649887
238.391708
239.132172
239.871277
240.609039
241.345413
242.080429
242.814087
243.546387
244.277328
245.006897
245.735107
246.461960
247.187454
247.911591
248.634354
249.355759
250.075806
250.794479
251.511795
252.227753
252.942368
253.655609
254.367477
255.000000
255.000000
255.000000
255.000000
