0.994485
0.002757
0.002757
0.002757
0.994485
0.002757
0.002757
0.002757
0.994485
0.000000
1.167789
2.325661
3.473615
4.611651
5.739770
6.857971
7.966254
9.064621
10.153069
11.231597
12.300208
13.358903
14.411463
15.461674
16.509535
17.555046
18.598209
19.639023
20.677485
21.713600
22.747364
23.778778
24.807844
25.834562
26.858927
27.880943
28.900610
29.917927
30.932898
31.945517
32.955788
33.963707
34.969276
35.972500
36.973370
37.971889
38.968063
39.961887
40.953362
41.942482
42.930103
43.921276
44.916855
45.916828
46.921200
47.929974
48.943150
49.960720
50.982693
52.009064
53.039837
54.075008
55.114582
56.158554
57.206924
58.259697
59.316868
60.378437
61.444408
62.514778
63.589550
64.668716
65.752289
66.840263
67.932632
69.029396
70.130569
71.236137
72.346107
73.458664
74.572014
75.686180
76.801140
77.916885
79.033432
80.150780
81.268921
82.387856
83.507591
84.628120
85.749451
86.871567
87.994492
89.118210
90.242722
91.368027
92.494133
93.621033
94.748734
95.877228
97.006523
98.136604
99.267494
100.399170
101.531647
102.664925
103.798996
104.933792
106.068840
107.204056
108.339462
109.475029
110.610786
111.746712
112.882820
114.019104
115.155563
116.292206
117.429024
118.566010
119.703186
120.840530
121.978050
123.115761
124.253639
125.391693
126.529930
127.668327
128.806915
129.945679
131.084625
132.223740
133.363037
134.502502
135.642151
136.781982
137.917923
139.045853
140.165787
141.277740
142.381699
143.477676
144.565659
145.645645
146.717651
147.781677
148.837692
149.885727
150.925766
151.957825
152.981903
153.997986
155.006073
156.006165
156.998276
157.982391
158.958527
159.926666
160.886810
161.838989
162.783142
163.719330
164.647537
165.567719
166.479950
167.384171
168.280411
169.168655
170.048904
170.921188
171.785446
172.641739
173.490036
174.330353
175.162674
175.987000
176.803345
177.611694
178.412048
179.204422
179.988800
180.765198
181.533600
182.294022
183.046432
183.790878
184.527328
185.255783
185.976242
186.688721
187.393204
188.089691
188.778214
189.458725
190.131256
190.795807
191.452347
192.100906
192.741486
193.374054
193.998657
194.615250
195.223877
195.824493
196.417130
197.001770
197.578430
198.147095
198.707764
199.260452
199.805161
200.341858
200.870575
201.391312
201.904053
202.408783
202.905548
203.394333
203.875107
204.347900
204.812698
205.269516
205.718353
206.159164
206.592026
207.016876
207.433731
207.842621
208.243515
208.636398
209.021301
209.398224
209.767136
210.128082
210.481049
210.826004
211.162964
211.491943
211.812943
212.125931
212.430939
212.727966
213.016998
213.298065
213.571091
213.836166
214.093246
214.342331
214.583420
214.816513
215.041641
215.258774
215.467911
215.669052
215.862228
216.047379
216.224564
216.393768
216.554962
216.708176
216.853394
216.990616
217.119858
217.241119
217.354385
0.000000
0.347287
1.471296
2.575638
3.660314
4.725322
5.770663
6.796338
7.802346
8.788686
9.755360
10.702368
11.629708
12.537381
13.436593
14.338557
15.243273
16.150738
17.060951
17.973917
18.889633
19.808098
20.729313
21.653278
22.579994
23.509460
24.441675
25.376640
26.314356
27.254820
28.198036
29.144001
30.092716
31.044184
31.998398
32.955364
33.915058
34.877327
35.842152
36.809532
37.779465
38.751953
39.726997
40.704594
41.684746
42.667454
43.652718
44.640537
45.630905
46.623833
47.619312
48.617348
49.617935
50.621082
51.626781
52.635033
53.645840
54.659203
55.675121
56.692883
57.711777
58.731812
59.752975
60.775276
61.798714
62.823284
63.848984
64.875824
65.903801
66.932907
67.963142
68.994522
70.027039
71.060684
72.095459
73.131378
74.168427
75.206612
76.245926
77.286377
78.327972
79.370094
80.409225
81.444771
82.476715
83.505074
84.529831
85.551003
86.568581
87.582573
88.592972
89.599770
90.602982
91.602608
92.598633
93.591064
94.579910
95.565163
96.546822
97.524887
98.499374
99.470261
100.437546
101.401253
102.361740
103.319382
104.274185
105.226143
106.175255
107.121529
108.064957
109.005531
109.943275
110.878181
111.810234
112.739449
113.665817
114.589340
115.510033
116.427872
117.342873
118.255028
119.164345
120.070816
120.974442
121.875221
122.773170
123.668266
124.560524
125.449936
126.336502
127.220238
128.101135
128.979156
129.854355
130.726715
131.596222
132.462906
133.326736
134.187714
135.045868
135.901154
136.753616
137.603226
138.449997
139.293930
140.135010
140.973251
141.808655
142.641220
143.470917
144.297791
145.121826
145.943008
146.761353
147.576843
148.389511
149.199326
150.006287
150.810410
151.611710
152.410156
153.205750
153.998505
154.788422
155.575485
156.359726
157.141098
157.919647
158.695358
159.468201
160.238220
161.005386
161.769730
162.531204
163.289841
164.045654
164.798599
165.548721
166.295975
167.040421
167.781998
168.520752
169.256638
169.989700
170.719910
171.447281
172.171814
172.893509
173.612350
174.328354
175.041504
175.751816
176.459290
177.163910
177.865707
178.564651
179.260742
179.954010
180.644424
181.331985
182.016724
182.698608
183.377640
184.053848
184.727203
185.397736
186.065399
186.730225
187.392197
188.051361
188.707657
189.361099
190.011719
190.659515
191.304428
191.946518
192.585770
193.222153
193.855713
194.486420
195.114304
195.739319
196.361511
196.980850
197.597366
198.211014
198.821838
199.429810
200.034927
200.637222
201.236649
201.833252
202.427017
203.017944
203.605988
204.191238
204.773621
205.353165
205.929855
206.503723
207.074753
207.642914
208.208252
208.770737
209.330368
209.887177
210.441132
210.992249
211.540512
212.085953
212.628540
213.168289
213.705185
214.239243
214.770447
0.000000
0.825112
1.742312
2.751598
3.852972
5.046432
6.273320
7.474978
8.651404
9.802600
10.928565
12.029299
13.104801
14.155072
15.180113
16.179924
17.154503
18.103851
19.027969
19.926853
20.800510
21.669706
22.555220
23.457045
24.375183
25.309637
26.260405
27.227486
28.210884
29.210594
30.226618
31.258959
32.307610
33.372574
34.453861
35.551456
36.666130
37.798618
38.948940
40.117085
41.303055
42.506851
43.728474
44.967922
46.225197
47.500298
48.793228
50.103977
51.432560
52.778961
54.143196
55.507359
56.853573
58.181831
59.492142
60.784496
62.058895
63.315346
64.553841
65.774384
66.976974
68.161606
69.328293
70.477020
71.607796
72.720619
73.821564
74.916695
76.006020
77.089531
78.167236
79.239128
80.305214
81.365494
82.419952
83.468605
84.511452
85.548485
86.579712
87.605125
88.624733
89.638527
90.646523
91.648697
92.645065
93.635620
94.620361
95.599304
96.572433
97.539749
98.501266
99.456955
100.406845
101.350929
102.289207
103.221657
104.148308
105.069153
105.984184
106.893402
107.796814
108.694412
109.586212
110.472191
111.352364
112.226730
113.095284
113.958031
114.814957
115.666084
116.511398
117.350899
118.184601
119.012489
119.834557
120.650826
121.461281
122.265923
123.064766
123.857788
124.645004
125.426414
126.202011
126.971802
127.735771
128.493958
129.246307
129.992844
130.733597
131.468521
132.197647
132.920959
133.638443
134.350143
135.056030
135.756104
136.450363
137.138809
137.821457
138.498276
139.169312
139.834534
140.493927
141.147537
141.795303
142.437271
143.073456
143.703796
144.328339
144.947083
145.560013
146.167114
146.768433
147.363922
147.953598
148.537476
149.115555
149.687805
150.254257
150.814896
151.369720
151.918732
152.461960
152.999359
153.530945
154.056717
154.576675
155.090851
155.599182
156.101730
156.598480
157.089386
157.574509
158.053802
158.527298
158.994995
159.456863
159.912918
160.363174
160.807617
161.246246
161.679077
162.106079
162.527283
162.942673
163.352264
163.756042
164.154022
164.546158
164.932526
165.313049
165.687775
166.056702
166.419785
166.777100
167.128586
167.474258
167.814133
168.148193
168.476440
168.798889
169.115524
169.426346
169.731339
170.030533
170.323944
170.611511
170.893280
171.169250
171.439407
171.703735
171.962265
172.214996
172.461929
172.703018
172.938293
173.167786
173.391479
173.609344
173.821396
174.027634
174.228073
174.422684
174.611511
174.794510
174.971710
175.143097
175.308670
175.468445
175.622391
175.770538
175.912888
176.049423
176.180130
176.305038
176.424133
176.537430
176.644913
176.746567
176.842438
176.932495
177.016724
177.095169
177.167770
177.234589
177.295593
177.350800
177.400162
177.443741
177.481522
177.513458
177.539612
177.559937
177.574478
177.583160
177.586090
