0.943877
0.028061
0.028061
0.028061
0.943877
0.028061
0.028061
0.028061
0.943877
0.000000
1.066408
2.126487
3.180236
4.227656
5.268747
6.303508
7.331941
8.354045
9.369819
10.379263
11.382378
12.381887
13.380518
14.378270
15.375142
16.371134
17.366247
18.360481
19.353836
20.346308
21.337904
22.328617
23.318455
24.307409
25.295486
26.282682
27.268999
28.254436
29.238995
30.222672
31.205471
32.187389
33.168427
34.148594
35.127869
36.106270
37.083790
38.060436
39.036194
40.011078
40.985081
41.958206
42.930447
43.901810
44.872295
45.841900
46.810623
47.778473
48.745441
49.711525
50.676735
51.641060
52.604507
53.567074
54.528767
55.489574
56.449501
57.408550
58.366722
59.324013
60.280426
61.235954
62.190605
63.144379
64.097275
65.049286
66.000420
66.950676
67.900070
68.849174
69.798225
70.747223
71.696167
72.645042
73.593857
74.542625
75.491325
76.439972
77.388565
78.337090
79.285568
80.233978
81.182335
82.130630
83.078873
84.027054
84.975174
85.923248
86.871246
87.819199
88.767090
89.714928
90.662704
91.610420
92.558075
93.505676
94.453217
95.400703
96.348129
97.295502
98.242813
99.190071
100.137268
101.084404
102.031487
102.978500
103.925461
104.872368
105.819214
106.765999
107.712738
108.659409
109.606026
110.552574
111.499077
112.445518
113.391907
114.338219
115.284492
116.230705
117.176849
118.122940
119.068977
120.014946
120.960869
121.906731
122.852699
123.799835
124.748291
125.698090
126.649216
127.601685
128.555481
129.510590
130.467041
131.424835
132.383957
133.344406
134.306198
135.269302
136.233749
137.199524
138.166641
139.135086
140.104858
141.075958
142.048401
143.022171
143.997269
144.973694
145.951462
146.930557
147.910980
148.892746
149.875839
150.860260
151.846008
152.833099
153.821518
154.811264
155.802338
156.794754
157.788513
158.783585
159.779999
160.777725
161.776810
162.777206
163.778931
164.782013
165.786407
166.792145
167.799210
168.807602
169.817322
170.828369
171.840759
172.854492
173.869553
174.885925
175.903641
176.922684
177.943069
178.964783
179.987549
181.010742
182.034256
183.058167
184.082428
185.107071
186.132065
187.157440
188.183167
189.209259
190.235733
191.262573
192.289764
193.317337
194.345276
195.373566
196.402237
197.431259
198.460663
199.490417
200.520554
201.551056
202.581924
203.613159
204.644745
205.676697
206.709030
207.741730
208.774796
209.808212
210.842026
211.876175
212.910706
213.945602
214.980865
216.016495
217.052475
218.088837
219.125565
220.162659
221.200119
222.237946
223.276138
224.314697
225.353622
226.392914
227.432571
228.472595
229.512985
230.553757
231.594864
232.636353
233.678223
234.720428
235.763031
236.805984
237.849304
238.893005
239.946152
241.018021
242.108566
243.217789
244.345673
245.492218
246.657440
247.841324
249.043884
250.265121
251.505005
252.763580
254.040817
0.000000
1.177227
2.351290
3.522189
4.689922
5.854491
7.015895
8.174134
9.329211
10.481121
11.629867
12.775448
13.917864
15.057117
16.193602
17.327730
18.459496
19.588900
20.715940
21.840620
22.962938
24.082895
25.200489
26.315723
27.428595
28.539106
29.647251
30.753038
31.856461
32.957523
34.056229
35.152565
36.246544
37.338161
38.427414
39.514309
40.598839
41.681004
42.760811
43.838261
44.913342
45.986065
47.056423
48.124420
49.190060
50.253334
51.314243
52.372795
53.428993
54.482822
55.534286
56.583389
57.630131
58.674519
59.716534
60.756191
61.793488
62.828419
63.861000
64.891205
65.919060
66.944542
67.967674
68.988434
70.006836
71.022881
72.036560
73.047874
74.056831
75.063530
76.070183
77.077713
78.086113
79.095390
80.105537
81.116554
82.128448
83.141220
84.154861
85.169365
86.184746
87.201004
88.218132
89.236130
90.255005
91.274750
92.295364
93.316856
94.339226
95.362457
96.386574
97.411552
98.437393
99.464127
100.491714
101.520195
102.549538
103.579750
104.610840
105.642807
106.675636
107.709343
108.743919
109.779373
110.815697
111.852890
112.890953
113.929901
114.969719
116.010406
117.051956
118.094391
119.137695
120.181870
121.226913
122.272842
123.319633
124.367294
125.415833
126.465248
127.515533
128.566681
129.618713
130.671616
131.725388
132.779816
133.833603
134.886536
135.938599
136.989807
138.040146
139.089630
140.138275
141.186035
142.232941
143.278992
144.324173
145.368515
146.411987
147.454590
148.496338
149.537216
150.577255
151.616425
152.654724
153.692184
154.728760
155.764496
156.799362
157.833374
158.866531
159.898804
160.930237
161.960815
162.990524
164.019379
165.047363
166.074493
167.100769
168.126190
169.150742
170.174438
171.197266
172.219238
173.240341
174.260590
175.279984
176.298538
177.316193
178.333008
179.348969
180.364059
181.378281
182.391663
183.404175
184.415817
185.426620
186.436554
187.445633
188.453842
189.461197
190.467072
191.469910
192.469696
193.466370
194.459976
195.450470
196.437912
197.422256
198.403503
199.381668
200.356766
201.328751
202.297668
203.263489
204.226242
205.185883
206.142471
207.095947
208.046341
208.993668
209.937881
210.879028
211.817093
212.752075
213.683945
214.612762
215.538483
216.461105
217.380646
218.297119
219.210480
220.120773
221.027969
221.932098
222.833130
223.731064
224.625931
225.517715
226.406403
227.292007
228.174530
229.053955
229.930313
230.803589
231.673752
232.540848
233.404846
234.265778
235.123611
235.978378
236.830032
237.678619
238.524094
239.366516
240.205841
241.042068
241.869537
242.682510
243.480988
244.264999
245.034531
245.789581
246.530151
247.256241
247.967834
248.664963
249.347610
250.015778
250.669464
251.308670
251.933380
252.543610
253.139374
253.720657
254.287445
0.000000
1.740893
3.432421
5.074584
6.667383
8.210816
9.704885
11.149586
12.544924
13.890898
15.187504
16.457499
17.723635
18.985909
20.244326
21.498882
22.749578
23.996416
25.239393
26.478512
27.713772
28.945169
30.172707
31.396387
32.616211
33.832169
35.044270
36.252510
37.456894
38.657417
39.854073
41.046879
42.235825
43.420910
44.602127
45.779495
46.953003
48.122643
49.288429
50.450356
51.608425
52.762627
53.912975
55.059460
56.202087
57.340858
58.475761
59.606812
60.734001
61.857338
62.976807
64.092415
65.204170
66.312065
67.416092
68.516266
69.612572
70.705025
71.793625
72.878357
73.959229
75.036240
76.110069
77.184647
78.260666
79.338112
80.416985
81.497299
82.579033
83.662201
84.746788
85.832825
86.920280
88.009178
89.099487
90.191238
91.284416
92.379028
93.475067
94.572540
95.671440
96.771774
97.873535
98.976723
100.081345
101.187401
102.294884
103.403793
104.514137
105.625908
106.739113
107.853745
108.969818
110.087311
111.206230
112.326591
113.448387
114.571594
115.696236
116.822311
117.949821
119.078773
120.209137
121.340927
122.474159
123.608826
124.744904
125.882423
127.021378
128.161758
129.303558
130.446823
131.591476
132.737579
133.882660
135.024307
136.162537
137.297302
138.428635
139.556519
140.680969
141.801987
142.919556
144.033691
145.144363
146.251633
147.355423
148.455795
149.552719
150.646194
151.736252
152.822845
153.906021
154.985733
156.062012
157.134857
158.204254
159.270218
160.332733
161.391815
162.447449
163.499649
164.548386
165.593719
166.635590
167.674026
168.709000
169.740570
170.768677
171.793335
172.814575
173.832352
174.846710
175.857605
176.865082
177.869095
178.869690
179.866837
180.860535
181.850800
182.837616
183.820999
184.800934
185.777435
186.750488
187.720047
188.685593
189.647064
190.604462
191.557785
192.507034
193.452194
194.393295
195.330322
196.263290
197.192154
198.116959
199.037704
199.954346
200.866928
201.775436
202.679871
203.580246
204.476532
205.368729
206.256882
207.140945
208.020935
208.896851
209.768707
210.636475
211.500168
212.359787
213.215332
214.066803
214.914200
215.757523
216.596786
217.431961
218.263062
219.090088
219.913040
220.731934
221.546738
222.357468
223.164124
223.966721
224.765228
225.559662
226.350021
227.136322
227.918533
228.696686
229.470749
230.240738
231.006653
231.768524
232.522217
233.263733
233.993088
234.710251
235.415207
236.107986
236.788589
237.457016
238.113235
238.757263
239.389114
240.008789
240.616272
241.211563
241.794662
242.365570
242.924316
243.470856
244.005219
244.527405
245.037369
245.535172
246.020798
246.494217
246.955460
247.404526
247.841385
248.266083
248.678574
249.078888
249.466995
249.842926
250.206696
250.558258
250.897629
251.224823
251.539825
251.842636
252.133286
