0.964283
0.017858
0.017858
0.017858
0.964283
0.017858
0.017858
0.017858
0.964283
0.000000
1.516658
2.931411
4.244258
5.455199
6.564234
7.571363
8.476587
9.333366
10.195159
11.061966
11.933786
12.810622
13.692472
14.579336
15.471213
16.368109
17.270016
18.176937
19.088873
20.005823
20.927788
21.854767
22.786758
23.723768
24.665787
25.612825
26.564877
27.521938
28.484020
29.451115
30.423223
31.400345
32.382481
33.369629
34.361797
35.358974
36.361172
37.368317
38.379089
39.392948
40.409893
41.429924
42.453041
43.479240
44.508522
45.540890
46.576344
47.614880
48.656502
49.701210
50.749004
51.799881
52.853840
53.910892
54.971020
56.034241
57.100540
58.169922
59.242393
60.317947
61.396587
62.478313
63.563122
64.651016
65.741997
66.836060
67.933212
69.033432
70.135902
71.235405
72.331100
73.422981
74.511055
75.595306
76.675751
77.752388
78.825203
79.894211
80.959404
82.020790
83.078354
84.132111
85.182060
86.228188
87.270508
88.309021
89.343719
90.374603
91.401672
92.424934
93.444374
94.460014
95.471832
96.479843
97.484039
98.484421
99.480995
100.473755
101.462700
102.446297
103.420776
104.385971
105.341881
106.288506
107.225838
108.153893
109.072655
109.982132
110.882332
111.773232
112.654854
113.527184
114.390236
115.243996
116.088470
116.923660
117.749565
118.566177
119.373512
120.171562
120.960312
121.739792
122.509972
123.270874
124.022484
124.764816
125.497856
126.221611
126.936089
127.641273
128.339005
129.031143
129.717667
130.398605
131.073914
131.743637
132.407761
133.066254
133.719162
134.366455
135.008148
135.644257
136.274734
136.899612
137.518890
138.132568
138.740646
139.343094
139.939972
140.531219
141.116867
141.696915
142.271378
142.840210
143.403442
143.961060
144.513107
145.059509
145.600342
146.135559
146.665146
147.189163
147.707565
148.220367
148.727539
149.229141
149.725128
150.215500
150.700272
151.179443
151.653015
152.120972
152.583328
153.040070
153.491226
153.936783
154.376724
154.811050
155.239777
155.662903
156.080429
156.492355
156.898651
157.299362
157.694473
158.083984
158.467865
158.846161
159.218842
159.585938
159.947418
160.303284
160.653549
160.998230
161.337296
161.670746
161.998596
162.320847
162.637497
162.948547
163.253967
163.553802
163.848022
164.136642
164.419678
164.697083
164.968887
165.235107
165.495697
165.750687
166.000076
166.243881
166.482056
166.714645
166.941605
167.162979
167.378754
167.588913
167.793457
167.992416
168.185791
168.373520
168.555664
168.732193
168.903122
169.068466
169.228180
169.382294
169.530823
169.673721
169.811035
169.942734
170.068832
170.189331
170.304214
170.413498
170.517166
170.615250
170.707718
170.794586
170.875854
170.951523
171.021561
171.086014
171.144852
171.198090
171.245743
171.287766
171.324203
171.355026
171.380249
171.399872
171.413864
171.422272
171.425079
0.000000
0.526989
1.599404
2.662024
3.714849
4.757879
5.791113
6.814551
7.828196
8.832043
9.826096
10.810353
11.790107
12.770650
13.751983
14.734103
15.717013
16.700712
17.685202
18.670477
19.656544
20.643398
21.631042
22.619476
23.608696
24.598707
25.589506
26.581093
27.573473
28.566639
29.560593
30.555340
31.550875
32.547199
33.544312
34.542206
35.540897
36.540375
37.540649
38.541702
39.543545
40.546181
41.549603
42.553852
43.559788
44.567749
45.577736
46.589756
47.603809
48.619888
49.637993
50.658134
51.680302
52.704498
53.730728
54.758984
55.789268
56.821587
57.855927
58.892303
59.930706
60.971142
62.013603
63.058094
64.104622
65.153175
66.203751
67.256363
68.311005
69.367668
70.426369
71.487099
72.549858
73.614639
74.681465
75.749748
76.816154
77.880119
78.941635
80.000725
81.057358
82.111557
83.163315
84.212631
85.259506
86.303932
87.345932
88.385475
89.422585
90.457245
91.489471
92.519257
93.546593
94.571503
95.593956
96.613976
97.631554
98.646683
99.659370
100.669624
101.677429
102.682800
103.685730
104.686203
105.684250
106.679863
107.673012
108.662193
109.643616
110.617119
111.582695
112.540344
113.490074
114.431885
115.365768
116.291725
117.209763
118.119881
119.022072
119.916336
120.802673
121.681099
122.551598
123.414162
124.268814
125.115540
125.954330
126.785210
127.608170
128.423203
129.230301
130.029495
130.820755
131.604080
132.379501
133.146988
133.906555
134.658188
135.401917
136.138519
136.868774
137.592728
138.310364
139.021667
139.726654
140.425308
141.117645
141.803665
142.483353
143.156708
143.823761
144.484482
145.138885
145.786957
146.428711
147.064148
147.693253
148.316040
148.932510
149.542648
150.146484
150.743973
151.335144
151.919998
152.498520
153.070724
153.636612
154.196167
154.749405
155.296326
155.836914
156.371185
156.899124
157.420746
157.936050
158.445023
158.947693
159.444016
159.934021
160.417725
160.895081
161.366119
161.830841
162.289230
162.741318
163.187057
163.626480
164.059601
164.486374
164.906830
165.320984
165.728790
166.130280
166.525452
166.914291
167.296829
167.673019
168.042892
168.406464
168.763687
169.114609
169.459183
169.797455
170.129395
170.455017
170.774307
171.087280
171.393936
171.694275
171.988266
172.275955
172.557312
172.832352
173.101074
173.363464
173.619522
173.869278
174.112701
174.349792
174.580582
174.805023
175.023163
175.234985
175.440475
175.639633
175.832474
176.018997
176.199188
176.373062
176.540619
176.701859
176.856750
177.005341
177.147598
177.283524
177.413147
177.536438
177.653412
177.764069
177.868393
177.966400
178.058075
178.143417
178.222458
178.295166
178.361557
178.421631
178.475372
178.522781
178.563873
178.598648
178.627106
178.649231
178.665039
178.674530
178.677689
0.000000
1.431974
2.784672
4.058094
5.252238
6.367106
7.402698
8.359014
9.277169
10.198278
11.122344
12.049364
12.979342
13.912271
14.848157
15.786999
16.728796
17.673548
18.621254
19.571917
20.525534
21.482105
22.441633
23.404114
24.369553
25.337946
26.309296
27.283598
28.260857
29.241070
30.224239
31.210365
32.199440
33.191479
34.186466
35.184410
36.185314
37.189190
38.196655
39.207947
40.223061
41.242008
42.264774
43.291374
44.321796
45.356049
46.394127
47.436031
48.481766
49.531322
50.584705
51.641918
52.702957
53.767822
54.836514
55.909031
56.985374
58.065548
59.149548
60.237373
61.329025
62.424507
63.523811
64.626945
65.733902
66.844688
67.959297
69.076347
70.187469
71.291290
72.387787
73.476967
74.558838
75.633400
76.700645
77.760574
78.813194
79.858498
80.896492
81.927170
82.950531
83.966583
84.975319
85.976738
86.970848
87.957649
88.937134
89.909302
90.874161
91.831703
92.781929
93.724846
94.660446
95.588737
96.509712
97.423378
98.329727
99.230072
100.127647
101.022591
101.914894
102.804581
103.691628
104.576042
105.457832
106.336983
107.213509
108.087402
108.958656
109.827293
110.693291
111.556656
112.417397
113.275505
114.130974
114.983810
115.834023
116.681602
117.526550
118.368866
119.208557
120.045609
120.880035
121.711823
122.540985
123.367508
124.191414
125.010803
125.823822
126.630463
127.430733
128.224609
129.012115
129.793259
130.568024
131.336395
132.098404
132.854034
133.603271
134.346161
135.082642
135.812775
136.536530
137.253876
137.964874
138.669479
139.367737
140.059586
140.745087
141.424179
142.096924
142.763260
143.423248
144.076859
144.724075
145.364929
145.999405
146.627487
147.249207
147.864548
148.473526
149.076111
149.672333
150.262161
150.845612
151.422699
151.993408
152.557739
153.115692
153.667267
154.212463
154.751282
155.283737
155.809799
156.329514
156.842819
157.349747
157.850327
158.344513
158.832306
159.313751
159.788818
160.257492
160.719788
161.175720
161.625275
162.068451
162.505249
162.935654
163.359711
163.777374
164.188660
164.593582
164.992111
165.384277
165.770050
166.149475
166.522507
166.889160
167.249435
167.603333
167.950867
168.292007
168.626785
168.955185
169.277191
169.592834
169.902100
170.205002
170.501495
170.791641
171.075394
171.352783
171.623795
171.888412
172.146667
172.398544
172.644043
172.883163
173.115921
173.342285
173.562286
173.775894
173.983139
174.183990
174.378479
174.566589
174.748322
174.923676
175.092651
175.255264
175.411499
175.561340
175.704819
175.841919
175.972626
176.096970
176.214935
176.326523
176.431747
176.530594
176.623047
176.709122
176.788849
176.862183
176.929123
176.989700
177.043900
177.091736
177.133179
177.168243
177.196945
177.219269
177.235199
177.244766
177.247971
