0.958445
0.020777
0.020777
0.020777
0.958445
0.020777
0.020777
0.020777
0.958445
0.000000
0.406876
0.845283
1.315221
1.816692
2.349693
2.914226
3.510291
4.137887
4.797014
5.487672
6.209862
6.963584
7.748837
8.565622
9.413938
10.293785
11.205166
12.148074
13.122518
14.128490
15.148777
16.166162
17.180643
18.192223
19.200897
20.206671
21.209543
22.209511
23.206575
24.200739
25.191994
26.180351
27.165806
28.148357
29.128004
30.104748
31.078588
32.049530
33.017563
33.982697
34.944927
35.904259
36.860683
37.814201
38.764824
39.712540
40.657352
41.599262
42.538273
43.474377
44.407578
45.337879
46.265274
47.189766
48.111355
49.030041
49.945827
50.858707
51.768692
52.675766
53.579941
54.481209
55.379578
56.275043
57.167610
58.057266
58.944023
59.827877
60.708824
61.586876
62.462021
63.334263
64.203606
65.070038
65.933746
66.798500
67.665855
68.535812
69.408363
70.283516
71.161270
72.041611
72.924561
73.810104
74.698257
75.588997
76.482330
77.378281
78.276817
79.177956
80.081688
80.988029
81.896957
82.808495
83.722626
84.639359
85.558685
86.480606
87.405136
88.332268
89.261986
90.194305
91.129234
92.066750
93.006866
93.949585
94.894897
95.842819
96.793327
97.746445
98.702148
99.660461
100.621368
101.584877
102.550980
103.519676
104.490982
105.464882
106.441376
107.420479
108.402176
109.386467
110.373360
111.362862
112.354950
113.349632
114.346931
115.346817
116.349304
117.353752
118.356384
119.356552
120.354256
121.349503
122.342293
123.332626
124.320503
125.305923
126.288879
127.269371
128.247406
129.222977
130.196106
131.166779
132.134979
133.100723
134.064011
135.024826
135.983200
136.939102
137.892548
138.843552
139.792084
140.738159
141.681763
142.622925
143.561615
144.497849
145.431641
146.362961
147.291809
148.218216
149.142181
150.063660
150.982681
151.899246
152.813354
153.725006
154.634201
155.540939
156.445206
157.347031
158.246384
159.143280
160.037720
160.929688
161.819214
162.706284
163.590881
164.473038
165.352722
166.229935
167.104706
167.977020
168.848389
169.722519
170.599564
171.479538
172.362427
173.248260
174.137009
175.028687
175.923279
176.820801
177.721252
178.624634
179.530930
180.440140
181.352310
182.267380
183.185379
184.106308
185.030167
185.956924
186.886627
187.819260
188.754807
189.693283
190.634689
191.579010
192.526276
193.476456
194.429565
195.385590
196.344543
197.306412
198.271225
199.238953
200.209610
201.183182
202.159698
203.139114
204.121490
205.106766
206.094986
207.086105
208.080170
209.077148
210.077042
211.079895
212.085648
213.094330
214.105942
215.120468
216.137939
217.158310
218.181610
219.207870
220.237015
221.301773
222.434738
223.635971
224.905396
226.243103
227.649002
229.123154
230.665558
232.276169
233.955048
235.702133
237.517471
239.401031
241.352829
243.372864
245.461151
0.000000
0.760840
2.049118
3.333057
4.612658
5.887920
7.158844
8.425429
9.687677
10.945585
12.199154
13.448385
14.693278
15.933833
17.170048
18.401926
19.629465
20.852665
22.071526
23.286049
24.496235
25.702084
26.903589
28.100760
29.293591
30.483829
31.673233
32.861797
34.049522
35.236404
36.422455
37.607662
38.792030
39.975555
41.158249
42.340103
43.521114
44.701286
45.880619
47.059113
48.236771
49.413586
50.589565
51.764702
52.939003
54.112461
55.285080
56.456863
57.627808
58.797916
59.967178
61.135605
62.303188
63.469940
64.635849
65.800919
66.965141
68.128532
69.291084
70.452805
71.613670
72.773712
73.932907
75.091263
76.248787
77.405457
78.561302
79.716293
80.870461
82.023781
83.176529
84.329308
85.482162
86.635078
87.788071
88.941132
90.094261
91.247459
92.400734
93.554070
94.707489
95.860970
97.014519
98.168144
99.321831
100.475594
101.629425
102.783333
103.937294
105.091339
106.245445
107.399635
108.553879
109.708206
110.862595
112.017052
113.171593
114.326187
115.480865
116.635605
117.790413
118.945297
120.100258
121.255280
122.410370
123.565529
124.720764
125.876060
127.031441
128.186874
129.342377
130.497986
131.653625
132.809341
133.965134
135.120590
136.273254
137.422745
138.569016
139.712112
140.852020
141.988724
143.122253
144.252579
145.379715
146.503647
147.624390
148.741959
149.856308
150.967499
152.075470
153.180252
154.281860
155.380264
156.475464
157.567490
158.656326
159.741959
160.824402
161.903641
162.979706
164.052567
165.122238
166.188736
167.252029
168.312119
169.369019
170.422745
171.473251
172.520599
173.564713
174.605682
175.643417
176.677979
177.709351
178.737534
179.762512
180.784302
181.802902
182.818314
183.830444
184.836899
185.836731
186.829956
187.816559
188.796555
189.769913
190.736679
191.696808
192.650330
193.597244
194.537521
195.471207
196.398254
197.318695
198.232513
199.139709
200.040314
200.934280
201.821640
202.702377
203.576492
204.444000
205.304901
206.159149
207.006805
207.847855
208.682281
209.510086
210.331268
211.145844
211.953796
212.755142
213.549866
214.337952
215.119446
215.894318
216.662582
217.424210
218.179245
218.927643
219.669434
220.404602
221.133148
221.855087
222.570419
223.284485
224.002777
224.725266
225.451935
226.182800
226.917847
227.657074
228.400513
229.148117
229.899933
230.655930
231.416092
232.180466
232.949020
233.721771
234.498703
235.279816
236.065125
236.854614
237.648300
238.446182
239.248245
240.054504
240.864944
241.679565
242.498398
243.321396
244.148590
244.979965
245.815536
246.655304
247.499252
248.347382
249.199707
250.056229
250.916916
251.781815
252.650894
253.524155
254.401611
255.000000
255.000000
255.000000
255.000000
255.000000
255.000000
255.000000
255.000000
255.000000
255.000000
0.000000
2.926004
5.660654
8.203947
10.555885
12.716467
14.685695
16.463564
18.140432
19.806641
21.462194
23.107092
24.741333
26.364920
27.977848
29.580118
31.171738
32.752701
34.323002
35.882652
37.431644
38.969978
40.497662
42.014683
43.521057
45.016769
46.501823
47.976227
49.439972
50.893055
52.335487
53.767262
55.188381
56.598846
57.998653
59.387806
60.766304
62.134144
63.491325
64.837852
66.173729
67.498940
68.813499
70.117409
71.410652
72.693726
73.977043
75.264885
76.557259
77.854156
79.155579
80.461533
81.772011
83.087013
84.406525
85.730583
87.059158
88.392265
89.729889
91.072037
92.418716
93.769928
95.125656
96.485901
97.850685
99.219986
100.593826
101.972183
103.355064
104.742477
106.134399
107.530853
108.931839
110.337357
111.747383
113.161949
114.581024
116.004646
117.432777
118.865433
120.302628
121.744339
123.190575
124.639694
126.081856
127.515396
128.940338
130.356674
131.764404
133.163513
134.554031
135.935944
137.309235
138.673920
140.030014
141.377472
142.716339
144.046600
145.368271
146.681305
147.985733
149.281570
150.568787
151.847412
153.117416
154.378815
155.631607
156.875793
158.111374
159.338333
160.556702
161.766464
162.967621
164.160156
165.344086
166.519409
167.686127
168.844238
169.993759
171.134644
172.266937
173.390396
174.504501
175.609222
176.704559
177.790512
178.867081
179.934280
180.992081
182.040512
183.079559
184.109207
185.129486
186.140381
187.141891
188.134018
189.116760
190.090118
191.054092
192.008682
192.953903
193.889740
194.816177
195.733246
196.640930
197.539230
198.428131
199.307663
200.177826
201.038574
201.889954
202.731964
203.564575
204.387817
205.201660
206.006134
206.801208
207.586914
208.363251
209.132538
209.897232
210.657288
211.412720
212.163528
212.909714
213.651276
214.388199
215.120499
215.848175
216.571228
217.289658
218.003433
218.712616
219.417160
220.117065
220.812347
221.503021
222.189072
222.870468
223.547241
224.219406
224.886932
225.549850
226.208130
226.861771
227.510788
228.155182
228.794968
229.430115
230.060623
230.686508
231.307770
231.924423
232.536423
233.143814
233.746567
234.344696
234.938202
235.527084
236.111328
236.690948
237.265961
237.836319
238.402069
238.963196
239.519684
240.071548
240.618790
241.161407
241.699387
242.232742
242.761475
243.285583
243.805069
244.319931
244.830139
245.335754
245.836716
246.333054
246.824783
247.311890
247.794342
248.272186
248.745392
249.213989
249.677948
250.137283
250.591995
251.042068
251.487534
251.928345
252.364548
252.796127
253.223083
253.645401
254.063095
254.476166
254.884613
255.000000
255.000000
255.000000
255.000000
255.000000
255.000000
255.000000
255.000000
255.000000
255.000000
255.000000
255.000000
255.000000
255.000000
255.000000
255.000000
255.000000
255.000000
