0.996620
0.001690
0.001690
0.001690
0.996620
0.001690
0.001690
0.001690
0.996620
0.000000
1.035143
2.068590
3.100339
4.130392
5.158748
6.185406
7.210368
8.233633
9.255200
10.275071
11.293245
12.309722
13.324503
14.337586
15.348971
16.358662
17.366655
18.373461
19.379583
20.385025
21.389788
22.393871
23.397270
24.399992
25.402033
26.403393
27.404072
28.404072
29.403391
30.402027
31.399986
32.397263
33.393864
34.389778
35.385014
36.379566
37.373444
38.366634
39.359150
40.350986
41.342140
42.332607
43.322403
44.311512
45.299946
46.287697
47.274769
48.261158
49.246864
50.231895
51.216244
52.199909
53.182896
54.165203
55.146832
56.127777
57.108044
58.087631
59.066536
60.044758
61.022301
61.999165
62.975346
63.950859
64.925674
65.899818
66.873283
67.846062
68.818153
69.789581
70.760323
71.730377
72.699753
73.668488
74.637283
75.606438
76.575951
77.545830
78.516068
79.486664
80.457619
81.428940
82.400612
83.372650
84.345039
85.317795
86.290909
87.264381
88.238220
89.212410
90.186958
91.161873
92.137154
93.112778
94.088776
95.065125
96.041840
97.018906
97.996338
98.974129
99.952278
100.930786
101.909660
102.888885
103.868477
104.848427
105.828728
106.809402
107.790428
108.771812
109.753563
110.735672
111.718140
112.700966
113.684151
114.667694
115.651596
116.635864
117.620491
118.605476
119.590813
120.576530
121.562592
122.549011
123.535797
124.522934
125.510445
126.498299
127.486519
128.475098
129.463943
130.452362
131.440292
132.427719
133.414612
134.401001
135.386887
136.372269
137.357132
138.341492
139.325333
140.308655
141.291489
142.273804
143.255615
144.236908
145.217682
146.197968
147.177734
148.156982
149.135742
150.113968
151.091705
152.068924
153.045639
154.021835
154.997513
155.972687
156.947372
157.921539
158.895172
159.868317
160.840958
161.813065
162.784698
163.755783
164.726395
165.696457
166.666031
167.635101
168.603653
169.571701
170.539230
171.506256
172.472778
173.438782
174.404266
175.369247
176.333740
177.297699
178.261154
179.224106
180.186539
181.148468
182.109879
183.070801
184.031189
184.991837
185.954575
186.919495
187.886581
188.855850
189.827301
190.800919
191.776733
192.754700
193.734848
194.717178
195.701691
196.688370
197.677231
198.668274
199.661484
200.656876
201.654449
202.654205
203.656128
204.660233
205.666504
206.674957
207.685593
208.698410
209.713394
210.730545
211.749893
212.771408
213.795105
214.820969
215.849030
216.879242
217.911652
218.946228
219.982986
221.021912
222.063034
223.106323
224.151779
225.199432
226.249252
227.301254
228.355408
229.411758
230.470276
231.530991
232.593872
233.658936
234.726166
235.795593
236.867157
237.940933
239.016876
240.095001
241.175293
242.257767
243.333557
244.393860
245.438629
246.467911
247.481644
248.479889
249.462616
250.429825
251.381516
252.317688
253.238373
0.000000
1.037506
2.074207
3.110104
4.145195
5.179483
6.212965
7.245643
8.277515
9.308585
10.338848
11.368306
12.396960
13.424807
14.451852
15.478091
16.503527
17.527853
18.550762
19.572256
20.592335
21.610994
22.628242
23.644073
24.658487
25.671488
26.683073
27.693241
28.701996
29.709333
30.715252
31.719759
32.722851
33.724529
34.724785
35.723633
36.721062
37.717072
38.711670
39.704853
40.696617
41.686970
42.675903
43.663422
44.649529
45.634216
46.617485
47.599346
48.579788
49.558815
50.536427
51.512623
52.487400
53.460762
54.432713
55.403248
56.372360
57.340069
58.306351
59.271221
60.234680
61.196716
62.157337
63.116550
64.074348
65.030724
65.985687
66.939232
67.891357
68.843163
69.795700
70.748993
71.703041
72.657829
73.613373
74.569664
75.526695
76.484474
77.443008
78.402290
79.362320
80.323097
81.284622
82.246895
83.209915
84.173691
85.138206
86.103477
87.069496
88.036263
89.003769
89.972031
90.941040
91.910797
92.881302
93.852562
94.824554
95.797310
96.770813
97.745056
98.720055
99.695808
100.672302
101.649536
102.627525
103.606270
104.585754
105.565979
106.546967
107.528694
108.511185
109.494408
110.478386
111.463112
112.448586
113.434814
114.421783
115.409500
116.397972
117.387177
118.377144
119.367081
120.356270
121.344681
122.332329
123.319206
124.305313
125.290657
126.275230
127.259026
128.242050
129.224319
130.205826
131.186554
132.166504
133.145676
134.124115
135.101746
136.078629
137.054733
138.030090
139.004654
139.978470
140.951492
141.923767
142.895264
143.865997
144.835953
145.805145
146.773575
147.741211
148.708099
149.674210
150.639557
151.604141
152.567932
153.530975
154.493256
155.454758
156.415497
157.375458
158.334641
159.293076
160.250732
161.207611
162.163727
163.119080
164.073654
165.027466
165.980499
166.932800
167.884293
168.835022
169.786774
170.741302
171.698608
172.658707
173.621597
174.587250
175.555695
176.526932
177.500961
178.477768
179.457352
180.439713
181.424881
182.412811
183.403549
184.397049
185.393341
186.392426
187.394287
188.398941
189.406372
190.416580
191.429596
192.445389
193.463943
194.485306
195.509445
196.536362
197.566086
198.598557
199.633850
200.671921
201.712753
202.756393
203.802811
204.852005
205.903992
206.958755
208.016312
209.076645
210.139771
211.205673
212.274368
213.345840
214.420105
215.497147
216.576981
217.659607
218.745010
219.833191
220.924164
222.017914
223.095413
224.137558
225.144379
226.115875
227.052063
227.952896
228.818420
229.648605
230.443466
231.203003
231.927216
232.616104
233.269653
233.887878
234.470779
235.018341
235.530594
236.007507
236.449112
236.855362
237.226303
237.561920
237.862183
238.127136
238.356766
238.551071
238.710052
238.833694
238.922012
238.974991
238.992661
0.000000
1.122672
2.230528
3.323569
4.401794
5.465203
6.513797
7.547575
8.566538
9.578523
10.591370
11.605078
12.619649
13.635080
14.651374
15.668530
16.686546
17.705423
18.725163
19.745766
20.767227
21.789553
22.812738
23.836786
24.861698
25.887470
26.914103
27.941595
28.969954
29.999170
31.029251
32.060196
33.091999
34.124660
35.158188
36.192574
37.227825
38.263935
39.300911
40.338741
41.377438
42.416996
43.457413
44.498692
45.540833
46.583839
47.627705
48.672432
49.718025
50.764473
51.811790
52.859962
53.907543
54.953068
55.996544
57.037964
58.077332
59.114643
60.149906
61.183113
62.214268
63.243370
64.270416
65.295418
66.318359
67.339249
68.358086
69.374878
70.389603
71.402290
72.412910
73.421486
74.428001
75.432472
76.434891
77.435249
78.433556
79.429810
80.424011
81.416161
82.406265
83.394310
84.380302
85.364235
86.346123
87.325958
88.303734
89.279465
90.253136
91.224762
92.194321
93.161835
94.127304
95.090714
96.052063
97.012497
97.973129
98.933960
99.894989
100.856224
101.817665
102.779305
103.741135
104.703171
105.665413
106.627846
107.590492
108.553337
109.516380
110.479622
111.443062
112.406708
113.370552
114.334602
115.298843
116.263298
117.227951
118.192795
119.157852
120.123108
121.088562
122.054207
123.020065
123.986115
124.952377
125.918831
126.885498
127.852348
128.819412
129.786667
130.754135
131.721802
132.689651
133.657715
134.625992
135.594467
136.563126
137.531998
138.500824
139.469406
140.437714
141.405762
142.373535
143.341080
144.308334
145.275345
146.242065
147.208542
148.174759
149.140701
150.106400
151.071823
152.036987
153.001892
153.966522
154.930893
155.895004
156.858871
157.822449
158.785767
159.748840
160.711624
161.674179
162.636459
163.598465
164.560211
165.521698
166.482925
167.443878
168.404587
169.365036
170.325211
171.285110
172.244766
173.204163
174.163284
175.122147
176.080750
177.039078
177.997162
178.954971
179.906265
180.844803
181.770569
182.683563
183.583771
184.471222
185.345917
186.207825
187.056976
187.893356
188.716965
189.527802
190.325867
191.111176
191.883698
192.643463
193.390442
194.124664
194.846130
195.554810
196.250732
196.933868
197.604248
198.261856
198.906693
199.538773
200.158081
200.764603
201.358368
201.939362
202.507584
203.063034
203.605728
204.135635
204.652786
205.157166
205.648773
206.127625
206.593704
207.046997
207.487534
207.915298
208.330292
208.732513
209.121979
209.498657
209.862579
210.213730
210.552109
210.877731
211.190567
211.490631
211.777939
212.052490
212.314240
212.563232
212.799469
213.022919
213.233612
213.431534
213.616699
213.789062
213.948669
214.095535
214.229599
214.350906
214.459442
214.555206
214.638214
214.708435
214.765900
214.810593
214.842514
214.861679
214.868057
