0.965886
0.017057
0.017057
0.017057
0.965886
0.017057
0.017057
0.017057
0.965886
0.000000
1.025383
2.066610
3.123681
4.196596
5.285354
6.389956
7.510401
8.646690
9.798823
10.966801
12.139851
13.307207
14.468867
15.624835
16.775106
17.919683
19.058565
20.191751
21.319246
22.441042
23.557144
24.667553
25.772264
26.871284
27.964611
29.052238
30.134169
31.210407
32.280952
33.345802
34.404953
35.458416
36.506180
37.548252
38.584625
39.615307
40.640289
41.659580
42.673176
43.681076
44.683285
45.679790
46.670612
47.655731
48.636093
49.613972
50.589474
51.562603
52.533352
53.501720
54.467716
55.431335
56.392578
57.351440
58.307926
59.262039
60.213772
61.163128
62.110107
63.054714
63.996941
64.936783
65.874260
66.809349
67.742073
68.672417
69.600380
70.525963
71.449181
72.370010
73.288467
74.204552
75.118256
76.029587
76.938530
77.845108
78.749298
79.651123
80.551247
81.453773
82.359375
83.268059
84.179817
85.094658
86.012581
86.933571
87.857651
88.784821
89.715057
90.648376
91.584778
92.524254
93.466805
94.412445
95.361168
96.312958
97.267838
98.225792
99.186821
100.150940
101.118134
102.088409
103.061760
104.038200
105.017708
106.000298
106.985970
107.974724
108.966553
109.961464
110.959457
111.960533
112.964455
113.966537
114.964821
115.959320
116.950027
117.936935
118.920059
119.899399
120.874931
121.846687
122.814651
123.778824
124.739197
125.695786
126.648590
127.597595
128.542816
129.484238
130.421875
131.355713
132.285767
133.212036
134.134506
135.053192
135.968079
136.879181
137.786484
138.690002
139.589737
140.485672
141.377808
142.266174
143.150742
144.031509
144.908508
145.784225
146.661224
147.539505
148.419067
149.299881
150.181992
151.065369
151.950012
152.835953
153.723145
154.611618
155.501373
156.392410
157.284698
158.178284
159.073135
159.969254
160.866669
161.765350
162.665283
163.566528
164.469025
165.372818
166.277863
167.184189
168.091797
169.000671
169.910812
170.822250
171.734955
172.648941
173.564194
174.480728
175.398529
176.317612
177.237961
178.159592
179.082489
180.006683
180.932129
181.858871
182.786865
183.716141
184.646698
185.578537
186.511642
187.446030
188.381668
189.318604
190.256805
191.196289
192.137054
193.079086
194.022385
194.966980
195.912842
196.859955
197.808365
198.758041
199.709015
200.661240
201.614746
202.569534
203.525589
204.482925
205.441544
206.401413
207.362579
208.325012
209.288727
210.253693
211.219971
212.187485
213.156311
214.126389
215.097748
216.070389
217.044296
218.019470
218.995926
219.973663
220.952667
221.932953
222.914520
223.897369
224.881470
225.866852
226.853516
227.841446
228.830658
229.821152
230.812897
231.805939
232.800247
233.795837
234.792694
235.790833
236.790253
237.790939
238.792892
239.796127
240.800644
241.806442
242.813492
243.821838
244.831436
245.842346
246.854492
0.000000
0.671662
1.388761
2.151295
2.959267
3.812674
4.711518
5.655797
6.645513
7.680665
8.761254
9.887279
11.058741
12.275637
13.537971
14.845740
16.169981
17.481728
18.780983
20.067741
21.342007
22.603779
23.853056
25.089842
26.314135
27.525932
28.725235
29.912045
31.086359
32.248180
33.397514
34.534344
35.658688
36.770535
37.869888
38.956749
40.031116
41.092987
42.142365
43.179253
44.203644
45.215542
46.214943
47.201855
48.176270
49.138191
50.087620
51.024555
51.949001
52.861366
53.770924
54.681461
55.592972
56.505463
57.418930
58.333374
59.248802
60.165203
61.082584
62.000942
62.920277
63.840595
64.761887
65.684151
66.607399
67.531624
68.456825
69.383011
70.310165
71.238304
72.167412
73.097504
74.028580
74.960625
75.893646
76.827652
77.762627
78.698593
79.635529
80.573448
81.512337
82.452202
83.393051
84.335106
85.279648
86.226898
87.176849
88.129532
89.084915
90.043015
91.003822
91.967346
92.933578
93.902527
94.874184
95.848557
96.825638
97.805428
98.787933
99.773155
100.761086
101.751732
102.745087
103.741150
104.739929
105.741425
106.745621
107.752533
108.762161
109.774506
110.789551
111.807320
112.827797
113.850983
114.876877
115.905495
116.936821
117.968910
118.997025
120.020935
121.040649
122.056175
123.067497
124.074631
125.077560
126.076294
127.070839
128.061188
129.047318
130.029266
131.007034
131.980576
132.949936
133.915100
134.876053
135.832825
136.785416
137.733780
138.677963
139.617950
140.553726
141.485321
142.412704
143.335907
144.254898
145.169708
146.080307
146.986725
147.888931
148.786942
149.680756
150.573318
151.467560
152.363480
153.261078
154.160370
155.061340
155.963989
156.868301
157.774307
158.682007
159.591370
160.502411
161.415161
162.329575
163.245651
164.163422
165.082886
166.004013
166.926834
167.851349
168.777527
169.705368
170.634903
171.566132
172.499039
173.433624
174.369873
175.307816
176.247452
177.188751
178.131729
179.076416
180.022751
180.970795
181.920502
182.871887
183.824951
184.779709
185.736145
186.694260
187.654053
188.615524
189.578690
190.543533
191.510040
192.478241
193.448120
194.419678
195.392929
196.367859
197.344452
198.322739
199.302704
200.284348
201.267670
202.252686
203.239380
204.227737
205.217789
206.209518
207.202942
208.198029
209.194809
210.193268
211.193390
212.195221
213.198715
214.203903
215.210754
216.219284
217.229507
218.241409
219.255005
220.270264
221.287201
222.305832
223.326141
224.348129
225.371796
226.397141
227.424179
228.452896
229.483276
230.515350
231.549088
232.584534
233.621643
234.660446
235.700928
236.743073
237.786911
238.832443
239.879639
240.928497
241.979065
243.031311
244.085236
245.140839
246.198120
247.257095
248.317734
249.380066
250.444077
251.509781
252.577148
0.000000
1.082490
2.172101
3.268831
4.372684
5.483657
6.601749
7.726964
8.859301
9.998755
11.140687
12.280449
13.418043
14.553469
15.686726
16.817814
17.946732
19.073483
20.198063
21.320477
22.440720
23.558792
24.674702
25.788437
26.900007
28.009407
29.116636
30.221697
31.324593
32.425316
33.523876
34.620262
35.714478
36.806526
37.896408
38.984119
40.069664
41.153038
42.234241
43.313274
44.388897
45.459835
46.526096
47.587685
48.644600
49.696835
50.744392
51.787281
52.825489
53.859024
54.887878
55.912067
56.931568
57.946404
58.956562
59.962044
60.962849
61.958977
62.950432
63.937210
64.919312
65.896744
66.869499
67.837570
68.800972
69.759697
70.713753
71.663124
72.607819
73.547844
74.487747
75.432068
76.380821
77.333992
78.291595
79.253616
80.220070
81.190941
82.166245
83.145966
84.130119
85.118698
86.111702
87.109123
88.110977
89.117256
90.127968
91.143097
92.162651
93.186623
94.215034
95.247864
96.285118
97.326790
98.372902
99.423431
100.478386
101.537773
102.601578
103.669807
104.737938
105.801430
106.860298
107.914528
108.964127
110.009079
111.049408
112.085098
113.116158
114.142593
115.164391
116.181549
117.194069
118.201965
119.205231
120.203857
121.197845
122.187210
123.171936
124.152031
125.127480
126.098312
127.064507
128.026062
128.982986
129.935287
130.882950
131.825958
132.764359
133.698120
134.629318
135.560043
136.490280
137.420059
138.349350
139.278152
140.206467
141.134338
142.061707
142.988602
143.915009
144.840942
145.766403
146.691391
147.615891
148.539917
149.463455
150.386520
151.309113
152.231216
153.152847
154.073990
154.994675
155.914856
156.834579
157.753815
158.672577
159.590851
160.508652
161.425964
162.342804
163.259186
164.175049
165.090469
166.005402
166.919846
167.833817
168.747299
169.660324
170.572845
171.484909
172.396469
173.307571
174.218201
175.128342
176.038010
176.947189
177.855896
178.764114
179.671875
180.579132
181.485916
182.392227
183.298080
184.203415
185.108292
186.012695
186.916626
187.820068
188.723007
189.625504
190.527496
191.429016
192.330078
193.230637
194.130737
195.030334
195.929459
196.828125
197.726303
198.623993
199.521210
200.417953
201.314194
202.209976
203.105286
204.000107
204.894455
205.788330
206.681702
207.574631
208.467056
209.359009
210.250473
211.141479
212.031982
212.922012
213.811584
214.700653
215.589264
216.477371
217.365021
218.252182
219.138855
220.025085
220.910812
221.796066
222.680817
223.565109
224.448944
225.332260
226.215118
227.097504
227.979401
228.860825
229.741745
230.622223
231.502213
232.381714
233.260742
234.139297
235.017365
235.894958
236.772079
237.648697
238.524841
239.400528
240.275726
241.150436
242.024704
242.898438
243.771729
244.644531
245.516861
246.388718
247.260071
