0.970069
0.014966
0.014966
0.014966
0.970069
0.014966
0.014966
0.014966
0.970069
0.000000
0.945403
1.892405
2.841005
3.791203
4.743000
5.696394
6.651387
7.607979
8.564949
9.521077
10.476361
11.430803
12.384402
13.337158
14.289070
15.240143
16.190371
17.139757
18.088299
19.035999
19.982859
20.928873
21.874044
22.818377
23.761862
24.704508
25.646307
26.587269
27.527386
28.466660
29.405090
30.342680
31.279428
32.215332
33.150394
34.084610
35.017986
35.950520
36.882214
37.813057
38.743065
39.672222
40.600544
41.528023
42.454659
43.380447
44.305397
45.229507
46.152771
47.075195
47.996773
48.917606
49.839825
50.764305
51.691048
52.620049
53.551308
54.484833
55.420616
56.358654
57.298958
58.241520
59.186344
60.133427
61.082771
62.034374
62.988235
63.944359
64.902740
65.863388
66.826294
67.791458
68.758881
69.728569
70.700508
71.674721
72.651184
73.629913
74.610893
75.594139
76.579643
77.567413
78.557442
79.549728
80.544273
81.541077
82.540146
83.541473
84.545067
85.550911
86.559021
87.569389
88.582016
89.596901
90.614059
91.632835
92.649490
93.663399
94.674561
95.682968
96.688622
97.691536
98.691696
99.689102
100.683762
101.675667
102.664818
103.651230
104.634895
105.615799
106.593956
107.569366
108.542023
109.511925
110.479088
111.443489
112.405144
113.364052
114.320213
115.273613
116.224274
117.172180
118.117332
119.059738
119.999390
120.936295
121.870453
122.801857
123.730515
124.656418
125.579567
126.499969
127.417625
128.332535
129.244690
130.154083
131.060745
131.964645
132.865799
133.764511
134.661484
135.556763
136.450363
137.342255
138.232483
139.120987
140.007828
140.892960
141.776413
142.658157
143.538223
144.416595
145.293274
146.168274
147.041565
147.913177
148.783081
149.651321
150.517838
151.382690
152.245834
153.107300
153.967072
154.825134
155.681519
156.536224
157.389221
158.240540
159.090149
159.938065
160.784317
161.628860
162.471710
163.312881
164.152344
164.990128
165.826218
166.660614
167.493317
168.324326
169.153656
169.981277
170.807220
171.635117
172.468613
173.307709
174.152420
175.002747
175.858658
176.720169
177.587280
178.460007
179.338333
180.222275
181.111816
182.006958
182.907700
183.814041
184.725998
185.643539
186.566711
187.495468
188.429825
189.369797
190.315369
191.266541
192.223328
193.185715
194.153702
195.127289
196.106476
197.091278
198.081665
199.077667
200.079285
201.086487
202.099319
203.117722
204.141754
205.171371
206.206604
207.247437
208.293884
209.345917
210.403549
211.466797
212.535660
213.610107
214.690170
215.775833
216.867096
217.963959
219.066437
220.174500
221.288193
222.407471
223.532349
224.662857
225.798935
226.940628
228.087936
229.240845
230.399338
231.563461
232.733185
233.908508
235.089417
236.275940
237.468079
238.665802
239.869141
241.078079
242.292633
243.512756
244.738510
0.000000
0.993455
2.003496
3.030124
4.073337
5.133137
6.209524
7.302495
8.412054
9.538198
10.680929
11.840247
13.016150
14.208640
15.417714
16.632231
17.841030
19.044123
20.241501
21.433168
22.619125
23.799372
24.973906
26.142727
27.305838
28.463240
29.614927
30.760904
31.901169
33.035725
34.164566
35.287697
36.405121
37.516830
38.622829
39.723114
40.817692
41.906551
42.989708
44.067146
45.138882
46.204899
47.265205
48.319801
49.368683
50.411858
51.449314
52.481068
53.507111
54.527439
55.543983
56.561455
57.580063
58.599812
59.620701
60.642731
61.665901
62.690212
63.715664
64.742256
65.769989
66.798859
67.828865
68.860016
69.892311
70.925751
71.960320
72.996025
74.032890
75.070877
76.110008
77.150276
78.191696
79.234245
80.277946
81.322769
82.368744
83.415863
84.464119
85.513504
86.564041
87.615715
88.668533
89.722488
90.777588
91.833488
92.888176
93.941307
94.992905
96.042938
97.091431
98.138374
99.183769
100.227608
101.269897
102.310654
103.349838
104.387489
105.423584
106.458138
107.491142
108.522591
109.552490
110.580849
111.607651
112.632904
113.656609
114.678764
115.699371
116.718430
117.735939
118.751907
119.766319
120.779182
121.790497
122.800262
123.808464
124.815140
125.820251
126.823830
127.826019
128.830872
129.840012
130.853439
131.871170
132.893173
133.919479
134.950058
135.984940
137.024124
138.067581
139.115341
140.167389
141.223724
142.284348
143.349274
144.418472
145.491974
146.569763
147.651840
148.738220
149.828857
150.923813
152.023056
153.126587
154.234406
155.346512
156.462921
157.583603
158.708603
159.837875
160.971436
162.109283
163.251434
164.397873
165.548584
166.695709
167.831284
168.955338
170.067856
171.168839
172.258301
173.336243
174.402649
175.457535
176.500870
177.532684
178.552979
179.561752
180.558990
181.544678
182.518860
183.481506
184.432617
185.372223
186.300278
187.216812
188.121811
189.015289
189.897232
190.767654
191.626541
192.473892
193.309738
194.134033
194.946808
195.748047
196.537766
197.315964
198.082611
198.837738
199.581345
200.313431
201.033951
201.742981
202.440460
203.126434
203.800842
204.463760
205.115128
205.754974
206.383286
207.000061
207.605331
208.199051
208.781250
209.351929
209.911072
210.458679
210.994781
211.519333
212.032364
212.533844
213.023819
213.502258
213.969177
214.424561
214.868408
215.300735
215.721542
216.130814
216.528549
216.914764
217.289459
217.652588
218.004227
218.344330
218.672882
218.989929
219.295441
219.589432
219.871872
220.142792
220.402206
220.650055
220.886398
221.111221
221.324493
221.526245
221.716461
221.895157
222.062332
222.217972
222.362076
222.494659
222.615707
222.725235
222.823227
222.909683
222.984619
223.048035
223.099899
223.140259
223.169083
223.186371
223.192139
0.000000
3.548371
5.627759
7.672403
9.682318
11.657501
13.597952
15.503672
17.374660
19.210917
21.012444
22.779236
24.511299
26.208632
27.871231
29.499100
31.092237
32.650642
34.174316
35.663265
37.117474
38.536953
39.921703
41.271721
42.587006
43.867558
45.113384
46.324478
47.502163
48.675762
49.857250
51.046635
52.243912
53.449089
54.662148
55.883106
57.111961
58.348709
59.593346
60.845879
62.106308
63.374626
64.650841
65.934952
67.226952
68.526848
69.834625
71.150314
72.473892
73.805351
75.144722
76.491982
77.847122
79.210167
80.581108
81.957664
83.326187
84.684410
86.032318
87.369926
88.697227
90.014221
91.320908
92.617294
93.903374
95.179146
96.444618
97.699783
98.944633
100.179176
101.403427
102.617363
103.820992
105.014328
106.197350
107.370056
108.532463
109.684570
110.826370
111.957863
113.079048
114.189934
115.296036
116.410851
117.534988
118.668449
119.811249
120.963379
122.124825
123.295609
124.475716
125.665154
126.863914
128.072006
129.289429
130.516174
131.752243
132.997650
134.252380
135.516449
136.789825
138.072540
139.364578
140.665955
141.976639
143.296677
144.626038
145.964706
147.312714
148.660812
149.999664
151.329346
152.649796
153.961060
155.263138
156.555984
157.839661
159.114120
160.379379
161.635422
162.882278
164.119934
165.348373
166.567612
167.777664
168.978516
170.170166
171.352600
172.525818
173.689865
174.844696
175.990326
177.126770
178.253983
179.372025
180.480835
181.580460
182.670883
183.752090
184.824112
185.886932
186.940552
187.984955
189.020157
190.046158
191.062973
192.070587
193.068985
194.058182
195.038177
196.008987
196.970581
197.922958
198.866165
199.800156
200.724930
201.640533
202.546906
203.444077
204.332062
205.210846
206.080429
206.940781
207.791977
208.633926
209.466705
210.290268
211.104630
211.909790
212.705750
213.492523
214.270081
215.038422
215.797577
216.547516
217.288284
218.019836
218.742172
219.455307
220.159256
220.854004
221.539536
222.215881
222.883011
223.540939
224.189667
224.829193
225.459534
226.080658
226.692581
227.295303
227.888824
228.473160
229.048264
229.614166
230.170883
230.718384
231.256714
231.785812
232.305740
232.816422
233.317932
233.810226
234.293335
234.767227
235.231903
235.687393
236.133698
236.570770
236.998657
237.417343
237.826843
238.227127
238.618195
239.000076
239.372742
239.736221
240.090500
240.435562
240.771439
241.098099
241.415558
241.723816
242.022873
242.312744
242.593414
242.864853
243.127106
243.380157
243.624008
243.858658
244.084091
244.300354
244.507401
244.705231
244.893860
245.073288
245.243515
245.404572
245.556396
245.699020
245.832458
245.956665
246.071701
246.177521
246.274155
246.361557
246.439774
246.508789
246.568604
246.619217
246.660614
246.692825
246.715836
246.729645
246.734222
