0.990842
0.004579
0.004579
0.004579
0.990842
0.004579
0.004579
0.004579
0.990842
0.000000
0.901506
1.807705
2.718594
3.634176
4.554449
5.479414
6.409070
7.343418
8.282457
9.226188
10.174610
11.127725
12.085531
13.048029
14.015219
14.987100
15.963673
16.944937
17.930893
18.921539
19.914366
20.906874
21.899054
22.890911
23.882441
24.873648
25.864529
26.855085
27.845316
28.835224
29.824804
30.814062
31.802994
32.791603
33.779884
34.767841
35.755474
36.742783
37.729763
38.716419
39.702755
40.688763
41.674442
42.659801
43.644836
44.629543
45.613926
46.597988
47.581722
48.565128
49.548214
50.530968
51.513401
52.495514
53.477295
54.458755
55.439892
56.420704
57.401184
58.381344
59.361179
60.340691
61.319874
62.298737
63.277271
64.255478
65.233368
66.210930
67.188164
68.165077
69.141663
70.117920
71.094055
72.071236
73.049652
74.029312
75.010223
75.992371
76.975769
77.960403
78.946281
79.933403
80.921768
81.911377
82.902222
83.894318
84.887650
85.882233
86.878052
87.875114
88.873413
89.872971
90.873756
91.875793
92.879066
93.883591
94.889351
95.896362
96.904602
97.914093
98.924835
99.936813
100.950027
101.964485
102.980202
103.997154
105.015335
106.034767
107.055450
108.077362
109.100525
110.124931
111.150581
112.177475
113.205605
114.234978
115.265602
116.297455
117.330559
118.364914
119.400497
120.437332
121.475410
122.514725
123.555298
124.595520
125.633820
126.670219
127.704689
128.737228
129.767868
130.796600
131.823395
132.848267
133.871246
134.892288
135.911407
136.928635
137.943924
138.957291
139.968750
140.978302
141.985916
142.991623
143.995422
144.997284
145.997238
146.995270
147.991394
148.985596
149.977875
150.968246
151.956696
152.943207
153.927826
154.910507
155.891281
156.870148
157.847092
158.822113
159.795227
160.766418
161.735672
162.703049
163.668472
164.631989
165.593597
166.553268
167.511032
168.466873
169.420807
170.372833
171.322922
172.271103
173.217346
174.161697
175.104126
176.045090
176.987228
177.931000
178.876419
179.823471
180.772141
181.722458
182.674408
183.627991
184.583206
185.540054
186.498550
187.458679
188.420441
189.383835
190.348862
191.315521
192.283813
193.253754
194.225327
195.198532
196.173370
197.149841
198.127945
199.107697
200.089066
201.072083
202.056732
203.043015
204.030930
205.020477
206.011658
207.004486
207.998932
208.995026
209.992752
210.992111
211.993118
212.995743
214.000015
215.005905
216.013443
217.022614
218.033432
219.045853
220.059937
221.075638
222.092987
223.111954
224.132584
225.154816
226.178711
227.204239
228.228821
229.249969
230.267609
231.281815
232.292526
233.299774
234.303543
235.303864
236.300690
237.294052
238.283951
239.270386
240.253326
241.232803
242.208817
243.181351
244.150421
245.116028
246.078156
247.036819
247.992004
248.943710
249.891968
250.836746
251.778046
0.000000
1.152319
2.295244
3.428777
4.552916
5.667662
6.773015
7.868976
8.955542
10.032717
11.100496
12.158883
13.207878
14.247478
15.277688
16.298502
17.309923
18.311954
19.304588
20.287834
21.261681
22.226135
23.186449
24.147873
25.110405
26.074047
27.038795
28.004658
28.971624
29.939703
30.908888
31.879183
32.850590
33.823101
34.796722
35.771454
36.747295
37.724247
38.702305
39.681473
40.661751
41.643135
42.625629
43.609234
44.593948
45.579769
46.566700
47.554741
48.543892
49.534149
50.525517
51.517994
52.511578
53.506271
54.502071
55.498985
56.497005
57.496136
58.496376
59.497726
60.500183
61.503750
62.508423
63.514210
64.521111
65.529114
66.538223
67.548447
68.559769
69.572212
70.585754
71.600418
72.616188
73.633057
74.650993
75.669044
76.686790
77.704254
78.721443
79.738327
80.754921
81.771233
82.787254
83.802986
84.818428
85.833580
86.848442
87.863022
88.877296
89.891296
90.904999
91.918419
92.931549
93.944389
94.956932
95.969200
96.981171
97.992851
99.004250
100.015343
101.026169
102.036682
103.046928
104.056870
105.066536
106.075897
107.084984
108.093773
109.102280
110.110489
111.118408
112.126038
113.133392
114.140442
115.147209
116.153687
117.159874
118.165771
119.171379
120.176697
121.181732
122.186478
123.190926
124.195091
125.198967
126.202553
127.205849
128.208679
129.210068
130.209824
131.207947
132.204437
133.199310
134.192566
135.184189
136.174194
137.162567
138.149307
139.134430
140.117920
141.099792
142.080032
143.058640
144.035629
145.011017
145.984741
146.956863
147.927338
148.896194
149.863449
150.829041
151.793030
152.755371
153.716095
154.675217
155.632690
156.588531
157.542770
158.495361
159.446350
160.395691
161.343414
162.289505
163.233978
164.176819
165.118042
166.057632
166.995590
167.931931
168.866653
169.799728
170.731186
171.661011
172.589233
173.515823
174.440765
175.364105
176.285812
177.205887
178.124329
179.042557
179.963913
180.888550
181.816467
182.747696
183.682220
184.620026
185.561127
186.505524
187.453217
188.404190
189.358459
190.316025
191.276871
192.241013
193.208466
194.179199
195.153229
196.130539
197.111145
198.095047
199.082245
200.072739
201.066498
202.063583
203.063934
204.067596
205.074539
206.084778
207.098312
208.115143
209.135239
210.158646
211.185364
212.215363
213.248627
214.285217
215.325089
216.368256
217.414703
218.464447
219.517487
220.573822
221.633438
222.696350
223.762573
224.832062
225.904877
226.980942
228.060333
229.142990
230.228958
231.318207
232.403168
233.476242
234.537399
235.586670
236.624054
237.649521
238.663116
239.664810
240.654617
241.632507
242.598526
243.552643
244.494858
245.425186
246.343628
247.250168
248.144806
249.027557
249.898407
250.757370
251.604446
252.439606
253.262878
0.000000
0.859282
1.728284
2.607005
3.495448
4.393610
5.301493
6.219095
7.146418
8.083460
9.030223
9.986707
10.952909
11.928833
12.914476
13.909841
14.914925
15.925358
16.936773
17.949175
18.962557
19.976923
20.992268
22.008598
23.025909
24.044201
25.063478
26.083738
27.104979
28.127201
29.150406
30.174593
31.199762
32.225914
33.253048
34.281166
35.310265
36.340347
37.371414
38.403458
39.436485
40.470497
41.505493
42.541466
43.578423
44.616364
45.655285
46.695187
47.736073
48.777946
49.820797
50.864632
51.909447
52.955242
54.002026
55.049789
56.098534
57.148266
58.198971
59.250660
60.303341
61.356995
62.411636
63.467258
64.523865
65.581451
66.640022
67.699570
68.759834
69.819244
70.877541
71.934715
72.990776
74.045715
75.099533
76.152229
77.203819
78.254280
79.303619
80.351852
81.398949
82.444946
83.489815
84.533562
85.576187
86.617706
87.658096
88.697365
89.735519
90.772560
91.808479
92.843277
93.876961
94.909515
95.940964
96.971283
98.000488
99.028572
100.055542
101.081383
102.106117
103.129723
104.152214
105.173584
106.193848
107.212975
108.230988
109.247887
110.263664
111.278320
112.291862
113.304283
114.315582
115.325760
116.334831
117.342781
118.349602
119.355309
120.359894
121.363365
122.365631
123.366585
124.366234
125.364578
126.361618
127.357346
128.351776
129.344910
130.336716
131.327225
132.316437
133.304352
134.290955
135.276230
136.260239
137.242920
138.224304
139.204376
140.183136
141.160599
142.136765
143.111618
144.085175
145.057419
146.028351
146.998001
147.966324
148.933365
149.899063
150.863480
151.826599
152.788406
153.748901
154.708099
155.665985
156.622574
157.577866
158.531845
159.484512
160.435867
161.385941
162.334702
163.282166
164.228302
165.173157
166.116684
167.058914
167.999832
168.939468
169.877792
170.814804
171.751083
172.690109
173.632431
174.578064
175.527008
176.479248
177.434814
178.393661
179.355850
180.321335
181.290115
182.262207
183.237610
184.216324
185.198334
186.183670
187.172302
188.164246
189.159500
190.158066
191.159927
192.165115
193.173599
194.185394
195.200485
196.218887
197.240601
198.265625
199.293961
200.325607
201.360550
202.398804
203.440353
204.485229
205.533401
206.584900
207.639694
208.697800
209.759201
210.823914
211.891953
212.963287
214.037918
215.115875
216.197128
217.281708
218.369568
219.460754
220.555237
221.653030
222.754135
223.858551
224.953766
226.027298
227.079147
228.109299
229.117783
230.104553
231.069641
232.013062
232.934769
233.834808
234.713150
235.569809
236.404755
237.218033
238.009628
238.779526
239.527725
240.254272
240.959106
241.642242
242.303711
242.943481
243.561569
244.157944
244.732666
245.285690
245.817001
246.326645
246.814606
247.280869
247.725449
248.148331
248.549530
