0.946759
0.026620
0.026620
0.026620
0.946759
0.026620
0.026620
0.026620
0.946759
0.000000
0.772216
1.546533
2.322952
3.101471
3.882092
4.664814
5.449637
6.236561
7.025587
7.816713
8.609941
9.405269
10.202700
11.002231
11.803863
12.607597
13.413432
14.221368
15.031404
15.843542
16.657782
17.474123
18.292564
19.113108
19.935751
20.760498
21.587341
22.416288
23.247339
24.080488
24.915739
25.753094
26.592546
27.434101
28.277756
29.123512
29.971371
30.821329
31.673391
32.527554
33.383816
34.242180
35.102642
35.965210
36.829876
37.696236
38.563877
39.432796
40.303001
41.174488
42.047253
42.921303
43.796631
44.673244
45.551140
46.430317
47.310772
48.192509
49.075531
49.959835
50.845417
51.732281
52.620430
53.509861
54.400570
55.292561
56.185837
57.080391
57.976231
58.873348
59.771751
60.671432
61.572395
62.474640
63.378166
64.282974
65.189064
66.096443
67.005096
67.915031
68.826248
69.738754
70.652527
71.567596
72.483940
73.401558
74.320473
75.240662
76.162125
77.084885
78.008919
78.934227
79.860832
80.788712
81.717865
82.648315
83.579880
84.512207
85.445259
86.379051
87.313583
88.248840
89.184837
90.121574
91.059044
91.997246
92.936180
93.875847
94.816254
95.757401
96.699272
97.641884
98.585228
99.529305
100.474129
101.419670
102.365959
103.312973
104.260735
105.209229
106.158447
107.108406
108.059105
109.010529
109.962692
110.915596
111.869225
112.823593
113.778702
114.734543
115.691116
116.648422
117.606453
118.565239
119.524750
120.485001
121.445984
122.407692
123.370155
124.333344
125.297256
126.261917
127.227310
128.193436
129.160294
130.127899
131.096222
132.065140
133.033798
134.002014
134.969818
135.937210
136.904160
137.870712
138.836823
139.802521
140.767807
141.732666
142.697113
143.661133
144.624725
145.587906
146.550659
147.513000
148.474915
149.436401
150.397476
151.358139
152.318390
153.278183
154.237579
155.196564
156.155121
157.113235
158.070953
159.028244
159.985107
160.941559
161.897598
162.853195
163.808395
164.763138
165.717499
166.671432
167.624939
168.578018
169.530670
170.482925
171.434753
172.386139
173.337128
174.287674
175.237823
176.187546
177.136841
178.085724
179.034195
179.982224
180.930084
181.883698
182.845413
183.815262
184.793228
185.779327
186.773529
187.775864
188.786316
189.804886
190.831589
191.866409
192.909348
193.960403
195.019577
196.086899
197.162323
198.245865
199.337524
200.437332
201.545227
202.661255
203.785416
204.917679
206.058090
207.206604
208.363251
209.528000
210.700882
211.881897
213.071014
214.268265
215.473633
216.687134
217.908737
219.138474
220.376312
221.622284
222.876389
224.138611
225.408951
226.687408
227.973999
229.268692
230.571518
231.882462
233.201538
234.528732
235.864044
237.207474
238.559021
239.918701
241.506866
243.543793
246.029526
248.964050
252.347382
0.000000
1.277070
2.549933
3.818588
5.083037
6.343280
7.599315
8.851145
10.098765
11.342180
12.581388
13.816387
15.047181
16.273771
17.496149
18.714323
19.928291
21.138050
22.343603
23.544949
24.742086
25.935022
27.123747
28.308264
29.488577
30.664679
31.836576
33.004269
34.167751
35.327030
36.482101
37.632965
38.779625
39.922070
41.060314
42.194351
43.324181
44.449802
45.573608
46.697975
47.822906
48.948406
50.074474
51.201099
52.328300
53.456062
54.584389
55.713287
56.842747
57.972775
59.103367
60.234524
61.366249
62.498539
63.631393
64.764816
65.898804
67.033356
68.168472
69.304161
70.440407
71.577225
72.714607
73.852554
74.991074
76.130157
77.269798
78.410011
79.550781
80.692131
81.834038
82.976509
84.119553
85.263161
86.407333
87.552078
88.697380
89.843246
90.989693
92.136681
93.284248
94.432388
95.581093
96.730347
97.880180
99.030579
100.181549
101.333069
102.484726
103.635422
104.785110
105.933800
107.081474
108.228157
109.373825
110.518494
111.662155
112.804802
113.946465
115.087097
116.226746
117.365379
118.503014
119.639633
120.775253
121.909859
123.043480
124.176086
125.307678
126.438278
127.567863
128.696457
129.824036
130.950592
132.076172
133.200729
134.324280
135.446854
136.568390
137.688919
138.808472
139.927002
141.044540
142.161057
143.276566
144.391083
145.504593
146.617096
147.728592
148.839081
149.948563
151.057053
152.164520
153.270996
154.376465
155.480927
156.584366
157.686829
158.787750
159.883850
160.974609
162.060028
163.140106
164.214844
165.284225
166.348282
167.406998
168.460358
169.508377
170.551056
171.588394
172.620392
173.647049
174.668365
175.684326
176.694962
177.700226
178.700180
179.694794
180.684036
181.667969
182.646530
183.619766
184.587646
185.550201
186.507401
187.459259
188.405777
189.346954
190.282806
191.213272
192.138443
193.058243
193.972717
194.881851
195.785614
196.684052
197.577148
198.464905
199.347321
200.224396
201.096130
201.962509
202.823547
203.679260
204.529617
205.374634
206.214294
207.048767
207.881088
208.712524
209.543076
210.372711
211.201477
212.029358
212.856339
213.682434
214.507629
215.331924
216.155334
216.977875
217.799500
218.620239
219.440079
220.259048
221.077103
221.894272
222.710571
223.525955
224.340469
225.154083
225.966797
226.778610
227.589554
228.399597
229.208740
230.017014
230.824371
231.630859
232.436447
233.241135
234.044952
234.847855
235.649887
236.451019
237.251251
238.050598
238.849075
239.646637
240.443298
241.239090
242.033966
242.827972
243.621078
244.413315
245.204620
245.995056
246.784607
247.573273
248.338272
249.056931
249.729233
250.355164
250.934723
251.467926
251.954758
252.395218
252.789322
253.137070
253.438431
253.693451
253.902084
254.064362
254.180283
254.249832
254.273010
0.000000
2.006299
3.987195
5.942688
7.872776
9.777461
11.656743
13.510620
15.339096
17.142166
18.919832
20.672098
22.398958
24.100414
25.776468
27.427118
29.052364
30.652206
32.226646
33.775681
35.299316
36.808006
38.312225
39.811970
41.307240
42.798031
44.284351
45.766197
47.243568
48.716465
50.184883
51.648830
53.108303
54.563301
56.013821
57.459869
58.901443
60.338543
61.771164
63.199318
64.622993
66.042191
67.456917
68.867172
70.272942
71.674248
73.071068
74.463425
75.851303
77.234711
78.613640
79.988091
81.358070
82.723572
84.084610
85.441162
86.793243
88.140846
89.483986
90.822632
92.156822
93.486526
94.811768
96.132515
97.448814
98.760620
100.068642
101.376968
102.686295
103.996620
105.307945
106.620255
107.933563
109.247871
110.563171
111.879463
113.196762
114.515045
115.834335
117.154617
118.475883
119.798164
121.121429
122.445694
123.770950
125.097206
126.424461
127.752701
129.081940
130.412186
131.743408
133.075638
134.408859
135.743088
137.078308
138.414520
139.751724
141.089920
142.429123
143.769333
145.110519
146.452713
147.795898
149.140060
150.485245
151.831406
153.178589
154.526733
155.875900
157.226044
158.577194
159.929352
161.274857
162.606064
163.923004
165.225647
166.514038
167.788132
169.047943
170.293472
171.524704
172.741684
173.944366
175.132767
176.306885
177.466721
178.612274
179.743546
180.860550
181.963257
183.051682
184.125839
185.185715
186.231293
187.262589
188.279602
189.282349
190.270798
191.244965
192.204880
193.150482
194.081802
194.998856
195.901627
196.790100
197.664307
198.524216
199.369858
200.201233
201.018311
201.821091
202.609604
203.383835
204.143768
204.889450
205.620834
206.337921
207.042221
207.742386
208.439896
209.134766
209.826965
210.516495
211.203400
211.887634
212.569214
213.248138
213.924423
214.598022
215.268997
215.937302
216.602966
217.265976
217.926315
218.584000
219.239044
219.891418
220.541153
221.188232
221.832642
222.474396
223.113510
223.749954
224.383759
225.014908
225.643402
226.269241
226.892426
227.512939
228.130814
228.746033
229.358597
229.968506
230.575760
231.180359
231.782303
232.381577
232.978226
233.572205
234.163528
234.752197
235.338211
235.921570
236.498154
237.063721
237.618301
238.161896
238.694519
239.216156
239.726807
240.226486
240.715164
241.192871
241.659607
242.115341
242.560104
242.993896
243.416687
243.828506
244.229340
244.619186
244.998062
245.365952
245.722855
246.068787
246.403732
246.727692
247.040680
247.342667
247.633682
247.913727
248.182785
248.440857
248.687943
248.924057
249.149185
249.363327
249.566483
249.758667
249.939850
250.110092
250.269318
250.417572
250.554840
250.681137
250.796432
250.900772
250.994125
251.076477
251.147858
251.208252
251.257675
251.296112
251.323563
251.340042
251.345535
