0.971769
0.014115
0.014115
0.014115
0.971769
0.014115
0.014115
0.014115
0.971769
0.000000
0.967210
1.952252
2.955124
3.975828
5.014364
6.070731
7.144928
8.236957
9.346817
10.474508
11.620031
12.783385
13.952972
15.117199
16.276062
17.429562
18.577700
19.720472
20.857883
21.989933
23.116619
24.237942
25.353903
26.464500
27.569736
28.669609
29.764118
30.853266
31.937046
33.015472
34.088528
35.156223
36.218555
37.275524
38.327133
39.373379
40.414261
41.449780
42.479935
43.504726
44.524158
45.538227
46.546932
47.550274
48.548252
49.540867
50.528118
51.510017
52.486546
53.457714
54.423515
55.383953
56.339035
57.288746
58.233097
59.172089
60.105717
61.033974
61.956875
62.874416
63.788887
64.705872
65.625633
66.548172
67.473480
68.401573
69.332443
70.266083
71.202492
72.141693
73.083656
74.028404
74.975922
75.926216
76.879288
77.835136
78.793755
79.755157
80.719337
81.686287
82.656013
83.628517
84.603798
85.581848
86.562683
87.546288
88.532669
89.521828
90.513756
91.508469
92.505959
93.506218
94.509254
95.515068
96.523651
97.535019
98.549164
99.566078
100.585770
101.608238
102.633484
103.661499
104.692299
105.725868
106.762215
107.801338
108.843239
109.887917
110.934952
111.981888
113.028328
114.074242
115.119659
116.164558
117.208946
118.252823
119.296196
120.339050
121.381401
122.423233
123.464569
124.505386
125.545700
126.585495
127.624786
128.663559
129.701828
130.739578
131.776825
132.813553
133.849792
134.885513
135.920715
136.955414
137.989594
139.023270
140.056442
141.089096
142.121231
143.152878
144.183990
145.214615
146.244736
147.274323
148.303391
149.331970
150.360031
151.387589
152.414627
153.441162
154.467178
155.492706
156.517700
157.542191
158.566193
159.589661
160.612518
161.632660
162.649216
163.662170
164.671539
165.677307
166.679504
167.678101
168.673096
169.664520
170.652344
171.636581
172.617218
173.594269
174.567719
175.537598
176.503876
177.466553
178.425659
179.381165
180.333084
181.281403
182.226135
183.167282
184.104828
185.038788
185.969162
186.895950
187.819138
188.738724
189.654739
190.567139
191.475983
192.381210
193.282867
194.180908
195.075363
195.966248
196.853516
197.737213
198.617310
199.493805
200.366730
201.236053
202.101791
202.963928
203.822479
204.677444
205.528809
206.380081
207.234634
208.092545
208.953781
209.818344
210.686249
211.557480
212.432037
213.309937
214.191147
215.075714
215.963593
216.854797
217.749359
218.647232
219.548447
220.452988
221.360855
222.272064
223.186600
224.104462
225.025681
225.950195
226.878052
227.809250
228.743774
229.681625
230.622818
231.567337
232.515182
233.466370
234.420883
235.378723
236.339905
237.304413
238.272232
239.243408
240.217911
241.195740
242.176910
243.161392
244.149216
245.140381
246.134857
247.132690
248.133835
249.138306
250.146118
251.157288
252.171753
0.000000
0.764984
1.559406
2.383268
3.236569
4.119309
5.031488
5.973107
6.944165
7.944662
8.974598
10.033974
11.122787
12.241041
13.388736
14.565866
15.772439
17.008450
18.273899
19.549625
20.816469
22.074429
23.323503
24.563694
25.795002
27.017424
28.230963
29.435617
30.631388
31.818275
32.996273
34.165394
35.325630
36.476978
37.619446
38.753025
39.877728
40.993538
42.100464
43.198513
44.287674
45.367947
46.439346
47.501850
48.555477
49.600220
50.636074
51.663052
52.681137
53.690338
54.690659
55.682095
56.664646
57.638317
58.603100
59.558998
60.506016
61.444141
62.373394
63.293755
64.205231
65.107834
66.001549
66.886368
67.762314
68.629372
69.494247
70.363678
71.237633
72.116135
72.999176
73.886749
74.778854
75.675507
76.576698
77.482414
78.392685
79.307480
80.226822
81.150696
82.079109
83.012062
83.949547
84.891579
85.838150
86.789246
87.744881
88.705063
89.669777
90.639030
91.612823
92.591148
93.574020
94.561424
95.553368
96.549850
97.550865
98.556419
99.566513
100.581146
101.600319
102.624023
103.652267
104.685043
105.722366
106.764221
107.810608
108.861549
109.917023
110.977028
112.041580
113.110657
114.184280
115.259445
116.333183
117.405495
118.476364
119.545815
120.613831
121.680405
122.745552
123.809265
124.871552
125.932404
126.991814
128.049805
129.106354
130.161469
131.215164
132.267426
133.318253
134.367630
135.415604
136.462128
137.507217
138.550873
139.593109
140.633911
141.673264
142.711197
143.747696
144.782761
145.816406
146.848587
147.879364
148.908707
149.936615
150.963089
151.988113
153.011734
154.033920
155.054642
156.073959
157.091843
158.108292
159.123306
160.136871
161.149017
162.159729
163.169022
164.176163
165.180359
166.181671
167.180054
168.175537
169.168106
170.157791
171.144547
172.128387
173.109344
174.087387
175.062515
176.034729
177.004059
177.970474
178.933960
179.894562
180.852249
181.807022
182.758896
183.707855
184.653915
185.597061
186.537308
187.474640
188.409058
189.340591
190.269196
191.194901
192.117691
193.037598
193.954575
194.868637
195.779816
196.688065
197.593414
198.495865
199.395401
200.292023
201.185730
202.076569
202.964462
203.849457
204.731552
205.610733
206.487015
207.360382
208.234329
209.112335
209.994431
210.880569
211.770767
212.665039
213.563370
214.465759
215.372223
216.282745
217.197327
218.115982
219.038712
219.965485
220.896332
221.831238
222.770218
223.713257
224.660355
225.611526
226.566742
227.526047
228.489395
229.456833
230.428314
231.403854
232.383484
233.367157
234.354904
235.346710
236.342575
237.342514
238.346512
239.354584
240.366714
241.382904
242.403152
243.427475
244.455856
245.488312
246.524811
247.565399
248.610031
249.658737
250.711502
251.768356
252.829239
253.894196
254.963211
0.000000
1.071408
2.157478
3.258211
4.373608
5.503666
6.648388
7.807774
8.981821
10.170534
11.373909
12.591945
13.824646
15.061788
16.293154
17.518742
18.738552
19.952585
21.160841
22.363319
23.560020
24.750944
25.936090
27.115459
28.289051
29.456867
30.618902
31.775160
32.925644
34.070343
35.209270
36.342419
37.469791
38.591389
39.707207
40.817242
41.921509
43.019993
44.112698
45.199627
46.280781
47.356152
48.425751
49.489571
50.547607
51.599880
52.646366
53.687077
54.722012
55.751171
56.774548
57.792149
58.803974
59.810013
60.811928
61.813732
62.815605
63.817547
64.819557
65.821640
66.823792
67.826019
68.828316
69.830673
70.833115
71.835625
72.838203
73.840843
74.843567
75.846352
76.849220
77.852142
78.855148
79.858215
80.861366
81.864578
82.867859
83.871216
84.874641
85.878136
86.881699
87.885338
88.889046
89.892822
90.896667
91.900589
92.904579
93.908638
94.912773
95.916977
96.921249
97.925591
98.930000
99.934486
100.939049
101.944084
102.952194
103.963776
104.978836
105.997375
107.019386
108.044884
109.073860
110.106308
111.142250
112.181664
113.224548
114.270920
115.320763
116.374084
117.430893
118.491173
119.554932
120.622169
121.692894
122.767090
123.844765
124.925911
126.010544
127.098648
128.190247
129.285309
130.383865
131.485886
132.591385
133.700363
134.812836
135.928772
137.048187
138.171066
139.297455
140.427307
141.560638
142.697449
143.837723
144.981491
146.128387
147.270172
148.403519
149.528397
150.644836
151.752808
152.852341
153.943436
155.026077
156.100266
157.166000
158.223297
159.272125
160.312531
161.344482
162.367981
163.383026
164.389633
165.387787
166.377472
167.358734
168.331543
169.295898
170.251816
171.199265
172.138275
173.068848
173.990967
174.904617
175.809830
176.706604
177.594910
178.474792
179.346207
180.209198
181.063721
181.909775
182.747406
183.576599
184.397324
185.209595
186.013428
186.814194
187.617371
188.422897
189.230774
190.041046
190.853683
191.668671
192.486038
193.305786
194.127884
194.952347
195.779205
196.608414
197.439987
198.273926
199.110245
199.948914
200.789978
201.633377
202.479172
203.327332
204.177841
205.030731
205.885986
206.743622
207.603622
208.465973
209.330719
210.197815
211.067276
211.939117
212.813324
213.689896
214.568832
215.450134
216.333817
217.219864
218.108261
218.999054
219.892197
220.787720
221.685608
222.585861
223.488480
224.393463
225.300827
226.210556
227.122650
228.037109
228.953934
229.873138
230.794693
231.718628
232.644928
233.573608
234.504639
235.438049
236.373825
237.311966
238.252472
239.195358
240.140610
241.088211
242.038193
242.990540
243.945267
244.902359
245.861832
246.823639
247.787842
248.754395
249.723328
250.694611
251.668274
252.644302
253.622711
254.603485
255.000000
