0.963740
0.018130
0.018130
0.018130
0.963740
0.018130
0.018130
0.018130
0.963740
0.000000
0.895905
1.789361
2.680368
3.568924
4.455031
5.338689
6.219898
7.098657
7.974966
8.848825
9.720235
10.589196
11.455706
12.319768
13.181379
14.042714
14.905942
15.771063
16.638079
17.506987
18.377789
19.250483
20.125071
21.001554
21.879930
22.760201
23.642363
24.526419
25.412369
26.300213
27.189951
28.081581
28.975105
29.870523
30.767834
31.667040
32.568134
33.471127
34.376015
35.282795
36.191467
37.102036
38.014492
38.928844
39.845093
40.763233
41.683262
42.605194
43.529015
44.454731
45.382339
46.311840
47.243229
48.176521
49.111702
50.048779
50.987747
51.928616
52.871365
53.816017
54.762562
55.710999
56.661327
57.613548
58.567673
59.523685
60.481590
61.441380
62.403080
63.366661
64.332138
65.299515
66.268776
67.239937
68.212959
69.187035
70.161850
71.137413
72.113708
73.090744
74.068512
75.047020
76.026276
77.006256
77.986984
78.968452
79.950653
80.933594
81.917274
82.901688
83.886848
84.872742
85.859375
86.846741
87.834846
88.823700
89.813286
90.803604
91.794670
92.786469
93.779015
94.772285
95.766304
96.761055
97.756546
98.752777
99.749756
100.747459
101.745911
102.745087
103.745010
104.745682
105.747078
106.749214
107.752098
108.755707
109.760056
110.765152
111.770988
112.777550
113.784859
114.792908
115.801689
116.811203
117.821465
118.832466
119.844200
120.856682
121.869888
122.883842
123.898537
124.913963
125.930130
126.947037
127.964378
128.980408
129.994812
131.007599
132.018753
133.028275
134.036194
135.042496
136.047150
137.050217
138.051636
139.051453
140.049637
141.046204
142.041153
143.034470
144.026169
145.016235
146.004700
146.991547
147.976746
148.960358
149.942322
150.922668
151.901413
152.878510
153.853989
154.827866
155.800110
156.770721
157.739716
158.707108
159.672852
160.637009
161.599518
162.560410
163.519684
164.477341
165.433365
166.387772
167.340561
168.291702
169.241257
170.189178
171.135483
172.080154
173.023209
173.964645
174.904465
175.842651
176.779221
177.714188
178.647507
179.579208
180.509293
181.437759
182.364609
183.289825
184.213409
185.135391
186.057877
186.986053
187.920181
188.860229
189.806229
190.758148
191.716003
192.679825
193.649536
194.625229
195.606827
196.594360
197.587845
198.587265
199.592621
200.603912
201.621140
202.644302
203.673401
204.708435
205.749405
206.796310
207.849152
208.907928
209.972641
211.043304
212.119873
213.202408
214.290863
215.385269
216.485596
217.591873
218.704071
219.822220
220.946304
222.076324
223.212280
224.354156
225.501968
226.655746
227.815445
228.981064
230.152634
231.330124
232.513580
233.702942
234.898254
236.099518
237.306686
238.519821
239.738876
240.963882
242.194809
243.431671
244.674484
245.923218
247.177887
248.438492
249.705063
250.977539
254.115295
0.000000
0.000000
1.075872
2.535691
3.958976
5.345725
6.695941
8.009621
9.286767
10.527379
11.731456
12.898998
14.030005
15.124479
16.200445
17.275940
18.350958
19.425503
20.499569
21.573164
22.646284
23.718927
24.791098
25.862791
26.934011
28.004755
29.075026
30.144819
31.214140
32.282986
33.351353
34.419247
35.486671
36.553616
37.620090
38.686085
39.751606
40.816650
41.881218
42.945316
44.008938
45.072086
46.134758
47.196953
48.258671
49.319916
50.380692
51.440990
52.500813
53.560158
54.619034
55.677429
56.735355
57.792801
58.849777
59.906269
60.962292
62.017841
63.072918
64.127518
65.181641
66.235291
67.288460
68.341156
69.393387
70.445137
71.496407
72.547203
73.597527
74.647377
75.696754
76.745651
77.794075
78.842033
79.889977
80.939110
81.989479
83.041069
84.093895
85.147957
86.203247
87.259766
88.317520
89.376503
90.436714
91.498161
92.560844
93.624748
94.689896
95.756264
96.823868
97.892700
98.962769
100.034065
101.106590
102.180351
103.255348
104.331573
105.409027
106.487709
107.567627
108.648781
109.731155
110.814766
111.899612
112.985687
114.072998
115.161530
116.251297
117.342293
118.434532
119.528000
120.622688
121.718613
122.815765
123.914154
125.013779
126.114624
127.216705
128.320023
129.424561
130.530334
131.637344
132.745590
133.855057
134.965759
136.077698
137.190857
138.305252
139.420883
140.537735
141.655823
142.775146
143.895706
145.016800
146.134201
147.247223
148.355865
149.460114
150.559982
151.655487
152.746613
153.833328
154.915680
155.993652
157.067230
158.136429
159.201263
160.261703
161.317764
162.369431
163.416733
164.459641
165.498169
166.532333
167.562088
168.587463
169.608490
170.625107
171.637344
172.645218
173.648682
174.647781
175.642487
176.632828
177.618759
178.600342
179.577530
180.550339
181.518753
182.482803
183.442459
184.397736
185.348633
186.295135
187.237274
188.175018
189.108398
190.037384
190.961990
191.882217
192.798050
193.709518
194.616592
195.519302
196.417603
197.311539
198.201096
199.086258
199.967056
200.843445
201.715469
202.583115
203.446381
204.305389
205.162476
206.018677
206.873962
207.728333
208.581818
209.434372
210.286011
211.136749
211.986588
212.835510
213.683517
214.530640
215.376816
216.222107
217.066498
217.909958
218.752533
219.594177
220.434921
221.274765
222.113693
222.951706
223.788803
224.625000
225.460312
226.294678
227.128159
227.960724
228.792374
229.623123
230.452972
231.281906
232.109924
232.937027
233.763245
234.588531
235.412918
236.236389
237.058960
237.880615
238.701370
239.521210
240.340149
241.158157
241.975281
242.791504
243.606781
244.421188
245.234665
246.047226
246.858887
247.669647
248.479492
249.288422
250.096451
250.903580
251.709793
252.515091
253.319473
254.122955
254.822891
0.000000
4.112156
7.602775
10.471855
12.719398
14.345402
15.661283
16.978456
18.296923
19.616678
20.937729
22.260073
23.583704
24.908632
26.234848
27.562361
28.891163
30.221256
31.552645
32.885319
34.219296
35.554554
36.891109
38.228958
39.568096
40.908531
42.250256
43.593273
44.937576
46.283180
47.630074
48.978256
50.327736
51.678505
53.030563
54.383919
55.738564
57.094498
58.451725
59.810242
61.170067
62.531170
63.893570
65.257256
66.622246
67.988510
69.356079
70.724945
72.095093
73.466537
74.839264
76.213295
77.588615
78.965218
80.343124
81.722321
83.102814
84.484581
85.867661
87.252029
88.637680
90.024635
91.412865
92.802406
94.191643
95.576668
96.957314
98.333588
99.705475
101.072983
102.436111
103.794868
105.149231
106.499229
107.844841
109.186073
110.522919
111.855392
113.183495
114.507202
115.826538
117.141495
118.452072
119.758263
121.060081
122.357521
123.650581
124.939255
126.223557
127.503479
128.779007
130.050186
131.316956
132.579361
133.837387
135.091019
136.340286
137.585175
138.825668
140.061813
141.293549
142.520920
143.743896
144.962509
146.176727
147.386581
148.592041
149.793137
150.989853
152.182175
153.370117
154.553696
155.732895
156.907700
158.078140
159.244202
160.405869
161.563171
162.716064
163.864594
165.008759
166.148544
167.283310
168.409225
169.525681
170.632660
171.730179
172.818222
173.896790
174.965881
176.025513
177.075668
178.116348
179.147568
180.169327
181.181595
182.184402
183.177734
184.161591
185.135971
186.100891
187.056351
188.002319
188.938828
189.865860
190.783417
191.691528
192.590149
193.479279
194.358963
195.229172
196.089905
196.941177
197.782974
198.615295
199.438156
200.251541
201.055450
201.849884
202.634857
203.410355
204.176376
204.932922
205.680008
206.417633
207.145782
207.864441
208.573654
209.273376
209.963638
210.644440
211.315735
211.977585
212.629959
213.272858
213.906296
214.530258
215.144760
215.749756
216.345306
216.931671
217.514420
218.095901
218.676117
219.255066
219.832733
220.409134
220.984253
221.558121
222.130707
222.702011
223.272034
223.840805
224.408310
224.974533
225.539474
226.103165
226.665573
227.226715
227.786575
228.345169
228.902496
229.458542
230.013321
230.566818
231.119049
231.670029
232.219727
232.768143
233.315292
233.861160
234.405777
234.949097
235.491165
236.031952
236.571472
237.109726
237.646698
238.182388
238.716827
239.249985
239.781876
240.312485
240.841843
241.369904
241.896713
242.422241
242.946503
243.469482
243.991196
244.511642
245.030807
245.548706
246.065338
246.580688
247.094772
247.607590
248.119125
248.629395
249.124008
249.588684
250.023361
250.428070
250.802811
251.147552
251.462326
251.747116
252.001938
252.226776
252.421631
252.586502
252.721420
252.826340
252.901276
252.946259
252.961243
