0.988359
0.005821
0.005821
0.005821
0.988359
0.005821
0.005821
0.005821
0.988359
0.000000
1.082850
2.149791
3.200824
4.235947
5.255162
6.258468
7.245865
8.217355
9.172934
10.112605
11.036368
11.953364
12.872747
13.794516
14.718666
15.645201
16.574120
17.505421
18.439108
19.375177
20.313631
21.254467
22.197687
23.143293
24.091282
25.041655
25.994410
26.949549
27.907072
28.866980
29.829269
30.793945
31.761002
32.730450
33.702271
34.676479
35.653072
36.632050
37.613411
38.597157
39.583282
40.571793
41.562687
42.555969
43.551628
44.549675
45.550110
46.552921
47.558128
48.565704
49.575665
50.588017
51.602753
52.619865
53.639366
54.660782
55.681324
56.700520
57.718372
58.734879
59.750042
60.763863
61.776337
62.787468
63.797253
64.805695
65.812798
66.818550
67.822960
68.826027
69.827751
70.828133
71.827164
72.824852
73.821198
74.816208
75.809860
76.802177
77.793152
78.782768
79.771057
80.757996
81.743584
82.727837
83.710739
84.692299
85.672523
86.651398
87.628922
88.605103
89.579948
90.553444
91.525597
92.496407
93.465866
94.433990
95.400764
96.366203
97.330284
98.293037
99.255051
100.216957
101.178749
102.140434
103.102005
104.063469
105.024811
105.986053
106.947182
107.908195
108.869102
109.829903
110.790581
111.751152
112.711617
113.671967
114.632202
115.592339
116.552345
117.512253
118.472046
119.431732
120.391304
121.350769
122.310120
123.269356
124.228485
125.187508
126.146408
127.105202
128.063889
129.022461
129.980911
130.939270
131.897507
132.855637
133.813644
134.771561
135.729355
136.687027
137.644608
138.602066
139.559418
140.516663
141.473755
142.430649
143.387299
144.343704
145.299881
146.255814
147.211517
148.166977
149.122192
150.077179
151.031906
151.986420
152.940689
153.894699
154.848480
155.802032
156.755341
157.708420
158.661255
159.613861
160.566208
161.518326
162.470200
163.421844
164.373230
165.324402
166.275330
167.226013
168.176453
169.126678
170.076645
171.026382
171.975861
172.925125
173.874130
174.822906
175.771439
176.719742
177.667801
178.615616
179.563217
180.510559
181.457657
182.404526
183.351151
184.298645
185.248032
186.199326
187.152557
188.107712
189.064789
190.023758
190.984665
191.947510
192.912247
193.878922
194.847504
195.818024
196.790451
197.764801
198.741074
199.719254
200.699356
201.681381
202.665344
203.651215
204.638992
205.628708
206.620331
207.613876
208.609360
209.606735
210.606033
211.607269
212.610413
213.615494
214.622467
215.631378
216.642212
217.654968
218.669632
219.686218
220.704727
221.725159
222.747498
223.771774
224.797958
225.826065
226.856094
227.888046
228.921906
229.957703
230.995407
232.035034
233.076569
234.120041
235.165436
236.212738
237.261978
238.313126
239.366180
240.421173
241.478073
242.536911
243.597656
244.660309
245.724915
246.791412
247.859833
248.930176
250.002441
0.000000
1.007636
2.026394
3.056275
4.097279
5.149404
6.212652
7.287023
8.372517
9.469131
10.576869
11.695729
12.825713
13.960690
15.094538
16.227255
17.358843
18.489298
19.618622
20.746819
21.873882
22.999815
24.124617
25.248289
26.370832
27.492239
28.612522
29.731668
30.849686
31.966576
33.082333
34.196957
35.310455
36.422821
37.534050
38.644157
39.753128
40.860970
41.967686
43.073265
44.177715
45.281029
46.383221
47.484280
48.584209
49.683002
50.780666
51.877201
52.972607
54.066887
55.160030
56.252045
57.342922
58.432606
59.521084
60.608349
61.694393
62.779228
63.862854
64.945267
66.026459
67.106438
68.185204
69.262756
70.339096
71.414230
72.488144
73.560844
74.632324
75.702599
76.771660
77.839508
78.906143
79.971558
81.035767
82.098763
83.160545
84.221107
85.280457
86.338593
87.395523
88.451233
89.505730
90.559021
91.611084
92.661949
93.711594
94.760017
95.807236
96.853249
97.898033
98.941612
99.983910
101.024590
102.063583
103.100868
104.136482
105.170410
106.202637
107.233177
108.262039
109.289200
110.314682
111.338478
112.360580
113.380989
114.399719
115.416756
116.432106
117.445770
118.457741
119.468018
120.476624
121.483528
122.488747
123.492271
124.494118
125.494270
126.492737
127.489510
128.484604
129.477997
130.469711
131.459732
132.448059
133.434708
134.419678
135.402939
136.384521
137.364410
138.342606
139.319122
140.295227
141.273880
142.255280
143.239410
144.226273
145.215866
146.208206
147.203262
148.201065
149.201599
150.204849
151.210831
152.219559
153.231018
154.245209
155.262146
156.281799
157.304184
158.329315
159.357178
160.387756
161.421066
162.457123
163.495911
164.537430
165.581696
166.628677
167.678391
168.730850
169.786011
170.843933
171.904587
172.967972
174.034088
175.102936
176.174500
177.248825
178.325882
179.405640
180.488159
181.569061
182.644012
183.713028
184.776093
185.833221
186.884399
187.929611
188.968903
190.002243
191.029648
192.051086
193.066589
194.076141
195.079758
196.077408
197.069122
198.054901
199.034729
200.008606
200.976547
201.938538
202.894577
203.844681
204.788818
205.727036
206.659302
207.585617
208.505966
209.420395
210.328888
211.231415
212.127991
213.018631
213.903320
214.782074
215.654877
216.521729
217.382645
218.237610
219.086639
219.929703
220.766830
221.598007
222.423248
223.242538
224.055893
224.863281
225.664734
226.460251
227.249802
228.033432
228.811096
229.582809
230.348602
231.108429
231.862305
232.610245
233.352264
234.088287
234.818405
235.542557
236.260773
236.973038
237.679352
238.379715
239.074158
239.762634
240.445190
241.121780
241.792419
242.457123
243.115875
243.768677
244.415543
245.056458
245.691437
246.320450
246.943542
247.560669
248.171860
248.777084
249.376389
249.969742
250.557159
0.000000
1.201099
2.378377
3.531835
4.661473
5.767291
6.849289
7.907466
8.941825
9.952361
10.952309
11.954903
12.960140
13.968022
14.978548
15.991719
17.007534
18.025991
19.047094
20.070839
21.097229
22.126266
23.157946
24.192268
25.229237
26.268845
27.311100
28.355999
29.403543
30.453732
31.506563
32.562038
33.620159
34.680920
35.744331
36.810383
37.879082
38.950417
40.024403
41.101032
42.180305
43.262222
44.346783
45.433987
46.523838
47.615677
48.705574
49.792873
50.877579
51.959686
53.039192
54.116108
55.190418
56.262142
57.331264
58.397789
59.461716
60.523052
61.581787
62.637924
63.691467
64.742416
65.790764
66.836517
67.879662
68.920219
69.958183
70.993553
72.026321
73.056488
74.084061
75.109039
76.131424
77.151215
78.168396
79.182983
80.194977
81.204376
82.211174
83.215385
84.216988
85.216789
86.215599
87.213402
88.210197
89.206001
90.200798
91.194595
92.187393
93.179184
94.169975
95.159760
96.148552
97.136330
98.123116
99.108894
100.093681
101.077454
102.060226
103.042007
104.022774
105.002548
105.981316
106.959084
107.935852
108.911613
109.886375
110.860130
111.832893
112.804649
113.775406
114.745155
115.713905
116.681664
117.648407
118.614143
119.579735
120.550217
121.526436
122.508408
123.496117
124.489563
125.488754
126.493683
127.504364
128.520767
129.542923
130.570816
131.604446
132.643829
133.688934
134.739792
135.796402
136.858749
137.926819
139.000641
140.080215
141.165527
142.256577
143.353363
144.455872
145.564148
146.678162
147.797897
148.923401
150.054642
151.191605
152.334320
153.482788
154.636993
155.796921
156.962601
158.127533
159.285248
160.435730
161.579010
162.715057
163.843872
164.965485
166.079865
167.187012
168.286957
169.379669
170.465149
171.543427
172.614456
173.678284
174.734863
175.784256
176.826401
177.861328
178.889038
179.909531
180.922775
181.928818
182.927628
183.919220
184.903595
185.880737
186.850662
187.813354
188.768845
189.717102
190.658127
191.591934
192.518524
193.437897
194.350021
195.254959
196.152649
197.043106
197.926361
198.802383
199.671204
200.532776
201.387146
202.234268
203.074188
203.906876
204.732346
205.550583
206.361603
207.165405
207.961990
208.751343
209.533463
210.308380
211.076065
211.836517
212.589767
213.335785
214.074570
214.806152
215.530487
216.247620
216.957520
217.660202
218.355667
219.043900
219.724915
220.398697
221.065262
221.724609
222.376709
223.021622
223.659302
224.289749
224.912964
225.528992
226.137772
226.739334
227.333664
227.920776
228.500671
229.073349
229.638794
230.197021
230.748016
231.291794
231.828354
232.357681
232.879807
233.394684
233.902344
234.402802
234.896011
235.382004
235.860779
236.332336
236.796646
237.253769
237.703644
238.146286
238.581757
239.009964
239.430954
