0.950167
0.024916
0.024916
0.024916
0.950167
0.024916
0.024916
0.024916
0.950167
0.000000
0.000000
0.000000
0.000000
0.000000
0.000000
0.000000
0.301789
2.389762
4.427154
6.413970
8.350205
10.235862
12.070940
13.855436
15.589355
17.272697
18.905458
20.487640
22.019243
23.500267
24.930712
26.310577
27.639864
28.918571
30.146698
31.324247
32.451225
33.527615
34.553425
35.552803
36.549915
37.544750
38.537315
39.527603
40.515614
41.501354
42.484818
43.466003
44.444920
45.421562
46.395927
47.368019
48.337833
49.305374
50.270641
51.233639
52.194355
53.152802
54.108967
55.062866
56.014484
56.963829
57.910900
58.855694
59.798218
60.738468
61.676445
62.612144
63.545563
64.476707
65.405586
66.332191
67.256516
68.178574
69.098343
70.015846
70.931076
71.844032
72.754707
73.663109
74.569237
75.473099
76.374672
77.273987
78.171013
79.065773
79.958252
80.848457
81.736397
82.622055
83.505440
84.386543
85.265579
86.146797
87.031960
87.921051
88.814087
89.711052
90.611961
91.516808
92.425591
93.338303
94.254959
95.175552
96.100082
97.028557
97.960953
98.897301
99.837578
100.781792
101.729950
102.682045
103.638069
104.598038
105.561943
106.529793
107.501564
108.477287
109.456940
110.440529
111.428055
112.419525
113.414932
114.414268
115.417542
116.424767
117.435921
118.451004
119.470032
120.493004
121.519905
122.550743
123.585526
124.624237
125.666885
126.713478
127.764008
128.818466
129.876877
130.939209
132.005493
133.075699
134.149857
135.227936
136.309967
137.395935
138.485016
139.572327
140.657074
141.739227
142.818802
143.895798
144.970215
146.042068
147.111313
148.177994
149.242081
150.303589
151.362534
152.418884
153.472656
154.523849
155.572464
156.618484
157.661942
158.702820
159.741104
160.776825
161.809937
162.840485
163.868454
164.893845
165.916656
166.936890
167.954514
168.969589
169.982071
170.991974
171.999313
173.004044
174.006210
175.005783
176.002792
176.997208
177.989044
178.978302
179.964981
180.949081
181.930588
182.909546
183.885895
184.859650
185.830872
186.799469
187.765518
188.728973
189.689835
190.648132
191.603836
192.556976
193.507904
194.457520
195.405869
196.352951
197.298767
198.243332
199.186615
200.128632
201.069397
202.008896
202.947128
203.884079
204.819794
205.754211
206.687393
207.619293
208.549927
209.479309
210.407410
211.334259
212.259827
213.184143
214.107208
215.028976
215.949493
216.868744
217.786743
218.703461
219.618912
220.533112
221.446045
222.357697
223.268097
224.177246
225.085098
225.991699
226.897049
227.801117
228.703918
229.605453
230.505737
231.404755
232.302505
233.198990
234.094193
234.988144
235.880844
236.772263
237.662415
238.551300
239.438934
240.325287
241.210388
242.094223
243.001587
243.957336
244.961472
246.013962
247.114838
248.264069
249.461670
250.707657
252.001999
253.344727
254.735825
0.000000
0.000000
0.000000
0.000000
0.000000
0.000000
0.000000
0.000000
0.000000
0.000000
1.599277
4.116450
6.553134
8.909330
11.185040
13.380262
15.494997
17.529240
19.482992
21.356262
23.149040
24.861330
26.493134
28.044451
29.515276
30.905613
32.215462
33.444824
34.593700
35.662083
36.689484
37.715397
38.739830
39.762779
40.784245
41.804226
42.822727
43.839741
44.855270
45.869320
46.881886
47.892963
48.902561
49.910675
50.917305
51.922451
52.926113
53.928295
54.928993
55.928204
56.925930
57.922176
58.916939
59.910217
60.902012
61.892326
62.881149
63.868492
64.854355
65.838730
66.821625
67.803032
68.782967
69.761398
70.738365
71.713844
72.687836
73.660339
74.631371
75.600914
76.568962
77.535538
78.500633
79.464241
80.426361
81.386993
82.346153
83.303825
84.260025
85.214729
86.167946
87.119690
88.069939
89.020744
89.974113
90.930054
91.888573
92.849663
93.813316
94.779556
95.748360
96.719734
97.693687
98.670212
99.649300
100.630974
101.615211
102.602020
103.591400
104.583351
105.577881
106.574989
107.574661
108.576904
109.581718
110.589104
111.599068
112.611603
113.626701
114.644379
115.664627
116.687454
117.712852
118.740814
119.771355
120.804466
121.840141
122.878403
123.919228
124.962631
126.008606
127.057144
128.108276
129.161942
130.218201
131.277039
132.338440
133.402420
134.468979
135.538086
136.609787
137.684067
138.760895
139.840302
140.922272
142.006851
143.091400
144.173386
145.252808
146.329666
147.403961
148.475677
149.544830
150.611420
151.675446
152.736893
153.795776
154.852097
155.905853
156.957031
158.005661
159.051697
160.095184
161.136093
162.174454
163.210236
164.243454
165.274109
166.302185
167.327698
168.350632
169.371017
170.388824
171.404083
172.416763
173.426880
174.434418
175.439392
176.441818
177.441650
178.438919
179.433640
180.425781
181.415359
182.402374
183.386810
184.368683
185.347992
186.324722
187.298889
188.270508
189.239548
190.206009
191.169922
192.131256
193.090027
194.046219
194.999863
195.950928
196.898895
197.843185
198.783783
199.720703
200.653946
201.583511
202.509415
203.431641
204.350189
205.265060
206.176270
207.083786
207.987625
208.887802
209.784317
210.677124
211.566284
212.451752
213.333542
214.211685
215.086121
215.956909
216.823990
217.687424
218.547180
219.403259
220.255646
221.104370
221.949417
222.790802
223.628510
224.462524
225.292877
226.119537
226.942551
227.761871
228.577530
229.389496
230.197800
231.002411
231.803375
232.600662
233.394257
234.184174
234.970428
235.753006
236.531891
237.307129
238.078674
238.846558
239.610748
240.371277
241.128128
241.900314
242.707016
243.548203
244.423843
245.333939
246.278519
247.257568
248.271057
249.319031
250.401474
251.518372
252.669739
253.855576
255.000000
0.000000
0.043959
1.502971
2.950884
4.387701
5.813419
7.228040
8.631562
10.023989
11.405317
12.775548
14.134680
15.482715
16.819653
18.145493
19.460234
20.763880
22.056425
23.337877
24.608229
25.867485
27.115637
28.352699
29.578661
30.793522
31.997290
33.189957
34.371532
35.542000
36.704742
37.863117
39.017124
40.166767
41.312042
42.452950
43.589489
44.721661
45.849472
46.972912
48.091988
49.206696
50.317036
51.423008
52.524616
53.621857
54.714729
55.803234
56.887379
57.967152
59.042561
60.113602
61.180275
62.242584
63.300522
64.354095
65.403297
66.448143
67.488617
68.524719
69.556458
70.583832
71.606842
72.625481
73.639755
74.649658
75.655205
76.656372
77.653183
78.645630
79.633698
80.617401
81.596741
82.571709
83.542320
84.508560
85.470436
86.427925
87.381065
88.330864
89.283379
90.239632
91.199631
92.163368
93.130852
94.102074
95.077042
96.055748
97.038200
98.024391
99.014320
100.007988
101.005402
102.006569
103.011467
104.020103
105.032486
106.048615
107.068481
108.092087
109.119438
110.150528
111.185364
112.223938
113.266251
114.312317
115.362114
116.415649
117.472939
118.533966
119.598732
120.667244
121.739494
122.815491
123.895226
124.978699
126.065918
127.156876
128.251587
129.350021
130.452194
131.558136
132.667816
133.781219
134.898376
136.019272
137.143890
138.272278
139.404404
140.535721
141.661713
142.782379
143.897720
145.007721
146.112411
147.211761
148.305771
149.394455
150.477829
151.555862
152.628555
153.695923
154.757965
155.814667
156.866058
157.912109
158.952820
159.988205
161.018280
162.042999
163.062408
164.076492
165.085220
166.088654
167.086731
168.079483
169.066910
170.048996
171.025772
171.997192
172.963318
173.924088
174.879532
175.829651
176.774429
177.713898
178.648026
179.576813
180.500290
181.418427
182.331223
183.238708
184.140854
185.037689
185.929153
186.815338
187.696152
188.571655
189.442200
190.309830
191.174896
192.037445
192.897446
193.754898
194.609818
195.462158
196.311996
197.159271
198.003998
198.846207
199.685852
200.522949
201.357498
202.189514
203.018997
203.845932
204.670319
205.492157
206.311447
207.128204
207.942413
208.754074
209.563202
210.369781
211.173828
211.975327
212.774261
213.570679
214.364532
215.155853
215.944626
216.730850
217.514557
218.295685
219.074295
219.850357
220.623871
221.394836
222.163254
222.929138
223.692474
224.453278
225.211517
225.967224
226.720398
227.471008
228.219086
228.964615
229.713287
230.470917
231.237457
232.012924
232.797287
233.590576
234.392776
235.203903
236.023926
236.852875
237.690735
238.537506
239.393188
240.257797
241.131302
242.013733
242.905075
243.805328
244.714493
245.632584
246.559586
247.495514
248.440338
249.394089
250.356735
251.328308
252.308792
253.298187
254.296509
