0.969718
0.015141
0.015141
0.015141
0.969718
0.015141
0.015141
0.015141
0.969718
0.000000
1.798265
3.393254
4.784966
5.973402
6.958561
7.842874
8.728772
9.616256
10.505323
11.395978
12.288216
13.182040
14.077449
14.974442
15.873021
16.773186
17.674934
18.578268
19.483189
20.389692
21.297781
22.207457
23.118715
24.031559
24.945990
25.862005
26.779604
27.698788
28.619558
29.541916
30.465853
31.391378
32.318489
33.247181
34.177464
35.109333
36.042774
36.977814
37.914433
38.852642
39.792439
40.733807
41.676773
42.621319
43.567451
44.515167
45.464470
46.415352
47.367825
48.321877
49.277519
50.234749
51.193558
52.153957
53.115936
54.079502
55.044651
56.011395
56.979713
57.949619
58.921112
59.894196
60.868851
61.844990
62.821941
63.799603
64.777969
65.757034
66.736816
67.717300
68.698479
69.680382
70.662979
71.646286
72.630295
73.615013
74.600441
75.586563
76.573402
77.560944
78.549187
79.538139
80.527802
81.518166
82.509232
83.501007
84.493492
85.486671
86.480568
87.475166
88.470467
89.466492
90.463203
91.460625
92.458748
93.457588
94.457123
95.457367
96.458328
97.459984
98.462341
99.465408
100.469185
101.473671
102.478859
103.484741
104.491348
105.498650
106.506660
107.515373
108.524788
109.534927
110.545761
111.557297
112.569534
113.582489
114.596146
115.610504
116.625580
117.641350
118.657829
119.675018
120.692017
121.707977
122.722885
123.736732
124.749535
125.761284
126.771965
127.781609
128.790192
129.797714
130.804199
131.809616
132.813980
133.817307
134.819580
135.820786
136.820923
137.820038
138.818085
139.815079
140.811020
141.805908
142.799759
143.792542
144.784271
145.774933
146.764557
147.753128
148.740646
149.727112
150.712509
151.696854
152.680176
153.662415
154.643616
155.623749
156.602829
157.580872
158.557846
159.533768
160.508652
161.482468
162.455231
163.426956
164.397614
165.367218
166.335770
167.303253
168.269714
169.235107
170.199432
171.162735
172.124954
173.086136
174.046249
175.005325
175.963364
176.920319
177.876465
178.833176
179.790710
180.749039
181.708160
182.668121
183.628860
184.590408
185.552765
186.515930
187.479904
188.444672
189.410263
190.376633
191.343842
192.311829
193.280640
194.250244
195.220673
196.191879
197.163910
198.136749
199.110382
200.084824
201.060089
202.036133
203.013000
203.990677
204.969147
205.948425
206.928513
207.909393
208.891098
209.873611
210.856918
211.841034
212.825943
213.811676
214.798203
215.785538
216.773682
217.762634
218.752396
219.742966
220.734314
221.726486
222.719482
223.713272
224.707855
225.703247
226.699448
227.696457
228.694290
229.692902
230.692322
231.692551
232.693588
233.695435
234.698090
235.709656
236.738266
237.783920
238.846603
239.926346
241.023117
242.136932
243.267776
244.415680
245.580612
246.762589
247.961609
249.177658
250.410751
251.660889
252.928055
0.000000
0.000000
1.476564
3.126004
4.641500
6.023052
7.270659
8.384324
9.364044
10.277744
11.193352
12.110866
13.030287
13.951612
14.874846
15.799983
16.727030
17.655981
18.586838
19.519602
20.454271
21.390846
22.329330
23.269718
24.212011
25.156214
26.102320
27.050335
28.000254
28.952080
29.905813
30.861450
31.818998
32.778446
33.739803
34.703068
35.668236
36.635311
37.604294
38.575184
39.547974
40.522675
41.499279
42.477795
43.458214
44.440536
45.424774
46.410908
47.398956
48.388905
49.380764
50.374523
51.370197
52.367771
53.367252
54.368641
55.371933
56.377132
57.384239
58.393253
59.404175
60.416996
61.431728
62.448364
63.466911
64.487358
65.508812
66.530365
67.552032
68.573799
69.595657
70.617630
71.639709
72.661880
73.684166
74.706551
75.729042
76.751633
77.774323
78.797127
79.820023
80.843025
81.866135
82.889343
83.912659
84.936081
85.959602
86.983231
88.006958
89.030785
90.054718
91.078758
92.102898
93.127144
94.151489
95.175949
96.200500
97.225159
98.249924
99.274788
100.299751
101.324829
102.349998
103.375275
104.400658
105.426147
106.451729
107.477425
108.503220
109.529114
110.555122
111.581223
112.607437
113.633736
114.660156
115.686676
116.713295
117.740028
118.766853
119.793785
120.820816
121.847954
122.875198
123.901978
124.927711
125.952400
126.976051
127.998672
129.020233
130.040771
131.060257
132.078690
133.096115
134.112473
135.127808
136.142090
137.155334
138.167526
139.178696
140.188812
141.197906
142.205948
143.212936
144.218887
145.223816
146.227692
147.230530
148.232330
149.233093
150.232803
151.231476
152.229111
153.225693
154.221268
155.215759
156.209244
157.201675
158.193054
159.183395
160.172714
161.160980
162.148209
163.134399
164.119553
165.103653
166.086716
167.068741
168.049728
169.029663
170.008560
170.986420
171.963242
172.939011
173.913742
174.887451
175.860107
176.831726
177.802307
178.771835
179.740326
180.708206
181.675934
182.643463
183.610825
184.578018
185.545029
186.511871
187.478531
188.445023
189.411346
190.377487
191.343460
192.309250
193.274872
194.240311
195.205582
196.170670
197.135605
198.100342
199.064941
200.029327
200.993561
201.957611
202.921478
203.885193
204.848709
205.812057
206.775253
207.738251
208.701096
209.663757
210.626221
211.588531
212.550674
213.512619
214.474411
215.436020
216.397461
217.358734
218.319809
219.280731
220.241470
221.202026
222.162415
223.122650
224.082687
225.042557
226.002258
226.961761
227.921097
228.880280
229.839264
230.798096
231.756760
232.715225
233.673523
234.631653
235.593109
236.561249
237.536133
238.517761
239.506134
240.501236
241.503098
242.511688
243.527008
244.549072
245.577881
246.613403
247.655701
248.704727
249.760483
250.822998
251.892227
252.968201
254.050934
0.000000
1.735638
3.296243
4.681815
5.892354
6.927860
7.876693
8.827211
9.779413
10.733303
11.688878
12.646137
13.605083
14.565713
15.528028
16.492031
17.457718
18.425089
19.394148
20.364889
21.337318
22.311432
23.287231
24.264717
25.243889
26.224745
27.207285
28.191511
29.177423
30.165022
31.154305
32.145271
33.137928
34.132263
35.128292
36.125999
37.125401
38.126472
39.129242
40.133694
41.139835
42.147659
43.157166
44.168358
45.181236
46.195801
47.212051
48.229984
49.249607
50.270912
51.293903
52.318581
53.344948
54.372993
55.402725
56.434143
57.467247
58.502037
59.538509
60.576546
61.615437
62.655064
63.695412
64.736496
65.778305
66.820854
67.864120
68.908134
69.952866
70.998329
72.044525
73.091446
74.139107
75.187492
76.236610
77.286453
78.337036
79.388351
80.440384
81.493156
82.546654
83.600883
84.655846
85.711548
86.767967
87.825119
88.883003
89.941612
91.000961
92.061035
93.121841
94.183372
95.245644
96.308640
97.372368
98.436821
99.502007
100.567924
101.634575
102.701958
103.770073
104.838913
105.908478
106.978783
108.049820
109.121582
110.194069
111.267296
112.341248
113.415932
114.491356
115.567490
116.644363
117.721054
118.796608
119.871033
120.944336
122.016510
123.087555
124.157478
125.226280
126.293945
127.360489
128.425903
129.490204
130.553360
131.615402
132.676331
133.736099
134.794769
135.852310
136.908722
137.964005
139.018158
140.071198
141.123108
142.173889
143.223541
144.272064
145.319458
146.365738
147.410904
148.454926
149.497803
150.539597
151.580231
152.619751
153.658157
154.695419
155.731552
156.766571
157.800476
158.833237
159.864868
160.895370
161.924774
162.953033
163.980164
165.006180
166.031052
167.054810
168.077438
169.098953
170.119339
171.138596
172.156708
173.173248
174.185440
175.192810
176.195374
177.193130
178.186050
179.174179
180.157486
181.135971
182.109650
183.078522
184.042572
185.001831
185.956253
186.905853
187.850662
188.790649
189.725830
190.656189
191.581741
192.502472
193.418396
194.329498
195.235794
196.137268
197.033951
197.925781
198.812820
199.695068
200.572479
201.445084
202.312866
203.175827
204.033997
204.887344
205.735870
206.579590
207.418503
208.252594
209.081879
209.906342
210.725998
211.540848
212.350876
213.156082
213.956482
214.752075
215.542847
216.328812
217.109955
217.886276
218.657806
219.424515
220.186401
220.949493
221.719772
222.497223
223.281891
224.073715
224.872757
225.678970
226.492386
227.312973
228.140762
228.975723
229.817902
230.667252
231.523788
232.387512
233.258453
234.136551
235.021851
235.914352
236.814026
237.720901
238.634949
239.556198
240.484634
241.420258
242.363068
243.313080
244.270279
245.234650
246.206223
247.184967
248.170929
249.164078
250.164398
251.171921
252.186630
