0.975857
0.012072
0.012072
0.012072
0.975857
0.012072
0.012072
0.012072
0.975857
0.000000
1.255228
2.498381
3.729457
4.948457
6.155381
7.350229
8.533002
9.703698
10.862318
12.008862
13.143330
14.265721
15.376037
16.474277
17.560440
18.634529
19.696541
20.746477
21.784336
22.810120
23.823824
24.825459
25.815014
26.792490
27.757896
28.711222
29.652475
30.581648
31.498751
32.403770
33.296715
34.177593
35.046387
35.903103
36.747749
37.580311
38.408192
39.238777
40.072060
40.908047
41.746738
42.588131
43.432224
44.279022
45.128525
45.980724
46.835632
47.693241
48.553551
49.416561
50.282280
51.150696
52.021820
52.895641
53.772167
54.651398
55.533329
56.417957
57.305294
58.195332
59.088078
59.983521
60.881664
61.782513
62.686066
63.592316
64.501274
65.412926
66.327293
67.244354
68.164124
69.086594
70.011757
70.939636
71.870209
72.803482
73.739471
74.678154
75.619545
76.563629
77.510429
78.459923
79.412117
80.367012
81.324623
82.284920
83.247925
84.213638
85.182053
86.153168
87.126465
88.101456
89.078117
90.056465
91.036499
92.018204
93.001587
93.986664
94.973412
95.961845
96.951950
97.943741
98.937210
99.932365
100.929199
101.927704
102.927895
103.929771
104.933319
105.938560
106.945465
107.954063
108.964333
109.976295
110.989929
112.005241
113.022240
114.040916
115.061279
116.083305
117.107025
118.132423
119.159500
120.188255
121.218697
122.250816
123.284615
124.320091
125.357254
126.396095
127.436623
128.478821
129.522705
130.568253
131.615509
132.664429
133.715042
134.767303
135.821274
136.876923
137.934235
138.993256
140.053940
141.116318
142.178223
143.237534
144.294296
145.348450
146.400024
147.449005
148.495407
149.539230
150.580460
151.619095
152.655167
153.688629
154.719528
155.747833
156.773560
157.796692
158.817245
159.835205
160.850586
161.863373
162.873596
163.881226
164.886261
165.888718
166.888580
167.885864
168.880554
169.872665
170.862198
171.849136
172.833496
173.815277
174.794464
175.771057
176.745087
177.716507
178.685349
179.651627
180.615295
181.576385
182.534897
183.490814
184.444138
185.394897
186.343063
187.288635
188.231628
189.172043
190.109863
191.045120
191.977753
192.907837
193.835312
194.760208
195.686432
196.617813
197.554428
198.496216
199.443207
200.395401
201.352783
202.315369
203.283142
204.256119
205.234299
206.217667
207.206238
208.199997
209.198959
210.203125
211.212479
212.227036
213.246780
214.271713
215.301880
216.337204
217.377747
218.423477
219.474411
220.530548
221.591858
222.658386
223.730103
224.807022
225.889145
226.976440
228.068954
229.166656
230.269562
231.377655
232.490952
233.609436
234.733139
235.862030
236.996109
238.135376
239.279846
240.429535
241.584396
242.744476
243.909729
245.080185
246.255844
247.436707
248.622757
249.814011
251.010452
252.212097
253.215607
253.817719
254.018417
0.000000
0.000000
0.000000
0.828164
2.216941
3.591608
4.952166
6.298615
7.630955
8.949186
10.253309
11.543323
12.819226
14.081022
15.328710
16.562284
17.781755
18.987114
20.178366
21.355503
22.518538
23.667459
24.802275
25.922979
27.029575
28.122065
29.200441
30.264711
31.314869
32.350922
33.372860
34.380695
35.374424
36.354034
37.319542
38.270943
39.208229
40.131405
41.040478
41.935440
42.816292
43.683033
44.535671
45.374191
46.198608
47.017788
47.840611
48.667068
49.497169
50.330906
51.168282
52.009304
52.853954
53.702251
54.554188
55.409763
56.268978
57.131828
57.998322
58.868450
59.742222
60.619633
61.500679
62.385372
63.273697
64.165665
65.061272
65.960518
66.863403
67.769928
68.680084
69.593887
70.511337
71.432411
72.357132
73.285500
74.217499
75.153137
76.092407
77.035324
77.981880
78.932076
79.885910
80.843384
81.804504
82.769257
83.737640
84.709679
85.685349
86.664658
87.647598
88.634193
89.624420
90.618286
91.615799
92.616943
93.621735
94.629814
95.639091
96.649231
97.660225
98.672073
99.684776
100.698334
101.712761
102.728035
103.744164
104.761147
105.778992
106.797691
107.817245
108.837662
109.858925
110.881050
111.904022
112.927864
113.952553
114.978104
116.004509
117.031776
118.059891
119.088860
120.118698
121.149376
122.180923
123.213318
124.246574
125.280685
126.315651
127.351471
128.388153
129.425690
130.464081
131.503342
132.543442
133.584396
134.626221
135.668900
136.712418
137.756805
138.802032
139.848129
140.895096
141.942902
142.991577
144.041092
145.091476
146.142715
147.194794
148.247742
149.300171
150.350769
151.399536
152.446426
153.491470
154.534668
155.576004
156.615494
157.653152
158.688919
159.722870
160.754944
161.785187
162.813568
163.840088
164.864777
165.887604
166.908600
167.927719
168.944992
169.960419
170.973999
171.985718
172.995575
174.003601
175.009781
176.014099
177.016556
178.017181
179.015945
180.012848
181.007904
182.001129
182.992477
183.981995
184.969650
185.955460
186.939407
187.921509
188.901764
189.880157
190.856705
191.831406
192.804260
193.775253
194.744400
195.711685
196.677124
197.640717
198.602448
199.562347
200.520370
201.477112
202.435715
203.396744
204.360214
205.326080
206.294403
207.265106
208.238266
209.213837
210.191833
211.172256
212.155090
213.140350
214.128052
215.118164
216.110703
217.105652
218.103043
219.102844
220.105072
221.109726
222.116806
223.126312
224.138229
225.152573
226.169342
227.188538
228.210159
229.234192
230.260651
231.289551
232.320862
233.354599
234.390747
235.429321
236.470322
237.513748
238.559601
239.607880
240.658585
241.711700
242.767242
243.825211
244.885590
245.948410
247.013657
248.081299
249.151398
250.223892
251.298828
252.376190
253.455963
254.538177
255.000000
0.000000
1.365726
2.711487
4.037285
5.343120
6.628989
7.894896
9.140839
10.366819
11.572835
12.758886
13.924974
15.071098
16.197258
17.303455
18.389688
19.455959
20.502264
21.528608
22.534985
23.521400
24.487850
25.434338
26.360861
27.267420
28.154015
29.020649
29.867317
30.706566
31.550941
32.400444
33.255070
34.114822
34.979702
35.849709
36.724838
37.605091
38.490475
39.380985
40.276619
41.177380
42.083267
42.994278
43.910412
44.831676
45.758068
46.689583
47.626225
48.567989
49.514885
50.466900
51.424046
52.386318
53.353714
54.326241
55.303886
56.286659
57.274559
58.267586
59.265732
60.269012
61.277412
62.290943
63.309601
64.333382
65.362289
66.396324
67.435486
68.479767
69.529167
70.583702
71.643379
72.708153
73.778069
74.853111
75.933281
77.018570
78.108986
79.204529
80.305191
81.410995
82.521919
83.637955
84.759132
85.881874
87.002625
88.121384
89.238159
90.352943
91.465736
92.576546
93.685356
94.792183
95.897018
96.999870
98.100731
99.199608
100.296486
101.391373
102.484276
103.575195
104.664116
105.751045
106.835991
107.918953
108.999924
110.078903
111.155891
112.230888
113.303902
114.374916
115.443954
116.511002
117.576057
118.639122
119.700188
120.759285
121.816376
122.871483
123.924606
124.975731
126.024872
127.072021
128.117188
129.160355
130.201553
131.240738
132.277954
133.313171
134.346390
135.377625
136.406876
137.434143
138.459396
139.482681
140.503983
141.523285
142.540604
143.555923
144.569260
145.580872
146.591049
147.599762
148.607025
149.612869
150.617233
151.620163
152.621658
153.621689
154.620270
155.617416
156.613098
157.607346
158.600143
159.591476
160.581390
161.569839
162.556839
163.542404
164.526505
165.509155
166.490372
167.470154
168.448456
169.425339
170.400742
171.374725
172.347260
173.318344
174.287964
175.256134
176.222885
177.188171
178.152008
179.114395
180.075348
181.034836
181.992889
182.949478
183.904648
184.858353
185.810608
186.761414
187.710785
188.658691
189.605148
190.550171
191.493729
192.435867
193.376526
194.315765
195.253540
196.189865
197.124756
198.058197
198.990189
199.921661
200.853577
201.785934
202.718719
203.651947
204.585602
205.519699
206.454224
207.389191
208.324585
209.260422
210.196701
211.133392
212.070541
213.008118
213.946121
214.884583
215.823456
216.762772
217.702530
218.642715
219.583328
220.524384
221.465881
222.407806
223.350174
224.292984
225.236206
226.179886
227.123978
228.068527
229.013504
229.958923
230.904770
231.851044
232.797760
233.744919
234.692505
235.640518
236.588989
237.537872
238.487213
239.436981
240.387177
241.337799
242.288879
243.240372
244.192322
245.144699
246.097504
247.050751
248.004440
248.958557
249.913101
250.868103
251.823517
252.659683
253.256973
253.615326
253.734787
