0.927247
0.036376
0.036376
0.036376
0.927247
0.036376
0.036376
0.036376
0.927247
0.000000
0.970972
1.938181
2.901626
3.861308
4.817227
5.769382
6.717773
7.662402
8.603267
9.540368
10.473706
11.404304
12.333182
13.260343
14.185783
15.109507
16.031511
16.951796
17.870361
18.787210
19.702339
20.615751
21.527443
22.437416
23.345673
24.252209
25.157024
26.060123
26.961504
27.861166
28.759108
29.655336
30.549841
31.442627
32.333694
33.223045
34.110680
34.996590
35.880783
36.763260
37.644016
38.523056
39.400372
40.275970
41.149853
42.022018
42.892464
43.761196
44.628204
45.493484
46.357056
47.218910
48.079041
48.937462
49.794155
50.649132
51.502392
52.353924
53.203751
54.051849
54.899513
55.749874
56.603073
57.459106
58.317978
59.179684
60.044231
60.911613
61.781834
62.654892
63.530781
64.409515
65.291084
66.175484
67.062729
67.952812
68.845726
69.741478
70.640068
71.541496
72.445763
73.352867
74.262802
75.175575
76.091202
77.009644
77.930931
78.855057
79.782013
80.711815
81.644455
82.579926
83.518234
84.459381
85.403366
86.350189
87.299843
88.252350
89.207680
90.165848
91.126854
92.090706
93.057381
94.026894
94.999252
95.974442
96.952484
97.933342
98.917046
99.903091
100.888504
101.872780
102.855911
103.837921
104.818802
105.798553
106.777168
107.754646
108.730995
109.706215
110.680290
111.653244
112.625069
113.595757
114.565315
115.533730
116.501022
117.467171
118.432198
119.396088
120.358856
121.320473
122.280975
123.240341
124.198570
125.155663
126.111633
127.066460
128.020157
128.972733
129.924164
130.874466
131.823639
132.771667
133.718582
134.664352
135.608994
136.552490
137.494873
138.436111
139.376236
140.315201
141.253052
142.189774
143.125351
144.059799
144.993103
145.925308
146.856384
147.787399
148.718704
149.650314
150.582245
151.514481
152.447037
153.379883
154.313034
155.246506
156.180283
157.114365
158.048752
158.983459
159.918457
160.853790
161.789398
162.725342
163.661591
164.598145
165.535004
166.472168
167.409653
168.347443
169.285538
170.223938
171.162659
172.101669
173.041000
173.980621
174.920578
175.860825
176.801392
177.742279
178.683456
179.624939
180.566742
181.508850
182.451248
183.393967
184.337006
185.280334
186.223999
187.167938
188.112198
189.056793
190.001663
190.946854
191.892349
192.838165
193.797455
194.783447
195.796127
196.835480
197.901520
198.994232
200.113632
201.259720
202.432495
203.631958
204.858093
206.110916
207.390427
208.696609
210.029480
211.389038
212.775284
214.188202
215.627808
217.094101
218.587067
220.106735
221.653061
223.226089
224.825806
226.452194
228.105270
229.785034
231.491486
233.224594
234.984406
236.770920
238.584091
240.423950
242.290482
244.183716
246.103622
248.050232
250.023514
252.023468
254.050110
255.000000
255.000000
255.000000
255.000000
255.000000
255.000000
0.000000
1.109513
2.250206
3.422080
4.625134
5.859369
7.124784
8.421380
9.749157
11.108114
12.498250
13.898598
15.288181
16.667004
18.035063
19.392361
20.738895
22.074667
23.399677
24.713923
26.017408
27.310133
28.592093
29.863291
31.123728
32.373402
33.612312
34.840458
36.057846
37.264473
38.460331
39.645432
40.819771
41.983341
43.136150
44.278202
45.409492
46.530014
47.639782
48.738781
49.827019
50.904491
51.971203
53.027157
54.072342
55.106766
56.130432
57.143333
58.145477
59.136852
60.117466
61.089447
62.065578
63.047985
64.036674
65.031631
66.032875
67.040398
68.054192
69.074257
70.100616
71.133240
72.172150
73.217339
74.268791
75.326538
76.390556
77.460854
78.537422
79.620277
80.709404
81.804810
82.906487
84.014458
85.128693
86.249207
87.376007
88.509079
89.648430
90.794060
91.945961
93.104149
94.268608
95.439339
96.616364
97.799652
98.989235
100.185074
101.387207
102.595612
103.810295
105.031258
106.253693
107.472786
108.688545
109.900970
111.110062
112.315819
113.518242
114.717316
115.913071
117.105484
118.294563
119.480301
120.662712
121.841782
123.017525
124.189919
125.358986
126.524712
127.687119
128.846176
130.001907
131.154297
132.303345
133.449066
134.591446
135.730499
136.866211
137.998596
139.127625
140.253326
141.375702
142.494736
143.610443
144.722809
145.831833
146.937531
148.039886
149.138916
150.234604
151.326950
152.415955
153.501450
154.583420
155.661865
156.736816
157.808228
158.876114
159.940491
161.001343
162.058670
163.112488
164.162781
165.209534
166.252792
167.292526
168.328735
169.361420
170.390594
171.416229
172.438370
173.456970
174.472061
175.483627
176.491669
177.496185
178.497192
179.494675
180.488647
181.479080
182.466003
183.449402
184.429276
185.405640
186.378479
187.347794
188.313599
189.275864
190.234619
191.189850
192.141571
193.089767
194.031601
194.964249
195.887726
196.802002
197.707092
198.602997
199.489716
200.367264
201.235611
202.094772
202.944733
203.785522
204.617126
205.439529
206.252747
207.056793
207.851639
208.637299
209.413788
210.181076
210.939178
211.688095
212.427826
213.158371
213.879730
214.591904
215.294876
215.988678
216.673279
217.348709
218.014938
218.671982
219.319855
219.958527
220.588013
221.208328
221.819443
222.421356
223.014099
223.597656
224.172012
224.737198
225.293198
225.839996
226.377609
226.906052
227.425293
227.935364
228.436234
228.927917
229.410416
229.883713
230.347855
230.802780
231.248535
231.685104
232.112473
232.530670
232.939667
233.339493
233.730103
234.111557
234.483826
234.846878
235.200760
235.545471
235.880981
236.207291
236.524429
236.832382
237.131134
237.420715
237.701111
237.972305
238.234329
238.487152
238.730789
238.965240
239.190506
239.406586
239.613464
239.811188
239.999710
0.000000
2.905266
5.532945
7.883039
9.955547
11.750469
13.396909
15.023977
16.631674
18.219995
19.788946
21.338522
22.868727
24.379559
25.871016
27.343102
28.795816
30.229155
31.643122
33.037716
34.412933
35.768780
37.105251
38.422356
39.720089
40.998444
42.257427
43.497032
44.717274
45.918137
47.099625
48.261742
49.404488
50.527863
51.631859
52.716488
53.781742
54.828594
55.878555
56.940411
58.014164
59.099804
60.197350
61.306789
62.428123
63.561352
64.706474
65.863503
67.032417
68.213226
69.405937
70.610542
71.827042
73.055443
74.295723
75.547920
76.811996
78.087982
79.375854
80.675629
81.987297
83.310860
84.646309
85.993675
87.352921
88.724068
90.107101
91.502045
92.908875
94.325668
95.740753
97.152191
98.559982
99.964142
101.364647
102.761513
104.154732
105.544296
106.930229
108.312523
109.691162
111.066154
112.437508
113.805214
115.169281
116.529701
117.886467
119.239601
120.589081
121.934921
123.277130
124.615685
125.950577
127.281845
128.609467
129.933456
131.253769
132.570450
133.883499
135.192902
136.498642
137.799744
139.093628
140.380234
141.659531
142.931519
144.196228
145.453629
146.703735
147.946518
149.182022
150.410217
151.631119
152.844727
154.051025
155.250031
156.441742
157.626144
158.803253
159.973053
161.135574
162.290787
163.438690
164.579300
165.712601
166.838623
167.957336
169.068756
170.172867
171.269669
172.359192
173.441406
174.516327
175.583221
176.641418
177.690918
178.731705
179.763779
180.787140
181.801788
182.807755
183.804977
184.793503
185.773331
186.744431
187.706833
188.660522
189.605499
190.541763
191.469330
192.388168
193.298325
194.199753
195.092468
195.976486
196.851776
197.718384
198.576263
199.425446
200.265915
201.097656
201.920715
202.735046
203.540665
204.337585
205.125809
205.905304
206.676086
207.438171
208.191544
208.936203
209.672150
210.399399
211.117935
211.827744
212.528854
213.221268
213.904968
214.579956
215.246231
215.903793
216.552643
217.192795
217.824219
218.446960
219.060974
219.666290
220.262894
220.850769
221.429962
222.000427
222.562195
223.115250
223.659592
224.195221
224.722153
225.240356
225.749863
226.250656
226.742737
227.226120
227.700790
228.166748
228.624008
229.072525
229.512360
229.943481
230.365891
230.779602
231.184586
231.580872
231.968430
232.347305
232.717453
233.078903
233.431625
233.775650
234.110977
234.437576
234.755478
235.064651
235.365143
235.656906
235.939972
236.214310
236.479950
236.736893
236.985107
237.224609
237.455414
237.677505
237.890884
238.095566
238.291519
238.478775
238.657318
238.827148
238.988266
239.140701
239.284409
239.419403
239.545685
239.663269
239.772141
239.872299
239.963745
240.046478
240.120514
240.185837
240.242447
240.290344
240.329529
240.360031
240.381790
240.394867
240.399216
