0.983901
0.008050
0.008050
0.008050
0.983901
0.008050
0.008050
0.008050
0.983901
0.000000
0.959456
1.918417
2.876882
3.834851
4.792325
5.749302
6.705784
7.661771
8.617261
9.572256
10.526755
11.480759
12.434267
13.387279
14.339795
15.291817
16.243341
17.194370
18.144903
19.094940
20.044483
20.993530
21.942080
22.890133
23.837694
24.784758
25.731325
26.677395
27.622971
28.568052
29.512638
30.456728
31.400322
32.343418
33.286018
34.228127
35.169739
36.110851
37.051472
37.991592
38.931221
39.870354
40.808990
41.747128
42.684772
43.621925
44.558575
45.494736
46.430397
47.365559
48.300236
49.234406
50.168083
51.101269
52.033955
52.966148
53.897842
54.829044
55.759747
56.689957
57.619671
58.548889
59.477612
60.405838
61.333569
62.260807
63.187542
64.113785
65.039528
65.964790
66.889542
67.813797
68.737564
69.661835
70.587624
71.514938
72.443764
73.374107
74.305962
75.239334
76.174232
77.110641
78.048561
78.988007
79.928963
80.871437
81.815430
82.760941
83.707962
84.656509
85.606567
86.558136
87.511238
88.465843
89.421967
90.379608
91.338768
92.299438
93.261635
94.225342
95.190567
96.157310
97.125572
98.095345
99.066643
100.039452
101.013779
101.989616
102.966972
103.945854
104.926247
105.908150
106.891579
107.876518
108.862984
109.850952
110.840446
111.831451
112.823860
113.817337
114.811882
115.807487
116.804169
117.801903
118.800713
119.800583
120.801514
121.803513
122.806572
123.810699
124.815903
125.822159
126.829491
127.837875
128.847336
129.857849
130.869446
131.882095
132.895798
133.910583
134.926437
135.943344
136.961319
137.980377
139.000473
140.021652
141.043884
142.067184
143.091568
144.116989
145.143494
146.171051
147.199692
148.229370
149.260147
150.291962
151.324844
152.358810
153.393829
154.429916
155.467072
156.505295
157.544556
158.584610
159.623596
160.661240
161.697525
162.732468
163.766037
164.798279
165.829147
166.858688
167.886841
168.913666
169.939133
170.963242
171.986008
173.007401
174.027451
175.046158
176.063507
177.079498
178.094147
179.107437
180.119370
181.129959
182.139191
183.147049
184.153595
185.158752
186.162582
187.165039
188.166168
189.165924
190.164322
191.161392
192.157089
193.151428
194.144440
195.136078
196.126373
197.115311
198.102890
199.089127
200.074005
201.057526
202.039703
203.020523
204.000229
204.983627
205.972733
206.967529
207.967987
208.974167
209.986038
211.003601
212.026855
213.055801
214.090439
215.130783
216.176804
217.228516
218.285934
219.349030
220.417847
221.492340
222.572525
223.658401
224.749969
225.847244
226.950211
228.058868
229.173218
230.293259
231.418976
232.550415
233.687531
234.830353
235.978867
237.133057
238.292969
239.458542
240.629822
241.806808
242.989471
244.177826
245.371872
246.571625
247.777069
248.988205
250.205032
251.427551
252.655762
253.889679
254.508057
0.000000
1.100813
2.199670
3.296573
4.391521
5.484515
6.575553
7.664637
8.751765
9.836939
10.920158
12.001422
13.080731
14.158087
15.233486
16.306929
17.378420
18.447956
19.515535
20.581161
21.644833
22.706549
23.766310
24.824116
25.879967
26.933865
27.985804
29.035791
30.083824
31.129900
32.174026
33.216190
34.256405
35.294662
36.330963
37.365314
38.397709
39.428143
40.456627
41.483158
42.507729
43.530350
44.551018
45.569721
46.586475
47.601276
48.614124
49.625015
50.633953
51.640926
52.645950
53.649025
54.650143
55.649303
56.646507
57.641754
58.635052
59.626396
60.615784
61.603218
62.590237
63.578400
64.567711
65.558151
66.549728
67.542458
68.536316
69.531311
70.527451
71.524734
72.523155
73.522713
74.523407
75.525246
76.528229
77.532349
78.537598
79.543999
80.551529
81.560204
82.570023
83.580978
84.593063
85.606308
86.620674
87.636185
88.652840
89.670631
90.689560
91.709633
92.730843
93.753189
94.776672
95.801300
96.827072
97.853973
98.882034
99.911217
100.941544
101.972824
103.004692
104.037125
105.070122
106.103699
107.137833
108.172546
109.207825
110.243675
111.280090
112.317078
113.354637
114.392761
115.431450
116.470718
117.510551
118.550957
119.591927
120.633461
121.675583
122.718262
123.761505
124.805321
125.849709
126.894669
127.940201
128.986282
130.032959
131.080185
132.127991
133.176361
134.225311
135.274811
136.324890
137.375549
138.426758
139.478531
140.530899
141.583817
142.636856
143.688049
144.737198
145.784302
146.829361
147.872391
148.913376
149.952316
150.989212
152.024063
153.056885
154.087662
155.116379
156.143097
157.167725
158.190338
159.210907
160.229431
161.245911
162.260345
163.272751
164.283112
165.291412
166.297699
167.301926
168.304108
169.304260
170.302368
171.298431
172.292450
173.284439
174.274384
175.262283
176.248138
177.231949
178.213715
179.193451
180.171127
181.146790
182.120499
183.093094
184.064789
185.035583
186.005478
186.974472
187.942566
188.909744
189.876053
190.841446
191.805939
192.769516
193.732224
194.694031
195.654922
196.614914
197.574020
198.532196
199.489502
200.445908
201.401398
202.356003
203.309708
204.262497
205.214401
206.165405
207.115509
208.064713
209.013000
209.960388
210.906891
211.852509
212.797195
213.741013
214.683899
215.625900
216.567001
217.507217
218.446518
219.384888
220.322037
221.257782
222.192108
223.125015
224.056519
224.986618
225.915298
226.842575
227.768433
228.692871
229.615921
230.537552
231.457764
232.376572
233.293976
234.209961
235.124542
236.037689
236.949448
237.859802
238.768738
239.676254
240.582367
241.487076
242.390366
243.292252
244.192719
245.091766
245.989426
246.885651
247.780487
248.673904
249.565918
250.456512
251.345688
252.233475
253.119827
254.004791
254.888321
0.000000
1.035242
2.072539
3.111892
4.153299
5.196760
6.242278
7.289849
8.339477
9.391158
10.444894
11.500685
12.558533
13.618433
14.680389
15.744399
16.810465
17.878586
18.948763
20.020992
21.095278
22.171619
23.250015
24.330465
25.412971
26.497530
27.584146
28.672817
29.763542
30.856321
31.951155
33.048046
34.146992
35.247997
36.351051
37.456158
38.563320
39.672543
40.783817
41.897144
43.012527
44.129971
45.249462
46.371014
47.494614
48.620270
49.746273
50.870899
51.994148
53.116028
54.236530
55.355663
56.473415
57.589798
58.704807
59.818436
60.930695
62.041580
63.151093
64.259232
65.365990
66.471382
67.575401
68.678040
69.779305
70.879204
71.977715
73.074860
74.170639
75.265030
76.358047
77.449699
78.539978
79.628876
80.716400
81.802559
82.887329
83.970734
85.052765
86.133430
87.212708
88.290619
89.367149
90.442314
91.516098
92.588509
93.659546
94.729218
95.797508
96.864418
97.929970
98.994133
100.056923
101.118347
102.178391
103.237061
104.294373
105.350349
106.405396
107.459557
108.512840
109.565239
110.616760
111.667397
112.717155
113.766037
114.814041
115.861153
116.907394
117.952744
118.997223
120.040817
121.083527
122.125366
123.166321
124.206390
125.245583
126.283890
127.321320
128.357880
129.393539
130.428314
131.462234
132.495255
133.527405
134.558670
135.589050
136.618546
137.647171
138.674927
139.701782
140.727753
141.752853
142.777084
143.800415
144.822876
145.844452
146.865143
147.884964
148.903900
149.921951
150.939117
151.955429
152.970825
153.985367
154.999008
156.011780
157.023666
158.034668
159.044205
160.051697
161.057129
162.060501
163.061829
164.061096
165.058304
166.053482
167.046570
168.037643
169.026627
170.013580
170.998474
171.981293
172.962082
173.940811
174.917480
175.892105
176.864670
177.835175
178.803635
179.770020
180.734390
181.696671
182.656906
183.615082
184.571213
185.525299
186.477325
187.427277
188.375198
189.321060
190.264862
191.206619
192.146317
193.083954
194.019531
194.953064
195.884552
196.813980
197.741348
198.666656
199.589935
200.511139
201.430298
202.347382
203.262436
204.175415
205.086365
205.995239
206.902069
207.806854
208.709763
209.610825
210.510010
211.407349
212.302826
213.196457
214.088211
214.978119
215.866165
216.752350
217.636688
218.519150
219.399750
220.278503
221.155396
222.030426
222.903610
223.774918
224.644379
225.511978
226.377701
227.241592
228.103607
228.963760
229.822067
230.678513
231.533096
232.385834
233.236694
234.085709
234.932846
235.778137
236.621567
237.463150
238.302856
239.140717
239.976715
240.810867
241.643143
242.473557
243.302109
244.128815
244.953659
245.776642
246.597763
247.417038
248.234451
249.050003
249.863693
250.675522
251.485489
252.193420
252.699066
253.002457
253.103592
