0.987021
0.006489
0.006489
0.006489
0.987021
0.006489
0.006489
0.006489
0.987021
0.000000
0.752466
1.512242
2.279328
3.053724
3.835429
4.624444
5.420768
6.224403
7.035347
7.853600
8.679164
9.512037
10.352220
11.199712
12.054514
12.916627
13.786048
14.662779
15.546821
16.438171
17.336832
18.242800
19.156080
20.076672
21.004570
21.939777
22.882298
23.832125
24.789263
25.753712
26.725470
27.704538
28.687746
29.671932
30.657093
31.643232
32.630344
33.618435
34.607502
35.597542
36.588558
37.580555
38.573524
39.567467
40.562389
41.558285
42.555161
43.553009
44.551834
45.551632
46.552410
47.554165
48.556892
49.560596
50.565277
51.570930
52.577564
53.585175
54.593761
55.603321
56.613853
57.625366
58.637852
59.651321
60.665760
61.681175
62.697567
63.714935
64.733284
65.752602
66.772888
67.794159
68.816414
69.839630
70.863831
71.889008
72.915154
73.942284
74.970390
75.999466
77.029472
78.059586
79.089424
80.119011
81.148346
82.177414
83.206223
84.234779
85.263077
86.291115
87.318886
88.346405
89.373665
90.400665
91.427414
92.453896
93.480118
94.506096
95.531799
96.557251
97.582443
98.607376
99.632050
100.656471
101.680626
102.704529
103.728172
104.751549
105.774673
106.797539
107.820145
108.842499
109.864586
110.886414
111.907982
112.929298
113.950363
114.971153
115.991692
117.011971
118.031998
119.051750
120.071259
121.090508
122.109489
123.128212
124.146690
125.164902
126.182854
127.200310
128.215790
129.229050
130.240097
131.248932
132.255539
133.259949
134.262115
135.262085
136.259842
137.255371
138.248703
139.239792
140.228683
141.215347
142.199814
143.182053
144.162079
145.139877
146.115479
147.088852
148.060013
149.028946
149.995682
150.960190
151.922485
152.882568
153.840424
154.796082
155.749512
156.700729
157.649719
158.596512
159.541077
160.483429
161.423584
162.361481
163.297195
164.230682
165.161972
166.091019
167.017853
167.942474
168.864883
169.785095
170.703079
171.618820
172.532379
173.443695
174.354935
175.271240
176.192810
177.119690
178.051865
178.989319
179.932083
180.880142
181.833496
182.792145
183.756088
184.725327
185.699860
186.679688
187.664810
188.655228
189.650940
190.651962
191.658249
192.669846
193.686752
194.708939
195.736420
196.769211
197.807281
198.850647
199.899307
200.953262
202.012527
203.077072
204.146927
205.222061
206.302490
207.388214
208.479248
209.575577
210.677200
211.784103
212.896317
214.013824
215.136612
216.264694
217.398087
218.536774
219.680740
220.830032
221.984589
223.144455
224.309631
225.465393
226.597046
227.704590
228.788071
229.847412
230.882675
231.893845
232.880920
233.843887
234.782761
235.697525
236.588196
237.454773
238.297256
239.115631
239.909912
240.680084
241.426178
242.148148
242.846039
243.519821
244.169510
244.795105
245.396591
245.973999
246.527283
247.056488
247.561569
0.000000
1.008445
2.014467
3.018067
4.019245
5.018000
6.014332
7.008242
7.999731
8.988797
9.975439
10.959660
11.941458
12.920834
13.897786
14.872317
15.844426
16.814114
17.781376
18.746216
19.708635
20.668633
21.626205
22.581358
23.534086
24.484392
25.432276
26.377739
27.320780
28.263943
29.209795
30.158325
31.109537
32.063427
33.020004
33.979259
34.941196
35.905811
36.873112
37.843090
38.815754
39.791092
40.769115
41.749821
42.733204
43.719269
44.708012
45.699444
46.693554
47.690346
48.689816
49.691971
50.696804
51.704319
52.714512
53.727386
54.742947
55.761189
56.782104
57.805706
58.831985
59.860947
60.892590
61.926918
62.963928
64.003616
65.045990
66.091034
67.138763
68.189171
69.242271
70.298042
71.356491
72.417633
73.481453
74.547951
75.617126
76.688980
77.763390
78.837288
79.909447
80.979851
82.048508
83.115425
84.180595
85.244019
86.305687
87.365608
88.423790
89.480225
90.534912
91.587852
92.639053
93.688492
94.736198
95.782143
96.826347
97.868813
98.909523
99.948486
100.985710
102.021179
103.054901
104.086884
105.117111
106.145599
107.172340
108.197327
109.220573
110.242073
111.261818
112.279823
113.296074
114.310585
115.323357
116.334366
117.343636
118.351166
119.356949
120.360977
121.363251
122.363785
123.362572
124.359612
125.354912
126.348465
127.340263
128.330322
129.318756
130.306458
131.293533
132.280029
133.265884
134.251160
135.235809
136.219849
137.203278
138.186127
139.168335
140.149948
141.130951
142.111343
143.091110
144.070282
145.048859
146.026810
147.004150
147.980896
148.957016
149.932541
150.907440
151.881760
152.855453
153.828522
154.801010
155.772873
156.744125
157.714783
158.684799
159.654236
160.623062
161.591278
162.558884
163.525864
164.492264
165.458038
166.423203
167.387772
168.351715
169.315048
170.277786
171.239914
172.201416
173.162323
174.122620
175.082306
176.041382
176.999847
177.958450
178.918915
179.881332
180.845703
181.812042
182.780334
183.750580
184.722809
185.696960
186.673096
187.651184
188.631226
189.613235
190.597198
191.583099
192.570984
193.560822
194.552612
195.546371
196.542084
197.539764
198.539383
199.540955
200.544510
201.550018
202.557480
203.566895
204.578278
205.591614
206.606903
207.624161
208.643372
209.664536
210.687653
211.712753
212.739792
213.768814
214.799774
215.832687
216.867554
217.904404
218.943207
219.983948
221.026657
222.071335
223.117966
224.166550
225.217102
226.269608
227.324066
228.374359
229.414429
230.444244
231.463806
232.473114
233.472168
234.460983
235.439529
236.407837
237.365891
238.313690
239.251236
240.178543
241.095581
242.002380
242.898941
243.785217
244.661270
245.527069
246.382614
247.227890
248.062927
248.887711
249.702255
250.506531
251.300568
252.084335
252.857880
0.000000
0.717464
1.450009
2.197633
2.960337
3.738121
4.530985
5.338929
6.161952
7.000057
7.853240
8.721504
9.604847
10.503271
11.416775
12.345358
13.289022
14.247765
15.221588
16.210493
17.214474
18.233538
19.267681
20.316904
21.374218
22.432629
23.492136
24.552744
25.614449
26.677252
27.741152
28.806152
29.872250
30.939445
32.007740
33.077133
34.147621
35.219208
36.291897
37.365681
38.440563
39.516548
40.593624
41.671803
42.751080
43.831455
44.912930
45.995499
47.079170
48.163937
49.249798
50.336761
51.424824
52.513985
53.604244
54.695595
55.788052
56.881603
57.976257
59.072002
60.168850
61.266796
62.365837
63.465977
64.567230
65.669563
66.772995
67.877533
68.983162
70.089897
71.197723
72.306656
73.416054
74.522072
75.624100
76.722115
77.816132
78.906151
79.992165
81.074181
82.152191
83.226196
84.296204
85.362213
86.424217
87.482216
88.536224
89.586220
90.632217
91.674217
92.712212
93.746201
94.776192
95.802185
96.824173
97.842148
98.856133
99.866119
100.872101
101.874077
102.872055
103.866028
104.855995
105.841965
106.823944
107.801918
108.775879
109.745842
110.711800
111.673759
112.631721
113.585678
114.535645
115.481598
116.423531
117.361488
118.295433
119.225388
120.151329
121.073265
121.991219
122.907967
123.826408
124.746506
125.668282
126.591713
127.516808
128.443573
129.371994
130.302094
131.233826
132.167252
133.102341
134.039093
134.977509
135.917587
136.859329
137.802734
138.747803
139.694550
140.642944
141.593018
142.544739
143.498138
144.453201
145.409927
146.368332
147.328384
148.290100
149.253479
150.218536
151.185257
152.153625
153.123672
154.095383
155.068756
156.043793
157.020493
157.998871
158.978897
159.960602
160.943954
161.928986
162.915680
163.904037
164.894058
165.885742
166.879074
167.874115
168.870972
169.870941
170.874207
171.880753
172.890564
173.903687
174.920090
175.939774
176.962738
177.988998
179.018555
180.051376
181.087509
182.126907
183.169601
184.215576
185.264847
186.317398
187.373230
188.432358
189.494766
190.560471
191.629456
192.701736
193.777283
194.856125
195.938263
197.023682
198.112381
199.204376
200.299652
201.398224
202.500076
203.605209
204.713638
205.825348
206.940338
208.058624
209.180191
210.305054
211.433197
212.564621
213.699341
214.837341
215.978638
217.123199
218.271072
219.422226
220.576660
221.719482
222.835800
223.925629
224.988953
226.025757
227.036072
228.019867
228.977173
229.907974
230.812271
231.690063
232.541351
233.366135
234.164413
234.936188
235.681473
236.400238
237.092499
237.758255
238.397522
239.010269
239.596542
240.156281
240.689529
241.196274
241.676498
242.130249
242.557480
242.958206
243.332428
243.680145
244.001358
244.296066
244.564285
244.805984
245.021194
245.209885
245.372070
