0.937021
0.031490
0.031490
0.031490
0.937021
0.031490
0.031490
0.031490
0.937021
0.000000
1.144891
2.282879
3.413965
4.538149
5.655431
6.765810
7.869288
8.965864
10.055537
11.138310
12.216071
13.290714
14.362240
15.430647
16.495937
17.558107
18.617161
19.673096
20.725912
21.775614
22.822193
23.865656
24.906000
25.943230
26.977339
28.008327
29.036203
30.060955
31.082594
32.101112
33.116512
34.128792
35.137959
36.144005
37.146931
38.146744
39.143436
40.137012
41.127464
42.114803
43.099026
44.080124
45.058109
46.032970
47.004719
47.973351
48.938862
49.901260
50.860535
51.816692
52.769733
53.719650
54.666458
55.610142
56.550709
57.488152
58.422485
59.353695
60.281792
61.206768
62.128632
63.047371
63.963905
64.883743
65.807808
66.736092
67.668594
68.605309
69.546257
70.491417
71.440796
72.394394
73.352211
74.314255
75.280510
76.250984
77.225685
78.204605
79.187737
80.175095
81.166672
82.162476
83.162491
84.166725
85.175171
86.187851
87.204742
88.225853
89.251190
90.280746
91.314522
92.352509
93.394722
94.441154
95.491798
96.546677
97.605774
98.669075
99.736610
100.808365
101.884331
102.964516
104.048927
105.137550
106.230408
107.327469
108.428764
109.534264
110.643997
111.757935
112.876106
113.998489
115.125099
116.255920
117.390961
118.525734
119.655754
120.781013
121.901520
123.017258
124.128242
125.234467
126.335938
127.432655
128.524612
129.611801
130.694244
131.771927
132.844849
133.913025
134.976425
136.035065
137.088974
138.138092
139.182480
140.222076
141.256943
142.287048
143.312393
144.332977
145.348816
146.359879
147.366180
148.367752
149.364548
150.356583
151.343872
152.326385
153.304153
154.277161
155.245407
156.208893
157.167618
158.121613
159.070816
160.015274
160.954987
161.889938
162.820114
163.745560
164.666214
165.582138
166.493301
167.399689
168.301331
169.198196
170.090332
170.978333
171.865982
172.753937
173.642151
174.530670
175.419495
176.308578
177.197952
178.087646
178.977600
179.867844
180.758392
181.649216
182.540329
183.431732
184.323425
185.215408
186.107697
187.000244
187.893097
188.786224
189.679657
190.573364
191.467361
192.361649
193.256226
194.151093
195.046249
195.941696
196.837433
197.733459
198.629761
199.526367
200.423248
201.320435
202.217880
203.115631
204.013687
204.912018
205.810638
206.709534
207.608734
208.508224
209.407974
210.308044
211.208389
212.109024
213.009964
213.911163
214.812668
215.714462
216.616547
217.518921
218.427216
219.347168
220.278748
221.221939
222.176758
223.143204
224.121262
225.110962
226.112274
227.125214
228.149780
229.185944
230.233765
231.293198
232.364243
233.446930
234.541229
235.647156
236.764709
237.893875
239.034683
240.187103
241.351151
242.526825
243.714127
244.913025
246.123566
247.345718
248.579514
249.824921
251.081955
252.350616
253.630905
254.922806
255.000000
0.000000
0.000000
0.703047
1.991227
3.262896
4.518052
5.756698
6.978830
8.184453
9.373563
10.546162
11.702250
12.841824
13.964888
15.071441
16.161480
17.235010
18.292027
19.340174
20.387102
21.432814
22.477306
23.520576
24.562626
25.603456
26.643068
27.681458
28.718630
29.754581
30.789309
31.822821
32.855106
33.886177
34.916031
35.944656
36.972069
37.998257
39.023232
40.046978
41.069504
42.090816
43.110905
44.129776
45.147423
46.163853
47.179058
48.193050
49.205818
50.217369
51.227695
52.236801
53.244690
54.251362
55.256809
56.261036
57.264046
58.265831
59.266399
60.265747
61.263878
62.260784
63.256466
64.250938
65.244186
66.236214
67.227028
68.216606
69.204979
70.192131
71.178825
72.166939
73.156563
74.147705
75.140343
76.134499
77.130165
78.127342
79.126030
80.126213
81.127922
82.131134
83.135857
84.142082
85.149818
86.159073
87.169830
88.182098
89.195877
90.211159
91.227951
92.246262
93.266075
94.287399
95.310226
96.334564
97.360420
98.387779
99.416649
100.447021
101.478912
102.512314
103.547218
104.583633
105.621559
106.660988
107.701935
108.744392
109.788353
110.833824
111.880798
112.929291
113.979294
115.030800
116.083817
117.138336
118.194374
119.251923
120.310982
121.371544
122.433609
123.496773
124.558441
125.618202
126.676056
127.732002
128.786026
129.838150
130.888351
131.936661
132.983047
134.027527
135.070099
136.110764
137.149506
138.186356
139.221283
140.254303
141.285400
142.314606
143.341904
144.367264
145.390732
146.412277
147.431931
148.449677
149.465515
150.479416
151.491425
152.501526
153.509705
154.515991
155.520355
156.522797
157.523346
158.521988
159.518707
160.513504
161.506409
162.497421
163.486496
164.473679
165.458939
166.442291
167.423721
168.403259
169.380875
170.356598
171.330399
172.302292
173.272263
174.240356
175.206497
176.171173
177.134506
178.096481
179.057098
180.016373
180.974304
181.930878
182.886108
183.839966
184.792511
185.743683
186.693527
187.641998
188.589142
189.534927
190.479355
191.422455
192.364182
193.304565
194.243622
195.181305
196.117645
197.052643
197.986282
198.918564
199.849518
200.779114
201.707352
202.634262
203.559799
204.484009
205.406860
206.328369
207.248505
208.167313
209.084778
210.000885
210.915649
211.829041
212.741104
213.651825
214.561172
215.469193
216.375854
217.281174
218.185135
219.087753
219.989014
220.888931
221.787506
222.684723
223.591202
224.517487
225.463593
226.429550
227.415298
228.420898
229.446320
230.491577
231.556656
232.641556
233.746277
234.870850
236.015228
237.179443
238.363495
239.567352
240.791046
242.034576
243.297913
244.581100
245.884109
247.206924
248.549591
249.912079
251.294373
252.696518
254.118500
255.000000
255.000000
255.000000
255.000000
255.000000
255.000000
0.000000
1.142398
2.274671
3.396819
4.508842
5.610741
6.702515
7.784163
8.859849
9.933728
11.005802
12.076072
13.144538
14.211198
15.276052
16.339100
17.400347
18.459789
19.517424
20.573254
21.627281
22.679501
23.729918
24.778524
25.825333
26.870335
27.913530
28.954922
29.994507
31.032293
32.068264
33.102436
34.134808
35.165367
36.194122
37.221077
38.246223
39.269566
40.291103
41.310833
42.328766
43.344891
44.359207
45.371719
46.382427
47.391335
48.398430
49.403721
50.407215
51.408897
52.408775
53.406849
54.403122
55.397583
56.390240
57.381096
58.370148
59.357552
60.346600
61.338654
62.333717
63.331783
64.332855
65.336937
66.344032
67.354126
68.367233
69.383331
70.402458
71.424576
72.449707
73.477844
74.508987
75.543129
76.580284
77.620445
78.663620
79.709801
80.758972
81.811165
82.866364
83.924568
84.985779
86.049995
87.117210
88.187447
89.260674
90.336922
91.416168
92.498421
93.583687
94.671951
95.763237
96.857513
97.954803
99.055099
100.158409
101.264717
102.374031
103.486351
104.601685
105.720024
106.841370
107.965721
109.093071
110.223434
111.356812
112.492485
113.626373
114.757767
115.886658
117.013069
118.136986
119.258400
120.377335
121.493767
122.607719
123.719162
124.828117
125.934593
127.038567
128.140045
129.239029
130.335526
131.429535
132.521057
133.610077
134.696594
135.780624
136.862167
137.941223
139.017776
140.091843
141.163406
142.232498
143.299088
144.363174
145.424774
146.483887
147.540512
148.594635
149.646255
150.695404
151.742050
152.786194
153.827866
154.867035
155.903702
156.937897
157.969589
158.998795
160.025497
161.049713
162.071426
163.090652
164.107407
165.121643
166.132736
167.139053
168.140503
169.137131
170.128891
171.115814
172.097870
173.075089
174.047455
175.014969
175.977646
176.935471
177.888428
178.836548
179.779831
180.718246
181.651810
182.580536
183.504410
184.423431
185.337616
186.246933
187.151398
188.051025
188.945801
189.835724
190.720810
191.601044
192.476410
193.346939
194.212631
195.073441
195.929428
196.780563
197.626846
198.468277
199.304855
200.136581
200.963470
201.785492
202.602692
203.415024
204.222504
205.025146
205.822937
206.615860
207.403946
208.187180
208.965576
209.739105
210.518677
211.315063
212.128296
212.958389
213.805313
214.669083
215.549728
216.447189
217.361511
218.292694
219.240707
220.205582
221.187302
222.185852
223.201263
224.233536
225.282639
226.348602
227.431412
228.531067
229.647568
230.780914
231.931107
233.098160
234.282059
235.482788
236.700378
237.934830
239.186111
240.454239
241.739227
243.041061
244.359756
245.695267
247.047653
248.416870
249.802948
251.205856
252.625626
254.062256
255.000000
255.000000
255.000000
255.000000
255.000000
255.000000
255.000000
255.000000
255.000000
