0.961888
0.019056
0.019056
0.019056
0.961888
0.019056
0.019056
0.019056
0.961888
0.000000
0.902506
1.814150
2.734930
3.664848
4.603903
5.552095
6.509425
7.475893
8.451496
9.436238
10.430117
11.433132
12.445285
13.466576
14.497003
15.536569
16.585270
17.643108
18.710085
19.786200
20.871450
21.965839
23.069363
24.182028
25.297485
26.409401
27.517776
28.622608
29.723898
30.821644
31.915844
33.006504
34.093620
35.177197
36.257229
37.333714
38.406658
39.476063
40.541924
41.604240
42.663017
43.718246
44.769936
45.818077
46.862679
47.903740
48.941261
49.975239
51.005665
52.032555
53.055901
54.075699
55.091965
56.104683
57.113853
58.119484
59.121567
60.120117
61.115124
62.106579
63.094498
64.078873
65.059700
66.036987
67.010735
67.980942
68.947601
69.910713
70.870293
71.826324
72.778809
73.727753
74.673157
75.615013
76.553337
77.488113
78.419334
79.347031
80.271172
81.191780
82.111122
83.031509
83.952934
84.875389
85.798889
86.723419
87.648994
88.575592
89.503242
90.431915
91.361626
92.292381
93.224167
94.156998
95.090858
96.025749
96.961685
97.898651
98.836662
99.775703
100.715782
101.656906
102.599052
103.542236
104.486465
105.431725
106.378029
107.325363
108.273735
109.223145
110.173592
111.125076
112.077591
113.031143
113.985733
114.941360
115.898026
116.855721
117.814461
118.774239
119.735046
120.696892
121.659775
122.623695
123.588654
124.554642
125.521675
126.489738
127.458839
128.428970
129.400162
130.372375
131.345627
132.319901
133.295227
134.271576
135.249084
136.227951
137.208115
138.189590
139.172379
140.156479
141.141907
142.128632
143.116684
144.106064
145.096756
146.088745
147.082047
148.076691
149.072632
150.069870
151.068451
152.068344
153.069550
154.072052
155.075882
156.081039
157.087494
158.095261
159.104370
160.114761
161.126480
162.139526
163.153870
164.169540
165.186508
166.204819
167.224426
168.245331
169.267593
170.291153
171.316010
172.342178
173.369690
174.398514
175.428635
176.460083
177.492844
178.526917
179.562302
180.598999
181.637024
182.676346
183.717010
184.758972
185.802246
186.846848
187.892746
188.939972
189.988495
191.038361
192.087708
193.134689
194.179291
195.221542
196.261459
197.298981
198.334167
199.367004
200.397461
201.425568
202.451309
203.474701
204.495743
205.514420
206.530731
207.544693
208.556290
209.565536
210.572418
211.576935
212.579102
213.578903
214.576370
215.571457
216.564178
217.554565
218.542587
219.528229
220.511536
221.492493
222.471069
223.447281
224.421158
225.392654
226.361816
227.328613
228.293045
229.255127
230.214844
231.172211
232.127197
233.079849
234.030121
234.978058
235.923630
236.866821
237.807678
238.746170
239.682312
240.616089
241.547501
242.476578
243.403259
244.327621
245.249603
246.169235
247.158920
248.291183
249.565979
250.983307
252.543167
254.245590
255.000000
0.000000
1.011623
2.024886
3.039791
4.056336
5.074522
6.094349
7.115818
8.138927
9.163676
10.190066
11.218097
12.247768
13.279082
14.312035
15.346629
16.382864
17.420740
18.460258
19.501415
20.544214
21.588654
22.634733
23.682455
24.731817
25.782818
26.835461
27.889746
28.944546
29.998753
31.052357
32.105366
33.157772
34.209579
35.260792
36.311401
37.361412
38.410824
39.459637
40.507851
41.555466
42.602478
43.648895
44.694714
45.739933
46.784550
47.828564
48.871986
49.914806
50.957027
51.998653
53.039673
54.080097
55.119923
56.159149
57.197777
58.235802
59.273228
60.310059
61.346287
62.381912
63.416946
64.451378
65.485207
66.518448
67.551079
68.583122
69.614555
70.645386
71.675621
72.705261
73.734299
74.762733
75.790581
76.817825
77.844460
78.870506
79.895950
80.920792
81.945038
82.968681
83.991737
85.014175
86.036049
87.057594
88.078949
89.100105
90.121056
91.141815
92.162384
93.182739
94.202911
95.222878
96.242653
97.262215
98.281586
99.300774
100.319748
101.338524
102.357117
103.375496
104.393684
105.411674
106.429459
107.447060
108.464447
109.481659
110.498650
111.515457
112.532059
113.548470
114.564674
115.580688
116.596497
117.612114
118.627541
119.642754
120.657776
121.672600
122.687225
123.701653
124.715889
125.729919
126.743752
127.757385
128.770828
129.784073
130.797119
131.809952
132.822601
133.835068
134.847321
135.859375
136.871231
137.882889
138.894348
139.905609
140.916687
141.927551
142.938141
143.948151
144.957474
145.966156
146.974152
147.981491
148.988159
149.994171
150.999512
152.004166
153.008163
154.011490
155.014175
156.016159
157.017502
158.018173
159.018173
160.017502
161.016159
162.014160
163.011490
164.008163
165.004150
165.999481
166.994156
167.988144
168.981476
169.974152
170.966141
171.957458
172.948135
173.938126
174.927460
175.916122
176.904114
177.891434
178.878113
179.864105
180.849426
181.834091
182.818085
183.801407
184.784073
185.766052
186.747391
187.728043
188.708038
189.687378
190.666016
191.644012
192.621338
193.598007
194.573990
195.549316
196.523972
197.497955
198.471008
199.442474
200.412292
201.380478
202.347031
203.311966
204.275253
205.236923
206.196976
207.155365
208.112137
209.067291
210.020798
210.972672
211.922928
212.871536
213.818542
214.763885
215.707611
216.649704
217.590164
218.529007
219.466202
220.401779
221.335724
222.268021
223.198700
224.127747
225.055176
225.980957
226.905106
227.827637
228.748535
229.667786
230.585434
231.501419
232.415787
233.328537
234.239639
235.149124
236.056961
236.963181
237.867752
238.770706
239.672028
240.571732
241.469788
242.366226
243.261017
244.154175
245.045715
245.935638
246.823898
247.710541
248.595566
249.478943
250.359558
251.236130
252.108734
252.977356
253.841995
0.000000
1.053829
2.110169
3.169019
4.230381
5.294251
6.360634
7.429527
8.500932
9.574845
10.651270
11.730206
12.811653
13.895608
14.982078
16.071054
17.162544
18.256544
19.353056
20.452076
21.553608
22.655891
23.757179
24.857470
25.956760
27.055052
28.152344
29.248638
30.343933
31.438231
32.531528
33.623825
34.715122
35.805424
36.894726
37.983028
39.070332
40.156635
41.241943
42.326248
43.409554
44.491867
45.573174
46.653484
47.732796
48.811108
49.888424
50.964741
52.040062
53.114380
54.187691
55.260017
56.331333
57.401657
58.470982
59.539303
60.606625
61.672947
62.738274
63.802612
64.865936
65.928261
66.989601
68.049927
69.109261
70.167603
71.224937
72.281273
73.336609
74.390945
75.444283
76.496628
77.547974
78.598320
79.647652
80.696007
81.743317
82.789192
83.833427
84.876022
85.916985
86.956314
87.994003
89.030067
90.064484
91.097267
92.128418
93.157936
94.185822
95.212059
96.236671
97.259644
98.280983
99.300682
100.318748
101.335182
102.349976
103.363136
104.374664
105.384552
106.392799
107.399429
108.404404
109.407761
110.409470
111.409546
112.407982
113.404793
114.399963
115.393501
116.385399
117.375664
118.364288
119.351288
120.336639
121.320358
122.302460
123.282898
124.261719
125.238892
126.214439
127.188354
128.160614
129.131271
130.100281
131.067627
132.033371
132.997467
133.959930
134.920761
135.879944
136.837494
137.793869
138.751816
139.711777
140.673752
141.637756
142.603775
143.571808
144.541870
145.513962
146.488068
147.464188
148.442337
149.422485
150.404663
151.388870
152.375107
153.363342
154.353622
155.345886
156.340195
157.336517
158.334854
159.335236
160.337631
161.342010
162.348450
163.356903
164.367371
165.379852
166.394363
167.410889
168.429428
169.450012
170.472595
171.497208
172.523834
173.552475
174.583145
175.615845
176.650543
177.687286
178.726044
179.766800
180.809586
181.854416
182.901245
183.950089
185.000961
186.053848
187.108765
188.165710
189.224655
190.285645
191.348633
192.413635
193.480682
194.546936
195.605545
196.656189
197.698883
198.733627
199.760406
200.779236
201.790100
202.793015
203.787994
204.774994
205.754044
206.725143
207.688278
208.643463
209.590683
210.529968
211.461288
212.384644
213.300049
214.207504
215.107010
215.998550
216.882111
217.757736
218.625412
219.485138
220.336914
221.180710
222.016556
222.844452
223.664383
224.476379
225.280411
226.076477
226.864609
227.644760
228.416977
229.181229
229.937515
230.685867
231.426254
232.158661
232.883148
233.599670
234.308228
235.008835
235.701492
236.386185
237.062927
237.731705
238.392532
239.045410
239.690338
240.327286
240.956299
241.642273
242.450134
243.379898
244.431549
245.605103
246.900528
248.317841
249.857071
251.518173
253.301178
255.000000
255.000000
