0.944947
0.027527
0.027527
0.027527
0.944947
0.027527
0.027527
0.027527
0.944947
0.000000
1.154615
2.276281
3.364996
4.420761
5.443576
6.433442
7.407262
8.381940
9.357476
10.333873
11.311129
12.289244
13.268217
14.248049
15.228740
16.210291
17.192701
18.175972
19.160099
20.145084
21.130930
22.117632
23.105198
24.093622
25.082905
26.073046
27.064045
28.055904
29.048622
30.042198
31.036636
32.031933
33.028088
34.025101
35.022972
36.021702
37.021294
38.021740
39.023048
40.025215
41.028244
42.032131
43.036858
44.041977
45.047310
46.052853
47.058613
48.064583
49.070763
50.077160
51.083767
52.090591
53.097626
54.104870
55.112331
56.120007
57.127892
58.135986
59.144299
60.152821
61.161556
62.170509
63.179668
64.189041
65.198624
66.208427
67.218437
68.228668
69.239113
70.249756
71.260620
72.271698
73.282990
74.294487
75.306206
76.318130
77.330276
78.342628
79.355194
80.368279
81.383720
82.401817
83.422577
84.445992
85.472069
86.500809
87.532204
88.566261
89.602974
90.642349
91.684395
92.729088
93.776436
94.826454
95.879128
96.934464
97.992455
99.053116
100.116417
101.182396
102.251030
103.322327
104.396271
105.472885
106.552155
107.634087
108.718681
109.805931
110.895844
111.988411
113.083641
114.181534
115.282082
116.385292
117.491165
118.599693
119.710258
120.821327
121.932846
123.044800
124.157196
125.270027
126.383308
127.497025
128.611176
129.725784
130.840805
131.956299
133.072220
134.188568
135.305374
136.422607
137.540298
138.658401
139.776978
140.895966
142.015411
143.135300
144.255615
145.376389
146.497589
147.619217
148.741318
149.863831
150.986816
152.110214
153.234055
154.358337
155.483063
156.608231
157.733841
158.859879
159.986374
161.107574
162.217697
163.316803
164.404846
165.481857
166.547806
167.602707
168.646561
169.679382
170.701157
171.711868
172.711548
173.700180
174.677765
175.644318
176.599808
177.544250
178.477661
179.399994
180.311310
181.211578
182.100784
182.978973
183.846085
184.702164
185.547195
186.381180
187.204117
188.016006
188.816849
189.606659
190.385406
191.153122
191.909775
192.655411
193.389969
194.113495
194.825974
195.527405
196.217789
196.897141
197.565414
198.222656
198.868866
199.504028
200.128128
200.741196
201.343201
201.934174
202.514099
203.082977
203.640808
204.187592
204.723328
205.248016
205.761658
206.264267
206.755814
207.236328
207.705795
208.164215
208.611572
209.047913
209.473190
209.887405
210.290588
210.682739
211.063843
211.433884
211.792877
212.140823
212.477737
212.803604
213.118423
213.422180
213.714905
213.996582
214.267212
214.526794
214.775330
215.012833
215.239288
215.454666
215.659042
215.852341
216.034592
216.205811
216.365982
216.515121
216.653183
216.780228
216.896210
217.001144
217.095032
217.177872
217.249680
217.310425
217.360153
217.398804
217.426422
217.442993
217.448517
0.000000
0.834149
1.702282
2.604400
3.540502
4.510589
5.514660
6.552716
7.624757
8.730782
9.870791
11.044785
12.233097
13.416066
14.593693
15.765973
16.932911
18.094503
19.250755
20.401659
21.547218
22.687435
23.822309
24.951836
26.076021
27.194864
28.308359
29.416510
30.519316
31.616781
32.708900
33.795677
34.877110
35.953197
37.023937
38.089336
39.149387
40.204102
41.253464
42.297485
43.336163
44.369495
45.397488
46.420128
47.437431
48.449387
49.455997
50.460514
51.466171
52.472969
53.480915
54.489998
55.500233
56.511604
57.524120
58.537781
59.552589
60.568539
61.585629
62.603867
63.623245
64.643776
65.665428
66.688248
67.712196
68.737289
69.763542
70.790924
71.819450
72.849121
73.879936
74.911903
75.945007
76.979248
78.014641
79.051170
80.088852
81.127670
82.167641
83.208740
84.250992
85.294388
86.338974
87.384819
88.431900
89.480232
90.529823
91.580650
92.632729
93.686058
94.740639
95.796455
96.853531
97.911850
98.971413
100.032234
101.094292
102.157600
103.222160
104.287964
105.355019
106.423325
107.492874
108.563667
109.635712
110.709007
111.783546
112.859337
113.936378
115.014664
116.094200
117.174973
118.257011
119.340286
120.424812
121.510582
122.597603
123.685226
124.772850
125.860466
126.948067
128.035660
129.123245
130.210800
131.298370
132.385895
133.473434
134.560959
135.648468
136.735962
137.823456
138.910919
139.998383
141.085831
142.173279
143.260696
144.348114
145.435516
146.522903
147.610291
148.697662
149.785019
150.872360
151.959702
153.047012
154.134323
155.221619
156.308914
157.396194
158.483444
159.570709
160.657928
161.739944
162.811508
163.872589
164.923233
165.963440
166.993164
168.012451
169.021271
170.019638
171.007568
171.985031
172.952042
173.908600
174.854706
175.790344
176.715530
177.630280
178.534561
179.428391
180.311768
181.184708
182.047165
182.899170
183.740738
184.571838
185.392502
186.202698
187.002441
187.791733
188.570572
189.338943
190.096863
190.844345
191.581375
192.307922
193.024048
193.729706
194.424896
195.109650
195.783951
196.447784
197.101166
197.744095
198.376572
198.998611
199.610153
200.211288
200.801941
201.382141
201.951904
202.511200
203.060043
203.598419
204.126373
204.643860
205.150864
205.647446
206.133560
206.609238
207.074448
207.529190
207.973495
208.407349
208.830750
209.243683
209.646164
210.038193
210.419769
210.790894
211.151566
211.501785
211.841537
212.170837
212.489700
212.798096
213.096024
213.383530
213.660553
213.927139
214.183273
214.428940
214.664154
214.888931
215.103241
215.307083
215.500504
215.683456
215.855942
216.017990
216.169571
216.310684
216.441376
216.561600
216.671371
216.770676
216.859528
216.937943
217.005905
217.063385
217.110443
217.147018
217.173172
217.188843
217.194061
0.000000
1.657565
3.048649
4.173252
5.166342
6.162890
7.162895
8.166356
9.173275
10.183651
11.197482
12.214771
13.235518
14.259722
15.287380
16.318499
17.353071
18.391102
19.432589
20.477533
21.525934
22.577793
23.633108
24.691879
25.754108
26.819796
27.888935
28.961535
30.037592
31.117105
32.200073
33.286503
34.376385
35.469730
36.566525
37.666630
38.766827
39.865795
40.963539
42.060051
43.155334
44.249390
45.342213
46.433811
47.524178
48.613323
49.701233
50.787918
51.873371
52.957600
54.040592
55.122364
56.202908
57.282223
58.360306
59.437160
60.512787
61.587181
62.660351
63.732292
64.803009
65.872490
66.940750
68.007767
69.073570
70.138138
71.201485
72.264282
73.330658
74.401314
75.476242
76.555428
77.638885
78.726616
79.818611
80.914879
82.015411
83.120224
84.229294
85.342644
86.460258
87.582138
88.708290
89.838715
90.973404
92.112366
93.255592
94.403091
95.554863
96.710899
97.871201
99.035782
100.204628
101.377739
102.555130
103.736771
104.922707
106.112892
107.307350
108.504227
109.698990
110.891426
112.081551
113.269348
114.454826
115.637978
116.818817
117.997330
119.173523
120.347397
121.518951
122.688179
123.855095
125.019676
126.181938
127.341888
128.499512
129.654816
130.807800
131.958466
133.106796
134.252823
135.396530
136.537903
137.676941
138.813690
139.948105
141.080200
142.209961
143.337433
144.462555
145.582031
146.692505
147.793991
148.886505
149.970001
151.044525
152.110046
153.166580
154.214111
155.252655
156.282227
157.302795
158.314362
159.316940
160.310532
161.295135
162.270737
163.237350
164.194962
165.143600
166.083237
167.013885
167.935547
168.848206
169.751877
170.646561
171.532257
172.408936
173.276642
174.135361
174.985077
175.825806
176.657547
177.480301
178.294052
179.098816
179.894577
180.681366
181.459137
182.227951
182.987747
183.738556
184.480377
185.213211
185.937042
186.651901
187.357742
188.054611
188.742462
189.421356
190.091248
190.752136
191.404022
192.046951
192.680862
193.305801
193.921722
194.528671
195.126633
195.715576
196.295547
196.866531
197.428513
197.981506
198.525513
199.060532
199.586533
200.103577
200.611603
201.110657
201.600708
202.081757
202.553833
203.016907
203.470978
203.916077
204.352188
204.779282
205.197403
205.606522
206.006653
206.397797
206.779953
207.153122
207.517273
207.872452
208.218643
208.555817
208.884033
209.203232
209.513443
209.814682
210.106903
210.390152
210.664383
210.929657
211.185913
211.433197
211.671478
211.900772
212.121063
212.332367
212.534683
212.727997
212.912338
213.087677
213.254028
213.411377
213.559738
213.699112
213.829498
213.950897
214.063278
214.166687
214.261108
214.346527
214.422943
214.490402
214.548828
214.598282
214.638763
214.670242
214.692703
214.706207
214.710709
