0.998246
0.000877
0.000877
0.000877
0.998246
0.000877
0.000877
0.000877
0.998246
0.000000
1.071665
2.150953
3.237865
4.332403
5.434563
6.544348
7.661757
8.786790
9.919448
11.059730
12.207635
13.363163
14.526318
15.697096
16.875496
18.061525
19.255173
20.449673
21.638243
22.820885
23.997595
25.168379
26.333233
27.492159
28.645159
29.792225
30.933365
32.068577
33.197861
34.321213
35.438641
36.550140
37.655704
38.755344
39.849056
40.936836
42.018692
43.094620
44.164612
45.228683
46.286819
47.339031
48.385311
49.425667
50.460091
51.488590
52.511154
53.527798
54.538506
55.543285
56.542137
57.535061
58.522057
59.503128
60.478260
61.447475
62.410755
63.368107
64.321953
65.278198
66.237122
67.198715
68.162994
69.129936
70.099556
71.071854
72.046814
73.024460
74.004784
74.987770
75.973434
76.961777
77.952789
78.946480
79.942841
80.941879
81.943588
82.947975
83.955032
84.964767
85.977180
86.992256
88.010017
89.030457
90.053558
91.079338
92.107788
93.138916
94.172714
95.209198
96.248352
97.290169
98.334663
99.381844
100.431694
101.484215
102.539413
103.597290
104.657829
105.720245
106.779610
107.835129
108.886795
109.934608
110.978569
112.018692
113.054947
114.087349
115.115913
116.140617
117.161469
118.178474
119.191628
120.200928
121.206375
122.207970
123.205711
124.199608
125.189659
126.175850
127.158188
128.136673
129.111313
130.082092
131.049042
132.012115
132.971344
133.926727
134.878265
135.825928
136.769760
137.709732
138.645844
139.578125
140.506546
141.431122
142.351837
143.268692
144.181717
145.090881
145.996460
146.904205
147.816467
148.733246
149.654556
150.580383
151.510742
152.445633
153.385010
154.328949
155.277390
156.230362
157.187851
158.149872
159.116394
160.087463
161.063049
162.043152
163.027771
164.016922
165.010605
166.008804
167.011505
168.018768
169.030518
170.046799
171.067627
172.092941
173.122818
174.157181
175.196091
176.239517
177.287445
178.339935
179.396912
180.458420
181.524475
182.595032
183.670120
184.749725
185.833862
186.922501
188.005951
189.074432
190.127991
191.166595
192.190262
193.198990
194.192764
195.171600
196.135483
197.084442
198.018433
198.937485
199.841599
200.730759
201.604996
202.464279
203.308609
204.138016
204.952454
205.751968
206.536514
207.306152
208.060822
208.800537
209.525314
210.235168
210.930054
211.610016
212.275024
212.925079
213.560211
214.180389
214.785614
215.375916
215.951263
216.511658
217.057098
217.587616
218.103195
218.603821
219.089493
219.560226
220.016022
220.456879
220.882782
221.293747
221.689758
222.070831
222.436966
222.788147
223.124374
223.445679
223.752029
224.043442
224.319901
224.581421
224.828003
225.059631
225.276321
225.478058
225.664856
225.836716
225.993637
226.135590
226.262634
226.374710
226.471848
226.554031
226.621277
226.673584
226.710938
226.733368
226.740829
0.000000
0.734215
1.509982
2.327300
3.186169
4.086590
5.028562
6.012085
7.037161
8.103787
9.211966
10.361693
11.552974
12.785807
14.060188
15.376124
16.704613
18.016661
19.312271
20.591438
21.854168
23.100456
24.330303
25.543707
26.740677
27.921202
29.085287
30.232929
31.364136
32.478897
33.577225
34.659103
35.724552
36.773552
37.806110
38.822227
39.821907
40.805153
41.771950
42.722309
43.656227
44.573708
45.474739
46.359337
47.227489
48.079208
48.917538
49.760853
50.612206
51.471596
52.339035
53.214508
54.098019
54.989571
55.889164
56.796795
57.712467
58.636177
59.567928
60.507717
61.455551
62.411419
63.375328
64.347275
65.327263
66.315292
67.311356
68.315468
69.327614
70.347809
71.376030
72.412300
73.456604
74.508949
75.569336
76.637756
77.714218
78.792847
79.867752
80.938957
82.006439
83.070206
84.130264
85.186600
86.239227
87.288139
88.333344
89.374832
90.412598
91.446655
92.476997
93.503616
94.526543
95.545738
96.561226
97.572990
98.581047
99.585388
100.586014
101.582932
102.576126
103.565613
104.551392
105.533440
106.511780
107.486412
108.457321
109.425011
110.392357
111.359856
112.327507
113.295303
114.263252
115.231346
116.199593
117.167992
118.136543
119.105232
120.074081
121.043076
122.012222
122.981522
123.950958
124.920555
125.890297
126.860191
127.830231
128.800430
129.770752
130.741257
131.711914
132.682693
133.653625
134.624725
135.595963
136.567352
137.538895
138.510574
139.478241
140.437637
141.388824
142.331757
143.266464
144.192932
145.111176
146.021164
146.922928
147.816467
148.701752
149.578812
150.447617
151.308212
152.160568
153.004684
153.840561
154.668213
155.487625
156.298813
157.101730
157.896439
158.682922
159.461151
160.231140
160.992905
161.746445
162.491730
163.228790
163.957611
164.678192
165.390549
166.094666
166.790543
167.478195
168.157608
168.828781
169.491730
170.146439
170.792908
171.431137
172.061142
172.682892
173.296417
173.901718
174.498779
175.087601
175.668198
176.240524
176.804672
177.360535
177.908188
178.447586
178.978775
179.501709
180.016418
180.522888
181.021118
181.511124
181.992874
182.466400
182.931702
183.388763
183.837585
184.278183
184.710541
185.134644
185.550522
185.958176
186.357590
186.748764
187.131699
187.506409
187.872879
188.231110
188.581116
188.922882
189.256409
189.581696
189.898758
190.207581
190.508163
190.800537
191.084625
191.360535
191.628159
191.887573
192.138763
192.381699
192.616409
192.842880
193.061111
193.271103
193.472870
193.666397
193.851685
194.028748
194.197571
194.358170
194.510513
194.654633
194.790527
194.918167
195.037582
195.148743
195.251709
195.346390
195.432877
195.511108
195.581100
195.642868
195.696396
195.741699
195.778748
195.807571
195.828156
195.840515
195.844635
0.000000
1.253222
2.484027
3.692412
4.878379
6.041927
7.183058
8.301769
9.407017
10.507758
11.603995
12.695724
13.782948
14.865662
15.943872
17.017572
18.086771
19.151459
20.211641
21.267319
22.318485
23.365149
24.407305
25.444952
26.478098
27.506733
28.530863
29.550486
30.565603
31.576210
32.582314
33.583912
34.582790
35.583344
36.585758
37.590042
38.596191
39.604206
40.614090
41.625839
42.639458
43.654942
44.672291
45.691505
46.712593
47.735542
48.760361
49.787041
50.815594
51.846012
52.878296
53.912449
54.948463
55.986347
57.026100
58.067715
59.109966
60.145451
61.172932
62.192417
63.203899
64.207382
65.202866
66.190353
67.169830
68.141312
69.104797
70.060272
71.007759
71.947243
72.878723
73.802200
74.717690
75.625168
76.524643
77.416130
78.299599
79.175079
80.042557
80.902046
81.754036
82.609879
83.474205
84.347023
85.228317
86.118103
87.016373
87.923126
88.838364
89.762100
90.694298
91.635002
92.584183
93.541847
94.507996
95.482635
96.465759
97.457359
98.457458
99.466034
100.483101
101.508644
102.542679
103.585190
104.636200
105.687973
106.732735
107.770508
108.801292
109.825096
110.841904
111.851723
112.854561
113.850410
114.839264
115.821129
116.796013
117.763901
118.724815
119.678726
120.625648
121.565590
122.498543
123.424507
124.343475
125.255463
126.160461
127.058464
127.949486
128.833511
129.710556
130.580612
131.443680
132.299744
133.148849
133.990952
134.826065
135.654175
136.475311
137.289459
138.096634
138.896805
139.689987
140.476181
141.255386
142.027588
142.792831
143.551071
144.302322
145.046570
145.783859
146.514145
147.237442
147.953751
148.663071
149.365417
150.060760
150.749115
151.430481
152.104858
152.772247
153.432648
154.086060
154.732498
155.371933
156.004379
156.629852
157.248322
157.859787
158.464294
159.061798
159.652328
160.235855
160.812393
161.381943
161.944519
162.500092
163.048676
163.590286
164.124893
164.652512
165.173157
165.686798
166.193451
166.693130
167.185806
167.671509
168.150208
168.621918
169.086639
169.544373
169.995132
170.438919
170.875671
171.305466
171.728256
172.144073
172.552887
172.954727
173.349564
173.737427
174.118301
174.492172
174.859055
175.218964
175.571884
175.917786
176.256729
176.588684
176.913635
177.231613
177.542618
177.846603
178.143600
178.433624
178.716660
178.992706
179.261734
179.523819
179.778885
180.026978
180.268066
180.502182
180.729309
180.949448
181.162598
181.368744
181.567902
181.760101
181.945282
182.123505
182.294708
182.458939
182.616165
182.766418
182.909683
183.045959
183.175247
183.297546
183.412842
183.521164
183.622498
183.716858
183.804199
183.884567
183.957947
184.024338
184.083740
184.136139
184.181580
184.220016
184.251465
184.275909
184.293396
184.303879
184.307358
