0.990956
0.004522
0.004522
0.004522
0.990956
0.004522
0.004522
0.004522
0.990956
0.000000
1.414161
2.727705
3.940632
5.052943
6.064637
6.975713
7.838658
8.705956
9.577607
10.453611
11.333968
12.218678
13.107741
14.001156
14.898926
15.801049
16.707523
17.618351
18.533529
19.453064
20.376949
21.305189
22.237782
23.174730
24.116028
25.061678
26.011683
26.966040
27.924749
28.887814
29.855230
30.826998
31.803120
32.783592
33.768421
34.757603
35.751133
36.749020
37.751259
38.757854
39.768799
40.784096
41.803749
42.827751
43.856110
44.888821
45.925880
46.967300
48.013069
49.063190
50.117664
51.176495
52.236015
53.292568
54.346161
55.396786
56.444447
57.489143
58.530872
59.569637
60.605438
61.638271
62.668137
63.695038
64.718979
65.739952
66.757957
67.773003
68.785080
69.794189
70.800339
71.803513
72.803726
73.800980
74.795273
75.786583
76.774940
77.760338
78.742752
79.722214
80.698700
81.672234
82.642799
83.610397
84.575027
85.536690
86.495392
87.451126
88.403900
89.353699
90.300545
91.244415
92.185333
93.123276
94.058250
94.990265
95.919319
96.845406
97.771690
98.701355
99.634407
100.570847
101.510658
102.453850
103.400429
104.350388
105.303726
106.260445
107.220551
108.184029
109.150894
110.121132
111.094749
112.071762
113.052147
114.035919
115.023064
116.013596
117.007500
118.004799
119.005463
120.009521
121.016953
122.027771
123.041962
124.059540
125.080505
126.104836
127.132561
128.163651
129.198151
130.236008
131.277237
132.321884
133.369873
134.421265
135.476028
136.534180
137.595703
138.660629
139.728912
140.800583
141.875626
142.954071
144.032410
145.107193
146.178406
147.246048
148.310135
149.370651
150.427612
151.481003
152.530823
153.577087
154.619781
155.658905
156.694473
157.726486
158.754913
159.779785
160.801086
161.818848
162.833008
163.843643
164.850693
165.854172
166.854080
167.850433
168.843231
169.832443
170.818115
171.800217
172.778732
173.753708
174.725113
175.692947
176.657227
177.617920
178.575073
179.528656
180.478668
181.425110
182.367996
183.307312
184.243088
185.175262
186.103897
187.028946
187.950439
188.868378
189.781570
190.688812
191.590118
192.485474
193.374908
194.258392
195.135941
196.007553
196.873230
197.732956
198.586746
199.434616
200.276520
201.112503
201.942551
202.766647
203.584808
204.397034
205.203323
206.003662
206.798080
207.586533
208.369080
209.145676
209.916336
210.681046
211.439819
212.192657
212.939560
213.680511
214.415543
215.144623
215.867767
216.584991
217.296249
218.001587
218.700974
219.394440
220.081940
220.763519
221.439163
222.108856
222.772629
223.430450
224.082321
224.728271
225.368271
226.002350
226.630478
227.252655
227.868912
228.479233
229.083603
229.682037
230.274551
230.861099
231.441727
232.016403
232.585144
233.147949
233.704819
234.255737
234.800720
235.339783
235.872894
0.000000
0.940127
1.928700
2.965718
4.051182
5.185090
6.367444
7.598243
8.850057
10.095458
11.334445
12.567019
13.793179
15.012925
16.226257
17.433176
18.633682
19.827770
21.015450
22.196711
23.371561
24.539997
25.702019
26.857626
28.006821
29.149605
30.285971
31.415922
32.539463
33.656586
34.767300
35.871593
36.969479
38.060951
39.146008
40.224648
41.296875
42.362694
43.422092
44.475079
45.524670
46.573864
47.622669
48.671082
49.719105
50.766735
51.813976
52.860825
53.907284
54.953358
55.999035
57.044323
58.089218
59.133728
60.177841
61.221565
62.264900
63.307846
64.350395
65.392563
66.434326
67.475708
68.516701
69.557297
70.597504
71.637329
72.676758
73.715790
74.754433
75.792686
76.830551
77.868019
78.906601
79.947777
80.991554
82.037926
83.086906
84.138474
85.192642
86.249413
87.308784
88.370750
89.435310
90.502472
91.572235
92.644600
93.719551
94.797119
95.877274
96.960037
98.045395
99.133347
100.223892
101.317047
102.412804
103.511147
104.612099
105.715645
106.821793
107.930534
109.041885
110.155823
111.272362
112.391510
113.508987
114.620598
115.726318
116.826141
117.920090
119.008141
120.090309
121.166573
122.236961
123.301460
124.360069
125.412788
126.459625
127.500565
128.535629
129.564774
130.588058
131.605453
132.616959
133.622559
134.622299
135.616119
136.604065
137.586121
138.562302
139.532578
140.496964
141.455460
142.408096
143.354813
144.295639
145.230591
146.161301
147.089432
148.014999
148.937958
149.858353
150.776169
151.691406
152.604050
153.514130
154.421616
155.326523
156.228867
157.128616
158.025803
158.920380
159.812408
160.701828
161.588684
162.472961
163.354645
164.233749
165.110291
165.984238
166.855606
167.724396
168.590622
169.454254
170.315292
171.173767
172.029663
172.882965
173.733704
174.581848
175.427414
176.270416
177.110809
177.948639
178.783905
179.616562
180.446655
181.274170
182.099091
182.921432
183.741211
184.558411
185.373001
186.185043
186.994492
187.801346
188.605652
189.407349
190.206482
191.003021
191.796982
192.588379
193.377182
194.163406
194.947067
195.728134
196.506607
197.282532
198.055847
198.826599
199.594757
200.360367
201.123367
201.883789
202.641632
203.396896
204.149582
204.899689
205.647217
206.392151
207.134537
207.874298
208.611511
209.346146
210.078186
210.807648
211.534531
212.258850
212.980560
213.699707
214.416260
215.130264
215.841675
216.550491
217.256729
217.960388
218.661484
219.359985
220.055908
220.749252
221.440018
222.128189
222.813797
223.496811
224.177277
224.855118
225.530411
226.203110
226.873230
227.540771
228.205719
228.868118
229.527908
230.185150
230.839767
231.491852
232.141327
232.788223
233.432541
234.074280
234.713455
235.350037
235.984024
236.615448
237.244278
237.870544
238.494232
0.000001
1.573588
3.137413
4.691477
6.235779
7.770320
9.295099
10.810118
12.315374
13.810870
15.296603
16.772573
18.238785
19.695236
21.141926
22.578852
24.006018
25.423422
26.829636
28.218842
29.590399
30.944309
32.280567
33.599182
34.900143
36.183460
37.449127
38.697147
39.927513
41.140236
42.335312
43.512733
44.672512
45.814644
46.939121
48.046513
49.155312
50.274483
51.404026
52.543945
53.694233
54.854897
56.025932
57.207348
58.399132
59.601288
60.813816
62.036716
63.269993
64.513641
65.767670
67.032066
68.306839
69.589050
70.872650
72.157463
73.443481
74.730721
76.019165
77.308823
78.599678
79.891754
81.185036
82.479530
83.775238
85.072151
86.370277
87.669609
88.970154
90.271912
91.572670
92.852203
94.105576
95.332771
96.533813
97.708687
98.857391
99.979935
101.076302
102.146507
103.190544
104.208427
105.200134
106.165680
107.105057
108.018272
108.905319
109.766197
110.612267
111.454880
112.294037
113.129730
113.961983
114.790771
115.616096
116.437973
117.256393
118.071350
118.882866
119.690918
120.495506
121.296654
122.094337
122.888557
123.679329
124.466644
125.250496
126.030899
126.807846
127.581345
128.351364
129.117950
129.881073
130.640732
131.396942
132.149704
132.898987
133.644836
134.387222
135.126144
135.861618
136.593643
137.322205
138.047302
138.768951
139.487137
140.201889
140.913162
141.620987
142.325348
143.026260
143.723709
144.417709
145.108261
145.795334
146.478958
147.159149
147.835861
148.509125
149.178925
149.845276
150.508163
151.167603
151.823593
152.476105
153.125183
153.770782
154.412949
155.051651
155.686890
156.318680
156.947021
157.571884
158.193314
158.811264
159.425781
160.036835
160.644424
161.248550
161.849243
162.446487
163.040253
163.630554
164.217407
164.800827
165.380753
165.957245
166.530289
167.099869
167.665985
168.228653
168.787857
169.343613
169.895905
170.444748
170.990128
171.532074
172.070541
172.605560
173.137100
173.665207
174.189865
174.711060
175.228790
175.743057
176.253891
176.761261
177.265167
177.765625
178.262634
178.756165
179.246262
179.732880
180.216064
180.695770
181.172028
181.644852
182.114197
182.580078
183.042526
183.501511
183.957031
184.409103
184.857712
185.302856
185.744568
186.182800
186.617599
187.048950
187.476807
187.901230
188.322189
188.739700
189.153763
189.564346
189.971497
190.375168
190.775391
191.172165
191.565475
191.955338
192.341721
192.724686
193.104172
193.480209
193.852798
194.221909
194.587570
194.949783
195.308533
195.663849
196.015671
196.364059
196.708984
197.050461
197.388474
197.723022
198.054138
198.381790
198.705978
199.026718
199.343994
199.657806
199.968185
200.275101
200.578568
200.878555
201.175095
201.468185
201.757797
202.043976
202.326706
202.605942
202.881760
203.154129
203.423004
