0.991025
0.004488
0.004488
0.004488
0.991025
0.004488
0.004488
0.004488
0.991025
0.000000
0.985545
1.970236
2.954072
3.937056
4.919185
5.900461
6.880882
7.860450
8.839164
9.817024
10.794030
11.770183
12.745481
13.719926
14.693516
15.666254
16.638136
17.609167
18.579342
19.548662
20.517132
21.484745
22.451506
23.417412
24.383034
25.348948
26.315149
27.281641
28.248423
29.215494
30.182854
31.150505
32.118443
33.086670
34.055187
35.023994
35.993092
36.962475
37.932148
38.902115
39.872372
40.842911
41.813744
42.784863
43.756275
44.727974
45.699966
46.672245
47.644814
48.617668
49.590820
50.564251
51.537979
52.511997
53.486298
54.460888
55.435772
56.410946
57.386410
58.362160
59.338196
60.314529
61.291145
62.268059
63.245258
64.222740
65.200516
66.178589
67.156944
68.135590
69.114525
70.093742
71.073257
72.053055
73.033142
74.013519
74.994194
75.975159
76.956406
77.937943
78.919777
79.902534
80.886902
81.872871
82.860428
83.849594
84.840340
85.832687
86.826637
87.822182
88.819321
89.818062
90.818390
91.820320
92.823845
93.828964
94.835686
95.844002
96.853912
97.865417
98.878532
99.893234
100.909531
101.927429
102.946915
103.968010
104.990692
106.014969
107.040848
108.068329
109.097404
110.128067
111.160332
112.194191
113.229652
114.266708
115.305359
116.345604
117.387451
118.430901
119.475922
120.522568
121.570801
122.620621
123.672058
124.725067
125.779686
126.835899
127.893723
128.953125
130.014130
131.076736
132.140915
133.206711
134.274109
135.343079
136.413681
137.485870
138.557632
139.626999
140.693985
141.758545
142.820724
143.880478
144.937836
145.992798
147.045364
148.095520
149.143280
150.188629
151.231583
152.272125
153.310272
154.346008
155.379349
156.410294
157.438828
158.464966
159.488693
160.510010
161.528931
162.545456
163.559586
164.571320
165.580612
166.587524
167.592041
168.594162
169.593872
170.591171
171.586075
172.578583
173.568665
174.556366
175.541656
176.524536
177.505051
178.483124
179.458801
180.432083
181.402969
182.371460
183.337524
184.301193
185.262466
186.221329
187.177811
188.131851
189.083527
190.032776
190.979630
191.924088
192.866135
193.805786
194.743027
195.680420
196.620514
197.563263
198.508698
199.456848
200.407654
201.361145
202.317352
203.276215
204.237778
205.202011
206.168945
207.138565
208.110855
209.085846
210.063507
211.043869
212.026901
213.012634
214.001053
214.992142
215.985931
216.982391
217.981537
218.983368
219.987900
220.995102
222.005005
223.017593
224.032852
225.050797
226.071442
227.094772
228.120773
229.149475
230.180847
231.214905
232.251648
233.291092
234.333206
235.378021
236.425507
237.475677
238.528534
239.584091
240.642319
241.703232
242.766846
243.833130
244.902100
245.973755
247.048111
248.125137
249.204849
250.287247
251.372330
252.460114
253.367706
253.912262
254.093781
0.000000
0.000000
0.000000
1.289766
2.641966
3.973745
5.285103
6.576039
7.846555
9.096649
10.326324
11.535575
12.724409
13.892820
15.040809
16.168377
17.275526
18.362253
19.428558
20.474443
21.499907
22.504948
23.500397
24.497086
25.495014
26.494184
27.494591
28.496237
29.499121
30.503244
31.508608
32.515209
33.523048
34.532127
35.542450
36.554005
37.566799
38.580833
39.596111
40.612625
41.630371
42.649361
43.669594
44.691059
45.713772
46.737713
47.762897
48.789326
49.816986
50.845890
51.876034
52.907410
53.940029
54.973885
56.008980
57.045319
58.082890
59.121700
60.161758
61.203045
62.245575
63.289349
64.334351
65.380600
66.428085
67.476807
68.526779
69.577972
70.630409
71.684097
72.739021
73.795181
74.852577
75.911201
76.971085
78.032196
79.094551
80.158142
81.222969
82.289040
83.355843
84.422127
85.487846
86.552979
87.617554
88.681549
89.744972
90.807831
91.870117
92.931831
93.992973
95.053543
96.113541
97.172966
98.231819
99.290108
100.347816
101.404961
102.461533
103.517532
104.572960
105.627808
106.682106
107.735817
108.788956
109.841530
110.893524
111.944954
112.995804
114.046089
115.095810
116.144951
117.193520
118.241524
119.288948
120.335800
121.382088
122.427803
123.472946
124.517509
125.561508
126.604935
127.647797
128.690079
129.731796
130.772934
131.813507
132.853516
133.892929
134.931793
135.970078
137.007782
138.044937
139.081512
140.117508
141.152924
142.187790
143.222061
144.255600
145.287155
146.316544
147.343765
148.368835
149.391754
150.412491
151.431076
152.447495
153.461761
154.473862
155.483795
156.491562
157.497192
158.500641
159.501923
160.501068
161.498032
162.492844
163.485489
164.475967
165.464294
166.450470
167.434464
168.416290
169.395981
170.373489
171.348846
172.322037
173.293076
174.261932
175.228653
176.193207
177.155579
178.115814
179.073868
180.029770
180.983505
181.935089
182.884506
183.831772
184.776855
185.719772
186.660553
187.599152
188.535614
189.469894
190.402023
191.331985
192.259781
193.185440
194.108902
195.030212
195.949371
196.866379
197.781204
198.693878
199.604385
200.512833
201.421066
202.329880
203.239273
204.149231
205.059753
205.970871
206.882523
207.794785
208.707596
209.621017
210.534973
211.449524
212.364624
213.280319
214.196594
215.113419
216.030823
216.948807
217.867355
218.786484
219.706192
220.626465
221.547302
222.468735
223.390732
224.313293
225.236420
226.160141
227.084412
228.009293
228.934708
229.860718
230.787308
231.714447
232.642181
233.570465
234.499344
235.428787
236.358810
237.289398
238.220551
239.152298
240.084595
241.017487
241.950943
242.884979
243.819565
244.754745
245.690491
246.626816
247.563705
248.501160
249.439209
250.377823
251.317017
252.256775
253.197098
254.138016
254.977539
0.000000
1.242736
2.472610
3.689624
4.893776
6.085068
7.263497
8.429067
9.581774
10.721622
11.848606
12.962730
14.063993
15.152396
16.227938
17.290617
18.340435
19.377394
20.401493
21.412727
22.418455
23.426037
24.435471
25.446756
26.459894
27.474882
28.491722
29.510414
30.530954
31.553350
32.577599
33.603695
34.631641
35.661442
36.693096
37.726597
38.761955
39.799164
40.838219
41.879131
42.921894
43.966507
45.012970
46.061287
47.111454
48.163471
49.217342
50.273064
51.330639
52.390064
53.451340
54.514469
55.579449
56.646282
57.714962
58.785500
59.857883
60.932125
62.008213
63.086151
64.165947
65.247589
66.331078
67.416420
68.503639
69.592682
70.683578
71.776337
72.870941
73.967392
75.065704
76.165863
77.267883
78.371735
79.477455
80.585022
81.694435
82.805702
83.917206
85.027321
86.136055
87.243408
88.349380
89.453964
90.557167
91.658989
92.759422
93.858475
94.956146
96.052422
97.147331
98.240845
99.332977
100.423729
101.513100
102.601082
103.687683
104.772903
105.856743
106.939178
108.020256
109.099945
110.178246
111.255157
112.330688
113.404839
114.477608
115.548988
116.618996
117.687614
118.754845
119.820686
120.885155
121.948242
123.009941
124.070259
125.129189
126.186737
127.242905
128.297684
129.351074
130.403107
131.453735
132.502975
133.550858
134.597321
135.642426
136.686142
137.728470
138.769424
139.808990
140.847168
141.883957
142.919373
143.953415
144.986053
146.016693
147.044708
148.070068
149.092819
150.112900
151.130371
152.145203
153.157394
154.166962
155.173889
156.178192
157.179840
158.178848
159.175247
160.169006
161.160110
162.148605
163.134460
164.117661
165.098251
166.076187
167.051498
168.024170
168.994217
169.961624
170.926392
171.888535
172.848022
173.804886
174.759125
175.710739
176.659698
177.606033
178.549713
179.490768
180.429199
181.364990
182.298141
183.228668
184.156540
185.081802
186.004410
186.924408
187.841736
188.756454
189.668518
190.577988
191.484787
192.388962
193.290497
194.189407
195.085663
195.979309
196.870316
197.758667
198.644409
199.527512
200.407959
201.287079
202.166153
203.045166
203.924118
204.803024
205.681870
206.560669
207.439423
208.318115
209.196762
210.075348
210.953888
211.832367
212.710785
213.589188
214.467499
215.345764
216.223999
217.102158
217.980270
218.858337
219.736343
220.614288
221.492203
222.370041
223.247833
224.125595
225.003265
225.880920
226.758499
227.636032
228.513504
229.390945
230.268311
231.145630
232.022888
232.900116
233.777267
234.654373
235.531433
236.408432
237.285385
238.162277
239.039124
239.915924
240.792648
241.669342
242.545990
243.422562
244.299088
245.175552
246.051987
246.928345
247.804672
248.680923
249.557144
250.433304
251.309387
252.075989
252.623550
252.952072
253.061584
