0.970628
0.014686
0.014686
0.014686
0.970628
0.014686
0.014686
0.014686
0.970628
0.000000
1.176107
2.343921
3.503440
4.654664
5.797595
6.932230
8.058572
9.176619
10.286373
11.387832
12.480995
13.565865
14.642441
15.710724
16.770710
17.822405
18.865801
19.900906
20.927717
21.946234
22.956455
23.958382
24.952013
25.937351
26.914396
27.883146
28.843603
29.800962
30.760429
31.721998
32.685673
33.651451
34.619331
35.589317
36.561405
37.535603
38.511898
39.490303
40.470810
41.453423
42.438141
43.424957
44.413883
45.404911
46.398045
47.393284
48.390625
49.390068
50.391621
51.395275
52.401035
53.408897
54.418865
55.430935
56.445110
57.461391
58.479774
59.500263
60.522854
61.547546
62.574352
63.603252
64.634254
65.667374
66.702599
67.739922
68.779350
69.820877
70.864510
71.910255
72.958092
74.008041
75.060097
76.114258
77.170517
78.228882
79.289345
80.351913
81.416595
82.483376
83.552261
84.623253
85.696342
86.769714
87.841522
88.911766
89.980453
91.047585
92.113152
93.177162
94.239616
95.300514
96.359840
97.417618
98.473831
99.528488
100.581573
101.633118
102.683090
103.731506
104.778366
105.823669
106.867409
107.909592
108.950211
109.989273
111.026772
112.062721
113.097099
114.129921
115.161186
116.190895
117.219040
118.245628
119.270653
120.294128
121.316032
122.336380
123.355164
124.372406
125.388077
126.402184
127.414742
128.425735
129.435165
130.443054
131.449356
132.454117
133.457321
134.458954
135.459015
136.457550
137.454514
138.449905
139.443741
140.436020
141.426743
142.415924
143.403519
144.389725
145.374786
146.358673
147.341400
148.322922
149.303284
150.282486
151.260498
152.237335
153.213013
154.187500
155.160828
156.132980
157.103958
158.073746
159.042358
160.009827
160.976105
161.941193
162.905121
163.867874
164.829453
165.789856
166.749084
167.707153
168.664032
169.619736
170.574265
171.527634
172.479813
173.430832
174.380646
175.329330
176.276810
177.223129
178.168259
179.112228
180.055023
180.996628
181.937073
182.876343
183.814453
184.751373
185.687119
186.621689
187.555084
188.487305
189.418365
190.348236
191.276932
192.204468
193.130829
194.056000
194.979996
195.902832
196.824478
197.746307
198.669601
199.594376
200.520630
201.448364
202.377563
203.308258
204.240433
205.174088
206.109222
207.045822
207.983917
208.923492
209.864548
210.807083
211.751083
212.696579
213.643555
214.592010
215.541946
216.493347
217.446243
218.400620
219.356476
220.313797
221.272614
222.232910
223.194687
224.157944
225.122681
226.088882
227.056595
228.025757
228.996414
229.968552
230.942154
231.917252
232.893829
233.871887
234.851410
235.832428
236.814941
237.798904
238.784348
239.771301
240.759720
241.749603
242.740997
243.733841
244.728180
245.723999
246.721298
247.720078
248.720337
249.722061
250.725296
251.638992
252.372147
252.924759
253.296829
0.000000
0.000000
0.000000
0.000000
0.000000
0.000000
0.000000
0.000000
0.000000
0.254062
2.640478
4.946434
7.171923
9.316954
11.381519
13.365622
15.269262
17.092438
18.835154
20.497406
22.079191
23.580519
25.001371
26.341776
27.601709
28.781189
29.880192
30.898746
31.877577
32.857468
33.838409
34.820396
35.803436
36.787525
37.772663
38.758850
39.746086
40.734375
41.723713
42.714100
43.705540
44.698025
45.691559
46.686146
47.681778
48.678467
49.676201
50.674984
51.674820
52.675709
53.677639
54.680622
55.684654
56.689739
57.695869
58.703053
59.711285
60.720566
61.730900
62.742279
63.754711
64.768196
65.782715
66.798302
67.814934
68.832611
69.851341
70.871124
71.891945
72.913826
73.936752
74.960724
75.985756
77.011833
78.038963
79.067139
80.096359
81.126633
82.157959
83.190338
84.223755
85.258240
86.293762
87.330338
88.367897
89.405067
90.441284
91.476540
92.510857
93.544205
94.576599
95.608040
96.638527
97.668060
98.696632
99.724258
100.750931
101.776642
102.801399
103.825203
104.848053
105.869949
106.890892
107.910881
108.929909
109.947983
110.965111
111.981277
112.996490
114.010750
115.024048
116.036392
117.047798
118.058235
119.067719
120.076248
121.083817
122.090446
123.096107
124.100822
125.104576
126.107376
127.109222
128.110107
129.110046
130.109024
131.107071
132.104141
133.100266
134.095413
135.089630
136.082886
137.075180
138.066528
139.056915
140.046371
141.034836
142.022369
143.008942
143.994553
144.979218
145.962982
146.946243
147.929077
148.911453
149.893417
150.874924
151.855972
152.836594
153.816788
154.796539
155.775833
156.754700
157.733124
158.711105
159.688644
160.665741
161.642410
162.618622
163.594421
164.569748
165.544647
166.519104
167.493134
168.466690
169.439835
170.412537
171.384781
172.356613
173.327988
174.298904
175.269409
176.239471
177.209091
178.178253
179.146988
180.115280
181.083130
182.050537
183.017517
183.984039
184.950134
185.915787
186.880997
187.845764
188.810089
189.773972
190.737427
191.700424
192.662994
193.625122
194.586792
195.548050
196.508850
197.469223
198.429153
199.388626
200.347672
201.306229
202.264114
203.221359
204.177933
205.133881
206.089142
207.043777
207.997742
208.951050
209.903702
210.855698
211.807053
212.757736
213.707779
214.657150
215.605881
216.553970
217.501373
218.448135
219.394257
220.339706
221.284500
222.228638
223.172134
224.114975
225.057144
225.998672
226.939545
227.879761
228.819321
229.758224
230.696472
231.634079
232.571014
233.507309
234.442932
235.377914
236.312241
237.245895
238.178909
239.111267
240.042969
240.974030
241.904419
242.834167
243.763245
244.691666
245.619446
246.546570
247.473022
248.398849
249.324005
250.248489
251.172348
252.095535
253.018066
253.939941
254.975479
0.000000
1.116681
2.234016
3.352005
4.470649
5.589946
6.709898
7.830503
8.951763
10.073675
11.196242
12.319465
13.443339
14.567868
15.693051
16.818888
17.945381
19.072527
20.200325
21.328779
22.457888
23.587154
24.716091
25.844692
26.972963
28.100899
29.228502
30.355776
31.482714
32.609318
33.735592
34.861534
35.987141
37.112415
38.237354
39.361965
40.486244
41.610184
42.733799
43.857075
44.980022
46.102634
47.224915
48.346863
49.468475
50.589756
51.710709
52.831326
53.951607
55.071556
56.191174
57.310463
58.429413
59.548027
60.666313
61.784267
62.901886
64.019180
65.136139
66.252762
67.369049
68.485001
69.600632
70.715919
71.830879
72.945503
74.059807
75.173759
76.287392
77.400681
78.513649
79.626274
80.738571
81.850533
82.962173
84.073471
85.184433
86.295067
87.405037
88.513542
89.620560
90.726074
91.830093
92.932610
94.033630
95.133156
96.231178
97.327705
98.422737
99.516266
100.608307
101.698837
102.787872
103.875412
104.961456
106.046005
107.129044
108.210594
109.290642
110.369194
111.446243
112.521797
113.595863
114.668427
115.739479
116.809044
117.877106
118.943680
120.008751
121.072327
122.134399
123.194977
124.254051
125.311638
126.367714
127.422302
128.475388
129.526962
130.577057
131.625671
132.672760
133.718353
134.762451
135.805054
136.846146
137.885757
138.923859
139.960480
140.995590
142.029205
143.061310
144.091934
145.121048
146.148666
147.174805
148.199234
149.221024
150.239944
151.256027
152.269257
153.279663
154.287186
155.291870
156.293716
157.292709
158.288864
159.282166
160.272598
161.260208
162.244965
163.226883
164.205933
165.182159
166.155502
167.126038
168.093704
169.058517
170.020493
170.979630
171.935898
172.889328
173.839905
174.787643
175.732529
176.674561
177.613770
178.550095
179.483597
180.414246
181.342041
182.266998
183.189102
184.108353
185.024765
185.938324
186.849030
187.756897
188.661911
189.564072
190.463409
191.359879
192.253510
193.144272
194.032211
194.917282
195.799530
196.678909
197.555450
198.429138
199.299973
200.167984
201.033127
201.895508
202.756561
203.616913
204.476562
205.335495
206.193726
207.051270
207.908081
208.764206
209.619614
210.474319
211.328323
212.181595
213.034195
213.886078
214.737259
215.587723
216.437485
217.286545
218.134888
218.982544
219.829483
220.675705
221.521240
222.366058
223.210175
224.053589
224.896301
225.738281
226.579590
227.420166
228.260056
229.099228
229.937698
230.775467
231.612518
232.448868
233.284515
234.119446
234.953690
235.787216
236.620041
237.452148
238.283554
239.114273
239.944260
240.773544
241.602127
242.430023
243.257202
244.083679
244.909424
245.734482
246.558823
247.382477
248.205414
249.027649
249.849182
250.601944
251.217834
251.696854
252.039001
252.244293
252.312744
