0.982602
0.008699
0.008699
0.008699
0.982602
0.008699
0.008699
0.008699
0.982602
0.000000
1.198229
2.387428
3.567597
4.738736
5.900845
7.053924
8.197972
9.332489
10.456967
11.571410
12.675814
13.770183
14.854514
15.928808
16.993065
18.047285
19.091471
20.125616
21.149727
22.163799
23.167835
24.161837
25.145796
26.119722
27.083612
28.037464
28.981277
29.915058
30.838795
31.756769
32.679405
33.607182
34.540096
35.478153
36.421345
37.369678
38.323151
39.281761
40.245510
41.214397
42.188427
43.167591
44.151897
45.141342
46.135925
47.135643
48.140507
49.150509
50.165646
51.185925
52.211342
53.241539
54.274391
55.309544
56.346989
57.386738
58.428780
59.473122
60.519760
61.568695
62.619930
63.673458
64.729286
65.787415
66.847839
67.910553
68.975571
70.042885
71.112503
72.184410
73.258614
74.335121
75.413933
76.494522
77.565903
78.623543
79.667458
80.697639
81.714081
82.716805
83.705788
84.681038
85.642563
86.590355
87.524414
88.444740
89.351334
90.244194
91.123322
91.988724
92.840385
93.678329
94.502525
95.312996
96.109741
96.892746
97.666840
98.436806
99.202644
99.964371
100.721962
101.475449
102.224808
102.970047
103.711159
104.448158
105.181030
105.909790
106.634422
107.354935
108.071320
108.783600
109.491753
110.195786
110.895699
111.591484
112.283157
112.970703
113.654137
114.333443
115.008629
115.679703
116.346642
117.009468
117.668182
118.322762
118.973228
119.619568
120.261787
120.899895
121.533875
122.163734
122.789474
123.411102
124.028595
124.641975
125.251236
125.856369
126.457390
127.054283
127.647064
128.235718
128.820251
129.400665
129.976944
130.549133
131.117188
131.681107
132.240936
132.796616
133.348190
133.895630
134.438980
134.978180
135.513275
136.044220
136.571075
137.093796
137.612411
138.126892
138.637268
139.143509
139.645630
140.143631
140.637512
141.127274
141.612915
142.094421
142.571823
143.045105
143.514267
143.979309
144.440216
144.897018
145.349701
145.798248
146.242691
146.682999
147.119202
147.551270
147.979218
148.403046
148.822754
149.238342
149.649811
150.057175
150.460403
150.859512
151.254501
151.645370
152.032104
152.414749
152.793243
153.167618
153.537888
153.904037
154.266068
154.623962
154.977737
155.327393
155.672943
156.014374
156.351669
156.684830
157.013901
157.338837
157.659653
157.976349
158.288925
158.597382
158.901718
159.201920
159.498016
159.789993
160.077850
160.361572
160.641205
160.916687
161.188049
161.455307
161.718445
161.977432
162.232330
162.483078
162.729736
162.972260
163.210663
163.444946
163.675125
163.901169
164.123093
164.340897
164.554581
164.764145
164.969574
165.170898
165.368103
165.561172
165.750137
165.934967
166.115692
166.292282
166.464752
166.633118
166.797333
166.957458
167.113449
167.265320
167.413086
167.556717
167.696213
167.831619
167.962891
168.090027
168.213074
0.000000
0.904586
1.844578
2.819975
3.830779
4.876988
5.958604
7.075624
8.228052
9.415884
10.639123
11.897768
13.191817
14.493676
15.775744
17.038021
18.280508
19.503204
20.706112
21.889227
23.052549
24.196085
25.319830
26.423782
27.507948
28.572319
29.616903
30.641695
31.646694
32.631905
33.597324
34.542957
35.468803
36.374847
37.261108
38.127579
38.977795
39.833019
40.696785
41.569099
42.449963
43.339363
44.237316
45.143810
46.058857
46.982441
47.914574
48.855251
49.804474
50.762245
51.728554
52.703415
53.686821
54.678768
55.679268
56.688309
57.705891
58.732029
59.766705
60.809925
61.857422
62.904926
63.952438
64.999954
66.047470
67.095001
68.142532
69.190071
70.237610
71.285164
72.332718
73.380287
74.427856
75.475426
76.523010
77.570587
78.618187
79.665779
80.713387
81.760986
82.808609
83.856224
84.903854
85.950203
86.987534
88.014557
89.031273
90.037697
91.033806
92.019615
92.995125
93.960327
94.915230
95.859818
96.794113
97.718102
98.631783
99.535164
100.428238
101.311012
102.183479
103.045654
103.897507
104.739067
105.570320
106.391273
107.201912
108.005325
108.804550
109.599594
110.390450
111.177132
111.959625
112.737946
113.512077
114.282028
115.047806
115.809387
116.566795
117.320030
118.069069
118.813934
119.554611
120.291115
121.023430
121.751572
122.475533
123.195305
123.910896
124.622307
125.329536
126.032578
126.731453
127.426140
128.116653
128.802963
129.485107
130.163071
130.836838
131.506439
132.171844
132.833084
133.490143
134.143021
134.791702
135.436203
136.076538
136.712677
137.344635
137.972427
138.596024
139.215439
139.830673
140.441742
141.048615
141.651291
142.249802
142.844131
143.434296
144.020248
144.602051
145.179642
145.753067
146.322311
146.887360
147.448242
148.004944
148.557449
149.105789
149.649933
150.189926
150.725693
151.257294
151.784744
152.307968
152.827042
153.341934
153.852615
154.359131
154.861481
155.359619
155.853592
156.343399
156.829010
157.310440
157.787689
158.260742
158.729645
159.194336
159.654861
160.111206
160.563370
161.011337
161.455124
161.894745
162.330185
162.761444
163.188507
163.611389
164.030106
164.444626
164.854965
165.261124
165.663116
166.060913
166.454529
166.843964
167.229202
167.610291
167.987183
168.359894
168.728424
169.092758
169.452942
169.808914
170.160721
170.508347
170.851776
171.191025
171.526108
171.857010
172.183716
172.506241
172.824600
173.138779
173.448776
173.754562
174.056198
174.353638
174.646896
174.935989
175.220886
175.501602
175.778137
176.050476
176.318649
176.582657
176.842453
177.098099
177.349518
177.596802
177.839874
178.078781
178.313522
178.544037
178.770401
178.992584
179.210571
179.424393
179.634018
179.839478
180.040756
180.237823
180.430740
180.619446
180.804001
0.000000
1.396142
2.740991
4.034546
5.276810
6.467779
7.607455
8.721133
9.834102
10.946362
12.057914
13.168758
14.278896
15.388325
16.497047
17.605059
18.712368
19.818966
20.924856
22.030039
23.134516
24.238279
25.341339
26.443691
27.545338
28.646057
29.741108
30.828552
31.908381
32.980602
34.045219
35.102219
36.151615
37.193398
38.227566
39.254131
40.273087
41.284428
42.288162
43.284286
44.272800
45.253700
46.226997
47.192684
48.153511
49.126034
50.113003
51.114418
52.130276
53.160583
54.205338
55.264538
56.338184
57.426281
58.528820
59.645809
60.777245
61.923126
63.083454
64.258232
65.447449
66.651123
67.869240
69.090706
70.288445
71.461212
72.609009
73.731834
74.829697
75.902580
76.950508
77.973457
78.971436
79.944450
80.892494
81.815559
82.713661
83.586792
84.434952
85.258148
86.056366
86.829620
87.588890
88.345139
89.098381
89.848610
90.595833
91.340042
92.081238
92.819420
93.554596
94.286766
95.015915
95.742058
96.465195
97.185310
97.902420
98.616516
99.327614
100.035690
100.740753
101.442818
102.141853
102.837898
103.530914
104.220932
104.907928
105.591919
106.272896
106.950867
107.625824
108.297775
108.966705
109.632637
110.295547
110.955460
111.612343
112.266228
112.917099
113.564964
114.209808
114.851646
115.490479
116.126297
116.759102
117.388893
118.015678
118.639450
119.260216
119.877968
120.492706
121.104439
121.713150
122.318871
122.921562
123.521248
124.117920
124.711586
125.302246
125.889885
126.474518
127.056137
127.634758
128.210342
128.782928
129.352509
129.919067
130.482620
131.043167
131.600708
132.155243
132.706757
133.255249
133.800751
134.343216
134.882706
135.419159
135.952606
136.483032
137.010468
137.534866
138.056274
138.574677
139.090042
139.602432
140.111786
140.618149
141.121475
141.621811
142.119125
142.613434
143.104721
143.593002
144.078262
144.560532
145.039795
145.516022
145.989258
146.459473
146.926682
147.390884
147.852066
148.310242
148.765411
149.217560
149.666702
150.112823
150.555954
150.996063
151.433167
151.867264
152.298340
152.726410
153.151443
153.573502
153.992538
154.408554
154.821564
155.231583
155.638565
156.042542
156.443512
156.841476
157.236420
157.628357
158.017273
158.403198
158.786087
159.166000
159.542877
159.916748
160.287598
160.655457
161.020279
161.382111
161.740936
162.096741
162.449524
162.799316
163.146088
163.489853
163.830612
164.168335
164.503067
164.834793
165.163483
165.489212
165.811890
166.131561
166.448212
166.761871
167.072525
167.380157
167.684769
167.986374
168.284973
168.580566
168.873154
169.162720
169.449265
169.732819
170.013351
170.290878
170.565384
170.836884
171.105377
171.370865
171.633331
171.892776
172.149231
172.402664
172.653091
172.900497
173.144913
173.386292
173.624695
