0.934759
0.032621
0.032621
0.032621
0.934759
0.032621
0.032621
0.032621
0.934759
0.000000
0.824098
1.648413
2.472942
3.297688
4.122647
4.947822
5.773212
6.598818
7.424640
8.250676
9.076926
9.903394
10.730074
11.556971
12.384084
13.211411
14.038954
14.866711
15.694683
16.522873
17.351274
18.179893
19.008726
19.837774
20.667038
21.496517
22.326212
23.156120
23.986248
24.816586
25.647142
26.477915
27.308899
28.140100
28.971516
29.804146
30.639004
31.476089
32.315395
33.156929
34.000687
34.846668
35.694874
36.545303
37.397957
38.252834
39.109940
39.969265
40.830818
41.694592
42.560593
43.428818
44.299271
45.171940
46.046837
46.923954
47.803303
48.684872
49.568668
50.454689
51.342930
52.233395
53.126091
54.021008
54.918144
55.817509
56.719101
57.622913
58.528946
59.437210
60.347698
61.260406
62.175343
63.092499
64.011879
64.933495
65.857323
66.783379
67.711662
68.639420
69.563881
70.485054
71.402946
72.317551
73.228874
74.136909
75.041656
75.943123
76.841293
77.736183
78.627785
79.516098
80.401131
81.282883
82.161339
83.036514
83.908401
84.777000
85.642319
86.504349
87.363091
88.218544
89.070717
89.919609
90.765205
91.607521
92.446548
93.282288
94.114738
94.943909
95.769806
96.592400
97.411713
98.227737
99.040466
99.849930
100.656097
101.458977
102.258568
103.054878
103.847908
104.637642
105.424095
106.212440
107.007866
107.810379
108.619957
109.436630
110.260368
111.091202
111.929108
112.774086
113.626152
114.485306
115.351517
116.224831
117.105209
117.992676
118.887215
119.788841
120.697548
121.613327
122.536179
123.466125
124.403152
125.347252
126.298431
127.256683
128.222015
129.194458
130.173950
131.160522
132.154175
133.154922
134.162735
135.177628
136.199600
137.228668
138.264786
139.308014
140.358307
141.415680
142.480133
143.551682
144.630280
145.715973
146.808746
147.900177
148.981873
150.053848
151.116058
152.168533
153.211258
154.244263
155.267517
156.281021
157.284790
158.278824
159.263107
160.237640
161.202454
162.157516
163.102844
164.038422
164.964264
165.880356
166.786713
167.683334
168.570206
169.447327
170.314728
171.172379
172.020294
172.858459
173.686890
174.505554
175.314499
176.113708
176.903168
177.682892
178.452866
179.213104
179.963608
180.704346
181.435364
182.156631
182.868164
183.569962
184.262009
184.944321
185.616882
186.302002
187.022003
187.776855
188.566574
189.391159
190.250595
191.144897
192.074081
193.038116
194.037018
195.070786
196.139404
197.242920
198.381271
199.554489
200.762573
202.005524
203.283340
204.596024
205.943573
207.325958
208.743225
210.195374
211.682373
213.204239
214.760956
216.352554
217.979019
219.640335
221.336517
223.067551
224.833466
226.634232
228.469864
230.340378
232.245743
234.185974
236.161072
238.171021
240.215851
242.295532
244.410080
246.559494
248.743774
0.000000
0.000000
0.000000
1.410415
3.802417
6.101291
8.307037
10.419659
12.439153
14.365520
16.198761
17.938873
19.585859
21.139719
22.600452
23.968063
25.242540
26.469940
27.696299
28.921616
30.145895
31.369133
32.591335
33.812492
35.032616
36.251698
37.469742
38.686741
39.902702
41.117626
42.331516
43.544357
44.756165
45.966930
47.176659
48.385342
49.592995
50.799599
52.005173
53.209702
54.413189
55.615639
56.817051
58.017422
59.216751
60.415047
61.612305
62.808517
64.003693
65.197830
66.390930
67.582985
68.774002
69.963974
71.152916
72.340813
73.527672
74.713493
75.898277
77.082016
78.264717
79.446381
80.626999
81.806595
82.985138
84.162643
85.339111
86.514534
87.688919
88.862267
90.034584
91.205841
92.376076
93.545265
94.714394
95.884430
97.055374
98.227226
99.399994
100.573662
101.748245
102.923737
104.100143
105.277458
106.455673
107.634804
108.814842
109.995789
111.177658
112.360420
113.544098
114.728691
115.914185
117.100594
118.287910
119.476135
120.665276
121.855316
123.046272
124.238144
125.430916
126.624596
127.819183
129.014694
130.211105
131.408447
132.606674
133.805801
135.005859
136.206818
137.408676
138.611465
139.815170
141.019760
142.225281
143.431686
144.639023
145.847260
147.056396
148.266464
149.477432
150.689301
151.902084
153.115799
154.330383
155.545898
156.762314
157.979660
159.197906
160.417053
161.637131
162.853821
164.062881
165.264313
166.458130
167.644287
168.822815
169.993713
171.156982
172.312607
173.460602
174.600967
175.733704
176.858795
177.976257
179.086090
180.188278
181.282852
182.369766
183.449066
184.520721
185.584747
186.641144
187.689911
188.731033
189.764526
190.790375
191.808594
192.819199
193.822159
194.817474
195.805161
196.785217
197.757660
198.722443
199.679596
200.629120
201.570999
202.505249
203.431870
204.350861
205.262222
206.165939
207.062012
207.950470
208.831299
209.704483
210.570038
211.427948
212.278244
213.120880
213.955902
214.783295
215.603027
216.415146
217.219635
218.016479
218.805695
219.588348
220.365494
221.137177
221.903351
222.664032
223.419220
224.168930
224.913132
225.651871
226.385086
227.112823
227.835052
228.551819
229.263077
229.968842
230.669128
231.363922
232.053192
232.737015
233.415314
234.088135
234.755463
235.417313
236.073639
236.724503
237.369858
238.009735
238.644119
239.272995
239.896393
240.514297
241.126694
241.733627
242.335052
242.930984
243.521423
244.106384
244.685852
245.259811
245.828293
246.391281
246.948776
247.500778
248.047302
248.588318
249.123840
249.653885
250.178421
250.697479
251.211044
251.719101
252.221695
252.718781
253.210373
253.696472
254.177078
254.652206
255.000000
255.000000
255.000000
255.000000
255.000000
255.000000
255.000000
255.000000
255.000000
255.000000
255.000000
0.000000
4.645341
8.581365
11.808068
14.325456
16.480513
18.620235
20.744621
22.853674
24.947390
27.025768
29.088812
31.136520
33.168892
35.185928
37.187626
39.173992
41.145020
43.100708
45.041065
46.966084
48.875767
50.770115
52.649124
54.512802
56.361141
58.194149
60.011814
61.814144
63.601139
65.372803
67.129120
68.870102
70.595757
72.306076
74.001060
75.680695
77.345001
78.993973
80.627609
82.245911
83.848877
85.436501
87.008797
88.565750
90.107368
91.633652
93.144592
94.640205
96.120476
97.585419
99.035019
100.469284
101.888222
103.296906
104.707794
106.121460
107.537895
108.957092
110.379074
111.803825
113.231339
114.661629
116.094696
117.530525
118.969131
120.410507
121.854660
123.301575
124.751259
126.203720
127.658951
129.116943
130.577728
132.041275
133.507584
134.976669
136.448532
137.923157
139.400574
140.880737
142.363678
143.849396
145.337891
146.829132
148.323166
149.819977
151.319534
152.821869
154.326981
155.834869
157.345535
158.858963
160.375153
161.894119
163.415863
164.940384
166.467667
167.997711
169.530548
171.066132
172.604507
174.145645
175.686234
177.206482
178.703079
180.176010
181.625290
183.050903
184.452850
185.831161
187.185791
188.516754
189.824081
191.107742
192.367752
193.604080
194.816757
196.005798
197.171158
198.312866
199.430908
200.525299
201.596024
202.643097
203.666504
204.666260
205.642349
206.594788
207.523560
208.428680
209.310120
210.167938
211.002075
211.812546
212.599380
213.362534
214.102036
214.817886
215.510071
216.178589
216.823471
217.444672
218.042206
218.616104
219.166336
219.692902
220.195831
220.675079
221.130676
221.562622
221.970901
222.356400
222.738190
223.124161
223.514282
223.908554
224.306946
224.709518
225.116226
225.527100
225.942093
226.361252
226.784561
227.212021
227.643631
228.079391
228.519287
228.963348
229.411530
229.863892
230.320389
230.781036
231.245850
231.714783
232.187897
232.665131
233.146530
233.632080
234.121780
234.615616
235.113602
235.615753
236.122040
236.632492
237.147064
237.665802
238.188705
238.715729
239.246933
239.782257
240.321732
240.865372
241.413162
241.965088
242.521164
243.081406
243.645782
244.214310
244.786987
245.363815
245.944778
246.522461
247.089310
247.645370
248.190643
248.725113
249.248764
249.761627
250.263702
250.754990
251.235474
251.705139
252.164017
252.612106
253.049393
253.475891
253.891586
254.296478
254.690582
255.000000
255.000000
255.000000
255.000000
255.000000
255.000000
255.000000
255.000000
255.000000
255.000000
255.000000
255.000000
255.000000
255.000000
255.000000
255.000000
255.000000
255.000000
255.000000
255.000000
255.000000
255.000000
255.000000
255.000000
255.000000
255.000000
255.000000
255.000000
255.000000
255.000000
255.000000
255.000000
255.000000
255.000000
255.000000
255.000000
