0.954785
0.022607
0.022607
0.022607
0.954785
0.022607
0.022607
0.022607
0.954785
0.000000
1.177582
2.352458
3.524628
4.694093
5.860852
7.024906
8.186255
9.344896
10.500834
11.654065
12.804591
13.952411
15.097526
16.239935
17.379639
18.516636
19.650928
20.782515
21.911396
23.037573
24.161043
25.281807
26.399866
27.515219
28.627867
29.737808
30.845047
31.949575
33.051403
34.150524
35.246937
36.340645
37.431652
38.519947
39.605541
40.688427
41.768604
42.846085
43.920853
44.992916
46.062275
47.128929
48.192875
49.254116
50.312653
51.368481
52.421608
53.472027
54.519741
55.564751
56.607052
57.646648
58.683540
59.717728
60.749210
61.777981
62.804050
63.827415
64.848076
65.866028
66.881271
67.893814
68.903648
69.910782
70.915207
71.916931
72.915947
73.912254
74.905853
75.896744
76.884949
77.870430
78.853210
79.833282
80.810654
81.785316
82.757271
83.726524
84.693069
85.656914
86.618050
87.576477
88.532204
89.485222
90.435532
91.383141
92.328049
93.270241
94.209732
95.146515
96.080597
97.011971
97.940643
98.866608
99.789856
100.710411
101.628258
102.543404
103.455833
104.365562
105.272591
106.176903
107.078522
107.977432
108.873627
109.767128
110.657913
111.545998
112.431381
113.314056
114.194023
115.071281
115.945847
116.817696
117.686844
118.556404
119.429504
120.306152
121.186325
122.070038
122.957298
123.848091
124.742416
125.640289
126.541702
127.446640
128.355133
129.267151
130.182724
131.101807
132.024460
132.950638
133.880341
134.813599
135.750397
136.690735
137.634598
138.582001
139.532944
140.487427
141.445465
142.407028
143.372116
144.340668
145.310501
146.280746
147.251404
148.222458
149.193954
150.165833
151.138138
152.110855
153.083984
154.057526
155.031464
156.005829
156.980606
157.955795
158.931396
159.907394
160.883820
161.860657
162.837891
163.815567
164.793625
165.772110
166.750992
167.730301
168.710022
169.690140
170.670685
171.651642
172.633102
173.615707
174.599548
175.584656
176.571014
177.558594
178.547440
179.537506
180.528839
181.521408
182.515244
183.510300
184.506607
185.504166
186.502975
187.503021
188.504318
189.506851
190.510635
191.515671
192.521942
193.529465
194.538223
195.548233
196.559494
197.572006
198.585754
199.600754
200.616989
201.635010
202.656082
203.680252
204.707565
205.737991
206.771515
207.808151
208.847916
209.890793
210.936798
211.985916
213.038132
214.093475
215.151932
216.213501
217.278198
218.345993
219.416916
220.490952
221.568115
222.648376
223.731766
224.818268
225.907883
227.000610
228.096451
229.195419
230.297501
231.402695
232.487320
233.527664
234.523727
235.475555
236.383087
237.246353
238.065338
238.840073
239.570526
240.256714
240.898621
241.496277
242.049637
242.558746
243.023590
243.444153
243.820450
244.152466
244.440231
244.683701
244.882919
245.037857
245.148544
245.214951
245.237076
0.000000
1.128902
2.255931
3.381086
4.504368
5.625776
6.745310
7.862971
8.978759
10.092672
11.204712
12.314878
13.423171
14.529589
15.634135
16.736807
17.837603
18.936531
20.033581
21.128759
22.222063
23.313490
24.403048
25.490730
26.576538
27.660475
28.742535
29.822723
30.901035
31.977476
33.052048
34.124737
35.195560
36.264507
37.331581
38.396782
39.460102
40.521557
41.581135
42.638836
43.694668
44.748627
45.800709
46.850922
47.899254
48.945717
49.990303
51.033024
52.073864
53.112827
54.149925
55.185146
56.218498
57.249966
58.279564
59.307293
60.333145
61.357128
62.379227
63.399456
64.417824
65.434303
66.448921
67.461647
68.472519
69.481506
70.488617
71.493874
72.497238
73.498726
74.498352
75.496094
76.491974
77.485977
78.478104
79.468361
80.456734
81.443253
82.427872
83.410629
84.391518
85.370529
86.347664
87.322929
88.296318
89.267845
90.237480
91.205246
92.171150
93.135170
94.097321
95.057594
96.015991
96.972527
97.927177
98.879967
99.830864
100.779892
101.727058
102.672348
103.615768
104.557297
105.496956
106.434761
107.370674
108.304726
109.236885
110.167175
111.095612
112.022156
112.946838
113.869637
114.790558
115.709618
116.626801
117.542114
118.455544
119.367096
120.276794
121.184601
122.092766
123.003441
123.916649
124.832390
125.750664
126.671471
127.594810
128.520691
129.449081
130.380020
131.313492
132.249481
133.188019
134.129074
135.072693
136.018814
136.967484
137.918671
138.872391
139.828659
140.787460
141.748779
142.712631
143.679031
144.647949
145.619400
146.593399
147.569916
148.548538
149.526840
150.504379
151.481155
152.457169
153.432419
154.406921
155.380661
156.353638
157.325851
158.297302
159.268005
160.237930
161.207123
162.175537
163.143204
164.110092
165.076248
166.041626
167.006241
167.970108
168.933212
169.895538
170.857132
171.817947
172.778015
173.737320
174.695862
175.653656
176.612564
177.574478
178.539398
179.507324
180.478256
181.452194
182.429138
183.409088
184.392059
185.378006
186.366989
187.358948
188.353928
189.351929
190.352921
191.356918
192.363922
193.373932
194.386963
195.402985
196.422012
197.444031
198.469086
199.497131
200.528183
201.562256
202.599304
203.639389
204.682007
205.724548
206.766556
207.808060
208.849014
209.889450
210.929337
211.968719
213.007553
214.045868
215.083664
216.120911
217.157639
218.193832
219.229492
220.264633
221.299240
222.333313
223.366867
224.399872
225.432373
226.464340
227.495773
228.526672
229.557037
230.586868
231.616196
232.644958
233.673218
234.677856
235.635757
236.546936
237.411377
238.229095
239.000092
239.724350
240.401901
241.032715
241.616791
242.154144
242.644775
243.088684
243.485855
243.836304
244.140030
244.397034
244.607300
244.770844
244.887665
244.957764
244.981125
0.000000
0.000000
0.000000
0.000000
0.879925
2.187004
3.489473
4.787335
6.080591
7.369237
8.653275
9.932704
11.207526
12.477741
13.743346
15.004343
16.260733
17.512516
18.759687
20.002253
21.240210
22.473560
23.702299
24.926430
26.145956
27.360872
28.571180
29.776878
30.977974
32.174458
33.366333
34.553596
35.736263
36.914314
38.087757
39.256592
40.420818
41.580437
42.735447
43.885853
45.031647
46.172832
47.309410
48.441380
49.568748
50.691498
51.809643
52.923180
54.032108
55.136436
56.236149
57.331253
58.421753
59.507633
60.588928
61.665600
62.737659
63.805111
64.867958
65.926208
66.979843
68.028870
69.073280
70.113083
71.148285
72.178879
73.204865
74.226242
75.243011
76.255173
77.262726
78.265671
79.264000
80.257729
81.246841
82.231361
83.211266
84.186554
85.157242
86.123314
87.084793
88.041656
88.993904
89.941551
90.884590
91.823021
92.756844
93.686058
94.610657
95.530655
96.446053
97.356834
98.263000
99.164566
100.061523
100.953880
101.841621
102.724754
103.603271
104.477188
105.346504
106.211205
107.071297
107.926773
108.777641
109.623909
110.465584
111.308037
112.156784
113.011772
113.873032
114.740547
115.614319
116.494347
117.380630
118.273186
119.171989
120.077042
120.988358
121.905930
122.829773
123.759857
124.696205
125.638817
126.587669
127.542801
128.504181
129.471802
130.445694
131.425858
132.412262
133.404922
134.403854
135.409027
136.420456
137.438171
138.461899
139.486633
140.510345
141.533020
142.554688
143.575302
144.594879
145.613434
146.630936
147.647430
148.662888
149.677292
150.690689
151.703049
152.714371
153.724670
154.733932
155.742157
156.749359
157.755508
158.760651
159.764740
160.767807
161.769852
162.770844
163.770813
164.769760
165.767654
166.764526
167.760376
168.755447
169.751587
170.749069
171.747864
172.748001
173.749481
174.752274
175.756409
176.761887
177.768677
178.776810
179.786270
180.797058
181.809189
182.822662
183.837448
184.853577
185.871033
186.889832
187.909943
188.931412
189.954193
190.978317
192.003769
193.030548
194.058670
195.088135
196.118912
197.151016
198.184479
199.217438
200.245468
201.268372
202.286148
203.298767
204.306274
205.308655
206.305908
207.298019
208.284988
209.266846
210.243546
211.215134
212.181580
213.142899
214.099091
215.050140
215.996063
216.936844
217.872513
218.803040
219.728439
220.648697
221.563828
222.473831
223.378708
224.278442
225.173050
226.062515
226.946854
227.813950
228.651627
229.459930
230.238831
230.988327
231.708450
232.399170
233.060516
233.692444
234.294983
234.868134
235.411896
235.926270
236.411240
236.866821
237.293015
237.689819
238.057220
238.395233
238.703857
238.983078
239.232910
239.453369
239.644409
239.806076
239.938339
240.041199
240.114685
240.158768
240.173462
