0.941848
0.029076
0.029076
0.029076
0.941848
0.029076
0.029076
0.029076
0.941848
0.000000
1.301930
2.459790
3.544206
4.625803
5.704578
6.780535
7.853671
8.923988
9.991486
11.056162
12.118021
13.177058
14.233278
15.286674
16.337255
17.385014
18.429953
19.472071
20.511370
21.547852
22.581514
23.612354
24.640375
25.665575
26.687956
27.707520
28.724262
29.738182
30.749287
31.757566
32.763035
33.765675
34.765499
35.762501
36.756683
37.748051
38.736599
39.722324
40.705227
41.685314
42.662575
43.637024
44.608654
45.577457
46.543446
47.506607
48.466961
49.424488
50.381138
51.338867
52.297661
53.257526
54.218468
55.180477
56.143562
57.107712
58.072937
59.039230
60.006596
60.975037
61.944542
62.915123
63.886776
64.859505
65.833290
66.808159
67.784096
68.761101
69.739189
70.718338
71.698555
72.679855
73.662216
74.645653
75.630165
76.615738
77.602394
78.590111
79.578903
80.568764
81.559708
82.551712
83.544785
84.538940
85.534157
86.530449
87.527817
88.526253
89.525749
90.526329
91.527985
92.530701
93.534492
94.539352
95.547073
96.559402
97.576347
98.597908
99.624084
100.654892
101.690308
102.730347
103.775009
104.824280
105.878174
106.936691
107.999817
109.067566
110.139938
111.216927
112.298531
113.384758
114.475601
115.571060
116.671143
117.775841
118.885155
119.999100
121.117653
122.240822
123.368622
124.501022
125.638054
126.779701
127.925972
129.076859
130.232361
131.392487
132.557220
133.726593
134.900558
136.079147
137.262375
138.450211
139.642654
140.839737
142.041428
143.247726
144.458664
145.674210
146.885895
148.085220
149.272186
150.446838
151.609116
152.759048
153.896637
155.021881
156.134766
157.235306
158.323486
159.399338
160.462814
161.513962
162.552750
163.579208
164.593307
165.595047
166.584442
167.561493
168.526184
169.478531
170.418549
171.346191
172.261490
173.164444
174.055054
174.933304
175.799210
176.652786
177.493973
178.322845
179.139343
179.943512
180.735321
181.514786
182.281906
183.036667
183.779083
184.509140
185.226868
185.932236
186.625259
187.305923
187.974243
188.630203
189.283600
189.944183
190.611923
191.286850
191.968948
192.658234
193.354706
194.058350
194.769180
195.487183
196.212372
196.944717
197.684265
198.430984
199.184906
199.945984
200.714249
201.489685
202.272308
203.062119
203.859085
204.663269
205.474594
206.293121
207.118835
207.951721
208.791779
209.639008
210.493423
211.355026
212.223816
213.099777
213.982910
214.873230
215.770721
216.675415
217.587265
218.506302
219.432526
220.365921
221.306503
222.254257
223.209183
224.171310
225.140610
226.117081
227.100739
228.091583
229.089584
230.094788
231.107162
232.126724
233.153458
234.187363
235.228455
236.276733
237.332199
238.394836
239.464645
240.541626
241.625793
242.717148
243.815674
244.921387
246.034286
247.154358
248.281616
249.416046
250.557663
0.000000
0.607047
1.337431
2.191152
3.168212
4.268609
5.492343
6.773619
8.046640
9.311409
10.567923
11.816182
13.056187
14.287938
15.511435
16.726677
17.933668
19.132402
20.322884
21.505110
22.679081
23.844797
25.002262
26.151470
27.292429
28.425129
29.549578
30.665768
31.773708
32.873394
33.964825
35.048000
36.122921
37.189590
38.248001
39.298164
40.340069
41.373718
42.399117
43.416256
44.425148
45.425789
46.418167
47.402294
48.378166
49.345783
50.305149
51.256256
52.200443
53.145710
54.093395
55.043495
55.996006
56.950935
57.908276
58.868034
59.830204
60.794788
61.761787
62.731197
63.703026
64.677269
65.653923
66.632996
67.614487
68.598381
69.584694
70.573425
71.564560
72.558121
73.554092
74.552467
75.553276
76.556480
77.562111
78.570152
79.580612
80.593483
81.608765
82.626465
83.646584
84.669106
85.694054
86.721413
87.751183
88.783371
89.817970
90.854980
91.894409
92.936249
93.980202
95.025970
96.073547
97.122948
98.174156
99.227165
100.281998
101.338646
102.397102
103.457375
104.519455
105.583351
106.649063
107.716583
108.785912
109.857063
110.930016
112.004791
113.081367
114.159767
115.239975
116.321999
117.405830
118.491478
119.578934
120.668213
121.759300
122.852196
123.946899
125.043427
126.141754
127.241905
128.343872
129.447632
130.553223
131.660629
132.769836
133.880859
134.993683
136.108353
137.224808
138.342834
139.461121
140.579407
141.697693
142.815994
143.934280
145.052582
146.170898
147.289200
148.407516
149.525818
150.644150
151.762466
152.880798
153.999146
155.117477
156.235825
157.354156
158.472519
159.590881
160.709229
161.827606
162.945969
164.064346
165.182709
166.301102
167.419495
168.537872
169.656281
170.774658
171.893082
173.011475
174.129898
175.248306
176.366730
177.485168
178.603592
179.722031
180.840454
181.958908
183.077347
184.195801
185.308624
186.410202
187.500534
188.579590
189.647415
190.703979
191.749313
192.783386
193.806198
194.817764
195.818085
196.807159
197.784958
198.751526
199.706848
200.650909
201.583710
202.505264
203.415573
204.314636
205.202454
206.079010
206.944305
207.798355
208.641159
209.472717
210.293015
211.102066
211.899872
212.686417
213.461716
214.225754
214.978546
215.720093
216.450378
217.169434
217.877213
218.573761
219.259048
219.933075
220.595856
221.247406
221.887680
222.516708
223.134506
223.741028
224.336319
224.920349
225.493118
226.054642
226.604919
227.143936
227.671707
228.188248
228.693512
229.187531
229.670303
230.141830
230.602081
231.051102
231.488861
231.915390
232.330643
232.734650
233.127426
233.508926
233.879196
234.238205
234.585953
234.922470
235.247711
235.561737
235.864471
236.155991
236.436234
236.705231
236.962982
237.209473
237.444733
237.668732
237.881470
238.082962
238.273209
0.000000
0.904120
1.979067
3.138158
4.294714
5.448735
6.600221
7.749172
8.895589
10.039469
11.180814
12.319624
13.455899
14.589640
15.720845
16.849516
17.975651
19.099251
20.220314
21.338844
22.454842
23.568300
24.679226
25.787615
26.893465
27.996784
29.097567
30.195816
31.291531
32.384708
33.475353
34.563461
35.649033
36.732071
37.812572
38.890541
39.965977
41.038872
42.109234
43.177059
44.242352
45.305458
46.368507
47.431854
48.495491
49.559422
50.623646
51.688164
52.752972
53.818073
54.883472
55.949162
57.015148
58.081421
59.147991
60.214855
61.282013
62.349464
63.417206
64.485245
65.553574
66.622200
67.691116
68.760323
69.829826
70.899620
71.969719
73.040100
74.110771
75.181747
76.253006
77.324562
78.396423
79.468559
80.540993
81.613724
82.686745
83.760063
84.833672
85.907578
86.982796
88.060333
89.140213
90.222412
91.306946
92.393806
93.482994
94.574509
95.668365
96.764534
97.863045
98.963882
100.067047
101.172539
102.280357
103.390511
104.502998
105.617805
106.734940
107.854408
108.976204
110.100342
111.226791
112.355576
113.486687
114.620132
115.755913
116.894012
118.034431
119.177200
120.322289
121.469711
122.619453
123.771530
124.925941
126.082680
127.241737
128.403137
129.566620
130.730927
131.895813
133.061295
134.227341
135.393982
136.561218
137.729019
138.897415
140.066391
141.235962
142.406097
143.576828
144.748138
145.920044
147.092529
148.265579
149.439240
150.613464
151.788284
152.963684
154.139679
155.316238
156.493393
157.671127
158.849442
160.028351
161.207840
162.387909
163.568558
164.749802
165.931625
167.114029
168.297012
169.480606
170.664749
171.849487
173.034821
174.220734
175.400940
176.569183
177.725433
178.869690
180.001984
181.122284
182.230591
183.326935
184.411301
185.483673
186.544052
187.592468
188.628906
189.653351
190.665817
191.666306
192.654800
193.631317
194.595856
195.548416
196.488998
197.417587
198.334183
199.238831
200.131470
201.012131
201.880829
202.737534
203.582245
204.414993
205.235748
206.044510
206.841309
207.626114
208.398941
209.159790
209.908661
210.645523
211.370438
212.083359
212.784302
213.473251
214.150223
214.815216
215.468231
216.109253
216.738297
217.355362
217.960449
218.553543
219.134674
219.703812
220.260956
220.806137
221.339325
221.860535
222.369766
222.867004
223.352280
223.825562
224.286850
224.736176
225.173523
225.598862
226.012238
226.413635
226.803055
227.180481
227.545929
227.899384
228.240860
228.570374
228.887878
229.193420
229.486969
229.768555
230.038132
230.295746
230.541382
230.775024
230.996674
231.206360
231.404053
231.589798
231.763519
231.925262
232.075043
232.212830
232.338638
232.452469
232.554321
232.644180
232.722061
232.787964
232.841873
232.883820
232.913757
232.931747
232.937729
