0.985431
0.007284
0.007284
0.007284
0.985431
0.007284
0.007284
0.007284
0.985431
0.000000
1.178106
2.349174
3.513204
4.670197
5.820152
6.963068
8.098948
9.227790
10.349594
11.464359
12.572088
13.672778
14.766431
15.853045
16.933817
18.009933
19.081398
20.148211
21.210371
22.267881
23.320736
24.368940
25.412491
26.451391
27.485638
28.515232
29.540173
30.560465
31.576101
32.587082
33.593418
34.595100
35.592129
36.584507
37.572224
38.555302
39.533718
40.507484
41.476597
42.441059
43.400867
44.356030
45.306530
46.252384
47.193584
48.130131
49.062027
49.989273
50.911865
51.832336
52.756874
53.685760
54.618996
55.556580
56.498512
57.444794
58.395424
59.350403
60.309731
61.273407
62.241432
63.213806
64.190536
65.171600
66.157021
67.146790
68.140907
69.139374
70.142189
71.149361
72.160866
73.176735
74.196938
75.221497
76.250404
77.283661
78.321266
79.363220
80.409523
81.460175
82.515175
83.574524
84.638222
85.706268
86.777603
87.845810
88.909836
89.969673
91.025322
92.076790
93.124069
94.167160
95.206070
96.240791
97.271332
98.297684
99.319847
100.337830
101.351616
102.361229
103.366646
104.367882
105.364937
106.357796
107.346474
108.330963
109.311272
110.287392
111.259323
112.227066
113.190636
114.150009
115.105202
116.056213
117.003036
117.945663
118.884117
119.818367
120.748444
121.674507
122.600571
123.528267
124.457581
125.388512
126.321083
127.255272
128.191086
129.128525
130.067596
131.008286
131.950607
132.894562
133.840134
134.787323
135.736145
136.686600
137.638672
138.592377
139.547714
140.504669
141.463242
142.423447
143.385269
144.348740
145.313812
146.280518
147.248840
148.218811
149.190399
150.163605
151.138443
152.114914
153.092987
154.072708
155.054047
156.035858
157.016953
157.997330
158.976990
159.955963
160.934189
161.911728
162.888565
163.864670
164.840073
165.814774
166.788773
167.762024
168.734604
169.706467
170.677597
171.648041
172.617767
173.586777
174.555069
175.522659
176.489532
177.455704
178.421173
179.385925
180.349960
181.313293
182.275909
183.237823
184.199020
185.159500
186.119293
187.078354
188.036713
188.994370
189.951294
190.907532
191.863037
192.817841
193.771942
194.725327
195.678009
196.629959
197.581223
198.531769
199.481583
200.430725
201.379135
202.326828
203.273834
204.220108
205.165680
206.110550
207.054688
207.998138
208.940857
209.882874
210.824188
211.764801
212.704681
213.643860
214.582336
215.520081
216.457138
217.393478
218.329102
219.264008
220.198212
221.131714
222.064499
222.996567
223.927948
224.858582
225.788528
226.717773
227.646301
228.574112
229.501205
230.427597
231.353287
232.278259
233.202515
234.126083
235.048920
235.971054
236.892456
237.813156
238.733170
239.652451
240.571030
241.488892
242.406067
243.322495
244.238251
245.153275
246.067596
246.981186
247.894089
248.806274
249.717758
0.000000
0.000000
0.608811
1.940527
3.262967
4.576129
5.880014
7.174622
8.459951
9.736003
11.002779
12.260276
13.508497
14.747440
15.977103
17.197491
18.408604
19.610844
20.804623
21.989937
23.166790
24.335182
25.495108
26.646576
27.789577
28.924118
30.050196
31.167812
32.276966
33.377651
34.469879
35.553646
36.628948
37.695786
38.754166
39.804081
40.845535
41.878521
42.903049
43.919113
44.926720
45.925858
46.916534
47.898746
48.872498
49.837791
50.794617
51.742985
52.682880
53.614326
54.537296
55.455624
56.378613
57.306690
58.239857
59.178104
60.121445
61.069874
62.023388
62.981995
63.945683
64.914459
65.888329
66.867279
67.851318
68.840446
69.834663
70.833969
71.838364
72.847847
73.862411
74.882065
75.906807
76.936638
77.971550
79.011559
80.056648
81.106827
82.162102
83.222458
84.287895
85.358437
86.434052
87.514763
88.600555
89.689934
90.773857
91.850815
92.920815
93.983864
95.039948
96.089066
97.131233
98.166443
99.194687
100.215973
101.230301
102.237671
103.238075
104.231522
105.218018
106.197548
107.170120
108.135727
109.094383
110.046066
110.990807
111.928574
112.859383
113.783249
114.700142
115.610077
116.513046
117.409065
118.298126
119.180222
120.055367
120.923538
121.784760
122.639381
123.495354
124.355919
125.221077
126.090843
126.965202
127.844154
128.727707
129.615860
130.508606
131.405945
132.307892
133.214432
134.125580
135.041321
135.961639
136.886581
137.816116
138.750229
139.688950
140.632278
141.580185
142.532715
143.489822
144.451523
145.417847
146.388763
147.364258
148.344360
149.329056
150.318359
151.312241
152.310730
153.313828
154.321518
155.331421
156.341278
157.351013
158.360672
159.370224
160.379700
161.389053
162.398331
163.407516
164.416580
165.425583
166.434479
167.443268
168.451965
169.460587
170.469101
171.477509
172.485825
173.494049
174.502182
175.510223
176.518173
177.526016
178.533768
179.541428
180.548996
181.556458
182.563828
183.571121
184.578293
185.585388
186.592377
187.599274
188.606079
189.612793
190.619400
191.625916
192.632339
193.638672
194.644897
195.651047
196.657074
197.663025
198.668869
199.674637
200.680298
201.685883
202.691360
203.696716
204.702011
205.707184
206.712280
207.717285
208.722198
209.726990
210.731705
211.736328
212.740860
213.745285
214.749619
215.753845
216.757996
217.762039
218.765991
219.769867
220.773621
221.777283
222.780853
223.784348
224.787735
225.791031
226.794205
227.797318
228.800308
229.803223
230.806046
231.808746
232.811386
233.813919
234.816345
235.818695
236.820923
237.823090
238.825134
239.827087
240.828949
241.830734
242.832397
243.833984
244.835464
245.836853
246.838165
247.839340
248.840439
249.841461
250.842377
251.843185
252.843918
253.844543
254.845093
255.000000
255.000000
0.000000
1.353670
2.691546
4.013628
5.319915
6.610407
7.885105
9.144010
10.387119
11.614433
12.825953
14.021679
15.204620
16.377789
17.541183
18.694803
19.838652
20.972725
22.097027
23.211554
24.316309
25.411289
26.496494
27.571926
28.637587
29.693472
30.739586
31.775925
32.802490
33.819283
34.826302
35.823544
36.811020
37.788719
38.756641
39.714794
40.663170
41.601776
42.530602
43.452023
44.380219
45.317562
46.264042
47.219666
48.184433
49.158337
50.141388
51.133575
52.134903
53.145382
54.164997
55.193748
56.231647
57.278690
58.334869
59.400192
60.474659
61.558262
62.651012
63.752903
64.863930
65.984108
67.113419
68.251877
69.399475
70.556213
71.722092
72.887016
74.040878
75.183685
76.315437
77.436127
78.545769
79.644348
80.731865
81.808334
82.873741
83.928085
84.971382
86.003616
87.024796
88.034912
89.033981
90.021988
90.998932
91.964821
92.919662
93.863434
94.796158
95.717819
96.628418
97.527969
98.416458
99.293892
100.162895
101.039322
101.925774
102.822273
103.728813
104.645386
105.572014
106.508675
107.455376
108.412117
109.378906
110.355728
111.342598
112.339508
113.346451
114.363434
115.390465
116.427536
117.474648
118.531799
119.598991
120.676224
121.763504
122.860817
123.968170
125.085564
126.213013
127.350487
128.490341
129.624969
130.754333
131.878433
132.997284
134.110870
135.219208
136.322296
137.420105
138.512680
139.599991
140.682053
141.758850
142.830399
143.896683
144.957718
146.013489
147.064026
148.109283
149.149292
150.184052
151.213547
152.237793
153.256775
154.270508
155.278992
156.282211
157.280167
158.272873
159.260315
160.242523
161.219452
162.191132
163.157562
164.118744
165.074661
166.025330
166.970734
167.910873
168.845764
169.775406
170.699783
171.618912
172.532776
173.441406
174.344757
175.242859
176.135696
177.023285
177.905640
178.782715
179.654541
180.521103
181.382416
182.238464
183.089264
183.934814
184.775101
185.610123
186.439911
187.264420
188.083694
188.897720
189.706467
190.509949
191.308197
192.101181
192.888901
193.671387
194.448608
195.220581
195.987274
196.748734
197.504913
198.255844
199.001556
199.741974
200.477142
201.207047
201.931717
202.651123
203.365265
204.074158
204.777786
205.476181
206.169312
206.857162
207.539780
208.217133
208.889252
209.556076
210.217667
210.874008
211.525085
212.170914
212.811478
213.446793
214.076828
214.701645
215.321198
215.935471
216.544510
217.148285
217.746796
218.340057
218.928085
219.510818
220.088318
220.660553
221.227539
221.789261
222.345734
222.896973
223.442932
223.983627
224.519089
225.049271
225.574219
226.093887
226.608322
227.117493
227.621399
228.120056
228.613449
229.101624
229.584503
230.062134
230.534515
231.001648
231.463516
231.920120
232.371475
232.817581
233.258423
