0.989025
0.005487
0.005487
0.005487
0.989025
0.005487
0.005487
0.005487
0.989025
0.000000
1.047451
2.091094
3.130928
4.166953
5.199170
6.227734
7.252805
8.274382
9.292464
10.307054
11.318148
12.325749
13.329855
14.330467
15.327586
16.321211
17.311340
18.297979
19.281118
20.260767
21.236923
22.209583
23.178749
24.144421
25.106598
26.065283
27.020472
27.972168
28.920370
29.865078
30.806292
31.744009
32.678234
33.608967
34.536205
35.459949
36.380379
37.301540
38.225090
39.151020
40.079334
41.010029
41.943111
42.878571
43.816422
44.756649
45.699261
46.644260
47.591640
48.541405
49.493553
50.448082
51.404995
52.364292
53.325974
54.290035
55.256481
56.225311
57.196529
58.170124
59.146107
60.124470
61.105213
62.088345
63.073856
64.061752
65.052040
66.044701
67.039375
68.033836
69.027710
70.020996
71.013687
72.005798
72.997330
73.988258
74.978607
75.968376
76.957550
77.946136
78.934135
79.921555
80.908371
81.894615
82.880264
83.865334
84.849808
85.833694
86.816994
87.799706
88.781830
89.763374
90.744331
91.724693
92.704468
93.683662
94.662270
95.640282
96.617706
97.594551
98.570274
99.543594
100.514450
101.482841
102.448776
103.412239
104.373245
105.331787
106.287865
107.241478
108.192627
109.141312
110.087532
111.031288
111.972588
112.911423
113.847786
114.781685
115.713135
116.642105
117.568626
118.492676
119.414253
120.333382
121.250046
122.164238
123.075966
123.985237
124.892044
125.796387
126.698257
127.597672
128.496445
129.396408
130.297546
131.199875
132.103394
133.008087
133.913986
134.821045
135.729309
136.638748
137.549377
138.461182
139.374176
140.288361
141.203735
142.120285
143.038025
143.956940
144.877045
145.798340
146.720825
147.644485
148.569336
149.495361
150.422592
151.350983
152.280563
153.211349
154.143311
155.076462
156.010788
156.946289
157.882980
158.820877
159.759949
160.700195
161.641632
162.584259
163.528076
164.473068
165.419250
166.366608
167.315155
168.264893
169.215820
170.167923
171.121216
172.075684
173.031342
173.988190
174.946228
175.905457
176.865845
177.827438
178.790192
179.754150
180.719299
181.685623
182.653122
183.621826
184.591721
185.562790
186.535034
187.508484
188.483093
189.458893
190.435898
191.414078
192.393433
193.373993
194.355713
195.338638
196.322739
197.308029
198.294510
199.282166
200.271011
201.261032
202.252243
203.244644
204.238220
205.233002
206.228943
207.226089
208.224426
209.223923
210.224609
211.226501
212.229553
213.233826
214.239258
215.245865
216.253677
217.262680
218.272842
219.284195
220.296738
221.310486
222.325409
223.341492
224.358780
225.377243
226.396912
227.417755
228.439774
229.462997
230.487396
231.512970
232.539734
233.567688
234.596832
235.627151
236.658661
237.691345
238.725235
239.760300
240.796539
241.833984
242.872589
243.912399
244.953369
245.995544
247.038910
0.000000
0.635419
1.377520
2.226304
3.181771
4.243920
5.412752
6.688267
8.070466
9.496104
10.901946
12.287988
13.654233
15.000677
16.327326
17.634174
18.921221
20.188475
21.435926
22.663580
23.871437
25.059492
26.227751
27.376209
28.504869
29.613733
30.702795
31.772062
32.821526
33.851192
34.861061
35.851131
36.827656
37.805912
38.786606
39.769726
40.755280
41.743263
42.733681
43.726524
44.721806
45.719513
46.719650
47.722225
48.727226
49.734657
50.744522
51.756817
52.771545
53.788700
54.808289
55.830307
56.854759
57.881641
58.910954
59.942322
60.973476
62.004044
63.034019
64.063408
65.092209
66.120430
67.148041
68.175079
69.201530
70.227394
71.252663
72.277336
73.301422
74.324928
75.347855
76.370178
77.391914
78.413063
79.433624
80.453598
81.472984
82.491783
83.509941
84.526360
85.540581
86.552612
87.562454
88.570107
89.575562
90.578835
91.579910
92.578796
93.575485
94.569984
95.562294
96.552414
97.540344
98.526077
99.509613
100.490974
101.470131
102.447090
103.421875
104.394455
105.364853
106.333054
107.299576
108.264946
109.229149
110.192200
111.154083
112.114815
113.074387
114.032791
114.990036
115.946129
116.901054
117.854828
118.807434
119.758881
120.709175
121.658302
122.606270
123.553085
124.498741
125.443230
126.386551
127.328728
128.269745
129.209595
130.148270
131.085815
132.022186
132.957397
133.891449
134.824356
135.756073
136.686646
137.616058
138.544327
139.471405
140.397339
141.322128
142.245728
143.168198
144.089478
145.009628
145.928604
146.846420
147.763062
148.678574
149.592896
150.506073
151.418106
152.328964
153.238647
154.147186
155.054565
155.960770
156.865845
157.769745
158.672485
159.574051
160.474472
161.373734
162.271851
163.168777
164.064560
164.959183
165.852631
166.744934
167.636078
168.526062
169.414886
170.302551
171.189056
172.074371
172.958572
173.841583
174.723450
175.604156
176.483704
177.362076
178.239319
179.115372
179.990280
180.864014
181.736603
182.608017
183.478287
184.347397
185.215347
186.082123
186.947754
187.812225
188.675537
189.537689
190.398666
191.258499
192.117157
192.974670
193.831024
194.686203
195.540222
196.393097
197.244797
198.095352
198.944733
199.792969
200.640060
201.485947
202.330704
203.174286
204.016724
204.858002
205.698105
206.537064
207.374847
208.211472
209.046936
209.881271
210.714417
211.546417
212.377228
213.206924
214.035431
214.862778
215.688980
216.513992
217.337875
218.160583
218.982147
219.802551
220.621765
221.439850
222.256760
223.072510
223.887115
224.700546
225.512817
226.323944
227.133896
227.942688
228.750320
229.556808
230.362122
231.166275
231.969284
232.771118
233.571793
234.371323
235.169662
235.966873
236.762909
237.557800
238.351517
239.144073
239.935471
240.725708
241.514801
0.000001
1.652302
3.285932
4.900890
6.497178
8.074795
9.633740
11.174015
12.695620
14.198552
15.682815
17.148403
18.594845
20.017744
21.416023
22.789688
24.138733
25.463161
26.762974
28.038168
29.288746
30.514708
31.716051
32.892780
34.051086
35.203777
36.351234
37.493462
38.630455
39.762215
40.888741
42.010033
43.126095
44.236919
45.342510
46.443222
47.550316
48.669270
49.800091
50.942772
52.097317
53.263725
54.441998
55.632130
56.834126
58.047981
59.273705
60.507694
61.735229
62.954708
64.166130
65.369499
66.564812
67.752068
68.931267
70.102417
71.265503
72.420532
73.567520
74.708794
75.846687
76.981216
78.112373
79.240158
80.364571
81.485619
82.603294
83.717598
84.828537
85.936104
87.040306
88.141136
89.238594
90.332672
91.423401
92.510742
93.594727
94.675323
95.752563
96.826431
97.896935
98.964066
100.027824
101.088211
102.145233
103.198875
104.249153
105.296066
106.339607
107.379776
108.416573
109.450005
110.480057
111.506752
112.530075
113.550018
114.566605
115.579811
116.589653
117.596130
118.599228
119.598953
120.595314
121.588310
122.577927
123.564186
124.547066
125.526566
126.502724
127.475487
128.444885
129.410919
130.373566
131.332870
132.288788
133.241333
134.190536
135.136337
136.078781
137.017853
137.953552
138.885895
139.814850
140.740448
141.662659
142.581512
143.497009
144.409119
145.317871
146.223236
147.125244
148.023880
148.919144
149.811035
150.699570
151.584717
152.466507
153.344925
154.219955
155.091629
155.959946
156.824875
157.686432
158.544632
159.399475
160.250916
161.098999
161.943726
162.785065
163.623032
164.457642
165.288879
166.116745
166.941238
167.762360
168.580124
169.394516
170.205536
171.013168
171.817444
172.618347
173.415894
174.210068
175.000854
175.788300
176.572342
177.353043
178.130356
178.904312
179.674881
180.442093
181.205917
181.966400
182.723495
183.477234
184.227585
184.974564
185.718201
186.458435
187.195312
187.928833
188.658966
189.385727
190.109131
190.829163
191.545822
192.259109
192.969025
193.675583
194.378754
195.078583
195.775009
196.468094
197.157806
197.844116
198.527100
199.206680
199.882889
200.555756
201.225220
201.891342
202.554092
203.213455
203.869461
204.522079
205.171356
205.817230
206.459763
207.098923
207.734695
208.367111
208.996140
209.621826
210.244110
210.863052
211.478622
212.090820
212.699631
213.305115
213.907181
214.505875
215.101227
215.693207
216.281815
216.867035
217.448929
218.027405
218.602539
219.174271
219.742661
220.307678
220.869324
221.427612
221.982513
222.534027
223.082199
223.626999
224.168427
224.706482
225.241180
225.772491
226.300446
226.824997
227.346207
227.864044
228.378510
228.889618
229.397339
229.901703
230.402679
230.900299
231.394547
231.885422
232.372940
232.857071
233.337845
