0.980676
0.009662
0.009662
0.009662
0.980676
0.009662
0.009662
0.009662
0.980676
0.000000
1.086663
2.167196
3.241598
4.309868
5.372009
6.428019
7.477898
8.521646
9.559262
10.590749
11.616105
12.635331
13.648425
14.655389
15.656222
16.650923
17.639496
18.621937
19.598246
20.568426
21.532475
22.490391
23.442179
24.387835
25.327360
26.260756
27.188023
28.109152
29.024155
29.933027
30.835770
31.732380
32.622860
33.510300
34.397793
35.285336
36.172932
37.060577
37.948277
38.836025
39.723827
40.611683
41.499588
42.387547
43.275551
44.163612
45.051727
45.939892
46.828106
47.716373
48.604694
49.493061
50.381485
51.269958
52.158485
53.047062
53.935692
54.824371
55.713104
56.601887
57.490726
58.379612
59.268551
60.157543
61.046585
61.935680
62.824825
63.714024
64.603264
65.492569
66.381927
67.271332
68.160789
69.050301
69.939850
70.829468
71.719131
72.608841
73.498611
74.388428
75.278297
76.168221
77.058189
77.948219
78.838287
79.728424
80.618599
81.508842
82.399689
83.291321
84.183754
85.076981
85.971001
86.865814
87.761429
88.657837
89.555038
90.453033
91.351830
92.251419
93.151802
94.052979
94.954948
95.857719
96.761292
97.665642
98.570801
99.476746
100.383499
101.291039
102.199379
103.108505
104.018433
104.929153
105.840668
106.752983
107.666092
108.579994
109.494690
110.410179
111.326469
112.243553
113.161430
114.080109
114.999573
115.919838
116.840897
117.762749
118.685402
119.608841
120.533089
121.458130
122.383957
123.310570
124.237999
125.166214
126.095230
127.025040
127.955643
128.887039
129.819229
130.752213
131.685760
132.618317
133.549606
134.479675
135.408493
136.336075
137.262421
138.187515
139.111374
140.033997
140.955383
141.875504
142.794418
143.712067
144.628494
145.543671
146.457611
147.370300
148.281754
149.191971
150.100937
151.008682
151.915176
152.820450
153.724442
154.627228
155.528748
156.429047
157.328110
158.225906
159.122482
160.017822
160.911911
161.804779
162.696365
163.586746
164.475876
165.363770
166.250412
167.135818
168.019989
168.902908
169.784607
170.665039
171.544250
172.422226
173.298950
174.174438
175.048691
175.921677
176.793442
177.663986
178.533264
179.401306
180.268097
181.137070
182.016556
182.906921
183.808182
184.720337
185.643372
186.577301
187.522110
188.477798
189.444397
190.421890
191.410248
192.409500
193.419647
194.440689
195.472610
196.515427
197.569122
198.633698
199.709183
200.795547
201.892807
203.000946
204.119965
205.249893
206.390701
207.542389
208.704971
209.878433
211.062805
212.258057
213.464188
214.681213
215.909134
217.147934
218.397629
219.658203
220.929672
222.212036
223.505280
224.809402
226.124435
227.450333
228.787140
230.134827
231.493393
232.862854
234.243225
235.634460
237.036591
238.449615
239.873520
241.308304
242.753983
244.210556
245.780151
247.564819
249.564590
0.000000
0.000000
0.000000
0.000000
0.990526
3.231118
5.410747
7.529412
9.587115
11.583853
13.519629
15.394439
17.208288
18.961170
20.653095
22.284050
23.854050
25.363079
26.811146
28.198252
29.524391
30.789568
31.993782
33.137035
34.219322
35.271568
36.324707
37.378735
38.433651
39.489452
40.546150
41.603733
42.662205
43.721565
44.781811
45.842949
46.904972
47.967888
49.031693
50.096382
51.161964
52.228432
53.295792
54.364040
55.433174
56.503201
57.574112
58.645916
59.718609
60.792187
61.866653
62.942017
64.018257
65.095390
66.173416
67.252335
68.332130
69.412819
70.494392
71.576866
72.660217
73.744469
74.829597
75.915619
77.002533
78.090340
79.179016
80.268593
81.359062
82.450417
83.542656
84.635796
85.729813
86.824715
87.920517
89.017204
90.114777
91.213257
92.312576
93.412033
94.511337
95.610504
96.709518
97.808372
98.907082
100.005630
101.104042
102.202293
103.300400
104.398346
105.496155
106.593803
107.691307
108.788651
109.885849
110.982895
112.079796
113.176537
114.273132
115.369576
116.465866
117.562012
118.657997
119.753845
120.849525
121.945061
123.040451
124.135681
125.230766
126.325706
127.420494
128.515121
129.609604
130.703934
131.798111
132.892136
133.986008
135.079742
136.173309
137.266739
138.360001
139.453125
140.546097
141.638916
142.731583
143.824112
144.916473
146.008682
147.100769
148.192673
149.284424
150.376053
151.467102
152.555298
153.640182
154.721786
155.800110
156.875137
157.946899
159.015366
160.080566
161.142456
162.201080
163.256409
164.308456
165.357224
166.402695
167.444885
168.483795
169.519424
170.551773
171.580826
172.606583
173.629089
174.648285
175.664200
176.676834
177.686188
178.692245
179.695023
180.694519
181.690735
182.683670
183.673294
184.659668
185.642731
186.622513
187.599014
188.572235
189.542175
190.508820
191.472198
192.432266
193.389069
194.342575
195.292801
196.239761
197.183411
198.123779
199.060883
199.994690
200.925186
201.852432
202.776398
203.697067
204.614441
205.528519
206.439255
207.346634
208.250656
209.151321
210.048645
210.942612
211.833221
212.720474
213.604385
214.484940
215.362122
216.235977
217.106461
217.973602
218.837387
219.697815
220.554901
221.408615
222.259003
223.106018
223.949677
224.789993
225.626968
226.460571
227.290817
228.117737
228.941269
229.761475
230.578308
231.391800
232.201935
233.008728
233.812149
234.612244
235.408951
236.202332
236.992340
237.779022
238.562332
239.342285
240.118896
240.892151
241.662048
242.428604
243.191788
243.951630
244.708115
245.461258
246.211044
246.957474
247.700546
248.440277
249.176651
249.888382
250.554199
251.174088
251.748077
252.276138
252.758270
253.194504
253.584808
253.929199
254.227661
254.480225
254.686844
254.847565
254.962372
255.000000
255.000000
0.000000
2.419404
4.762072
7.028004
9.217200
11.329661
13.365385
15.324372
17.206625
19.012138
20.740919
22.392963
23.968271
25.466843
26.888680
28.233778
29.502146
30.693775
31.847506
33.002197
34.157848
35.314449
36.472012
37.630527
38.789997
39.950424
41.111809
42.274147
43.437443
44.601692
45.766895
46.933060
48.100174
49.268246
50.437279
51.607258
52.778194
53.950092
55.122944
56.296745
57.471512
58.647232
59.823898
61.001530
62.180115
63.359653
64.540154
65.721611
66.904015
68.087379
69.271698
70.456963
71.643196
72.830383
74.018524
75.207619
76.397667
77.588676
78.780640
79.973564
81.167435
82.362267
83.558060
84.754799
85.952499
87.151154
88.350761
89.550835
90.750145
91.948631
93.146294
94.343147
95.539177
96.734390
97.928787
99.122360
100.315117
101.507065
102.698181
103.888489
105.077972
106.266640
107.454491
108.641518
109.827736
111.013123
112.197708
113.381462
114.564407
115.746529
116.927834
118.108315
119.287987
120.466835
121.644875
122.822083
123.998482
125.174057
126.348816
127.522751
128.695892
129.868179
131.039673
132.210342
133.380203
134.549225
135.717438
136.884827
138.051407
139.217178
140.382111
141.546234
142.709549
143.872025
145.033707
146.194550
147.354034
148.509018
149.658890
150.803711
151.943451
153.078110
154.207718
155.332245
156.451691
157.566071
158.675385
159.779617
160.878784
161.972870
163.061874
164.145844
165.224716
166.298508
167.367233
168.430893
169.489487
170.542984
171.591415
172.634781
173.673065
174.706299
175.734451
176.757523
177.775528
178.788452
179.796326
180.799103
181.796814
182.789444
183.777023
184.759506
185.736938
186.709290
187.676559
188.638763
189.595901
190.547958
191.494949
192.436859
193.373703
194.305481
195.232193
196.153809
197.070343
197.981857
198.888260
199.789581
200.685822
201.576981
202.463043
203.344040
204.219955
205.090790
205.956528
206.817200
207.672775
208.523285
209.368698
210.209045
211.044312
211.874466
212.699570
213.519592
214.334518
215.144363
215.949127
216.748825
217.543411
218.332947
219.117386
219.896744
220.671036
221.440216
222.204330
222.963379
223.717316
224.466171
225.209961
225.948669
226.682297
227.410843
228.134308
228.852676
229.565979
230.274200
230.977325
231.675385
232.368347
233.056244
233.739044
234.416763
235.089401
235.756973
236.419449
237.071671
237.708542
238.330048
238.936157
239.526932
240.102295
240.662292
241.206909
241.736160
242.250031
242.748520
243.231644
243.699371
244.151749
244.588745
245.010345
245.416595
245.807465
246.182938
246.543045
246.887787
247.217148
247.531143
247.829742
248.112976
248.380829
248.633316
248.870422
249.092148
249.298508
249.489487
249.665100
249.825317
249.970184
250.099640
250.213745
250.312485
250.395828
250.463806
250.516388
250.553619
