0.991661
0.004169
0.004169
0.004169
0.991661
0.004169
0.004169
0.004169
0.991661
0.000000
1.121102
2.220181
3.297238
4.352271
5.385282
6.396269
7.385233
8.352176
9.297095
10.219991
11.120863
11.999713
12.856540
13.691344
14.504126
15.294884
16.076498
16.861841
17.650913
18.443716
19.240248
20.040512
20.844507
21.652231
22.463686
23.278870
24.097786
24.920431
25.746807
26.576914
27.410749
28.248316
29.089613
29.934637
30.783394
31.635883
32.492104
33.352051
34.215729
35.083138
35.954273
36.829144
37.707745
38.590076
39.476135
40.365925
41.259445
42.156693
43.057678
43.962387
44.870831
45.783001
46.698902
47.618534
48.541897
49.468990
50.399815
51.334370
52.272655
53.214664
54.160412
55.109886
56.063091
57.019943
57.977722
58.935112
59.892105
60.848709
61.804920
62.760738
63.716164
64.671196
65.625839
66.580086
67.533943
68.487411
69.440483
70.393158
71.345451
72.297356
73.248856
74.199966
75.150681
76.101006
77.050941
78.000488
78.949638
79.898399
80.846756
81.794731
82.742317
83.689507
84.636299
85.582703
86.528717
87.474342
88.419571
89.364403
90.308846
91.252892
92.196548
93.139816
94.082695
95.025177
95.967270
96.908966
97.850266
98.791183
99.731697
100.671829
101.611565
102.551132
103.492668
104.436691
105.383179
106.332153
107.283607
108.237541
109.193954
110.152855
111.114220
112.078079
113.044403
114.013214
114.984512
115.958282
116.934532
117.913261
118.894463
119.878159
120.864326
121.852974
122.844101
123.837708
124.833786
125.832359
126.833405
127.836937
128.842941
129.851425
130.862381
131.875824
132.891739
133.910156
134.931030
135.954391
136.980240
138.008545
139.039352
140.072632
141.108398
142.146637
143.187347
144.230545
145.276215
146.324387
147.375015
148.428131
149.483734
150.540543
151.593353
152.641632
153.685333
154.724487
155.759079
156.789139
157.814621
158.835556
159.851929
160.863754
161.871033
162.873749
163.871902
164.865524
165.854568
166.839081
167.819016
168.794403
169.765244
170.731522
171.693237
172.650421
173.603027
174.551102
175.494598
176.433563
177.367966
178.297806
179.223099
180.143814
181.060013
181.971634
182.878708
183.781235
184.679184
185.572586
186.461456
187.345734
188.225479
189.100677
189.971329
190.837402
191.698929
192.555893
193.408310
194.256165
195.099487
195.944351
196.803391
197.676971
198.565125
199.467819
200.385056
201.316879
202.263229
203.224136
204.199600
205.189606
206.194168
207.213303
208.246979
209.295197
210.357986
211.435303
212.527206
213.633636
214.754623
215.890167
217.040283
218.204926
219.384125
220.577896
221.786194
223.009064
224.246475
225.498444
226.764969
228.046036
229.341660
230.651855
231.976578
233.315872
234.669708
236.038086
237.421051
238.818542
240.230591
241.657181
243.098358
244.554062
246.024323
247.509140
249.008514
250.522430
252.050903
0.000000
1.483089
2.921587
4.315493
5.664808
6.969532
8.229667
9.445209
10.616159
11.764402
12.911822
14.058417
15.204188
16.349136
17.493258
18.636557
19.779032
20.920681
22.061508
23.201509
24.340689
25.479042
26.616570
27.753275
28.889158
30.024216
31.158447
32.291859
33.424442
34.556206
35.687138
36.817249
37.946541
39.075005
40.202648
41.329464
42.455452
43.580616
44.704967
45.828484
46.951172
48.073048
49.194096
50.314316
51.433716
52.552288
53.670036
54.786964
55.903076
57.018349
58.132805
59.246437
60.359241
61.471222
62.582375
63.692711
64.802216
65.910896
67.018768
68.125801
69.232010
70.337402
71.441963
72.545708
73.648621
74.751747
75.856102
76.961700
78.068527
79.176605
80.285904
81.396446
82.508224
83.621239
84.735489
85.850975
86.967697
88.085663
89.204857
90.325294
91.446968
92.569870
93.694023
94.819397
95.946014
97.073860
98.202957
99.333282
100.464844
101.597641
102.731682
103.866959
105.003456
106.141212
107.280190
108.420410
109.561867
110.704559
111.848488
112.993652
114.140053
115.287697
116.436577
117.586685
118.738037
119.890617
121.044434
122.199493
123.355789
124.513313
125.672089
126.832092
127.993332
129.155807
130.319519
131.484482
132.650665
133.818085
134.986755
136.156631
137.327774
138.497528
139.663300
140.825089
141.982895
143.136719
144.286560
145.432404
146.574280
147.712158
148.846069
149.975998
151.101913
152.223877
153.341843
154.455811
155.565811
156.671829
157.773865
158.871887
159.965958
161.056030
162.142120
163.224228
164.302353
165.376495
166.446655
167.512833
168.575012
169.633209
170.687424
171.737656
172.783905
173.826172
174.864456
175.898743
176.929077
177.955399
178.977737
179.996094
181.010483
182.020874
183.027267
184.029709
185.028137
186.022583
187.013077
187.999557
188.982056
189.960571
190.935104
191.905655
192.872223
193.834808
194.793396
195.748016
196.698639
197.645325
198.588089
199.526947
200.461899
201.392929
202.320053
203.243256
204.162552
205.077927
205.989410
206.896973
207.800598
208.700348
209.596176
210.488083
211.376083
212.260162
213.140335
214.016602
214.888962
215.757401
216.621902
217.482529
218.339233
219.192017
220.040909
220.885849
221.726913
222.564056
223.397278
224.226608
225.052002
225.873505
226.691086
227.504730
228.314499
229.120346
229.922272
230.720291
231.514404
232.304596
233.090881
233.873260
234.651718
235.426254
236.196884
236.963608
237.726425
238.485321
239.240295
239.991379
240.738541
241.481781
242.221130
242.956558
243.688065
244.410095
245.117020
245.808868
246.485657
247.147354
247.793961
248.425507
249.041962
249.643341
250.229630
250.800842
251.356979
251.898041
252.424011
252.934921
253.430725
253.911469
254.377121
254.827682
255.000000
255.000000
255.000000
255.000000
0.000000
3.407388
5.889165
7.445331
8.538862
9.632743
10.726971
11.821544
12.916464
14.011730
15.107344
16.203304
17.299608
18.396261
19.493261
20.590605
21.688297
22.786337
23.884720
24.983450
26.082531
27.181953
28.281725
29.381844
30.482306
31.583117
32.684273
33.785778
34.887627
35.989822
37.092361
38.195251
39.298489
40.402069
41.505997
42.610271
43.714897
44.819862
45.925179
47.030842
48.136852
49.243202
50.349903
51.456944
52.564339
53.672081
54.780167
55.888599
56.997375
58.106506
59.215977
60.325794
61.435959
62.546616
63.658646
64.772186
65.887238
67.003815
68.121902
69.241501
70.362617
71.485252
72.609398
73.735062
74.862236
75.990929
77.121140
78.252853
79.386101
80.520851
81.657120
82.794899
83.934196
85.075005
86.217339
87.361176
88.506538
89.653404
90.801796
91.951698
93.103111
94.256058
95.410492
96.566460
97.723930
98.882927
100.043434
101.205460
102.369003
103.534050
104.700615
105.868706
107.038292
108.209412
109.382042
110.556175
111.731842
112.909019
114.087708
115.267906
116.449623
117.632858
118.817604
120.002449
121.185974
122.368202
123.549103
124.728683
125.906960
127.083916
128.259552
129.433884
130.606903
131.778580
132.948975
134.118027
135.285782
136.452209
137.617325
138.781128
139.943619
141.104797
142.264633
143.423187
144.580414
145.736313
146.890915
148.044189
149.196167
150.346802
151.496140
152.644165
153.790863
154.936264
156.080338
157.223083
158.364532
159.504654
160.643463
161.780975
162.917145
164.052002
165.185562
166.317795
167.448715
168.578323
169.706604
170.833572
171.959229
173.083572
174.206604
175.328323
176.447754
177.559265
178.661865
179.755585
180.840393
181.916321
182.983353
184.041473
185.090698
186.131042
187.162491
188.185043
189.198685
190.203445
191.199310
192.186264
193.164352
194.133530
195.093796
196.045197
196.987671
197.921265
198.845978
199.761780
200.668686
201.566711
202.455811
203.336044
204.207367
205.069794
205.923340
206.767975
207.603729
208.430588
209.248520
210.057587
210.857758
211.649017
212.431396
213.204880
213.969452
214.725143
215.471939
216.209824
216.938843
217.658951
218.370148
219.072479
219.765884
220.450409
221.134140
221.825089
222.523300
223.228760
223.941483
224.661453
225.388672
226.123138
226.864883
227.613861
228.370102
229.133606
229.904343
230.682343
231.467590
232.260086
233.059860
233.866852
234.681122
235.502640
236.331421
237.167435
238.010712
238.861252
239.719025
240.584061
241.456360
242.335907
243.222702
244.116745
245.018051
245.926620
246.842422
247.765488
248.695801
249.633377
250.578186
251.530273
252.489609
253.456192
254.430023
255.000000
255.000000
255.000000
255.000000
255.000000
255.000000
255.000000
255.000000
255.000000
255.000000
255.000000
255.000000
255.000000
