0.988899
0.005551
0.005551
0.005551
0.988899
0.005551
0.005551
0.005551
0.988899
0.000000
1.446133
2.903658
4.333718
5.736313
7.111443
8.459107
9.779306
11.072041
12.337309
13.575114
14.785451
15.968326
17.123734
18.251677
19.352156
20.436476
21.515945
22.590563
23.660330
24.725246
25.785311
26.840523
27.890882
28.936398
29.977055
31.012865
32.043819
33.069931
34.091183
35.107586
36.119137
37.125843
38.127693
39.124691
40.116840
41.104134
42.086578
43.064175
44.036919
45.004807
45.967850
46.926041
47.879383
48.827866
49.771503
50.710289
51.644222
52.573307
53.497540
54.416924
55.331448
56.241127
57.145954
58.045933
58.941055
59.831326
60.716751
61.597324
62.473042
63.343906
64.209930
65.071098
65.927414
66.778877
67.625488
68.467247
69.304161
70.136215
70.963425
71.785789
72.603294
73.415947
74.223747
75.027016
75.832603
76.643364
77.459259
78.280304
79.106499
79.937843
80.774330
81.615974
82.462761
83.314705
84.171791
85.034027
85.901405
86.773941
87.651619
88.534454
89.422424
90.315552
91.213829
92.117256
93.025826
93.939545
94.858414
95.782433
96.711594
97.645912
98.585373
99.529991
100.479752
101.434662
102.394714
103.359924
104.330269
105.305779
106.286430
107.272224
108.263184
109.259277
110.260521
111.266922
112.278458
113.295143
114.316986
115.343979
116.376114
117.413406
118.455833
119.503418
120.556145
121.614021
122.677055
123.745239
124.818558
125.897034
126.980659
128.069427
129.163345
130.262421
131.365692
132.467590
133.567169
134.664413
135.759323
136.851944
137.942215
139.030182
140.115814
141.199112
142.280106
143.358765
144.435120
145.509140
146.580826
147.650192
148.717255
149.781982
150.844391
151.904480
152.962234
154.017670
155.070786
156.121567
157.170044
158.216187
159.260010
160.301514
161.340683
162.377533
163.412064
164.444275
165.474152
166.501724
167.526962
168.549881
169.570480
170.588745
171.604691
172.618317
173.629623
174.638596
175.645248
176.649597
177.651611
178.651291
179.648666
180.643707
181.636429
182.626816
183.614883
184.600632
185.584076
186.565170
187.543945
188.520416
189.494553
190.466354
191.435852
192.403702
193.371582
194.339554
195.307602
196.275757
197.244034
198.212387
199.180832
200.149368
201.118011
202.086746
203.055588
204.024521
204.993546
205.962662
206.931885
207.901215
208.870605
209.840118
210.809738
211.779434
212.749237
213.719131
214.689117
215.659210
216.629395
217.599670
218.570068
219.540527
220.511108
221.481766
222.452530
223.423386
224.394348
225.365402
226.336563
227.307800
228.279144
229.250580
230.222122
231.193741
232.165482
233.137314
234.109222
235.081238
236.053360
237.025574
237.997879
238.970291
239.942780
240.915375
241.888077
242.860870
243.833755
244.806732
245.779816
246.752991
247.726242
248.699631
249.713577
250.808563
251.984604
253.241699
254.579819
0.000000
0.000000
0.000000
0.000000
0.000000
0.000000
0.000000
1.196550
3.485363
5.683262
7.790249
9.806318
11.731471
13.565715
15.309040
16.961454
18.522953
19.993536
21.373203
22.661957
23.859802
24.966724
25.982733
26.952982
27.922632
28.891685
29.860138
30.827988
31.795238
32.761887
33.727940
34.693390
35.658237
36.622486
37.586132
38.549179
39.511623
40.473473
41.434715
42.395363
43.355408
44.314854
45.273697
46.231937
47.189583
48.146626
49.103062
50.058910
51.014149
51.968792
52.922829
53.876266
54.829109
55.781349
56.732986
57.684021
58.634460
59.584293
60.533531
61.482166
62.430202
63.377640
64.324471
65.270706
66.216339
67.161377
68.105812
69.049637
69.992867
70.935509
71.877533
72.818954
73.759789
74.700027
75.639656
76.578674
77.517105
78.454941
79.392159
80.328880
81.267189
82.207939
83.151146
84.096786
85.044861
85.995392
86.948364
87.903778
88.861633
89.821945
90.784691
91.749878
92.717506
93.687592
94.660110
95.635078
96.612480
97.592339
98.574631
99.559372
100.546555
101.536179
102.528252
103.522758
104.519722
105.519119
106.520966
107.525261
108.531990
109.541168
110.552788
111.566856
112.583359
113.602318
114.623711
115.647545
116.673836
117.702560
118.733727
119.767342
120.803391
121.841896
122.882835
123.926231
124.972061
126.020340
127.071053
128.124222
129.179825
130.237869
131.298370
132.361313
133.426697
134.494507
135.564789
136.637497
137.712112
138.785507
139.857086
140.926910
141.994949
143.061218
144.125687
145.188385
146.249298
147.308441
148.365784
149.421371
150.475174
151.527191
152.577438
153.625900
154.672577
155.717468
156.760590
157.801926
158.841492
159.879272
160.915268
161.949493
162.981934
164.012589
165.041473
166.068573
167.093903
168.117432
169.139206
170.159180
171.177399
172.193817
173.208466
174.221313
175.232407
176.241699
177.249222
178.254974
179.258942
180.261124
181.261520
182.260147
183.256989
184.252060
185.245346
186.236847
187.226578
188.214523
189.200699
190.185089
191.167679
192.148514
193.127548
194.104828
195.080322
196.054306
197.027451
197.999786
198.971329
199.942032
200.911957
201.881058
202.849350
203.816833
204.783524
205.749390
206.714462
207.678711
208.642151
209.604797
210.566620
211.527649
212.487854
213.447266
214.405869
215.363663
216.320633
217.276810
218.232178
219.186737
220.140488
221.093430
222.045563
222.996902
223.947418
224.897125
225.846024
226.794113
227.741409
228.687881
229.633560
230.578415
231.522476
232.465714
233.408157
234.349777
235.290604
236.230621
237.169830
238.108231
239.045822
239.982605
240.918579
241.853745
242.788101
243.721664
244.654404
245.586319
246.517456
247.447769
248.377289
249.305984
250.239685
251.184280
252.139694
253.105972
254.083084
255.000000
0.000000
1.321185
2.626949
3.917293
5.192216
6.451718
7.695799
8.924459
10.137698
11.335520
12.517918
13.684894
14.836451
15.972586
17.093302
18.205107
19.314508
20.421507
21.526104
22.628300
23.728092
24.825485
25.920473
27.013058
28.103245
29.191027
30.276407
31.359386
32.439960
33.518139
34.593906
35.667274
36.738247
37.806812
38.872978
39.936737
40.998096
42.057056
43.113613
44.167763
45.219513
46.268860
47.315807
48.360355
49.402493
50.442238
51.479568
52.514503
53.547047
54.577179
55.604908
56.630238
57.653160
58.673683
59.691807
60.707527
61.720844
62.731758
63.740269
64.746384
65.750092
66.751396
67.750305
68.746811
69.740898
70.732597
71.721893
72.708794
73.693283
74.675369
75.655060
76.633461
77.613319
78.594749
79.577759
80.562340
81.548500
82.536240
83.525543
84.516434
85.508896
86.502937
87.498550
88.495735
89.494507
90.494850
91.496765
92.500259
93.505333
94.511978
95.520203
96.529999
97.541367
98.554321
99.568840
100.584953
101.602615
102.621880
103.642708
104.665108
105.689087
106.714645
107.741776
108.770485
109.800774
110.832626
111.866066
112.901077
113.937660
114.975830
116.015564
117.056885
118.099770
119.144234
120.190285
121.237907
122.287086
123.337860
124.390213
125.444130
126.499634
127.556709
128.615341
129.675583
130.737381
131.800766
132.865707
133.931793
134.996384
136.059052
137.119781
138.178574
139.235428
140.290359
141.343338
142.394409
143.443512
144.490707
145.535965
146.579300
147.620682
148.660126
149.697647
150.733231
151.766876
152.798584
153.828384
154.856216
155.882141
156.906113
157.928162
158.948273
159.966446
160.982681
161.996979
163.009369
164.019791
165.028305
166.034882
167.039505
168.042206
169.042984
170.041824
171.038727
172.033691
173.026718
174.017822
175.006989
175.994217
176.979523
177.962875
178.944305
179.923798
180.901352
181.876984
182.850662
183.822433
184.792252
185.760132
186.726089
187.690109
188.652191
189.612350
190.570557
191.526382
192.479645
193.430359
194.378525
195.324127
196.267197
197.207687
198.145645
199.081039
200.013901
200.944199
201.871933
202.797119
203.719757
204.639847
205.557373
206.472366
207.384781
208.294662
209.201981
210.106766
211.008972
211.908646
212.805756
213.700317
214.592331
215.481781
216.368683
217.253036
218.134827
219.014099
219.890778
220.764923
221.636520
222.505539
223.372040
224.235962
225.097336
225.956161
226.812439
227.666183
228.517334
229.365967
230.212036
231.055542
231.896500
232.734909
233.570755
234.404068
235.234818
236.063019
236.888672
237.711746
238.532288
239.350281
240.165710
240.988480
241.828430
242.685593
243.559937
244.451477
245.360214
246.286163
247.229309
248.189636
249.167175
250.161896
251.173828
252.202957
253.249283
254.312805
255.000000
