0.934758
0.032621
0.032621
0.032621
0.934758
0.032621
0.032621
0.032621
0.934758
0.000000
0.777429
1.561717
2.352864
3.150871
3.955736
4.767460
5.586043
6.411486
7.243787
8.082948
8.928967
9.781845
10.641583
11.508181
12.381635
13.261950
14.149124
15.043158
15.944047
16.851799
17.766409
18.687878
19.616203
20.551394
21.493439
22.442345
23.398108
24.360731
25.330212
26.306553
27.289751
28.279814
29.271267
30.258657
31.241985
32.221245
33.196442
34.167572
35.134640
36.097637
37.056576
38.011444
38.962250
39.908993
40.851669
41.790279
42.724823
43.655304
44.581718
45.504070
46.422352
47.336575
48.246731
49.152817
50.054844
50.952805
51.846699
52.736526
53.622292
54.503994
55.381630
56.255199
57.124702
57.990139
58.851517
59.708824
60.562069
61.411247
62.256367
63.097416
63.934395
64.767319
65.596169
66.420959
67.241684
68.058342
68.870941
69.679466
70.483932
71.284325
72.080666
72.872932
73.661140
74.445274
75.225349
76.001358
76.773300
77.542175
78.313942
79.089600
79.869164
80.652603
81.439941
82.231178
83.026291
83.825302
84.628204
85.435013
86.245697
87.060272
87.878754
88.701111
89.527367
90.357521
91.191559
92.029480
92.871307
93.717026
94.566628
95.420128
96.277519
97.138802
98.003975
98.873039
99.746002
100.622849
101.503586
102.388229
103.276749
104.169159
105.065475
105.965675
106.869766
107.777748
108.689621
109.605392
110.525047
111.448601
112.376038
113.307381
114.242599
115.181717
116.124733
117.071625
118.022430
118.977112
119.935684
120.898155
121.864525
122.834770
123.808914
124.786957
125.768883
126.752571
127.735909
128.718872
129.701477
130.683731
131.665604
132.647125
133.628281
134.609085
135.589523
136.569595
137.549301
138.528656
139.507629
140.486252
141.464523
142.442413
143.419968
144.397125
145.373932
146.350388
147.326492
148.302216
149.277573
150.252563
151.227219
152.201508
153.175400
154.148972
155.122162
156.094986
157.067459
158.039566
159.011307
159.982697
160.953705
161.924362
162.894653
163.864594
164.834167
165.803375
166.772217
167.740707
168.708817
169.676575
170.643982
171.611023
172.577698
173.544022
174.509949
175.475540
176.440765
177.405640
178.370132
179.334274
180.299088
181.270584
182.249771
183.236664
184.231293
185.233597
186.243637
187.261368
188.286835
189.319977
190.360840
191.409409
192.465698
193.529678
194.601379
195.680786
196.767914
197.862732
198.965256
200.075500
201.193451
202.319107
203.452484
204.593567
205.742340
206.898834
208.063034
209.234955
210.414566
211.601883
212.796921
213.999680
215.210129
216.428299
217.654160
218.887741
220.129028
221.378036
222.634735
223.899155
225.171265
226.451096
227.738647
229.033890
230.336853
231.647522
232.965897
234.291962
235.625763
236.967255
238.316467
239.673386
241.038010
242.410355
243.790390
245.178131
248.373993
0.000000
0.623248
2.238771
3.837568
5.419636
6.984977
8.533591
10.065478
11.580638
13.079069
14.560773
16.025751
17.473999
18.905521
20.320314
21.718382
23.099724
24.464336
25.812220
27.143377
28.457808
29.761099
31.058851
32.351063
33.637726
34.918850
36.194431
37.464470
38.728966
39.987915
41.241322
42.489189
43.731514
44.968296
46.199532
47.425228
48.645378
49.859989
51.069054
52.272579
53.470558
54.662994
55.849888
57.031242
58.207050
59.377319
60.542042
61.701221
62.854862
64.002960
65.145515
66.282516
67.413986
68.539902
69.660286
70.775124
71.884422
72.988174
74.086380
75.179047
76.266167
77.347755
78.423790
79.494286
80.559242
81.618645
82.672516
83.720833
84.763618
85.800858
86.832542
87.858704
88.879631
89.902344
90.929718
91.961754
92.998444
94.039795
95.085800
96.136467
97.191788
98.251770
99.316406
100.385696
101.459648
102.538261
103.621529
104.709457
105.802040
106.899284
108.001183
109.107742
110.218956
111.334831
112.455360
113.580551
114.710396
115.844902
116.984062
118.127876
119.276360
120.429489
121.587288
122.749741
123.916855
125.088615
126.265045
127.446129
128.631866
129.822266
131.017319
132.217041
133.421402
134.630432
135.844131
137.062469
138.285477
139.513138
140.745453
141.982422
143.224060
144.470352
145.721298
146.976898
148.235748
149.489197
150.735825
151.975647
153.208649
154.434830
155.654190
156.866745
158.072464
159.271378
160.463470
161.648758
162.827209
163.998871
165.163681
166.321701
167.472885
168.617264
169.754822
170.885574
172.009491
173.126602
174.236893
175.340378
176.437027
177.526871
178.609894
179.686096
180.755478
181.818054
182.873825
183.922745
184.964859
186.000168
187.028671
188.050323
189.065201
190.073212
191.074448
192.068848
193.056427
194.037201
195.011154
195.978287
196.938599
197.892105
198.838791
199.778656
200.711700
201.637939
202.557343
203.469940
204.376251
205.277527
206.173843
207.065170
207.951553
208.832962
209.709396
210.580872
211.447372
212.308914
213.165482
214.017075
214.863708
215.705383
216.542084
217.373810
218.200577
219.022354
219.839188
220.651062
221.457947
222.259872
223.056839
223.848816
224.635849
225.417908
226.194992
226.967117
227.734268
228.496460
229.253677
230.005920
230.753204
231.495529
232.232864
232.965256
233.692657
234.415100
235.132584
235.845108
236.552643
237.255219
237.952835
238.645462
239.333130
240.015854
240.693588
241.366364
242.034164
242.697006
243.354874
244.007767
244.647873
245.267303
245.866089
246.444214
247.001694
247.538513
248.054672
248.550186
249.025040
249.479233
249.912766
250.325668
250.717911
251.089478
251.440414
251.770676
252.080292
252.369247
252.637558
252.885223
253.112198
253.318542
253.504227
253.669266
253.813644
253.937363
254.040451
254.122849
0.000000
3.362874
6.546882
9.552025
12.378304
15.025718
17.494265
19.783951
21.894770
23.826721
25.579811
27.154032
28.635633
30.110863
31.579720
33.042198
34.498306
35.948040
37.391399
38.828384
40.258995
41.683231
43.101093
44.512585
45.917702
47.316444
48.708809
50.094803
51.474415
52.847664
54.214535
55.575031
56.929153
58.276901
59.618275
60.953274
62.281902
63.604156
64.920036
66.229538
67.532669
68.829422
70.119804
71.403809
72.681435
73.952705
75.217590
76.476097
77.728233
78.974007
80.213394
81.446411
82.673042
83.893311
85.107208
86.314728
87.517799
88.727997
89.947258
91.175575
92.412949
93.659378
94.914864
96.179405
97.453003
98.735664
100.027382
101.328156
102.637978
103.956856
105.284805
106.621811
107.967865
109.322968
110.687141
112.060364
113.442650
114.833984
116.234383
117.643837
119.062355
120.489922
121.926544
123.372223
124.826965
126.290756
127.763611
129.245514
130.736481
132.236511
133.745590
135.263718
136.790909
138.327164
139.872467
141.426834
142.990265
144.562744
146.144272
147.734863
149.334503
150.930328
152.509521
154.072052
155.617905
157.147110
158.659637
160.155502
161.634720
163.097275
164.543167
165.972382
167.384949
168.780869
170.160095
171.522675
172.868591
174.197845
175.510452
176.806381
178.085648
179.348251
180.594208
181.823486
183.036102
184.232071
185.411377
186.574005
187.719971
188.849289
189.961945
191.057922
192.137253
193.199921
194.245926
195.275253
196.287949
197.283951
198.263336
199.226013
200.172043
201.101410
202.014130
202.910172
203.789551
204.653198
205.506500
206.350388
207.184845
208.009872
208.825470
209.631668
210.428421
211.215775
211.993683
212.762161
213.521240
214.270905
215.011108
215.741913
216.463287
217.175247
217.877792
218.570877
219.254578
219.928833
220.593689
221.249084
221.895081
222.531647
223.158798
223.776535
224.384827
224.983704
225.573166
226.153198
226.723801
227.284988
227.836761
228.379105
228.912018
229.435501
229.949585
230.454224
230.949448
231.435257
231.911636
232.378601
232.836121
233.284241
233.727097
234.168884
234.609558
235.049179
235.487732
235.925171
236.361542
236.796829
237.231064
237.664169
238.096222
238.527206
238.957092
239.385895
239.813629
240.240265
240.665833
241.090317
241.513718
241.936035
242.357285
242.777435
243.196533
243.614517
244.031448
244.447281
244.862030
245.275711
245.688309
246.099808
246.510254
246.919601
247.327881
247.735062
248.141190
248.546219
248.950165
249.353012
249.754807
250.155518
250.555130
250.953690
251.351151
251.747528
252.142822
252.537048
252.930191
253.322250
253.713226
254.103119
254.491943
254.879684
255.000000
255.000000
255.000000
255.000000
255.000000
255.000000
255.000000
255.000000
255.000000
255.000000
255.000000
255.000000
255.000000
255.000000
