0.879577
0.060212
0.060212
0.060212
0.879577
0.060212
0.060212
0.060212
0.879577
0.000000
0.457796
0.950372
1.477730
2.039870
2.636790
3.268491
3.934974
4.636239
5.372284
6.143109
6.948717
7.789105
8.664275
9.574226
10.518958
11.498473
12.512768
13.561843
14.626219
15.686416
16.742435
17.794273
18.841934
19.885416
20.924717
21.959839
22.990784
24.017546
25.040133
26.058538
27.072765
28.082811
29.088680
30.090368
31.087877
32.081207
33.070358
34.055332
35.036125
36.012737
36.985172
37.953426
38.917503
39.877399
40.833118
41.784657
42.732014
43.675198
44.614197
45.549015
46.479660
47.406120
48.328407
49.246513
50.160439
51.070187
51.975754
52.877140
53.774349
54.667377
55.556225
56.440903
57.321392
58.197708
59.069843
59.937794
60.801571
61.661167
62.516586
63.368664
64.222511
65.078979
65.938049
66.799728
67.664032
68.530945
69.400467
70.272598
71.147354
72.024712
72.904678
73.787262
74.672462
75.560265
76.450691
77.343719
78.239365
79.137627
80.038490
80.941971
81.848061
82.756767
83.668091
84.582016
85.498558
86.417717
87.339478
88.263855
89.190849
90.120445
91.052666
91.987495
92.924934
93.864983
94.807648
95.752922
96.700813
97.651306
98.604424
99.560150
100.518486
101.479439
102.442993
103.409172
104.377953
105.349358
106.323364
107.299980
108.279221
109.261070
110.245522
111.230110
112.212341
113.192215
114.169739
115.144913
116.117729
117.088181
118.056282
119.022034
119.985435
120.946472
121.905151
122.861481
123.815460
124.767082
125.716347
126.663254
127.607811
128.550003
129.489868
130.427353
131.362473
132.295273
133.225693
134.153763
135.079483
136.002853
136.923859
137.842514
138.758804
139.672760
140.584335
141.493576
142.400452
143.304977
144.207138
145.106964
146.004410
146.899521
147.792282
148.682678
149.570709
150.456390
151.339737
152.220718
153.099335
153.975601
154.849503
155.721054
156.590271
157.457108
158.322357
159.190430
160.062103
160.937347
161.816208
162.698639
163.584656
164.474258
165.367447
166.264221
167.164597
168.068558
168.976089
169.887222
170.801941
171.720245
172.642136
173.567612
174.496689
175.429337
176.365570
177.305405
178.248810
179.195831
180.146423
181.100586
182.058350
183.019699
183.984650
184.953171
185.925293
186.901001
187.880280
188.863159
189.849625
190.839676
191.833313
192.830551
193.831360
194.835754
195.843735
196.855316
197.870499
198.889236
199.911575
200.937500
201.967026
203.000122
204.036804
205.077072
206.120941
207.168396
208.212784
209.247467
210.272430
211.287659
212.293198
213.289017
214.275116
215.251511
216.218170
217.175125
218.122375
219.059906
219.987717
220.905823
221.814209
222.712875
223.601822
224.481079
225.350616
226.210419
227.060532
227.900925
228.731583
229.552536
230.363785
231.165314
231.957123
232.739227
233.511612
234.274292
235.027237
0.000000
0.000000
0.000000
0.555515
2.381808
4.179800
5.949489
7.690877
9.403966
11.088753
12.745238
14.373423
15.973304
17.544884
19.088163
20.603142
22.089823
23.557003
25.013496
26.459305
27.894421
29.318851
30.732592
32.135643
33.528011
34.909683
36.280674
37.640968
38.990582
40.329510
41.657742
42.975288
44.282143
45.578312
46.863792
48.138584
49.402691
50.656109
51.898834
53.130871
54.352222
55.562885
56.762859
57.952145
59.130745
60.298649
61.455872
62.602406
63.738251
64.863403
65.977875
67.081657
68.174744
69.257141
70.328857
71.390404
72.453369
73.522499
74.597771
75.679199
76.766777
77.860512
78.960403
80.066444
81.178642
82.296989
83.421486
84.552147
85.688950
86.831909
87.981026
89.136284
90.297707
91.465286
92.639015
93.818886
95.004929
96.197113
97.395447
98.599945
99.810600
101.027390
102.250351
103.479454
104.714714
105.956131
107.203690
108.457413
109.717278
110.983307
112.255493
113.533821
114.818298
116.108940
117.404701
118.699318
119.991737
121.281998
122.570068
123.855957
125.139671
126.421211
127.700554
128.977722
130.252731
131.525528
132.796173
134.064621
135.330887
136.594986
137.856888
139.116623
140.374176
141.629562
142.882751
144.133759
145.382584
146.629242
147.873718
149.116013
150.356110
151.594055
152.829803
154.063370
155.294769
156.523972
157.750992
158.975876
160.198517
161.419022
162.637344
163.853470
165.067413
166.277191
167.477966
168.669464
169.851730
171.024765
172.188538
173.343063
174.488358
175.624390
176.751175
177.868729
178.977020
180.076096
181.165909
182.246460
183.317780
184.379852
185.432678
186.476273
187.510605
188.535690
189.551544
190.558136
191.555481
192.543594
193.522461
194.492081
195.452438
196.403564
197.345428
198.278076
199.201447
200.115616
201.020493
201.916153
202.802551
203.679718
204.547623
205.406296
206.255264
207.094055
207.922684
208.741150
209.549438
210.347565
211.135513
211.913300
212.680923
213.438385
214.185669
214.922806
215.649750
216.366547
217.073151
217.769608
218.455902
219.132019
219.797974
220.453766
221.099380
221.734818
222.360107
222.975220
223.580170
224.174942
224.759567
225.334000
225.898285
226.452408
226.996353
227.530121
228.053726
228.567169
229.070450
229.563553
230.046494
230.519287
230.981888
231.434326
231.876602
232.308716
232.730637
233.142410
233.544022
233.935455
234.316727
234.687836
235.048767
235.399536
235.740143
236.070572
236.390839
236.700943
237.000870
237.290634
237.570236
237.839661
238.098938
238.348022
238.586945
238.815720
239.034317
239.242737
239.441010
239.629089
239.807022
239.974792
240.132370
240.279800
240.417053
240.544144
240.661057
240.767822
240.864410
240.950836
241.027084
241.093170
241.149094
241.194839
241.230423
241.255844
241.271088
241.276184
0.000000
4.937509
9.750035
14.437579
19.000139
23.437719
27.750315
31.937929
36.000565
39.938210
43.750877
47.438560
51.001259
54.438984
57.751717
60.943653
64.053398
67.090340
70.054489
72.945847
75.764404
78.510178
81.183144
83.783325
86.310715
88.765297
91.147095
93.456093
95.692291
97.855705
99.968948
102.078728
104.186432
106.292084
108.395668
110.497192
112.596649
114.694046
116.789375
118.882652
120.973862
123.063011
125.150101
127.235123
129.318436
131.411880
133.521179
135.646332
137.787369
139.944260
142.117004
144.305618
146.510086
148.730438
150.966629
153.218689
155.486603
157.770386
160.070023
162.365402
164.573868
166.686462
168.703171
170.624008
172.448975
174.178085
175.811295
177.348648
178.790131
180.135727
181.385468
182.539337
183.597321
184.559448
185.471100
186.377747
187.279373
188.175980
189.067566
189.954117
190.835648
191.712158
192.583633
193.450119
194.311539
195.167969
196.019348
196.865738
197.707092
198.543411
199.374710
200.200989
201.022232
201.838486
202.649689
203.455872
204.257034
205.053192
205.844299
206.630402
207.411469
208.187515
208.958557
209.724548
210.485535
211.241486
211.992432
212.738327
213.479233
214.215103
214.945938
215.671768
216.392548
217.108322
217.819092
218.524811
219.225510
219.921188
220.611862
221.297501
221.978104
222.653702
223.324265
223.989807
224.650330
225.305832
225.956299
226.601746
227.242188
227.877594
228.507980
229.133331
229.753662
230.368988
230.979279
231.584549
232.184799
232.780029
233.370224
233.955399
234.535538
235.110687
235.680786
236.245880
236.805939
237.360977
237.910995
238.455978
238.995956
239.530899
240.060806
240.585739
241.105606
241.620468
242.130295
242.635101
243.134872
243.629639
244.119385
244.604111
245.083801
245.558487
246.028122
246.492737
246.952347
247.406921
247.856476
248.301025
248.740524
249.175003
249.604477
250.028931
250.448334
250.862732
251.272110
251.676453
252.075790
252.470093
252.859360
253.243607
253.622864
253.997070
254.366257
254.730423
255.089554
255.443695
255.792786
256.136841
256.475891
256.809937
257.138947
257.462952
257.781891
258.095825
258.404724
258.708618
259.007477
259.301331
259.590149
255.000000
255.000000
255.000000
255.000000
255.000000
255.000000
255.000000
255.000000
255.000000
255.000000
255.000000
255.000000
255.000000
255.000000
255.000000
255.000000
255.000000
255.000000
255.000000
255.000000
255.000000
255.000000
255.000000
255.000000
255.000000
255.000000
255.000000
255.000000
255.000000
255.000000
255.000000
255.000000
255.000000
255.000000
255.000000
255.000000
255.000000
255.000000
255.000000
255.000000
255.000000
255.000000
255.000000
255.000000
255.000000
255.000000
255.000000
255.000000
255.000000
255.000000
255.000000
255.000000
255.000000
255.000000
255.000000
255.000000
255.000000
