0.979638
0.010181
0.010181
0.010181
0.979638
0.010181
0.010181
0.010181
0.979638
0.000000
1.470915
2.752200
3.843854
4.841165
5.839412
6.838599
7.838723
8.839787
9.841789
10.844729
11.848608
12.853426
13.859182
14.865877
15.873510
16.882084
17.891592
18.902042
19.913427
20.925755
21.939020
22.953226
23.968365
24.984446
26.001465
27.019423
28.038319
29.058155
30.078928
31.100639
32.123291
33.146877
34.171406
35.196873
36.223274
37.250622
38.278908
39.308125
40.338287
41.369385
42.401417
43.434395
44.468307
45.503155
46.538219
47.571747
48.603649
49.633926
50.662579
51.689606
52.715012
53.738796
54.760952
55.781483
56.800392
57.817677
58.833336
59.847374
60.859783
61.870575
62.879742
63.887280
64.893188
65.897484
66.900154
67.901192
68.900612
69.898407
70.894577
71.889122
72.882050
73.873352
74.863022
75.851074
76.837502
77.822304
78.805473
79.787025
80.766960
81.745262
82.721939
83.696999
84.670433
85.642242
86.612434
87.581024
88.548241
89.514107
90.478622
91.441795
92.403633
93.364113
94.323250
95.281036
96.237480
97.192574
98.146332
99.098724
100.049789
100.999496
101.947868
102.894882
103.840553
104.784882
105.727859
106.669495
107.609787
108.548721
109.486313
110.422562
111.357460
112.291023
113.223228
114.154091
115.083603
116.011780
116.938606
117.864075
118.788208
119.710999
120.632431
121.552513
122.471260
123.388664
124.304718
125.219421
126.132820
127.045609
127.958076
128.870239
129.782089
130.693619
131.604843
132.515762
133.426361
134.336655
135.246613
136.156281
137.065628
137.974670
138.883377
139.791794
140.699890
141.607666
142.515137
143.422302
144.329147
145.235687
146.141891
147.047806
147.953400
148.858688
149.763641
150.668304
151.572647
152.476669
153.380402
154.283783
155.186874
156.089661
156.992126
157.894302
158.796127
159.697647
160.598862
161.499771
162.400360
163.300644
164.203033
165.110001
166.021545
166.937653
167.858353
168.783600
169.713425
170.647827
171.586792
172.530319
173.478424
174.431122
175.388367
176.350174
177.316559
178.287506
179.263046
180.243149
181.227814
182.217041
183.210846
184.209229
185.212173
186.219696
187.231781
188.248428
189.269669
190.295456
191.325836
192.360764
193.400269
194.444351
195.493011
196.546219
197.604004
198.666367
199.733292
200.804779
201.880859
202.961487
204.046707
205.136475
206.230835
207.329742
208.433243
209.541306
210.653931
211.771118
212.892899
214.019226
215.150146
216.285629
217.425674
218.570297
219.719482
220.873260
222.031586
223.194473
224.361954
225.533997
226.710587
227.891785
229.077530
230.267853
231.462753
232.662216
233.866226
235.074844
236.288010
237.505753
238.728058
239.954956
241.186401
242.422409
243.663025
244.908173
246.157898
247.412201
248.671082
249.934540
251.202545
252.475113
253.752274
255.000000
255.000000
255.000000
255.000000
0.000000
0.414078
0.977469
1.690174
2.552193
3.563525
4.724172
5.956312
7.182126
8.401615
9.614778
10.821615
12.022127
13.216314
14.404172
15.585708
16.760918
17.929800
19.092358
20.248589
21.398495
22.542074
23.679331
24.810257
25.934864
27.053141
28.165092
29.270718
30.370018
31.462994
32.549641
33.629967
34.703964
35.771633
36.832981
37.888004
38.936695
39.979065
41.015106
42.044823
43.068218
44.085285
45.096027
46.100441
47.098530
48.090290
49.076561
50.062340
51.048466
52.034935
53.021751
54.008911
54.996414
55.984261
56.972454
57.960991
58.949875
59.939102
60.928669
61.918583
62.908844
63.899445
64.890396
65.881683
66.873329
67.865303
68.857628
69.850296
70.843307
71.836662
72.830376
73.824417
74.818810
75.813545
76.808624
77.804047
78.799820
79.795929
80.792389
81.789200
82.786339
83.783829
84.781670
85.779846
86.778366
87.777237
88.776665
89.776886
90.777885
91.779678
92.782249
93.785606
94.789749
95.794685
96.800400
97.806892
98.814178
99.822250
100.831100
101.840744
102.851173
103.862381
104.874374
105.887154
106.900719
107.915070
108.930206
109.946129
110.962830
111.980324
112.998604
114.017662
115.037514
116.058144
117.079559
118.101761
119.124748
120.148521
121.173080
122.198418
123.224548
124.251465
125.279160
126.307640
127.336914
128.366409
129.392975
130.416016
131.435547
132.451569
133.464081
134.473114
135.478607
136.480621
137.479111
138.474106
139.465591
140.453568
141.438034
142.419006
143.396469
144.370407
145.340866
146.307800
147.271240
148.231155
149.187576
150.140488
151.089905
152.035797
152.978210
153.917099
154.852478
155.784348
156.712723
157.637589
158.558945
159.476807
160.391144
161.301987
162.209320
163.113144
164.013458
164.910278
165.803589
166.697205
167.594940
168.496796
169.402756
170.312851
171.227051
172.145370
173.067810
173.994370
174.925049
175.859833
176.798752
177.741776
178.688919
179.640198
180.595566
181.555084
182.518692
183.486435
184.458282
185.434265
186.414352
187.398560
188.386887
189.379333
190.375900
191.376572
192.381378
193.390289
194.403336
195.420486
196.441757
197.467148
198.496658
199.530273
200.568008
201.609879
202.655869
203.705963
204.760178
205.818512
206.880966
207.947525
209.018219
210.093018
211.171936
212.254990
213.342133
214.433426
215.528809
216.628326
217.731964
218.839706
219.951584
221.067566
222.187668
223.311890
224.440231
225.572678
226.709259
227.849960
228.994766
230.143692
231.296753
232.453903
233.615204
234.780579
235.950104
237.123749
238.301514
239.483368
240.669357
241.859467
243.053711
244.252045
245.454514
246.661087
247.871796
249.086609
250.305542
251.528595
252.755783
253.987061
255.000000
255.000000
255.000000
255.000000
255.000000
255.000000
255.000000
255.000000
0.000000
1.712844
2.967095
3.992596
5.019195
6.046890
7.075682
8.105572
9.136559
10.168641
11.201819
12.236095
13.271470
14.307940
15.345507
16.384171
17.423933
18.464788
19.506742
20.549793
21.593941
22.639185
23.685528
24.732965
25.781498
26.831133
27.881861
28.933683
29.986610
31.040627
32.095741
33.151955
34.209263
35.267670
36.327171
37.387772
38.449474
39.512268
40.576218
41.641483
42.708069
43.775978
44.845200
45.915749
46.987614
48.060802
49.135307
50.211132
51.288280
52.366745
53.446533
54.527641
55.610065
56.693810
57.778877
58.865265
59.952969
61.042000
62.132343
63.224010
64.317001
65.411301
66.506935
67.603874
68.702148
69.801727
70.902634
72.004860
73.108414
74.213280
75.319466
76.426971
77.535797
78.645172
79.750420
80.850761
81.946205
83.036751
84.122391
85.203140
86.278984
87.349922
88.415970
89.477112
90.533356
91.584694
92.631142
93.672684
94.709320
95.741051
96.767899
97.789833
98.806870
99.819008
100.826248
101.828583
102.826019
103.818550
104.806190
105.788925
106.766762
107.739693
108.707726
109.670853
110.629089
111.582428
112.530853
113.474388
114.413254
115.352608
116.294556
117.239090
118.186226
119.135956
120.088287
121.043198
122.000717
122.960815
123.923523
124.888817
125.856712
126.827194
127.800278
128.775955
129.754227
130.735092
131.718536
132.704590
133.693237
134.684494
135.678314
136.674744
137.673767
138.675400
139.679611
140.686417
141.695831
142.707825
143.722412
144.739594
145.759369
146.781754
147.806717
148.834290
149.863449
150.893188
151.923508
152.954422
153.985931
155.018036
156.050705
157.083969
158.117828
159.152267
160.187286
161.222916
162.259109
163.295898
164.333282
165.371246
166.409790
167.448929
168.488663
169.528961
170.569870
171.611359
172.653427
173.696091
174.739349
175.783188
176.827621
177.872620
178.918213
179.964401
181.011169
182.058533
183.106491
184.155014
185.204147
186.253845
187.304153
188.355042
189.406509
190.458557
191.511215
192.564438
193.618256
194.672668
195.727661
196.783249
197.839417
198.896164
199.953506
201.011444
202.069962
203.129074
204.188766
205.249039
206.309921
207.371368
208.433411
209.496033
210.559235
211.623047
212.687439
213.752426
214.817978
215.884140
216.950882
218.018188
219.086121
220.154617
221.223709
222.293396
223.363663
224.434494
225.505920
226.577957
227.650558
228.723770
229.797546
230.871933
231.946884
233.022430
234.098572
235.175278
236.252594
237.330490
238.408997
239.488052
240.567703
241.647964
242.728790
243.810211
244.892212
245.974823
247.057999
248.141769
249.226120
250.311050
251.396591
252.482712
253.569427
254.656708
255.000000
255.000000
255.000000
255.000000
255.000000
255.000000
255.000000
255.000000
255.000000
255.000000
255.000000
255.000000
