0.985233
0.007383
0.007383
0.007383
0.985233
0.007383
0.007383
0.007383
0.985233
0.000000
1.928067
3.580533
4.957397
6.058662
7.022670
7.987770
8.953960
9.921242
10.889613
11.859076
12.829630
13.801273
14.774009
15.747835
16.722752
17.698759
18.675858
19.654045
20.633322
21.613693
22.595154
23.577705
24.561346
25.546080
26.531906
27.518818
28.506823
29.495916
30.486105
31.477383
32.469753
33.463207
34.457760
35.453396
36.450130
37.447948
38.446857
39.446861
40.447956
41.450142
42.453419
43.457783
44.463238
45.469784
46.477421
47.486153
48.495968
49.506882
50.518883
51.531971
52.546154
53.561428
54.577793
55.595245
56.613789
57.633423
58.654152
59.675968
60.698879
61.722874
62.747963
63.774143
64.801414
65.829544
66.857193
67.884125
68.910339
69.935829
70.960617
71.984680
73.008026
74.030670
75.052582
76.073784
77.094276
78.114044
79.133102
80.151443
81.169060
82.185974
83.202156
84.217628
85.232391
86.246445
87.259766
88.272377
89.284279
90.295456
91.305923
92.315674
93.324699
94.333023
95.340622
96.347511
97.353676
98.359138
99.363869
100.367889
101.371201
102.373787
103.375664
104.376816
105.377266
106.376991
107.376007
108.374298
109.371872
110.368744
111.364883
112.360321
113.355034
114.349037
115.342308
116.334885
117.326729
118.317879
119.308296
120.297997
121.286987
122.275261
123.262817
124.249657
125.235786
126.221832
127.208466
128.195679
129.183456
130.171814
131.160767
132.150284
133.140366
134.131042
135.122299
136.114120
137.106522
138.099503
139.093063
140.087189
141.081894
142.077179
143.073044
144.069489
145.066498
146.064102
147.062256
148.061020
149.060333
150.060242
151.060715
152.061768
153.063400
154.065613
155.068390
156.071762
157.075699
158.080215
159.085297
160.090973
161.097214
162.104050
163.111450
164.119431
165.127960
166.137100
167.146805
168.157089
169.167953
170.179382
171.191406
172.203995
173.217178
174.230911
175.245224
176.260132
177.275604
178.291656
179.308289
180.325500
181.343292
182.361633
183.380569
184.400085
185.419968
186.438934
187.456772
188.473480
189.489044
190.503479
191.516769
192.528946
193.539993
194.549911
195.558701
196.566345
197.572861
198.578262
199.582520
200.585648
201.587631
202.588501
203.588242
204.586838
205.584320
206.580658
207.575867
208.569962
209.562912
210.554733
211.545410
212.534973
213.523407
214.510696
215.496857
216.481888
217.465790
218.448578
219.430222
220.410736
221.390106
222.368347
223.345459
224.321457
225.296310
226.270050
227.242645
228.214096
229.184433
230.153641
231.121719
232.088638
233.054459
234.019135
234.982681
235.945099
236.906387
237.866531
238.825562
239.783463
240.740219
241.695847
242.650360
243.603729
244.547256
245.472168
246.378448
247.266144
248.135208
248.985687
249.817566
250.630829
251.425491
252.201538
252.958984
253.697830
254.418076
0.000000
0.952550
1.923204
2.911962
3.918823
4.943787
5.986855
7.048026
8.127301
9.214719
10.300320
11.384104
12.466071
13.546220
14.624553
15.701067
16.775764
17.848646
18.919708
19.988956
21.056383
22.121996
23.185789
24.247768
25.307930
26.366272
27.422798
28.477507
29.530397
30.581474
31.630730
32.678169
33.723793
34.767601
35.809589
36.849762
37.888115
38.924652
39.959370
40.992271
42.023354
43.052628
44.080078
45.105713
46.129524
47.151524
48.171707
49.190075
50.206627
51.221359
52.234268
53.245365
54.254642
55.262112
56.267754
57.271580
58.273590
59.273785
60.272156
61.268723
62.263462
63.256382
64.247490
65.236786
66.224251
67.209915
68.193756
69.175835
70.157822
71.140366
72.123474
73.107140
74.091354
75.076141
76.061485
77.047386
78.033844
79.020866
80.008438
80.996574
81.985275
82.974525
83.964340
84.954720
85.945641
86.937141
87.929192
88.921799
89.914970
90.908691
91.902977
92.897827
93.893234
94.889191
95.885719
96.882797
97.880440
98.878647
99.877403
100.876732
101.876602
102.877029
103.878036
104.879585
105.881699
106.884377
107.887611
108.891396
109.895752
110.900658
111.906128
112.912155
113.918747
114.925896
115.933594
116.941856
117.950684
118.960068
119.970001
120.980507
121.991570
123.003181
124.015366
125.028107
126.041397
127.055260
128.069672
129.084641
130.100159
131.116241
132.132874
133.150055
134.167801
135.186096
136.204956
137.224350
138.244324
139.264816
140.285904
141.307510
142.329697
143.352432
144.375717
145.399567
146.423950
147.448898
148.474411
149.500473
150.527084
151.554260
152.581970
153.610260
154.639084
155.668472
156.698410
157.728912
158.759964
159.791565
160.823730
161.856430
162.889709
163.923523
164.957901
165.992844
167.028320
168.064362
169.100952
170.138107
171.175812
172.214066
173.252884
174.292252
175.332169
176.372665
177.413696
178.455261
179.497406
180.540100
181.583344
182.627167
183.671524
184.716431
185.761902
186.807938
187.854507
188.900864
189.945099
190.987167
192.027008
193.064667
194.100128
195.133392
196.164459
197.193344
198.220016
199.244476
200.266769
201.286850
202.304733
203.320435
204.333923
205.345215
206.354324
207.361221
208.365936
209.368454
210.368774
211.366898
212.362823
213.356552
214.348083
215.337402
216.324554
217.309494
218.292221
219.272766
220.251129
221.227280
222.201233
223.173004
224.142548
225.109924
226.075104
227.038071
227.998856
228.957443
229.913818
230.868011
231.819992
232.769791
233.717407
234.662796
235.606003
236.547012
237.485825
238.422440
239.356857
240.289093
241.219116
242.146942
243.072571
243.996017
244.917252
245.836288
246.741714
247.622101
248.477432
249.307739
250.113007
250.893204
251.648392
252.378525
253.083633
253.763672
254.418671
255.000000
0.000000
1.689314
3.198171
4.526570
5.674510
6.732218
7.789924
8.847625
9.905322
10.963015
12.020704
13.078389
14.136070
15.193746
16.251419
17.309086
18.366751
19.424414
20.482069
21.539722
22.597368
23.655014
24.712654
25.770288
26.827925
27.885551
28.943176
30.000795
31.058413
32.116020
33.173626
34.231232
35.288834
36.346424
37.404018
38.461609
39.519188
40.576767
41.634342
42.691914
43.749485
44.807049
45.864605
46.922161
47.979713
49.037262
50.094799
51.152340
52.209869
53.267399
54.324928
55.382450
56.439968
57.497486
58.554996
59.612499
60.670002
61.727501
62.784996
63.842487
64.899971
65.957451
67.014679
68.071045
69.126511
70.181099
71.234795
72.287598
73.339508
74.390526
75.440659
76.489899
77.538246
78.585693
79.632263
80.677940
81.722725
82.766609
83.809616
84.851730
85.892952
86.933289
87.972717
89.011276
90.048927
91.085693
92.121574
93.156555
94.190651
95.223846
96.256165
97.287582
98.318115
99.347755
100.376511
101.404366
102.431328
103.457413
104.482597
105.506889
106.530296
107.552803
108.574432
109.595161
110.615005
111.633949
112.652008
113.669182
114.685463
115.700844
116.715340
117.728943
118.741669
119.753494
120.764420
121.774467
122.783615
123.791870
124.799240
125.805939
126.813248
127.821404
128.830368
129.840195
130.850845
131.862320
132.874634
133.887787
134.901779
135.916595
136.932236
137.948730
138.966034
139.984207
141.003189
142.023010
143.043655
144.065155
145.087479
146.110626
147.134613
148.159439
149.185104
150.211594
151.238922
152.267090
153.296066
154.325912
155.356567
156.388062
157.420380
158.453568
159.487549
160.522385
161.558060
162.594559
163.631882
164.670044
165.709045
166.748886
167.789551
168.831055
169.873398
170.916565
171.960556
173.005417
174.051086
175.097580
176.144928
177.193100
178.242111
179.291946
180.342621
181.394135
182.446487
183.499664
184.553528
185.604935
186.652603
187.696518
188.736694
189.773117
190.805786
191.834732
192.859909
193.881348
194.899033
195.912994
196.923187
197.929642
198.932358
199.931305
200.926514
201.917984
202.905701
203.889694
204.869919
205.846405
206.819138
207.788116
208.753372
209.714844
210.672607
211.626602
212.576859
213.523376
214.466141
215.405151
216.340439
217.271942
218.199738
219.123749
220.044052
220.960587
221.873383
222.782425
223.687714
224.589279
225.487076
226.381149
227.271454
228.158020
229.040848
229.919922
230.795258
231.666840
232.534668
233.398758
234.259094
235.115692
235.968552
236.817642
237.663010
238.504608
239.342529
240.176758
241.007309
241.834198
242.657410
243.476929
244.292816
245.104996
245.913513
246.718353
247.519547
248.317047
249.110870
249.901016
250.687500
251.470306
252.249451
253.024918
253.796707
254.564819
255.000000
255.000000
