0.971157
0.014421
0.014421
0.014421
0.971157
0.014421
0.014421
0.014421
0.971157
0.000000
0.893835
1.791851
2.694047
3.600424
4.510982
5.425720
6.344639
7.267739
8.195020
9.126480
10.062122
11.001945
11.945949
12.894133
13.846497
14.803043
15.763769
16.728676
17.697763
18.671032
19.648479
20.630112
21.615921
22.605911
23.600082
24.598436
25.600969
26.607683
27.618578
28.633652
29.652910
30.676346
31.703964
32.732803
33.759926
34.785320
35.808994
36.830940
37.851162
38.869659
39.886436
40.901485
41.914810
42.926407
43.936283
44.944431
45.950859
46.955563
47.958538
48.959793
49.959320
50.957119
51.953197
52.947556
53.940186
54.931091
55.920269
56.907722
57.893459
58.877464
59.859745
60.840305
61.819138
62.796242
63.771629
64.745285
65.717224
66.687431
67.655914
68.622673
69.587715
70.551025
71.512611
72.472481
73.430618
74.387024
75.341721
76.294685
77.245926
78.195435
79.143234
80.089294
81.033638
81.976257
82.917145
83.856316
84.793846
85.731873
86.671257
87.611992
88.554077
89.497513
90.442299
91.388443
92.335938
93.284782
94.234985
95.186539
96.139450
97.093704
98.049316
99.006279
99.964592
100.924255
101.885284
102.847656
103.811378
104.776459
105.742889
106.710678
107.679817
108.650307
109.622139
110.595345
111.569885
112.545792
113.523041
114.501640
115.481606
116.462914
117.445572
118.429588
119.414963
120.401680
121.389755
122.379181
123.369957
124.362083
125.355576
126.350410
127.346596
128.344131
129.343033
130.343277
131.344879
132.347824
133.352142
134.357803
135.364807
136.373169
137.382538
138.390839
139.397720
140.403214
141.407272
142.409927
143.411179
144.411011
145.409424
146.406448
147.402039
148.396240
149.388992
150.380371
151.370316
152.358856
153.345978
154.331711
155.316010
156.298920
157.280380
158.260452
159.239120
160.216370
161.192215
162.166641
163.139633
164.111252
165.081436
166.050201
167.017578
167.983536
168.948090
169.911209
170.872925
171.833237
172.792145
173.749634
174.705688
175.660355
176.613617
177.565445
178.515884
179.464890
180.412491
181.358673
182.303467
183.246841
184.188797
185.129333
186.068481
187.006210
187.942505
188.877411
189.812759
190.753113
191.698669
192.649399
193.605362
194.566498
195.532837
196.504395
197.481155
198.463104
199.450256
200.442596
201.440170
202.442917
203.450882
204.464050
205.482407
206.505966
207.534744
208.568695
209.607864
210.652237
211.701813
212.756577
213.816544
214.881729
215.952087
217.027664
218.108444
219.194427
220.285599
221.381989
222.483566
223.590347
224.702347
225.819519
226.941910
228.069489
229.202286
230.340286
231.483459
232.631866
233.785461
234.944244
236.108246
237.277451
238.451859
239.631454
240.816238
242.006241
243.201462
244.401871
245.607483
246.818283
247.949066
248.914627
249.714935
250.350021
250.819870
251.124481
251.263855
0.000000
0.000000
0.000000
0.894283
2.340528
3.771876
5.188326
6.589881
7.976540
9.348300
10.705166
12.047133
13.374207
14.686383
15.983660
17.266043
18.533529
19.786119
21.023813
22.246609
23.454508
24.647512
25.825621
26.988829
28.137144
29.270561
30.389084
31.492704
32.581436
33.655262
34.714199
35.758236
36.787380
37.801624
38.800976
39.785431
40.754982
41.709641
42.649406
43.574276
44.493137
45.414894
46.339539
47.267075
48.197498
49.130817
50.067024
51.006123
51.948112
52.892990
53.840763
54.791424
55.744972
56.701416
57.660751
58.622974
59.588093
60.556091
61.526989
62.500774
63.477451
64.457024
65.439484
66.424828
67.413063
68.404198
69.398224
70.395126
71.394928
72.397629
73.403214
74.411690
75.423050
76.437309
77.454453
78.474487
79.497421
80.523232
81.551949
82.583542
83.618042
84.655411
85.695694
86.738853
87.784904
88.833855
89.885681
90.940407
91.998024
93.058525
94.121925
95.188225
96.255966
97.321663
98.385155
99.446442
100.505516
101.562386
102.617058
103.669518
104.719765
105.767822
106.813660
107.857292
108.898720
109.937943
110.974953
112.009766
113.042366
114.072762
115.100952
116.126938
117.150711
118.172287
119.191650
120.208801
121.223755
122.236496
123.247040
124.255371
125.261497
126.265419
127.267128
128.266632
129.263931
130.259018
131.251923
132.242599
133.231064
134.217346
135.201401
136.183243
137.162903
138.140335
139.115585
140.088608
141.059433
142.028046
142.994461
143.958664
144.920670
145.880447
146.838028
147.793427
148.746796
149.699600
150.651993
151.604019
152.555664
153.506912
154.457794
155.408279
156.358398
157.308121
158.257462
159.206436
160.155014
161.103210
162.051025
162.998459
163.945496
164.892166
165.838455
166.784363
167.729874
168.675018
169.619766
170.564133
171.508133
172.451721
173.394958
174.337799
175.280243
176.222321
177.164017
178.105316
179.046249
179.986801
180.926956
181.866745
182.806122
183.745148
184.683777
185.622025
186.559891
187.497375
188.434479
189.371201
190.307526
191.243484
192.179047
193.114243
194.049042
194.983459
195.917496
196.851151
197.784515
198.719376
199.656479
200.595810
201.537399
202.481232
203.427292
204.375610
205.326157
206.278961
207.233994
208.191269
209.150772
210.112549
211.076538
212.042786
213.011276
213.982010
214.954987
215.930191
216.907639
217.887329
218.869278
219.853455
220.839859
221.828537
222.819443
223.812576
224.807968
225.805603
226.805466
227.807587
228.811935
229.818542
230.827362
231.838455
232.851776
233.867325
234.885147
235.905182
236.927475
237.951996
238.978790
240.007797
241.039047
242.072540
243.108276
244.146255
245.186493
246.228943
247.273666
248.320602
249.369797
250.358017
251.222031
251.961868
252.577515
253.068954
253.436218
253.679276
0.000001
1.431042
2.847889
4.250542
5.639001
7.013267
8.373338
9.719215
11.050900
12.368389
13.671685
14.960788
16.235697
17.496412
18.742931
19.975258
21.193394
22.397327
23.587074
24.762625
25.923983
27.071150
28.204115
29.322893
30.427471
31.517860
32.594055
33.656055
34.711758
35.769062
36.827969
37.888481
38.950592
40.014309
41.079624
42.146542
43.215057
44.285179
45.356903
46.430229
47.505157
48.581684
49.659817
50.739552
51.820885
52.903824
53.988361
55.074505
56.162247
57.251587
58.342537
59.435085
60.529236
61.624989
62.722340
63.821301
64.921860
66.024017
67.127777
68.233139
69.340111
70.448677
71.558838
72.670616
73.783981
74.898964
76.015541
77.133720
78.253502
79.374886
80.497871
81.622459
82.748650
83.876442
85.005829
86.136826
87.269424
88.403618
89.539413
90.675797
91.810287
92.942764
94.073235
95.201691
96.328140
97.452583
98.575012
99.695427
100.813835
101.930237
103.044624
104.156998
105.267372
106.375732
107.482079
108.586426
109.688744
110.789070
111.887375
112.983681
114.077965
115.170250
116.260513
117.348778
118.435020
119.519264
120.601494
121.681709
122.759918
123.836113
124.910309
125.982491
127.052658
128.120819
129.186966
130.251114
131.313232
132.373367
133.431473
134.487564
135.541656
136.593735
137.643814
138.691879
139.737915
140.781952
141.823990
142.863998
143.902023
144.938019
145.971909
147.003159
148.031647
149.057419
150.080429
151.100693
152.118210
153.132996
154.145020
155.154327
156.160873
157.164673
158.165726
159.164032
160.159607
161.152435
162.142532
163.129868
164.114456
165.096313
166.075409
167.051773
168.025391
168.996246
169.964371
170.929764
171.892410
172.852295
173.809448
174.763855
175.715515
176.664444
177.610611
178.554047
179.494720
180.432663
181.367859
182.300323
183.230026
184.156998
185.081207
186.002686
186.921417
187.837402
188.750641
189.661133
190.568893
191.473907
192.376175
193.275681
194.172470
195.066544
195.959137
196.850708
197.741257
198.630768
199.519287
200.406784
201.293259
202.178711
203.063156
203.946579
204.828995
205.710388
206.590744
207.470093
208.348450
209.225754
210.102051
210.977341
211.851593
212.724854
213.597076
214.468292
215.338486
216.207657
217.075821
217.942963
218.809082
219.674179
220.538269
221.401337
222.263382
223.124420
223.984436
224.843430
225.701416
226.558395
227.414337
228.269257
229.123169
229.976059
230.827942
231.678802
232.528641
233.377457
234.225266
235.072052
235.917816
236.762573
237.606293
238.449020
239.290710
240.118103
240.917938
241.690231
242.434937
243.152084
243.841675
244.503693
245.138153
245.745041
246.324371
246.876129
247.400314
247.896973
248.366028
248.807526
249.221466
249.607849
249.966660
250.297897
250.601578
250.877701
251.126266
251.347260
