0.865392
0.067304
0.067304
0.067304
0.865392
0.067304
0.067304
0.067304
0.865392
0.000000
0.604834
1.232387
1.882659
2.555650
3.251359
3.969787
4.710934
5.474800
6.261385
7.070688
7.902709
8.757451
9.634912
10.535089
11.457988
12.391931
13.325245
14.257932
15.189991
16.121424
17.052227
17.982403
18.911949
19.840872
20.769161
21.696827
22.623863
23.550270
24.476051
25.401203
26.325727
27.249626
28.172895
29.095535
30.017548
30.938934
31.859690
32.779819
33.699322
34.618195
35.536438
36.454060
37.371048
38.287411
39.203144
40.118248
41.032730
41.946579
42.859802
43.772396
44.684364
45.595699
46.506413
47.416500
48.325951
49.234779
50.142982
51.050549
51.957493
52.863811
53.769493
54.674561
55.578987
56.483829
57.390133
58.297897
59.207115
60.117790
61.029922
61.943516
62.858562
63.775070
64.693031
65.612457
66.533333
67.455673
68.379463
69.304718
70.231422
71.159592
72.089218
73.020294
73.952835
74.886833
75.822289
76.759193
77.697563
78.637390
79.578674
80.521408
81.465607
82.411270
83.358376
84.306953
85.256973
86.208466
87.161407
88.115807
89.071663
90.028976
90.987762
91.947983
92.909676
93.872818
94.837425
95.803482
96.770996
97.739967
98.710403
99.682297
100.655640
101.629852
102.604347
103.579124
104.554161
105.529488
106.505096
107.480972
108.457130
109.433563
110.410278
111.387268
112.364532
113.342079
114.319901
115.298004
116.276375
117.255035
118.233963
119.213173
120.192657
121.172424
122.152466
123.132790
124.113380
125.094261
126.075409
127.056839
128.038544
129.020523
130.002792
130.985321
131.968155
132.951248
133.934601
134.918259
135.902191
136.886398
137.870880
138.855637
139.840668
140.825974
141.811569
142.797424
143.783585
144.770020
145.756714
146.743683
147.730942
148.717651
149.703003
150.686981
151.669586
152.650833
153.630692
154.609207
155.586349
156.562134
157.536530
158.509567
159.481247
160.451538
161.420486
162.388062
163.354248
164.319092
165.282562
166.244659
167.205414
168.164764
169.122772
170.079407
171.034668
171.988556
172.941086
173.892258
174.842056
175.790482
176.737564
177.683258
178.627579
179.570541
180.512146
181.452362
182.391220
183.328720
184.264832
185.199600
186.132980
187.065018
187.995667
188.924973
189.852890
190.779434
191.704620
192.628448
193.550903
194.480881
195.427231
196.389999
197.369156
198.364700
199.376648
200.404984
201.449722
202.510849
203.588379
204.682297
205.792603
206.919327
208.062424
209.221924
210.397827
211.590118
212.798798
214.023880
215.265366
216.523239
217.797501
219.088150
220.395233
221.718674
223.058517
224.414780
225.787415
227.176437
228.581879
230.003693
231.441925
232.896530
234.367538
235.854935
237.358734
238.878937
240.415527
241.968521
243.537903
245.123672
246.725830
248.344421
249.979370
251.630737
253.298477
254.982620
255.000000
0.000000
0.577161
1.906073
3.244133
4.591344
5.947704
7.313213
8.687873
10.071683
11.464641
12.866748
14.278008
15.698415
17.127970
18.566679
20.004107
21.429825
22.843830
24.246130
25.636719
27.015598
28.382767
29.738226
31.081976
32.414017
33.734352
35.042969
36.339882
37.625088
38.898579
40.160362
41.410431
42.648796
43.875454
45.090393
46.293633
47.485157
48.664978
49.833080
50.989479
52.134167
53.267139
54.388412
55.497967
56.595821
57.681953
58.756386
59.819103
60.870121
61.909424
62.945709
63.987679
65.035316
66.088646
67.147652
68.212326
69.282692
70.358727
71.440453
72.527847
73.620926
74.719681
75.824120
76.934235
78.050034
79.171509
80.298660
81.431503
82.570007
83.714195
84.864067
86.019615
87.180847
88.347755
89.520348
90.698608
91.882553
93.072182
94.267487
95.468468
96.675133
97.887474
99.105492
100.329193
101.558578
102.791061
104.024078
105.257629
106.491714
107.726334
108.961479
110.197159
111.433365
112.670113
113.907394
115.145195
116.383545
117.622414
118.861824
120.101761
121.342232
122.583237
123.824776
125.066841
126.309441
127.552574
128.796249
130.040436
131.285172
132.530426
133.776230
135.022552
136.269409
137.516815
138.764725
140.013184
141.262177
142.511688
143.761765
145.012329
146.260849
147.504745
148.744003
149.978622
151.208588
152.433929
153.654617
154.870682
156.082092
157.288879
158.491013
159.688522
160.881393
162.069595
163.253189
164.432129
165.606445
166.776108
167.941132
169.101532
170.257278
171.408386
172.554871
173.696686
174.833893
175.966446
177.094360
178.217621
179.336273
180.450272
181.559616
182.664352
183.764420
184.859863
185.950668
187.033844
188.106430
189.168411
190.219803
191.260574
192.290771
193.310349
194.319336
195.317734
196.305527
197.282715
198.249298
199.205292
200.150681
201.085480
202.009674
202.923264
203.826263
204.718658
205.600464
206.471649
207.332260
208.182251
209.021652
209.850464
210.668655
211.476257
212.273254
213.059662
213.835464
214.600677
215.355286
216.099289
216.832687
217.555496
218.267700
218.969315
219.660324
220.340744
221.010544
221.669769
222.318375
222.956390
223.583801
224.200623
224.806839
225.402466
225.987473
226.561905
227.125717
227.678940
228.221558
228.753571
229.274994
229.785828
230.286057
230.775665
231.254700
231.723114
232.180954
232.628174
233.064804
233.490829
233.906265
234.311096
234.705338
235.088959
235.461990
235.824417
236.176270
236.517487
236.848129
237.168167
237.477600
237.776443
238.064682
238.342331
238.609360
238.865814
239.111649
239.346893
239.571533
239.785583
239.989014
240.181870
240.364105
240.535751
240.696808
240.847260
240.987106
241.116364
241.235016
241.343063
241.440521
241.527374
241.603622
241.669281
241.724335
241.768784
241.802643
241.825912
0.000000
4.946242
9.784976
14.516196
19.139908
23.656105
28.064791
32.365963
36.559631
40.645782
44.624424
48.495552
52.259174
55.908348
59.378994
62.655529
65.737938
68.626236
71.320412
73.820473
76.126404
78.238228
80.155930
81.879509
83.408974
84.744331
85.985100
87.336639
88.805168
90.390678
92.093178
93.912659
95.849129
97.902573
100.073013
102.360428
104.764832
107.286217
109.921318
112.562065
115.156090
117.703369
120.203911
122.657722
125.064796
127.425125
129.738739
132.005600
134.225723
136.399124
138.525772
140.600433
142.601395
144.526321
146.375229
148.148102
149.844955
151.465775
153.010559
154.479324
155.872040
157.188751
158.429428
159.594070
160.717743
161.835571
162.947525
164.053604
165.153824
166.248184
167.336670
168.419281
169.496017
170.566910
171.631912
172.691071
173.744339
174.791748
175.833282
176.868958
177.898758
178.922699
179.940781
180.952972
181.959305
182.959778
183.954361
184.943100
185.925964
186.902954
187.874084
188.839340
189.798737
190.752258
191.699905
192.641693
193.577621
194.507675
195.431854
196.350174
197.262619
198.169205
199.069916
199.964752
200.853729
201.736847
202.614075
203.485458
204.350967
205.210602
206.064377
206.912277
207.754303
208.590469
209.420776
210.245209
211.063766
211.876465
212.683289
213.484253
214.279343
215.068573
215.851913
216.629410
217.401031
218.166779
218.926666
219.680679
220.428833
221.171112
221.907532
222.638077
223.362747
224.081558
224.794510
225.501572
226.202789
226.898117
227.587601
228.271194
228.948929
229.620804
230.286789
230.946930
231.601196
232.249588
232.892120
233.528778
234.159576
234.784485
235.403534
236.016739
236.624069
237.225510
237.821091
238.410812
238.994659
239.572647
240.144760
240.710999
241.271378
241.825897
242.374542
242.917313
243.454208
243.985275
244.510437
245.029724
245.543152
246.050735
246.552429
247.048279
247.538239
248.022324
248.500549
248.972916
249.439407
249.900040
250.354797
250.803680
251.246719
251.683853
252.115128
252.540558
252.960114
253.373795
253.781616
254.183563
254.579651
254.969849
255.354202
255.732666
256.105286
256.472015
256.832886
257.187897
257.537048
257.880310
258.217712
255.000000
255.000000
255.000000
255.000000
255.000000
255.000000
255.000000
255.000000
255.000000
255.000000
255.000000
255.000000
255.000000
255.000000
255.000000
255.000000
255.000000
255.000000
255.000000
255.000000
255.000000
255.000000
255.000000
255.000000
255.000000
255.000000
255.000000
255.000000
255.000000
255.000000
255.000000
255.000000
255.000000
255.000000
255.000000
255.000000
255.000000
255.000000
255.000000
255.000000
255.000000
255.000000
255.000000
255.000000
255.000000
255.000000
255.000000
255.000000
255.000000
255.000000
255.000000
255.000000
255.000000
255.000000
255.000000
255.000000
255.000000
