0.959394
0.020303
0.020303
0.020303
0.959394
0.020303
0.020303
0.020303
0.959394
0.000000
1.219855
2.430089
3.630701
4.821692
6.003060
7.174807
8.336932
9.489437
10.632318
11.765579
12.889218
14.003236
15.107631
16.202402
17.287556
18.363089
19.428997
20.485285
21.531950
22.568993
23.596416
24.614218
25.622395
26.620951
27.609888
28.589203
29.558895
30.518967
31.469416
32.410244
33.341450
34.263031
35.174999
36.077339
36.970055
37.853153
38.733482
39.617886
40.506367
41.398922
42.295555
43.196266
44.101051
45.009918
45.922863
46.839878
47.760975
48.686150
49.615398
50.548725
51.486126
52.427612
53.373169
54.322800
55.276516
56.234303
57.196167
58.162109
59.132130
60.106232
61.084404
62.066654
63.052982
64.043388
65.037872
66.036430
67.039062
68.045776
69.056564
70.071434
71.090385
72.113403
73.140495
74.171677
75.206932
76.246254
77.289665
78.337143
79.388718
80.444344
81.504059
82.567848
83.635719
84.707672
85.783691
86.863792
87.947968
89.036224
90.128548
91.224731
92.319588
93.411018
94.499023
95.583603
96.664764
97.742493
98.816788
99.887665
100.955116
102.019142
103.079742
104.136917
105.190659
106.240982
107.287880
108.331352
109.371384
110.408005
111.441193
112.470963
113.497299
114.520218
115.539711
116.555771
117.568405
118.577614
119.583397
120.585762
121.584694
122.580200
123.572289
124.560936
125.546158
126.527969
127.506355
128.481293
129.452820
130.420914
131.385590
132.346848
133.304657
134.259064
135.210022
136.157578
137.101685
138.042404
138.979660
139.913498
140.843918
141.770889
142.694473
143.614594
144.531311
145.445236
146.360062
147.276413
148.194321
149.113785
150.034760
150.957306
151.881378
152.806992
153.734146
154.662842
155.593079
156.524857
157.458176
158.393036
159.329437
160.267380
161.206863
162.147888
163.090454
164.034546
164.980209
165.927399
166.876129
167.826401
168.778198
169.731552
170.686447
171.642883
172.600861
173.560379
174.521439
175.484039
176.448181
177.413864
178.381073
179.349838
180.320145
181.291992
182.265381
183.240311
184.216782
185.194794
186.174332
187.155426
188.138062
189.122238
190.107956
191.095215
192.084015
193.074341
194.066223
195.059647
196.054596
197.051025
198.048782
199.047806
200.048157
201.049774
202.052734
203.056961
204.062500
205.069321
206.077469
207.086899
208.097626
209.109665
210.123001
211.137634
212.153564
213.170776
214.189316
215.209137
216.230270
217.252686
218.276413
219.301453
220.327774
221.355392
222.384308
223.414536
224.446045
225.478882
226.512985
227.548416
228.585129
229.623154
230.662460
231.703079
232.744995
233.788208
234.832718
235.878540
236.925644
237.974060
239.023773
240.074768
241.127075
242.180695
243.235596
244.291809
245.349304
246.408112
247.468231
248.529617
249.592331
250.656311
251.721634
252.674744
253.402222
253.904068
254.180267
0.000000
1.341857
2.671095
3.987714
5.291713
6.583093
7.861854
9.127995
10.381518
11.622420
12.850703
14.066367
15.269411
16.459837
17.637642
18.802830
19.955399
21.095346
22.222673
23.337383
24.439474
25.528946
26.605795
27.670029
28.721640
29.760632
30.787008
31.800764
32.801899
33.790413
34.766312
35.729588
36.680244
37.618286
38.543705
39.456505
40.364891
41.277077
42.193050
43.112820
44.036385
44.963745
45.894897
46.829849
47.768589
48.711128
49.657459
50.607586
51.561508
52.519218
53.480732
54.446037
55.415131
56.388023
57.364712
58.345192
59.329468
60.317543
61.309406
62.305061
63.304520
64.307762
65.314812
66.325645
67.340279
68.358704
69.380920
70.406937
71.436745
72.470352
73.507744
74.548935
75.593925
76.642708
77.695282
78.751656
79.811813
80.875771
81.943527
83.015076
84.090416
85.169556
86.252487
87.339211
88.429718
89.524040
90.622154
91.724052
92.829750
93.939240
95.051643
96.161591
97.268188
98.371460
99.471382
100.567963
101.661209
102.751114
103.837685
104.920898
106.000786
107.077324
108.150528
109.220390
110.286911
111.350090
112.409927
113.466423
114.519592
115.569405
116.615891
117.659019
118.698822
119.735283
120.768394
121.798180
122.824608
123.847702
124.867462
125.883873
126.896957
127.906685
128.913071
129.916122
130.915848
131.912216
132.905258
133.894928
134.881302
135.864288
136.843979
137.820312
138.793304
139.762939
140.729248
141.692230
142.651855
143.608139
144.561081
145.510696
146.456970
147.399887
148.339462
149.275726
150.208618
151.140839
152.075104
153.011353
153.949631
154.889923
155.832230
156.776520
157.722855
158.671173
159.621521
160.573868
161.528229
162.484604
163.442993
164.403381
165.365784
166.330200
167.296631
168.265060
169.235519
170.207977
171.182449
172.158936
173.137436
174.117935
175.100449
176.084976
177.071518
178.060074
179.050629
180.043198
181.037796
182.034378
183.032990
184.033615
185.036240
186.040878
187.047516
188.056183
189.066849
190.079544
191.094223
192.110931
193.129654
194.150375
195.173126
196.197861
197.224609
198.253387
199.284164
200.316971
201.351776
202.388580
203.427399
204.467484
205.504150
206.536621
207.564926
208.589066
209.609009
210.624786
211.636368
212.643784
213.647018
214.646072
215.640961
216.631668
217.618195
218.600540
219.578705
220.552704
221.522522
222.488159
223.449631
224.406906
225.360016
226.308929
227.253677
228.194244
229.130646
230.062851
230.990891
231.914749
232.834442
233.749939
234.661270
235.568420
236.471390
237.370178
238.264786
239.155228
240.041489
240.923584
241.801468
242.675201
243.544739
244.410126
245.271301
246.128326
246.981171
247.829819
248.674316
249.514618
250.350739
251.182678
252.010437
252.834045
253.653458
254.468704
255.000000
255.000000
0.000000
0.000000
0.000000
0.000000
1.409081
2.921359
4.413002
5.884011
7.334388
8.764129
10.173234
11.561708
12.929547
14.276750
15.603321
16.909258
18.194561
19.459229
20.703262
21.926662
23.129429
24.311563
25.473059
26.613922
27.734154
28.833746
29.912710
30.971037
32.008732
33.036659
34.065685
35.095818
36.127052
37.159389
38.192822
39.227367
40.263008
41.299747
42.337597
43.376541
44.416595
45.457752
46.500004
47.543362
48.587818
49.633377
50.680038
51.727806
52.776676
53.826641
54.877720
55.929890
56.983162
58.037544
59.093021
60.149609
61.207291
62.266075
63.325966
64.386955
65.449051
66.512238
67.576538
68.641937
69.708443
70.776047
71.844749
72.914558
73.985466
75.057480
76.130585
77.204803
78.280128
79.356544
80.434067
81.512695
82.592415
83.673241
84.755173
85.838211
86.922340
88.007576
89.093918
90.180984
91.266518
92.350151
93.431870
94.511688
95.589592
96.665596
97.739693
98.811882
99.882164
100.950539
102.017006
103.081566
104.144226
105.204979
106.263824
107.320755
108.375778
109.428909
110.480118
111.529427
112.576836
113.622322
114.665916
115.707603
116.747383
117.785240
118.821213
119.855263
120.887421
121.917664
122.946007
123.972435
124.996956
126.019569
127.040283
128.059082
129.075989
130.090973
131.104065
132.115234
133.124496
134.131882
135.137329
136.140884
137.142517
138.142258
139.140091
140.136017
141.130035
142.122147
143.112366
144.100647
145.087051
146.071533
147.055191
148.039108
149.023315
150.007767
150.992493
151.977493
152.962753
153.948273
154.934052
155.920105
156.906418
157.893005
158.879852
159.866974
160.854355
161.841995
162.829895
163.818069
164.806519
165.795227
166.784195
167.773438
168.762924
169.752701
170.742722
171.733017
172.723572
173.714417
174.705505
175.696854
176.688477
177.680359
178.672516
179.664932
180.657623
181.650574
182.643799
183.637268
184.631012
185.625031
186.619293
187.613846
188.608658
189.603714
190.599045
191.594650
192.590515
193.586655
194.583054
195.579712
196.576645
197.573837
198.571289
199.569031
200.566452
201.560272
202.549927
203.535431
204.516739
205.493896
206.466888
207.435715
208.400375
209.360870
210.317215
211.269363
212.217361
213.161194
214.100845
215.036346
215.967667
216.894836
217.817841
218.736664
219.651337
220.561844
221.468170
222.370331
223.268326
224.162155
225.051834
225.937332
226.818665
227.695831
228.568832
229.437683
230.302338
231.162842
232.019180
232.871353
233.719360
234.563202
235.402878
236.238373
237.069717
237.896896
238.719894
239.538742
240.353409
241.163925
241.970261
242.772446
243.570435
244.364288
245.153961
245.939484
246.720825
247.498001
248.271011
249.004044
249.661346
250.242935
250.748749
251.178833
251.533173
251.811752
252.014603
252.141724
