0.991736
0.004132
0.004132
0.004132
0.991736
0.004132
0.004132
0.004132
0.991736
0.000000
0.018296
1.828681
3.528395
5.117438
6.595810
7.963511
9.220542
10.366902
11.402592
12.327609
13.141954
13.904734
14.675040
15.452878
16.238245
17.031141
17.831570
18.639528
19.455017
20.278034
21.108582
21.946661
22.792271
23.645409
24.506079
25.374279
26.250006
27.133268
28.024059
28.922379
29.828228
30.741611
31.662523
32.590961
33.526936
34.470436
35.421467
36.380028
37.346123
38.319744
39.300896
40.289581
41.285793
42.289532
43.300804
44.319611
45.345943
46.379810
47.421204
48.468830
49.514927
50.558201
51.598648
52.636272
53.671066
54.703037
55.732182
56.758503
57.781998
58.802666
59.820511
60.835526
61.847721
62.857082
63.863621
64.867340
65.868225
66.866287
67.861534
68.853951
69.843529
70.830299
71.814232
72.795341
73.773628
74.749084
75.721710
76.691528
77.658508
78.622665
79.583992
80.542503
81.498184
82.451035
83.401070
84.348267
85.292648
86.234200
87.175148
88.117714
89.061890
90.007683
90.955093
91.904129
92.854767
93.807014
94.760895
95.716377
96.673485
97.632202
98.592537
99.554489
100.518059
101.483238
102.450035
103.418449
104.388481
105.360123
106.333382
107.308258
108.284752
109.262856
110.242577
111.223915
112.206871
113.191444
114.177628
115.165421
116.154846
117.145874
118.138519
119.132790
120.128662
121.126160
122.125267
123.125992
124.127983
125.129173
126.129204
127.128075
128.125793
129.122360
130.117767
131.112030
132.105118
133.097076
134.087860
135.077499
136.065964
137.053284
138.039444
139.024460
140.008316
140.991013
141.972549
142.952957
143.932175
144.910248
145.887177
146.862946
147.837555
148.811020
149.783310
150.754471
151.724442
152.693283
153.660965
154.627487
155.592850
156.557068
157.520126
158.482025
159.442780
160.402374
161.360809
162.316818
163.269165
164.217850
165.162857
166.104202
167.041870
167.975861
168.906174
169.832825
170.755814
171.675125
172.590759
173.502731
174.411026
175.315643
176.216614
177.113892
178.007492
178.897446
179.783707
180.666290
181.545227
182.420471
183.292053
184.159973
185.024216
185.884781
186.741684
187.594894
188.444458
189.290344
190.132553
190.971100
191.805954
192.637146
193.464691
194.288544
195.108719
195.925232
196.738083
197.547256
198.352753
199.154572
199.952728
200.747208
201.538025
202.325165
203.108643
203.888443
204.664566
205.437027
206.205811
206.970932
207.732361
208.490128
209.244232
209.994675
210.741440
211.484512
212.223938
212.959671
213.691742
214.420135
215.144882
215.865936
216.583313
217.297028
218.007065
218.713455
219.416153
220.115189
220.810547
221.502228
222.190247
222.874588
223.555252
224.232254
224.905594
225.575256
226.241257
226.903564
227.562210
228.217178
228.868500
229.516113
230.160080
230.800369
231.436981
232.069931
232.699203
0.000000
1.016972
2.058514
3.124625
4.215306
5.330555
6.470374
7.634763
8.823720
10.037248
11.275344
12.538011
13.807567
15.066336
16.314316
17.551510
18.777916
19.993532
21.198362
22.392405
23.575657
24.748121
25.909803
27.060690
28.200794
29.330109
30.448635
31.556372
32.653324
33.739483
34.814857
35.879444
36.933250
37.976257
39.008480
40.029919
41.040565
42.040424
43.029499
44.014107
45.000580
45.988914
46.979115
47.971172
48.965096
49.960880
50.958534
51.958042
52.959423
53.962662
54.967758
55.974724
56.983551
57.994240
59.006794
60.021206
61.037491
62.055630
63.075634
64.097496
65.121231
66.146820
67.174278
68.203606
69.234779
70.267830
71.301620
72.335060
73.368149
74.400871
75.433250
76.465256
77.496918
78.528221
79.559166
80.589752
81.619987
82.649849
83.679375
84.708534
85.737335
86.765785
87.793877
88.821609
89.848984
90.876007
91.902664
92.928970
93.954918
94.980515
96.005753
97.030632
98.055153
99.078819
100.101089
101.121986
102.141495
103.159630
104.176384
105.191750
106.205727
107.218338
108.229568
109.239410
110.247879
111.254959
112.260666
113.264984
114.267921
115.269485
116.269661
117.268463
118.265877
119.261917
120.256569
121.249855
122.241745
123.232254
124.221382
125.209137
126.195801
127.181702
128.166824
129.151169
130.134735
131.117508
132.099533
133.080765
134.061218
135.040909
136.019806
136.997940
137.975296
138.951859
139.927658
140.902679
141.876923
142.850388
143.823090
144.794998
145.766144
146.736496
147.706085
148.674896
149.642914
150.610184
151.576645
152.542358
153.507278
154.471420
155.434799
156.397385
157.359192
158.320236
159.280502
160.239990
161.198685
162.156631
163.113785
164.070160
165.025772
165.980591
166.934647
167.887924
168.840408
169.792145
170.743073
171.693237
172.642639
173.591248
174.539078
175.486130
176.432419
177.377930
178.322647
179.266602
180.209778
181.152176
182.093796
183.034637
183.974716
184.914001
185.852524
186.790253
187.727203
188.663406
189.598801
190.533432
191.467285
192.400360
193.332672
194.264191
195.194946
196.124924
197.054108
197.982529
198.910172
199.837021
200.763107
201.688431
202.612976
203.536713
204.459702
205.381897
206.303329
207.223984
208.143845
209.062943
209.981262
210.898804
211.815582
212.731552
213.646774
214.561203
215.474869
216.387756
217.299850
218.211197
219.121750
220.031509
220.940506
221.848724
222.756180
223.662842
224.568741
225.473846
226.378189
227.281754
228.184540
229.086548
229.987762
230.888229
231.787903
232.686813
233.584930
234.482285
235.378860
236.274628
237.169647
238.063904
238.957352
239.850067
240.741959
241.633087
242.523453
243.413040
244.301834
245.189850
246.077103
246.963577
247.849274
248.734192
249.618332
250.501709
251.384293
252.266113
0.000000
3.229528
4.684070
6.129586
7.566078
8.993544
10.411984
11.821400
13.221788
14.613152
15.995491
17.368803
18.733091
20.088354
21.434589
22.771799
24.099987
25.419144
26.729282
28.030392
29.322474
30.604944
31.876360
33.136654
34.385830
35.623882
36.850819
38.066631
39.271328
40.464901
41.647362
42.818695
43.978912
45.128006
46.265984
47.392834
48.508575
49.613194
50.706688
51.789062
52.863304
53.947338
55.044151
56.153740
57.276108
58.411255
59.559181
60.719883
61.893364
63.079620
64.278656
65.490471
66.715065
67.952431
69.202583
70.465508
71.741211
73.029694
74.330956
75.644028
76.947983
78.234215
79.502739
80.753555
81.986656
83.202042
84.399719
85.579681
86.741936
87.886475
89.013298
90.122421
91.213821
92.287514
93.343498
94.381767
95.402313
96.405167
97.390297
98.365074
99.336823
100.305565
101.271294
102.234001
103.193703
104.150391
105.104057
106.054718
107.002357
107.946983
108.888603
109.827202
110.762794
111.695366
112.624924
113.551468
114.474998
115.395523
116.313019
117.227509
118.138992
119.047447
119.952888
120.855324
121.754745
122.651154
123.544540
124.434914
125.322281
126.206635
127.087975
127.966293
128.841599
129.713898
130.583176
131.449448
132.312698
133.172928
134.030151
134.884369
135.735550
136.583725
137.428909
138.271057
139.110199
139.946320
140.779434
141.609543
142.436615
143.260681
144.081741
144.899780
145.714828
146.526825
147.335831
148.141815
148.944794
149.744751
150.541687
151.335617
152.126541
152.914429
153.699341
154.481201
155.260071
156.035919
156.808746
157.578568
158.345383
159.109161
159.869934
160.627701
161.382446
162.134171
162.882904
163.628616
164.371307
165.110992
165.847641
166.581299
167.311920
168.039551
168.764175
169.485748
170.204346
170.919907
171.632462
172.341995
173.048523
173.752029
174.452530
175.150024
175.844467
176.535950
177.224380
177.909790
178.592209
179.271606
179.948013
180.621384
181.291733
181.959076
182.623398
183.284714
183.943024
184.598328
185.250580
185.899841
186.546097
187.189331
187.829544
188.466736
189.100922
189.732117
190.360275
190.985413
191.607544
192.226669
192.842789
193.455856
194.065948
194.673004
195.277054
195.878098
196.476120
197.071136
197.663116
198.252090
198.838074
199.421021
200.000961
200.577881
201.151779
201.722687
202.290573
202.855423
203.417282
203.976120
204.531952
205.084747
205.634567
206.181351
206.725113
207.265869
207.803619
208.338348
208.870056
209.398773
209.924454
210.447113
210.966782
211.483429
211.997055
212.507675
213.015274
213.519867
214.021439
214.520004
215.015533
215.508087
215.997589
216.484100
216.967590
217.448074
217.925537
218.399979
218.871414
219.339844
219.805222
220.267639
220.727005
221.183395
221.636719
222.087082
222.534393
222.978714
