0.984825
0.007587
0.007587
0.007587
0.984825
0.007587
0.007587
0.007587
0.984825
0.000000
1.434539
2.766959
3.997260
5.125443
6.199088
7.265785
8.325532
9.378328
10.424173
11.463068
12.495011
13.520004
14.538048
15.549140
16.553280
17.550472
18.540714
19.524002
20.500341
21.469730
22.432167
23.387653
24.336191
25.277777
26.212410
27.140097
28.060829
28.974613
29.886673
30.802242
31.721315
32.643898
33.569984
34.499577
35.432678
36.369286
37.309395
38.253017
39.200146
40.150776
41.104919
42.062565
43.023716
43.988373
44.956539
45.928211
46.903393
47.882076
48.864269
49.849964
50.839176
51.831886
52.828003
53.827442
54.830196
55.836258
56.845642
57.858341
58.874352
59.893677
60.916317
61.942276
62.971546
64.004128
65.040031
66.079247
67.121780
68.167625
69.216782
70.269264
71.325050
72.384155
73.446579
74.512314
75.581367
76.653725
77.726700
78.797585
79.866386
80.933098
81.997719
83.060242
84.120682
85.179031
86.235291
87.289474
88.341553
89.391548
90.439445
91.485260
92.528984
93.570625
94.610168
95.647621
96.682991
97.716270
98.747459
99.776550
100.803558
101.828484
102.849060
103.863029
104.870384
105.871132
106.865288
107.852837
108.833771
109.808105
110.775826
111.736946
112.691467
113.639374
114.580681
115.515381
116.443474
117.364952
118.279839
119.188110
120.089790
120.984856
121.873306
122.755165
123.630409
124.499062
125.361092
126.216522
127.065346
127.907570
128.743179
129.572189
130.394592
131.210388
132.019577
132.822159
133.618149
134.407516
135.190292
135.966446
136.736008
137.498962
138.255310
139.005051
139.748184
140.484711
141.214630
141.937943
142.654663
143.364777
144.068283
144.765182
145.455460
146.139145
146.816223
147.486694
148.150574
148.807831
149.458481
150.102524
150.739975
151.370819
151.995056
152.612686
153.223709
153.828125
154.425934
155.017136
155.601730
156.179718
156.751114
157.315903
157.874084
158.425644
158.970612
159.508972
160.040726
160.565872
161.084427
161.596359
162.101685
162.600418
163.092545
163.578064
164.056961
164.529251
164.994965
165.454056
165.906540
166.352432
166.791687
167.224380
167.650436
168.069885
168.482742
168.888992
169.288635
169.681656
170.068100
170.447922
170.821136
171.187744
171.547760
171.901169
172.247971
172.588150
172.921738
173.248718
173.569092
173.882858
174.190018
174.490585
174.784546
175.071884
175.352631
175.626755
175.894272
176.155197
176.409515
176.657227
176.898331
177.132843
177.360748
177.582031
177.796722
178.004791
178.206268
178.401123
178.589386
178.771042
178.946091
179.114548
179.276382
179.431595
179.580231
179.722260
179.857666
179.986496
180.108688
180.224304
180.333282
180.435669
180.531448
180.620636
180.703201
180.779160
180.848526
180.911270
180.967422
181.016968
181.059906
181.096237
181.125961
181.149078
181.165604
181.175507
181.178802
0.000000
1.139811
2.285960
3.438448
4.597273
5.762437
6.933938
8.111778
9.295956
10.480268
11.658511
12.830686
13.996792
15.156828
16.310795
17.458694
18.600527
19.736286
20.865980
21.989603
23.107157
24.218643
25.324060
26.423409
27.516687
28.603897
29.685040
30.760225
31.829735
32.893581
33.951767
35.004288
36.051144
37.092335
38.127869
39.157734
40.181938
41.200478
42.213356
43.220570
44.222122
45.218006
46.208233
47.192791
48.171688
49.147717
50.137627
51.144211
52.167469
53.207405
54.264011
55.337296
56.427258
57.533890
58.657196
59.797184
60.953842
62.127174
63.317188
64.523865
65.747231
66.987267
68.243973
69.516022
70.774002
72.005875
73.211662
74.391342
75.544922
76.672409
77.773796
78.849075
79.898262
80.921349
81.918327
82.889214
83.834007
84.752686
85.645287
86.511765
87.352158
88.166451
88.965385
89.759720
90.549446
91.334572
92.115089
92.890999
93.662315
94.429016
95.191116
95.948616
96.701508
97.449783
98.193466
98.932541
99.667007
100.396873
101.122139
101.842796
102.558846
103.270294
103.977135
104.679375
105.376999
106.070030
106.758453
107.442268
108.121483
108.796089
109.466095
110.131493
110.792290
111.448479
112.100060
112.747032
113.389412
114.027184
114.660347
115.288910
115.912857
116.532211
117.146957
117.757095
118.362633
118.963562
119.559883
120.151604
120.738716
121.321228
121.899139
122.472443
123.041138
123.605225
124.164719
124.719597
125.269867
125.815552
126.356613
126.893082
127.424934
127.952194
128.474838
128.992874
129.506317
130.015152
130.519379
131.019012
131.514023
132.004425
132.490234
132.971451
133.448044
133.920044
134.387436
134.850220
135.308395
135.761993
136.210953
136.655319
137.095078
137.530228
137.960800
138.386734
138.808075
139.224808
139.636948
140.044464
140.447388
140.845703
141.239426
141.628540
142.013031
142.392929
142.768219
143.138916
143.505005
143.866486
144.223358
144.575623
144.923279
145.266357
145.604813
145.938644
146.267899
146.592545
146.912582
147.228012
147.538834
147.845047
148.146667
148.443665
148.736084
149.023895
149.307083
149.585678
149.859665
150.129044
150.393829
150.654007
150.909576
151.160538
151.406891
151.648651
151.885788
152.118332
152.346268
152.569595
152.788345
153.002472
153.211975
153.416885
153.617218
153.812912
154.003998
154.190491
154.372406
154.549683
154.722366
154.890457
155.053909
155.212784
155.367035
155.516693
155.661743
155.802185
155.938034
156.069275
156.195908
156.317932
156.435364
156.548172
156.656387
156.759995
156.859009
156.953400
157.043198
157.128372
157.208969
157.284943
157.356323
157.423096
157.485260
157.542816
157.595779
157.644119
157.687866
157.727020
157.761551
157.791473
157.816803
157.837524
157.853653
157.865143
157.872055
157.874359
0.000000
3.134058
4.402066
5.669859
6.937439
8.204802
9.471951
10.738884
12.005602
13.272104
14.538393
15.804465
17.070324
18.335966
19.599379
20.848461
22.081196
23.297588
24.497637
25.681339
26.848696
27.999710
29.134377
30.252701
31.354677
32.440311
33.509598
34.579266
35.666039
36.769920
37.890907
39.029003
40.184200
41.356506
42.545918
43.752438
44.976063
46.216789
47.474628
48.743393
49.985954
51.196129
52.373920
53.519325
54.632351
55.712990
56.761246
57.777115
58.760601
59.711704
60.630424
61.516762
62.384773
63.248524
64.108002
64.963211
65.814163
66.660851
67.503273
68.341423
69.175308
70.004936
70.830292
71.651382
72.468208
73.280769
74.089066
74.893089
75.692856
76.488358
77.279594
78.066559
78.849266
79.627701
80.401878
81.171776
81.937424
82.698799
83.455910
84.208755
84.957329
85.701653
86.441696
87.177475
87.908997
88.636246
89.359238
90.077957
90.792419
91.502602
92.208527
92.910194
93.607590
94.300720
94.989586
95.674179
96.354515
97.030586
97.702377
98.369926
99.033188
99.692192
100.346939
100.997414
101.643616
102.285568
102.923256
103.556664
104.185814
104.810684
105.431305
106.047661
106.659744
107.267578
107.871124
108.470406
109.065445
109.656197
110.242691
110.824913
111.402885
111.976585
112.546005
113.111176
113.672089
114.228722
114.781090
115.329193
115.873032
116.412621
116.947922
117.478966
118.005745
118.528259
119.046501
119.560486
120.070206
120.575661
121.076843
121.573761
122.066414
122.554810
123.038933
123.518784
123.994385
124.465714
124.932777
125.395569
125.854095
126.308372
126.758369
127.204102
127.645576
128.082779
128.515717
128.944397
129.368805
129.788956
130.204819
130.616440
131.023773
131.426865
131.825668
132.220230
132.610519
132.996521
133.378281
133.755768
134.128998
134.497955
134.862656
135.223083
135.579239
135.931137
136.278778
136.622147
136.961227
137.296066
137.626633
137.952942
138.274979
138.592743
138.906265
139.215500
139.520477
139.821182
140.117630
140.409821
140.697723
140.981369
141.260773
141.535889
141.806747
142.073334
142.335663
142.593704
142.847519
143.097046
143.342285
143.583298
143.820023
144.052490
144.280670
144.504623
144.724289
144.939697
145.150833
145.357697
145.560303
145.758636
145.952728
146.142532
146.328079
146.509369
146.686371
146.859131
147.027603
147.191833
147.351776
147.507462
147.658890
147.806046
147.948944
148.087555
148.221924
148.352020
148.477859
148.599411
148.716705
148.829742
148.938507
149.043015
149.143250
149.239227
149.330917
149.418365
149.501556
149.580460
149.655106
149.725479
149.791595
149.853439
149.911026
149.964340
150.013397
150.058182
150.098709
150.134964
150.166962
150.194672
150.218124
150.237320
150.252274
150.262924
150.269318
150.271454
