0.971269
0.014365
0.014365
0.014365
0.971269
0.014365
0.014365
0.014365
0.971269
0.000000
0.987738
1.988743
3.003015
4.030555
5.071362
6.125437
7.192778
8.273387
9.367263
10.474407
11.594818
12.728498
13.875442
15.027125
16.175018
17.319118
18.459433
19.595951
20.728682
21.857620
22.982769
24.104128
25.221693
26.335470
27.445456
28.551649
29.654053
30.752666
31.847490
32.938519
34.025757
35.109207
36.188869
37.264736
38.336811
39.405102
40.469597
41.530300
42.587219
43.640339
44.689671
45.735210
46.776970
47.814926
48.849091
49.879471
50.906059
51.928860
52.947865
53.963081
54.974506
55.982136
56.985989
57.986034
58.982296
59.974766
60.963451
61.948582
62.931629
63.912838
64.892204
65.869728
66.845413
67.819252
68.791260
69.761421
70.729744
71.696228
72.660866
73.623665
74.584618
75.543739
76.501015
77.456444
78.410042
79.361794
80.311699
81.259773
82.206001
83.150398
84.092949
85.033653
85.972511
86.909546
87.844727
88.778069
89.709579
90.639236
91.567055
92.493034
93.417175
94.339470
95.259933
96.178535
97.095322
98.010254
98.923355
99.834602
100.744011
101.651581
102.557320
103.461205
104.364853
105.269875
106.176285
107.084061
107.993210
108.903732
109.815628
110.728889
111.643532
112.559555
113.476944
114.395706
115.315842
116.237350
117.160240
118.084496
119.010124
119.937126
120.865501
121.795258
122.726379
123.658875
124.592743
125.528000
126.464607
127.402603
128.341980
129.282715
130.224823
131.168304
132.113159
133.059387
134.007004
134.955978
135.906342
136.858063
137.811157
138.765640
139.721481
140.678696
141.637299
142.597260
143.558609
144.521301
145.485168
146.448746
147.411835
148.374405
149.336487
150.298065
151.259125
152.219696
153.179749
154.139313
155.098358
156.056915
157.014969
157.972504
158.929550
159.886093
160.842133
161.797653
162.752701
163.707230
164.661240
165.614761
166.567780
167.520294
168.472305
169.423813
170.374817
171.325317
172.275314
173.224823
174.173813
175.122299
176.070267
177.017761
177.964722
178.911209
179.857178
180.802643
181.747620
182.692062
183.636032
184.579483
185.522446
186.464890
187.406845
188.348602
189.290421
190.232330
191.174316
192.116394
193.058563
194.000824
194.943161
195.885605
196.828094
197.770706
198.713394
199.656158
200.599014
201.541962
202.485001
203.428101
204.371307
205.314590
206.257965
207.201416
208.144974
209.088593
210.032318
210.976120
211.920013
212.863998
213.808044
214.752213
215.696442
216.640747
217.585175
218.529663
219.474243
220.418900
221.363663
222.308502
223.253418
224.198425
225.143509
226.088699
227.033966
227.979309
228.924759
229.870285
230.815903
231.761597
232.707382
233.653259
234.599213
235.545258
236.491379
237.437607
238.383881
239.330276
240.276764
241.223312
242.169952
243.116699
244.063522
245.010406
245.957397
246.904480
247.851639
0.000000
0.913932
1.845921
2.795966
3.764069
4.750228
5.754445
6.776718
7.817049
8.875436
9.951880
11.046381
12.158939
13.289554
14.438226
15.604954
16.789742
17.992582
19.213482
20.440182
21.660427
22.874220
24.081556
25.282438
26.476864
27.664835
28.846354
30.021414
31.190022
32.352173
33.507870
34.657116
35.799900
36.936237
38.066113
39.189541
40.306507
41.417023
42.521080
43.618683
44.709839
45.794533
46.872768
47.944557
49.009884
50.068764
51.121181
52.167145
53.206665
54.239719
55.266315
56.286465
57.300159
58.307392
59.308174
60.302505
61.290375
62.271797
63.246754
64.215263
65.177322
66.132912
67.082787
68.031288
68.979156
69.926392
70.872986
71.818939
72.764259
73.708939
74.652985
75.596390
76.539154
77.481285
78.422775
79.363625
80.303841
81.243423
82.182365
83.120667
84.058334
84.995369
85.931755
86.867508
87.802628
88.737099
89.670944
90.604149
91.536705
92.468628
93.399925
94.330574
95.260590
96.189972
97.118706
98.046806
98.974274
99.901100
100.827286
101.752838
102.677750
103.602020
104.525658
105.448662
106.371017
107.292747
108.215446
109.140747
110.068626
110.999100
111.932152
112.867805
113.806046
114.746872
115.690292
116.636299
117.584900
118.536095
119.489868
120.446243
121.405197
122.366753
123.330879
124.297607
125.266930
126.238838
127.213333
128.190430
129.170105
130.152359
131.137222
132.124664
133.114716
134.107346
135.102554
136.100372
137.100769
138.103745
139.109314
140.117493
141.128235
142.141586
143.157532
144.176056
145.197174
146.220886
147.247177
148.276047
149.307526
150.340897
151.371719
152.399292
153.423645
154.444733
155.462616
156.477234
157.488602
158.496750
159.501633
160.503296
161.501709
162.496902
163.488831
164.477524
165.462967
166.445190
167.424149
168.399887
169.372391
170.341629
171.307632
172.270401
173.229919
174.186203
175.139267
176.089050
177.035629
177.978958
178.919037
179.855865
180.789459
181.719833
182.646957
183.570831
184.491470
185.408859
186.323013
187.233917
188.141602
189.046021
189.947220
190.845184
191.739883
192.633286
193.527298
194.421890
195.317108
196.212921
197.109329
198.006363
198.903976
199.802216
200.701050
201.600494
202.500549
203.401184
204.302444
205.204315
206.106781
207.009857
207.913513
208.817810
209.722687
210.628189
211.534286
212.440979
213.348297
214.256195
215.164719
216.073837
216.983566
217.893890
218.804825
219.716370
220.628525
221.541275
222.454620
223.368591
224.283157
225.198334
226.114105
227.030487
227.947479
228.865067
229.783264
230.702072
231.621460
232.541473
233.462082
234.383316
235.305145
236.227585
237.150604
238.074249
238.998489
239.923355
240.848801
241.774857
242.701523
243.628784
244.556671
245.485153
246.414246
247.343933
248.274231
249.205124
0.000000
1.189948
2.374827
3.554637
4.729378
5.899048
7.063650
8.223183
9.377646
10.527039
11.671364
12.810619
13.944803
15.073920
16.197968
17.319098
18.439466
19.559071
20.677912
21.795988
22.913303
24.029854
25.145639
26.260662
27.374924
28.488420
29.601152
30.713125
31.824329
32.934776
34.044453
35.153370
36.261524
37.368912
38.475540
39.581402
40.686504
41.790840
42.894409
43.997219
45.099266
46.200550
47.301067
48.400822
49.499817
50.598045
51.695507
52.792213
53.888153
54.983330
56.077740
57.171391
58.264271
59.355869
60.443008
61.525166
62.602341
63.674530
64.741737
65.803963
66.861206
67.913467
68.960747
70.003036
71.040352
72.072678
73.100029
74.122391
75.139771
76.152168
77.159584
78.162018
79.159462
80.151932
81.139420
82.121925
83.099442
84.071976
85.039528
86.002106
86.959694
87.912292
88.859917
89.802567
90.740227
91.672890
92.600594
93.523293
94.441025
95.353767
96.261528
97.164314
98.066986
98.974426
99.886635
100.803627
101.725380
102.651909
103.583206
104.519279
105.460121
106.405731
107.356110
108.311264
109.271187
110.235886
111.205353
112.179581
113.158592
114.142365
115.130920
116.124229
117.122330
118.125191
119.132820
120.145218
121.162399
122.184341
123.211067
124.242538
125.278809
126.319832
127.365631
128.416214
129.471542
130.531662
131.596542
132.666183
133.740616
134.819809
135.902878
136.984512
138.063812
139.140762
140.215378
141.287659
142.357605
143.425186
144.490448
145.553375
146.613983
147.672226
148.728134
149.781708
150.832932
151.881836
152.928406
153.972610
155.014511
156.054047
157.091263
158.126129
159.158676
160.188858
161.216721
162.242233
163.265411
164.286255
165.304764
166.320938
167.334747
168.346252
169.355408
170.362213
171.366699
172.368851
173.368652
174.366104
175.361221
176.351196
177.333237
178.307297
179.273407
180.231567
181.181778
182.124008
183.058304
183.984650
184.903030
185.813446
186.715927
187.610443
188.497009
189.375610
190.246262
191.108948
191.963699
192.810471
193.649292
194.480179
195.303085
196.118057
196.925064
197.724121
198.515213
199.298355
200.073532
200.840775
201.600052
202.351364
203.094727
203.830139
204.557602
205.277100
205.988632
206.692215
207.387863
208.075531
208.755264
209.427017
210.090836
210.746689
211.394608
212.034546
212.666534
213.290558
213.906647
214.514771
215.114944
215.707153
216.291412
216.867706
217.436066
217.996460
218.548889
219.093384
219.629898
220.158478
220.679092
221.191757
221.696457
222.193207
222.682007
223.162842
223.635727
224.100647
224.557632
225.006638
225.447708
225.880829
226.305969
226.723160
227.132416
227.533691
227.927032
228.312408
228.689819
229.059280
229.420807
229.774353
230.119949
230.457596
230.787292
231.109009
231.422791
231.728622
