0.959621
0.020190
0.020190
0.020190
0.959621
0.020190
0.020190
0.020190
0.959621
0.000000
1.211803
2.420212
3.625225
4.826845
6.025070
7.219900
8.410821
9.597319
10.779394
11.957047
13.130274
14.299080
15.463463
16.623421
17.778957
18.930071
20.076759
21.219027
22.356869
23.490288
24.619284
25.743856
26.864008
27.979734
29.091040
30.197920
31.300375
32.398411
33.492023
34.581207
35.665974
36.746315
37.822227
38.893726
39.960800
41.023441
42.081669
43.135468
44.184849
45.229809
46.270336
47.306450
48.338135
49.365402
50.388237
51.406651
52.420643
53.430218
54.435364
55.436085
56.432384
57.424259
58.411713
59.394741
60.373348
61.347534
62.317295
63.282631
64.243546
65.200043
66.152100
67.099747
68.042969
68.981773
69.916367
70.851852
71.790268
72.731628
73.675941
74.623192
75.573387
76.526527
77.482605
78.441628
79.403595
80.368507
81.336357
82.307159
83.280907
84.257591
85.237213
86.219788
87.205307
88.193771
89.185165
90.179512
91.176804
92.177032
93.180222
94.186333
95.195396
96.207413
97.222359
98.240250
99.261086
100.284874
101.311592
102.341263
103.373878
104.409431
105.447929
106.489380
107.533760
108.581085
109.631363
110.684578
111.740730
112.799835
113.861885
114.926872
115.994812
117.065681
118.139503
119.216263
120.295975
121.378624
122.464218
123.552757
124.644241
125.738655
126.836029
127.936340
129.039597
130.145187
131.249405
132.351685
133.451965
134.550293
135.646652
136.741043
137.833450
138.923904
140.012375
141.098892
142.183441
143.266022
144.346619
145.425262
146.501923
147.576630
148.649368
149.720123
150.788925
151.855743
152.920609
153.983490
155.044403
156.103363
157.160339
158.215363
159.268402
160.319473
161.368591
162.415726
163.460892
164.504089
165.545319
166.584595
167.621902
168.657211
169.690582
170.721970
171.751389
172.778839
173.804321
174.827850
175.849396
176.868958
177.886566
178.902206
179.915878
180.927597
181.937317
182.945084
183.950897
184.954712
185.956573
186.956467
187.954391
188.950348
189.944336
190.936356
191.925903
192.911850
193.894104
194.872696
195.847595
196.818832
197.786377
198.750244
199.710434
200.666946
201.619781
202.568939
203.514404
204.456207
205.394333
206.328766
207.259506
208.186600
209.110001
210.029739
210.945770
211.858139
212.766830
213.671844
214.573166
215.470810
216.364777
217.255081
218.141708
219.024628
219.903900
220.779465
221.651367
222.519592
223.384125
224.244995
225.102173
225.955688
226.805511
227.651657
228.494125
229.332932
230.168030
230.999451
231.827209
232.651291
233.471695
234.288406
235.101440
235.910797
236.716476
237.518478
238.316818
239.111450
239.902420
240.689713
241.473297
242.253235
243.029480
243.798096
244.554947
245.300110
246.033554
246.755310
247.465347
248.163696
248.850327
249.525284
250.188522
250.840042
251.479889
252.108002
252.724426
0.000000
0.957500
1.952810
2.985932
4.056864
5.165606
6.312159
7.496523
8.718698
9.957061
11.189994
12.417496
13.639566
14.856206
16.067415
17.273193
18.473537
19.668453
20.857935
22.041986
23.220610
24.393799
25.561558
26.723886
27.880781
29.032248
30.178282
31.318884
32.454060
33.583797
34.708107
35.826984
36.940434
38.048454
39.151035
40.248188
41.339912
42.426201
43.507061
44.582489
45.652489
46.717052
47.776184
48.829887
49.878159
50.921001
51.958412
52.990395
54.016945
55.038063
56.053749
57.064003
58.068825
59.068218
60.062180
61.050709
62.033810
63.011475
63.983719
64.950523
65.911888
66.867821
67.818336
68.763420
69.703072
70.637291
71.566071
72.490540
73.417366
74.347672
75.281441
76.218681
77.159393
78.103584
79.051247
80.002373
80.956970
81.915054
82.876602
83.841621
84.810112
85.782066
86.757507
87.736412
88.718796
89.704636
90.693962
91.686752
92.683022
93.682755
94.685974
95.692650
96.702805
97.716431
98.733528
99.754097
100.778137
101.805649
102.836632
103.871094
104.909027
105.950432
106.995300
108.043648
109.095459
110.150757
111.209511
112.271736
113.337448
114.406624
115.479271
116.555389
117.634987
118.718048
119.804596
120.894592
121.988075
123.085014
124.185455
125.289337
126.396713
127.507553
128.621872
129.739639
130.860901
131.985626
133.110840
134.233490
135.353607
136.471176
137.586227
138.698715
139.808685
140.916092
142.020966
143.123306
144.223114
145.320374
146.415100
147.507278
148.596909
149.684021
150.768585
151.850616
152.930084
154.007050
155.081436
156.153305
157.222641
158.289429
159.353668
160.415390
161.474548
162.531189
163.585281
164.636826
165.685837
166.732315
167.776245
168.817627
169.856491
170.892807
171.926575
172.957809
173.986526
175.012680
176.036285
177.057373
178.075912
179.091919
180.105362
181.116287
182.124664
183.130524
184.133820
185.134583
186.132797
187.128494
188.121643
189.112228
190.100311
191.085846
192.068832
193.049286
194.027069
195.001602
195.972733
196.940506
197.904861
198.865860
199.823456
200.777649
201.728485
202.675919
203.619995
204.560654
205.497940
206.431854
207.362366
208.289505
209.213242
210.133621
211.050583
211.964172
212.874374
213.781204
214.684647
215.584702
216.481354
217.374649
218.264542
219.151047
220.034164
220.913910
221.790268
222.663239
223.532822
224.399033
225.261826
226.121262
226.977295
227.829971
228.679245
229.525131
230.367630
231.206741
232.042480
232.874817
233.703781
234.529373
235.351562
236.170364
236.985794
237.797821
238.606476
239.411743
240.213623
241.012115
241.807236
242.598953
243.387299
244.172256
244.953827
245.729370
246.496231
247.254410
248.003922
248.744751
249.476898
250.200394
250.915192
251.621307
252.318756
253.007523
253.687622
254.359039
0.000000
1.416478
2.789826
4.120045
5.407135
6.651093
7.871449
9.087731
10.299936
11.508068
12.712123
13.912103
15.108007
16.299835
17.487589
18.671267
19.850868
21.026396
22.197849
23.365225
24.528526
25.687748
26.842899
27.993975
29.140976
30.283897
31.422747
32.557518
33.688217
34.814842
35.937386
37.055855
38.170250
39.280575
40.386818
41.488987
42.587082
43.681095
44.771038
45.856911
46.938705
48.016418
49.090061
50.159626
51.225121
52.286533
53.343872
54.397137
55.446320
56.491440
57.532478
58.569435
59.602325
60.631134
61.655872
62.676537
63.693115
64.705627
65.714058
66.718422
67.718704
68.715118
69.712166
70.711700
71.713699
72.718178
73.725136
74.734573
75.746490
76.760880
77.777756
78.797104
79.818924
80.843231
81.870010
82.899277
83.931015
84.965225
86.001923
87.041092
88.082741
89.126869
90.173477
91.222557
92.274117
93.328163
94.384674
95.443665
96.505142
97.569092
98.635521
99.704422
100.775803
101.849663
102.926003
104.004829
105.086128
106.169899
107.256149
108.344879
109.436081
110.529762
111.625923
112.724571
113.825691
114.929283
116.035362
117.143913
118.254944
119.368454
120.484436
121.602898
122.723839
123.847260
124.973152
126.101532
127.232376
128.365097
129.495819
130.623947
131.749496
132.872421
133.992752
135.110474
136.225601
137.338150
138.448074
139.555420
140.660141
141.762283
142.861816
143.958740
145.053085
146.144806
147.233932
148.320480
149.404404
150.485748
151.564468
152.640610
153.714142
154.785080
155.853409
156.919144
157.982285
159.042816
160.100739
161.156082
162.208832
163.258957
164.306503
165.351425
166.393753
167.433502
168.470627
169.505173
170.537094
171.566437
172.593185
173.617310
174.638840
175.657791
176.674133
177.687866
178.699005
179.707535
180.713470
181.716812
182.717545
183.715683
184.711212
185.704163
186.694504
187.681900
188.665604
189.645554
190.621765
191.594223
192.562927
193.527893
194.489090
195.446548
196.400253
197.350220
198.296432
199.238892
200.177612
201.112564
202.043793
202.971252
203.894958
204.814941
205.731155
206.643631
207.552338
208.457321
209.358536
210.256012
211.149734
212.039719
212.925934
213.808411
214.687149
215.562134
216.433350
217.300842
218.164566
219.024551
219.880783
220.733276
221.582016
222.426987
223.268219
224.105713
224.939453
225.769440
226.595688
227.418182
228.236908
229.051910
229.863159
230.670654
231.474396
232.274399
233.070648
233.863144
234.651901
235.436905
236.218155
236.992935
237.758514
238.514923
239.262115
240.000122
240.728928
241.448547
242.158966
242.860184
243.552216
244.235062
244.908707
245.573151
246.228409
246.874466
247.511337
248.139008
248.757477
249.366776
249.966873
250.557755
251.139450
251.711960
252.275269
252.829407
253.374329
253.910049
