0.998956
0.000522
0.000522
0.000522
0.998956
0.000522
0.000522
0.000522
0.998956
0.000000
1.278008
2.537569
3.778684
5.001351
6.205572
7.391346
8.558674
9.707556
10.837990
11.949977
13.043518
14.118611
15.175260
16.213459
17.233213
18.243420
19.252985
20.261908
21.270185
22.277821
23.284813
24.291162
25.296865
26.301926
27.306345
28.310120
29.313250
30.315735
31.317579
32.318783
33.319336
34.319248
35.318520
36.317146
37.315128
38.312469
39.309166
40.305222
41.300625
42.295395
43.289520
44.282993
45.275833
46.268021
47.259567
48.250473
49.240734
50.230354
51.219330
52.207661
53.195347
54.182392
55.168793
56.154549
57.139664
58.124130
59.107956
60.091141
61.073681
62.055580
63.036831
64.017441
64.997414
65.976723
66.955399
67.933434
68.910797
69.887520
70.863586
71.838989
72.813744
73.787842
74.761292
75.734085
76.706215
77.677704
78.648529
79.618698
80.588219
81.557091
82.525291
83.492851
84.459755
85.425995
86.391586
87.356529
88.320808
89.284439
90.247414
91.209724
92.171394
93.132408
94.092766
95.052460
96.011505
96.969902
97.927635
98.884720
99.841148
100.796928
101.752052
102.706512
103.660324
104.613480
105.565979
106.517830
107.469017
108.419556
109.369438
110.318672
111.267242
112.215172
113.162430
114.109047
115.055176
116.001869
116.949303
117.897476
118.846390
119.796036
120.746414
121.697548
122.649406
123.602013
124.555351
125.509422
126.464233
127.419792
128.376083
129.333115
130.290878
131.249374
132.208633
133.168610
134.129333
135.090790
136.052979
137.015915
137.979599
138.944000
139.909149
140.875046
141.841660
142.809036
143.777130
144.745972
145.715561
146.685867
147.656921
148.628708
149.601242
150.574509
151.548508
152.523270
153.498749
154.474960
155.451920
156.429626
157.408066
158.387238
159.367157
160.347794
161.329193
162.311310
163.293381
164.273514
165.251633
166.227692
167.201721
168.173737
169.143692
170.111633
171.077515
172.041382
173.003204
173.963013
174.920776
175.876495
176.830185
177.781830
178.731461
179.679047
180.624603
181.568115
182.509598
183.449051
184.386475
185.321869
186.255203
187.186508
188.115799
189.043045
189.968246
190.891418
191.812561
192.731674
193.648758
194.563782
195.476807
196.387772
197.296692
198.203598
199.108459
200.011292
200.912109
201.810867
202.707596
203.602280
204.494949
205.385574
206.274185
207.160736
208.045258
208.927750
209.814484
210.711670
211.619370
212.537537
213.466187
214.405334
215.354965
216.315063
217.285675
218.266754
219.258316
220.260361
221.272903
222.295929
223.329422
224.373428
225.427902
226.492859
227.568314
228.654236
229.750656
230.857559
231.974960
233.102829
234.241180
235.390030
236.549347
237.719162
238.899460
240.090240
241.291519
242.503265
243.725510
244.958237
246.201431
247.455124
248.719299
249.993973
251.279114
252.574738
253.880875
0.000000
0.399210
1.655819
2.888187
4.096315
5.280202
6.439849
7.575256
8.686423
9.773349
10.836036
11.874481
12.899763
13.922954
14.944053
15.963061
16.979980
17.994806
19.007544
20.018190
21.026745
22.033211
23.037586
24.039869
25.040064
26.038166
27.034178
28.028097
29.019932
30.009668
30.997320
31.982880
32.966351
33.947727
34.927017
35.904213
36.879314
37.852333
38.823261
39.792095
40.758835
41.723492
42.686054
43.646526
44.604904
45.561199
46.515396
47.467510
48.417622
49.367786
50.318836
51.270779
52.223610
53.177330
54.131939
55.087437
56.043823
57.001099
57.959263
58.918316
59.878258
60.839088
61.800812
62.763420
63.726921
64.691307
65.656586
66.622749
67.589806
68.557747
69.526588
70.496300
71.466911
72.438416
73.410805
74.384079
75.358253
76.333305
77.309250
78.286087
79.263809
80.242424
81.221916
82.202309
83.183594
84.165398
85.145592
86.123817
87.100060
88.074333
89.046631
90.016960
90.985306
91.951683
92.916077
93.878510
94.838966
95.797440
96.753952
97.708481
98.661034
99.611626
100.560226
101.506866
102.451523
103.394218
104.334923
105.273666
106.210426
107.145226
108.078033
109.008881
109.937744
110.864647
111.789558
112.712509
113.633484
114.552475
115.469498
116.384544
117.297623
118.208725
119.118233
120.027107
120.935371
121.843048
122.750107
123.656578
124.562439
125.467705
126.372368
127.276428
128.179886
129.082748
129.985001
130.886673
131.787720
132.688187
133.588028
134.487274
135.385925
136.283981
137.181442
138.078278
138.974533
139.870178
140.765228
141.659668
142.553513
143.446762
144.339401
145.231445
146.122879
147.013718
147.903961
148.793579
149.682632
150.571060
151.458893
152.347595
153.238571
154.131851
155.027405
155.925293
156.825439
157.727905
158.632675
159.539734
160.449081
161.360733
162.274673
163.190903
164.109451
165.030289
165.953415
166.878830
167.806564
168.736588
169.668900
170.603516
171.540436
172.479645
173.421143
174.364960
175.311035
176.259445
177.210129
178.163116
179.118408
180.075989
181.035858
181.998047
182.962509
183.929276
184.898331
185.869705
186.843369
187.819321
188.797562
189.778107
190.760956
191.746094
192.733536
193.723267
194.715302
195.709625
196.706268
197.705185
198.706390
199.709915
200.715714
201.723816
202.734238
203.746933
204.761917
205.779221
206.798813
207.820694
208.844879
209.871368
210.900146
211.931229
212.964584
214.000259
215.038223
216.078476
217.121048
218.165909
219.213043
220.262497
221.314224
222.368271
223.424606
224.483261
225.544174
226.607407
227.672928
228.740753
229.810883
230.883270
231.957993
233.035004
234.114319
235.195908
236.279800
237.365997
238.454483
239.545273
240.638351
241.733734
242.831406
243.931396
245.033646
246.138229
247.245087
248.354248
0.000000
1.931703
3.117401
3.936268
4.767465
5.610997
6.466866
7.335068
8.215607
9.108479
10.013688
10.931231
11.861111
12.803326
13.757875
14.724760
15.703979
16.695534
17.699423
18.715649
19.744211
20.782692
21.816591
22.843496
23.863403
24.876314
25.882227
26.881145
27.873066
28.857992
29.835922
30.806854
31.770790
32.727730
33.677673
34.620617
35.556568
36.485527
37.407482
38.322445
39.233982
40.145664
41.057487
41.969456
42.881569
43.793827
44.706226
45.618771
46.531464
47.444302
48.357277
49.270397
50.183666
51.097076
52.010635
52.924335
53.838184
54.752171
55.665192
56.570614
57.467316
58.355305
59.234577
60.105133
60.966976
61.820103
62.664513
63.500210
64.327187
65.145462
65.955009
66.755844
67.547966
68.331367
69.106064
69.872032
70.629295
71.383804
72.141525
72.902458
73.666595
74.433937
75.204491
75.978264
76.755234
77.535423
78.318825
79.105423
79.895241
80.688271
81.484497
82.283943
83.086601
83.892471
84.701538
85.513824
86.329315
87.148018
87.969933
88.795059
89.623390
90.454933
91.289688
92.127655
92.968819
93.813202
94.660797
95.511597
96.365608
97.222832
98.083260
98.946907
99.813759
100.683815
101.557091
102.433563
103.313255
104.196152
105.082268
105.971588
106.864113
107.759857
108.658806
109.560959
110.466324
111.374901
112.286697
113.201683
114.119896
115.041321
115.965950
116.893784
117.824821
118.759087
119.696556
120.637222
121.581108
122.528214
123.478508
124.432030
125.388756
126.348694
127.311836
128.278183
129.247757
130.220535
131.196503
132.175690
133.158112
134.143723
135.132538
136.124557
137.119812
138.118271
139.119934
140.124802
141.132874
142.144165
143.158691
144.176392
145.197327
146.221451
147.248779
148.279327
149.313095
150.350052
151.390244
152.433624
153.480240
154.530045
155.583069
156.639297
157.698730
158.761383
159.827240
160.896317
161.968582
163.044067
164.122772
165.204681
166.289795
167.378128
168.469666
169.564407
170.662354
171.763519
172.867889
173.975494
175.086273
176.200287
177.317505
178.437943
179.561569
180.688416
181.818481
182.951736
184.088211
185.227890
186.370789
187.516891
188.666199
189.818726
190.974457
192.133392
193.295532
194.460907
195.629471
196.801254
197.976242
199.154465
200.335861
201.520477
202.708313
203.899353
205.093597
206.291061
207.491730
208.695602
209.902695
211.112991
212.326508
213.543243
214.763153
215.986313
217.212646
218.442200
219.674973
220.910950
222.150146
223.392532
224.638138
225.886963
227.138977
228.394211
229.652649
230.914322
232.179184
233.447266
234.718552
235.993057
237.270737
238.551666
239.835785
241.123108
242.413666
243.707413
245.004395
246.304565
247.607956
248.914520
250.224319
251.537354
252.853577
254.173019
255.000000
255.000000
