0.911168
0.044416
0.044416
0.044416
0.911168
0.044416
0.044416
0.044416
0.911168
0.000000
0.000000
0.000000
0.626703
2.012743
3.383578
4.739209
6.079638
7.404861
8.714882
10.009697
11.289310
12.553717
13.802921
15.036922
16.255716
17.459309
18.647697
19.820881
20.978861
22.121637
23.249208
24.361578
25.458742
26.540701
27.607454
28.659006
29.695354
30.716501
31.722441
32.713173
33.688709
34.649040
35.594166
36.532234
37.471416
38.411697
39.353081
40.295578
41.239166
42.183868
43.129669
44.076580
45.024590
45.973701
46.923920
47.875244
48.827667
49.781200
50.735840
51.691574
52.648418
53.606369
54.565418
55.525574
56.486835
57.449192
58.412663
59.377232
60.342911
61.309689
62.277573
63.246563
64.216652
65.187851
66.160149
67.133553
68.108063
69.083664
70.060379
71.038208
72.017136
72.997154
73.978294
74.960526
75.943863
76.928314
77.913864
78.900520
79.888268
80.877129
81.867096
82.858162
83.849228
84.839172
85.828003
86.815712
87.802307
88.787788
89.772148
90.755402
91.737534
92.718552
93.698448
94.677231
95.654900
96.631447
97.606880
98.581192
99.554398
100.526482
101.497452
102.467300
103.436035
104.403656
105.370163
106.335548
107.299812
108.262970
109.224998
110.185928
111.145729
112.104424
113.061989
114.018456
114.973793
115.928009
116.881119
117.833107
118.783981
119.733742
120.682381
121.629906
122.576317
123.521614
124.465790
125.408844
126.350792
127.291611
128.231323
129.169922
130.107391
131.045486
131.985916
132.928680
133.873779
134.821213
135.770981
136.723114
137.677551
138.634338
139.593460
140.554932
141.518723
142.484863
143.453339
144.424149
145.397293
146.372787
147.350601
148.330765
149.313278
150.298111
151.285278
152.274796
153.266647
154.260818
155.257355
156.256226
157.257416
158.260941
159.266830
160.275040
161.285583
162.298477
163.313690
164.331253
165.351151
166.373383
167.397949
168.424866
169.454132
170.485703
171.519623
172.555878
173.594482
174.635422
175.678696
176.724289
177.772247
178.822540
179.873688
180.924240
181.974197
183.023544
184.072296
185.120438
186.167999
187.214951
188.261292
189.307037
190.352188
191.396729
192.440674
193.484024
194.526764
195.568909
196.610443
197.651398
198.691727
199.731476
200.770615
201.809143
202.847107
203.884430
204.921158
205.957306
206.992844
208.027771
209.062103
210.095840
211.128983
212.161499
213.193420
214.224762
215.255493
216.285629
217.315140
218.344086
219.372406
220.400131
221.427246
222.453796
223.479706
224.505035
225.529755
226.553879
227.577408
228.600327
229.622635
230.642151
231.656586
232.665985
233.670334
234.669632
235.663879
236.653076
237.637222
238.616333
239.590378
240.559387
241.523346
242.482239
243.436096
244.384903
245.328674
246.267365
247.201019
248.129639
249.053192
249.971710
250.885178
251.793579
252.696945
253.595261
254.488510
0.000000
0.000000
0.000000
0.000000
0.383797
2.037406
3.661067
5.254783
6.818550
8.352371
9.856244
11.330168
12.774145
14.188174
15.572258
16.926394
18.250584
19.544825
20.809118
22.043463
23.247862
24.422314
25.566816
26.681372
27.765982
28.820642
29.845360
30.840124
31.804945
32.739819
33.644741
34.536446
35.431664
36.330391
37.232628
38.138378
39.047638
39.960407
40.876690
41.796482
42.719784
43.646599
44.576920
45.510754
46.448101
47.388954
48.333321
49.281197
50.232582
51.187481
52.145893
53.107811
54.073242
55.042183
56.014633
56.990597
57.970066
58.953045
59.939541
60.929546
61.923058
62.920086
63.920620
64.924667
65.932220
66.943298
67.957878
68.975967
69.997566
71.022675
72.051292
73.083427
74.119064
75.158218
76.200882
77.247055
78.296745
79.349945
80.406647
81.466866
82.530083
83.593147
84.655563
85.717331
86.778427
87.838882
88.898674
89.957809
91.016289
92.074120
93.131287
94.187805
95.243660
96.298866
97.353409
98.407303
99.460541
100.513107
101.565041
102.616302
103.666916
104.716873
105.766174
106.814819
107.862808
108.910133
109.956818
111.002838
112.048203
113.092911
114.136971
115.180367
116.223114
117.265205
118.306633
119.347397
120.387527
121.426994
122.465805
123.503952
124.541451
125.578293
126.614479
127.650017
128.684875
129.719101
130.752655
131.785568
132.817810
133.849411
134.879807
135.908463
136.935394
137.960602
138.984055
140.005768
141.025757
142.044006
143.060516
144.075302
145.088348
146.099655
147.109222
148.117050
149.123169
150.127533
151.130157
152.131058
153.130219
154.127640
155.123337
156.117279
157.109497
158.099976
159.088730
160.075729
161.061020
162.044556
163.026367
164.006424
164.984756
165.961349
166.936218
167.909348
168.880737
169.850403
170.818314
171.784500
172.748947
173.711655
174.672623
175.631882
176.589386
177.545151
178.499191
179.451477
180.402054
181.350876
182.297989
183.243668
184.190033
185.137421
186.085815
187.035217
187.985641
188.937073
189.889526
190.842987
191.797455
192.752945
193.709427
194.666946
195.625458
196.584991
197.545547
198.507111
199.469681
200.433258
201.397858
202.363464
203.330078
204.297729
205.266373
206.236038
207.206711
208.178391
209.151077
210.124802
211.099533
212.075272
213.052017
214.029785
215.008545
215.988327
216.969131
217.950943
218.933762
219.917603
220.902451
221.888321
222.875183
223.863083
224.851990
225.841904
226.832825
227.824768
228.817719
229.811676
230.806671
231.803757
232.803970
233.807373
234.813919
235.823639
236.836517
237.852570
238.871765
239.894135
240.919678
241.948364
242.980225
244.015259
245.053436
246.094788
247.139297
248.186981
249.237808
250.291809
251.348969
252.409302
253.472794
254.539444
255.000000
255.000000
255.000000
255.000000
0.000000
0.000000
0.000000
1.362871
2.794029
4.204133
5.593181
6.961175
8.308116
9.634000
10.938831
12.222607
13.485327
14.726995
15.947607
17.147165
18.325668
19.483116
20.619511
21.734848
22.829134
23.902363
24.954538
25.985659
26.995724
27.984735
28.952690
29.899593
30.837339
31.777851
32.721115
33.667137
34.615913
35.567448
36.521736
37.478783
38.438587
39.401146
40.366459
41.334530
42.305355
43.278942
44.255280
45.234375
46.216228
47.200836
48.188198
49.178322
50.171196
51.166832
52.165218
53.166363
54.170265
55.176922
56.186337
57.198505
58.213432
59.231110
60.251549
61.274742
62.300694
63.329395
64.360863
65.395081
66.432060
67.471794
68.514275
69.559525
70.607521
71.658272
72.711792
73.768059
74.827087
75.888863
76.953392
78.020309
79.087280
80.153923
81.220253
82.286263
83.351944
84.417313
85.482353
86.547073
87.611473
88.675552
89.739311
90.802750
91.865860
92.928650
93.991127
95.053276
96.115097
97.176605
98.237793
99.298660
100.359200
101.419426
102.479317
103.538895
104.598160
105.657082
106.715698
107.773994
108.831970
109.889618
110.946938
112.003944
113.060631
114.116997
115.173035
116.228760
117.284157
118.339233
119.393990
120.448425
121.502533
122.556328
123.609802
124.662941
125.715767
126.768280
127.820457
128.871246
129.919540
130.965347
132.008682
133.049545
134.087906
135.123795
136.157196
137.188110
138.216553
139.242508
140.265976
141.286972
142.305466
143.321503
144.335022
145.346085
146.354660
147.360764
148.364365
149.365479
150.364136
151.360291
152.353973
153.345169
154.333893
155.320099
156.303848
157.285110
158.263901
159.240204
160.214005
161.185349
162.154190
163.120560
164.084442
165.045853
166.004761
166.961182
167.915146
168.866623
169.815613
170.762100
171.706131
172.647675
173.586731
174.523300
175.458054
176.394791
177.334152
178.276154
179.220825
180.168106
181.118042
182.070602
183.025833
183.983673
184.944168
185.907303
186.873077
187.841476
188.812531
189.786224
190.762558
191.741547
192.723145
193.707397
194.694290
195.683823
196.675995
197.670822
198.668259
199.668365
200.671097
201.676468
202.684479
203.695145
204.708435
205.724365
206.742935
207.764160
208.788025
209.814514
210.843643
211.875412
212.909836
213.946899
214.986603
216.028931
217.073898
218.121521
219.171783
220.224670
221.280212
222.338379
223.386154
224.410507
225.411407
226.388901
227.342957
228.273560
229.180756
230.064499
230.924805
231.761688
232.575134
233.365158
234.131744
234.874893
235.594604
236.290894
236.963745
237.613159
238.239151
238.841705
239.420822
239.976501
240.508759
241.017593
241.502975
241.964920
242.403442
242.818527
243.210190
243.578400
243.923203
244.244553
244.542480
244.816971
245.068024
245.295639
245.499847
245.680588
