0.955006
0.022497
0.022497
0.022497
0.955006
0.022497
0.022497
0.022497
0.955006
0.000000
0.983994
3.911551
6.732362
9.446429
12.053750
14.554327
16.948156
19.235241
21.415581
23.489176
25.456026
27.316130
29.069489
30.716101
32.255966
33.689091
35.015472
36.235104
37.404579
38.580502
39.762867
40.951672
42.146919
43.348614
44.556747
45.771320
46.992336
48.219799
49.453701
50.694046
51.940826
53.194054
54.453724
55.719837
56.992390
58.271385
59.556824
60.848705
62.147026
63.451790
64.762993
66.080643
67.404724
68.735260
70.072235
71.415649
72.765511
74.121819
75.484558
76.853737
78.229355
79.611427
80.999931
82.394890
83.796288
85.204117
86.618401
88.039124
89.466293
90.899895
92.339935
93.786423
95.239349
96.698730
98.164551
99.636810
101.115509
102.600639
104.087524
105.571449
107.052422
108.530441
110.005493
111.477600
112.946739
114.412933
115.876160
117.336433
118.793755
120.248116
121.699516
123.147964
124.593460
126.035995
127.475578
128.912186
130.345856
131.776566
133.204315
134.629120
136.050949
137.469833
138.885757
140.298721
141.708740
143.115799
144.519897
145.921036
147.319214
148.714447
150.106720
151.496048
152.882401
154.265793
155.646240
157.023743
158.398270
159.769852
161.138474
162.504135
163.866837
165.226578
166.583374
167.937210
169.288086
170.636017
171.980988
173.322983
174.656921
175.977676
177.285233
178.579590
179.860779
181.128754
182.383560
183.625183
184.853592
186.068817
187.270859
188.459702
189.635361
190.797836
191.947113
193.083206
194.206100
195.315811
196.412338
197.495667
198.565811
199.622757
200.666519
201.697098
202.714478
203.718674
204.709671
205.687485
206.652100
207.603531
208.541779
209.466827
210.378693
211.277374
212.162842
213.035141
213.894241
214.740158
215.572891
216.392426
217.198776
217.991928
218.771896
219.538666
220.292252
221.032654
221.759857
222.473862
223.174698
223.862335
224.540192
225.211670
225.876755
226.535461
227.187790
227.833740
228.473312
229.106506
229.733322
230.353745
230.967789
231.575455
232.176758
232.771652
233.360184
233.942337
234.518097
235.087494
235.650497
236.207123
236.757355
237.301239
237.838715
238.369812
238.894547
239.412888
239.924850
240.430420
240.929626
241.422455
241.908905
242.388962
242.862640
243.329941
243.790878
244.245422
244.693573
245.135361
245.570755
245.999771
246.422409
246.838669
247.248550
247.652054
248.049164
248.439911
248.824265
249.202240
249.573853
249.939072
250.296204
250.643555
250.981125
251.308899
251.626892
251.935104
252.233536
252.522186
252.801041
253.070114
253.329391
253.578903
253.818634
254.048569
254.268707
254.479080
254.679657
254.870453
255.000000
255.000000
255.000000
255.000000
255.000000
255.000000
255.000000
255.000000
255.000000
255.000000
255.000000
255.000000
255.000000
255.000000
255.000000
255.000000
255.000000
255.000000
255.000000
0.000000
0.000000
0.000000
0.000000
0.710031
4.039928
7.247440
10.332567
13.295308
16.135662
18.853628
21.449209
23.922405
26.273209
28.501631
30.607672
32.591316
34.452583
36.191456
37.807949
39.302052
40.673771
41.923096
43.113850
44.309864
45.511124
46.717636
47.929398
49.146408
50.368664
51.596172
52.828934
54.066940
55.310196
56.558704
57.812462
59.071472
60.335724
61.605228
62.879982
64.159981
65.445244
66.735741
68.031494
69.332504
70.638756
71.950249
73.266998
74.589012
75.916252
77.248764
78.586502
79.929504
81.277756
82.631248
83.989990
85.353989
86.723236
88.097733
89.477478
90.862473
92.252716
93.648209
95.048950
96.454948
97.866196
99.282684
100.704430
102.131424
103.563660
105.001152
106.443893
107.891884
109.342392
110.788757
112.230667
113.668121
115.101112
116.529663
117.953758
119.373398
120.788589
122.199326
123.605606
125.007423
126.404808
127.797722
129.186203
130.570206
131.949768
133.324875
134.695541
136.061737
137.423492
138.780777
140.133621
141.482010
142.825943
144.165436
145.500458
146.831039
148.157150
149.478821
150.796051
152.108810
153.417130
154.720978
156.020386
157.315323
158.605835
159.891876
161.173462
162.450607
163.723282
164.991531
166.255310
167.514618
168.769501
170.019913
171.265884
172.507385
173.744446
174.977051
176.204636
177.423752
178.633881
179.834991
181.027054
182.210129
183.384186
184.549210
185.705231
186.852219
187.990204
189.119171
190.239105
191.350037
192.451950
193.544830
194.628723
195.703568
196.769409
197.826248
198.874054
199.912842
200.942612
201.963364
202.975113
203.977829
204.971527
205.956207
206.931885
207.898529
208.856155
209.804764
210.744385
211.674973
212.596527
213.509064
214.412598
215.307114
216.192627
217.069092
217.936539
218.794998
219.644424
220.484833
221.316223
222.138611
222.951950
223.756287
224.551605
225.337921
226.115204
226.883163
227.641708
228.390823
229.130524
229.860779
230.581635
231.293045
231.995041
232.687607
233.370758
234.044495
234.708786
235.363663
236.009109
236.645126
237.271729
237.888916
238.496658
239.095001
239.683899
240.263382
240.833450
241.394073
241.945282
242.487061
243.019424
243.542374
244.055878
244.559952
245.054626
245.539856
246.015671
246.482056
246.939041
247.386581
247.824692
248.253387
248.672653
249.082504
249.482925
249.873917
250.255478
250.627640
250.990356
251.343658
251.687531
252.021973
252.347015
252.662613
252.968796
253.265564
253.552902
253.830811
254.099304
254.358383
254.608032
254.848267
255.000000
255.000000
255.000000
255.000000
255.000000
255.000000
255.000000
255.000000
255.000000
255.000000
255.000000
255.000000
255.000000
255.000000
255.000000
255.000000
255.000000
255.000000
255.000000
255.000000
255.000000
255.000000
255.000000
255.000000
255.000000
0.000002
3.048636
5.998692
8.850168
11.603065
14.257385
16.813124
19.270285
21.628866
23.888872
26.050297
28.113140
30.077410
31.943100
33.710201
35.378738
36.948692
38.420067
39.842201
41.264454
42.686821
44.109306
45.531898
46.954613
48.377434
49.800369
51.223423
52.646584
54.069862
55.493256
56.916767
58.340382
59.764118
61.187965
62.611923
64.036003
65.460190
66.884491
68.308907
69.733429
71.158081
72.582840
74.007698
75.432686
76.857788
78.283005
79.708328
81.133774
82.559326
83.984993
85.410767
86.836662
88.262672
89.688797
91.115036
92.541389
93.967850
95.394432
96.821121
98.247925
99.674843
101.101875
102.529015
103.956284
105.383369
106.809921
108.235970
109.661499
111.086533
112.511040
113.935043
115.358543
116.781532
118.204010
119.625977
121.047447
122.468391
123.888832
125.308762
126.728188
128.147110
129.565506
130.983398
132.400772
133.817657
135.234009
136.649872
138.065231
139.480057
140.894394
142.308197
143.721512
145.134323
146.546616
147.958389
149.369644
150.780426
152.190674
153.600418
155.009659
156.418381
157.826599
159.234299
160.641495
162.048187
163.454361
164.860016
166.265182
167.669830
169.073975
170.470917
171.854004
173.223221
174.578568
175.920044
177.247650
178.561386
179.861267
181.147263
182.419403
183.677673
184.922073
186.152618
187.369278
188.572083
189.761017
190.936081
192.097260
193.244583
194.378052
195.497635
196.603363
197.695221
198.773209
199.837311
200.887558
201.923950
202.946457
203.955109
204.949875
205.930786
206.897827
207.850998
208.790298
209.715729
210.627304
211.525009
212.408844
213.278809
214.134888
214.977127
215.805481
216.619980
217.420593
218.207352
218.980240
219.742523
220.497437
221.245010
221.985214
222.718079
223.443558
224.161713
224.872482
225.575912
226.271988
226.960693
227.642059
228.316071
228.982712
229.641998
230.293945
230.938507
231.575729
232.205597
232.828110
233.443268
234.051071
234.651520
235.244598
235.830338
236.408707
236.979721
237.543381
238.099686
238.648636
239.190231
239.724487
240.251358
240.770889
241.283051
241.787872
242.285339
242.775436
243.258179
243.733582
244.201599
244.662292
245.115601
245.561584
246.000183
246.431442
246.855042
247.270737
247.678528
248.078400
248.470337
248.854355
249.230484
249.598663
249.958939
250.311295
250.655731
250.992249
251.320862
251.641525
251.954300
252.259140
252.556076
252.845093
253.126190
253.399353
253.664612
253.921951
254.171371
254.412872
254.646454
254.872116
255.000000
255.000000
255.000000
255.000000
255.000000
255.000000
255.000000
255.000000
255.000000
255.000000
255.000000
255.000000
255.000000
255.000000
255.000000
255.000000
255.000000
255.000000
255.000000
255.000000
255.000000
255.000000
255.000000
255.000000
255.000000
255.000000
255.000000
255.000000
