0.993842
0.003079
0.003079
0.003079
0.993842
0.003079
0.003079
0.003079
0.993842
0.000000
0.869525
1.748183
2.635974
3.532898
4.438953
5.354142
6.278463
7.211917
8.154504
9.106223
10.067075
11.037060
12.016176
13.004426
14.001808
15.008324
16.023972
17.043228
18.060572
19.076000
20.089516
21.101118
22.110806
23.118580
24.124441
25.128387
26.130421
27.130541
28.128742
29.125034
30.119413
31.111876
32.102425
33.091064
34.077789
35.062595
36.045486
37.026466
38.005535
38.982685
39.957928
40.931252
41.902660
42.872162
43.839745
44.805416
45.769173
46.731018
47.690945
48.648956
49.605057
50.559246
51.511520
52.461880
53.410324
54.356857
55.301476
56.244179
57.184971
58.123848
59.060810
59.995857
60.928993
61.860222
62.789524
63.716923
64.642403
65.565971
66.487617
67.407364
68.325180
69.241096
70.155090
71.067177
71.977341
72.885597
73.792969
74.701935
75.612617
76.525009
77.439117
78.354935
79.272469
80.191727
81.112686
82.035370
82.959763
83.885880
84.813698
85.743240
86.674500
87.607460
88.542152
89.478546
90.416656
91.356483
92.298027
93.241280
94.186264
95.132942
96.081337
97.031456
97.983292
98.936836
99.892097
100.849068
101.807755
102.768158
103.730286
104.694107
105.659660
106.626923
107.595901
108.566589
109.538994
110.513115
111.488953
112.466499
113.445770
114.426743
115.409439
116.393852
117.379974
118.367813
119.357361
120.348633
121.341606
122.336304
123.332718
124.330841
125.330681
126.332230
127.335510
128.340500
129.347183
130.355209
131.362213
132.367828
133.372040
134.374832
135.376236
136.376236
137.374832
138.372025
139.367813
140.362198
141.355194
142.346771
143.336960
144.325745
145.313110
146.299088
147.283661
148.266830
149.248596
150.228958
151.207916
152.185486
153.161636
154.136383
155.109741
156.081680
157.052231
158.021378
158.989120
159.955460
160.920395
161.883926
162.846069
163.806793
164.766113
165.724030
166.680557
167.635681
168.589401
169.541702
170.492630
171.442139
172.390244
173.336945
174.282242
175.226135
176.168640
177.109726
178.049423
178.987717
179.924606
180.860077
181.794159
182.726837
183.658127
184.587997
185.516479
186.443542
187.369293
188.296478
189.226135
190.158295
191.092911
192.030029
192.969604
193.911682
194.856232
195.803284
196.752808
197.704803
198.659286
199.616257
200.575699
201.537643
202.502060
203.468964
204.438339
205.410202
206.384537
207.361374
208.340698
209.322479
210.306747
211.293518
212.282745
213.274490
214.268677
215.265381
216.264542
217.266205
218.270340
219.276962
220.286072
221.297638
222.311707
223.328262
224.347290
225.368790
226.392792
227.419281
228.448242
229.479691
230.513611
231.550034
232.588913
233.630280
234.674149
235.720490
236.769302
237.820602
238.874390
239.930664
240.989426
242.050659
243.114380
244.180573
245.249252
246.320419
249.356613
0.000000
1.152182
2.309363
3.471543
4.638722
5.810899
6.988076
8.170251
9.357426
10.549598
11.746771
12.948940
14.156110
15.364136
16.568876
17.770329
18.968496
20.163378
21.354975
22.543282
23.728306
24.910042
26.088495
27.263660
28.435541
29.604136
30.769442
31.931461
33.090199
34.245647
35.397804
36.546684
37.692280
38.834579
39.973606
41.109333
42.241779
43.370941
44.496819
45.619411
46.738708
47.854725
48.967457
50.076900
51.183056
52.285931
53.385517
54.481815
55.574833
56.664562
57.751003
58.834164
59.914028
60.990612
62.063911
63.133923
64.200645
65.264091
66.324242
67.381119
68.434692
69.484985
70.531998
71.575729
72.616158
73.654129
74.694450
75.737946
76.784615
77.834442
78.887459
79.943634
81.002983
82.065506
83.131195
84.200066
85.272095
86.347298
87.425682
88.507225
89.591942
90.679832
91.770897
92.865128
93.962532
95.063103
96.166847
97.273766
98.383850
99.497116
100.613541
101.733139
102.855911
103.981865
105.110977
106.243256
107.378708
108.517342
109.659149
110.804115
111.952255
113.103577
114.258041
115.415703
116.576530
117.740524
118.907700
120.078041
121.251541
122.428230
123.608078
124.791100
125.977303
127.166664
128.359192
129.554916
130.753799
131.955841
133.156830
134.352478
135.542801
136.727798
137.907486
139.081833
140.250885
141.414597
142.572968
143.726044
144.873779
146.016190
147.153290
148.285049
149.411499
150.532623
151.648422
152.758881
153.864029
154.963867
156.058365
157.147537
158.231400
159.309937
160.383148
161.451019
162.513596
163.570831
164.622742
165.669342
166.710617
167.746536
168.777176
169.802460
170.822449
171.837082
172.846420
173.850418
174.849091
175.842453
176.830490
177.813187
178.790573
179.762634
180.729385
181.690796
182.646881
183.597656
184.543106
185.483215
186.418015
187.347488
188.271866
189.192444
190.109406
191.022797
191.932617
192.838837
193.741470
194.640518
195.535965
196.427841
197.316132
198.200836
199.081955
199.959488
200.833435
201.703781
202.570572
203.433746
204.293350
205.149368
206.001801
206.850632
207.695877
208.537552
209.375641
210.210129
211.041061
211.868378
212.692108
213.512283
214.328842
215.141815
215.951218
216.757019
217.559235
218.357880
219.152924
219.944382
220.732269
221.516556
222.297272
223.074387
223.847916
224.617859
225.384232
226.147003
226.906189
227.661804
228.413818
229.162231
229.907089
230.648346
231.386032
232.122864
232.861572
233.602158
234.344666
235.089035
235.835297
236.583466
237.333511
238.085449
238.839264
239.594986
240.352585
241.112076
241.873474
242.636734
243.401901
244.168945
244.937881
245.708710
246.481415
247.256012
248.032516
248.810898
249.591171
250.373322
251.157379
251.943314
252.731140
253.520859
254.312469
255.000000
255.000000
255.000000
0.000000
2.009822
3.844443
5.503864
6.988085
8.297104
9.516624
10.732349
11.944276
13.152405
14.356739
15.557274
16.754011
17.946953
19.136097
20.321442
21.502995
22.680748
23.854702
25.024860
26.191221
27.353785
28.512550
29.667521
30.818695
31.966066
33.109646
34.249424
35.385410
36.517597
37.645985
38.770576
39.891376
41.008373
42.121574
43.230972
44.336582
45.438389
46.536400
47.630619
48.721039
49.807659
50.890480
51.969509
53.044735
54.116173
55.183800
56.247639
57.307682
58.363926
59.416363
60.465015
61.513496
62.565430
63.620808
64.679642
65.741920
66.807655
67.876854
68.949486
70.025581
71.105125
72.188126
73.274567
74.364471
75.457825
76.554626
77.654884
78.758591
79.865753
80.976372
82.090431
83.207947
84.328918
85.453339
86.581215
87.712532
88.847313
89.985542
91.127220
92.272354
93.420937
94.572975
95.728462
96.887405
98.049797
99.215637
100.384941
101.557686
102.733887
103.913544
105.096649
106.283203
107.473213
108.666672
109.863586
111.063950
112.267769
113.471344
114.670967
115.866661
117.058403
118.246208
119.430061
120.609985
121.785957
122.957985
124.126076
125.290222
126.450417
127.606682
128.759003
129.907379
131.051804
132.192307
133.328857
134.461456
135.590118
136.714844
137.835617
138.952454
140.065353
141.174301
142.279312
143.380371
144.477493
145.570663
146.659912
147.745193
148.826553
149.903961
150.977417
152.046951
153.112518
154.174179
155.231857
156.285614
157.335419
158.381287
159.423233
160.461197
161.495239
162.525330
163.551498
164.572342
165.586548
166.594070
167.594910
168.589111
169.576630
170.557495
171.531693
172.499222
173.460083
174.414276
175.361801
176.302689
177.236877
178.164429
179.085297
179.999496
180.907043
181.807938
182.702133
183.589691
184.470566
185.344788
186.212341
187.073212
187.927444
188.774994
189.615891
190.450119
191.277679
192.098572
192.912811
193.720367
194.521255
195.315506
196.103073
196.883972
197.658218
198.425781
199.186691
199.940933
200.688507
201.429428
202.163681
202.891266
203.612183
204.333130
205.060806
205.795197
206.536316
207.284164
208.038742
208.800049
209.568069
210.342834
211.124298
211.912521
212.707443
213.509094
214.317490
215.132584
215.954422
216.782974
217.618256
218.460281
219.309021
220.164474
221.026657
221.895569
222.771210
223.653580
224.542679
225.438477
226.341019
227.250305
228.166275
229.089005
230.018448
230.954620
231.897507
232.847137
233.803497
234.766556
235.736374
236.712891
237.696136
238.686111
239.682816
240.686249
241.696396
242.713287
243.736893
244.767212
245.804260
246.848053
247.898560
248.955795
250.019745
251.090439
252.167847
253.251984
254.342850
255.000000
255.000000
255.000000
255.000000
255.000000
255.000000
255.000000
255.000000
255.000000
255.000000
