0.967721
0.016139
0.016139
0.016139
0.967721
0.016139
0.016139
0.016139
0.967721
0.000000
0.927456
1.854815
2.782076
3.709241
4.636309
5.563280
6.490153
7.416931
8.343611
9.270193
10.196680
11.123068
12.049360
12.975556
13.901654
14.827656
15.753559
16.679367
17.605076
18.530689
19.456205
20.381626
21.306946
22.232174
23.157303
24.082333
25.007267
25.932104
26.856844
27.781487
28.706034
29.629841
30.552261
31.473297
32.392948
33.311214
34.228092
35.143585
36.057693
36.970421
37.881760
38.791714
39.700279
40.607464
41.513264
42.417679
43.320705
44.222351
45.122608
46.021481
46.918972
47.815067
48.709789
49.603119
50.495064
51.385632
52.274807
53.162598
54.049004
54.934025
55.817661
56.699913
57.580772
58.460258
59.338352
60.215065
61.090389
61.964329
62.836887
63.708054
64.577835
65.446236
66.313248
67.178886
68.043121
68.906021
69.769005
70.632790
71.497360
72.362709
73.228851
74.095779
74.963493
75.832001
76.701286
77.571365
78.442223
79.313873
80.186310
81.059532
81.933548
82.808342
83.683922
84.560295
85.437447
86.315392
87.194130
88.073639
88.953949
89.835037
90.716919
91.599586
92.483032
93.367271
94.252304
95.138107
96.024712
96.912094
97.800278
98.689232
99.578979
100.469513
101.360840
102.252937
103.145828
104.039513
104.933983
105.829239
106.725281
107.622108
108.519890
109.420212
110.323456
111.229622
112.138710
113.050713
113.965645
114.883492
115.804260
116.727951
117.654564
118.584099
119.516556
120.451927
121.390221
122.331444
123.275581
124.222641
125.172623
126.125519
127.081345
128.040085
129.001755
129.966339
130.933838
131.904282
132.877625
133.853897
134.833084
135.815201
136.800232
137.788193
138.779053
139.772858
140.769577
141.769211
142.771774
143.777267
144.785660
145.796982
146.811234
147.828400
148.848465
149.871475
150.897415
151.924469
152.945175
153.958786
154.965271
155.964645
156.956894
157.942017
158.920029
159.890915
160.854706
161.811356
162.760880
163.703293
164.638580
165.566772
166.487808
167.401749
168.308563
169.208267
170.100830
170.986298
171.864639
172.735855
173.599960
174.456940
175.306793
176.149551
176.985168
177.813660
178.635040
179.449326
180.256454
181.056488
181.849396
182.635178
183.413849
184.185394
184.949814
185.707138
186.457336
187.200394
187.936356
188.665176
189.386887
190.101486
190.819489
191.562546
192.331329
193.125854
193.946091
194.792084
195.663788
196.561218
197.484390
198.433273
199.407898
200.408249
201.434357
202.486160
203.563705
204.666977
205.795990
206.950714
208.131165
209.337357
210.569290
211.826950
213.110321
214.419434
215.754272
217.114853
218.501144
219.913177
221.350937
222.814423
224.303650
225.818604
227.359283
228.925674
230.517822
232.135681
233.779282
235.448608
237.143661
238.864456
240.610962
242.383224
244.181183
246.004898
247.854309
0.000000
0.000000
0.000000
0.000000
0.000000
0.000000
2.571776
5.640214
8.559974
11.331051
13.953446
16.427158
18.752193
20.928541
22.956207
24.835199
26.565508
28.147133
29.580076
30.864340
32.073666
33.281807
34.488762
35.694530
36.899113
38.102509
39.304718
40.505737
41.705574
42.904224
44.101685
45.297958
46.493046
47.686947
48.879665
50.071190
51.261532
52.450687
53.638657
54.825436
56.011032
57.195438
58.378658
59.560696
60.741543
61.921204
63.099674
64.276962
65.453072
66.627983
67.801704
68.974251
70.145607
71.315765
72.484741
73.652542
74.819145
75.984566
77.148796
78.311852
79.473709
80.634377
81.793869
82.952164
84.109291
85.265213
86.419952
87.573509
88.725876
89.877052
91.027122
92.177650
93.329300
94.482048
95.635918
96.790909
97.946999
99.104210
100.262527
101.421959
102.582512
103.744171
104.906937
106.070824
107.235817
108.401932
109.569153
110.737488
111.906929
113.077492
114.249161
115.421951
116.595848
117.770859
118.946983
120.124214
121.302574
122.482033
123.662598
124.844292
126.027092
127.211006
128.396027
129.582169
130.769424
131.957779
133.147263
134.337860
135.529541
136.722366
137.916290
139.111328
140.307480
141.504745
142.703140
143.902618
145.103226
146.304932
147.507767
148.711716
149.916763
151.121735
152.319366
153.508514
154.689102
155.861191
157.024750
158.179794
159.326324
160.464325
161.593811
162.714767
163.827209
164.931122
166.026520
167.113388
168.191742
169.261581
170.322891
171.375702
172.419968
173.455719
174.482956
175.501648
176.511856
177.513519
178.506668
179.491302
180.467407
181.434982
182.394058
183.344604
184.286636
185.220139
186.145111
187.061569
187.969513
188.868942
189.759842
190.642212
191.516083
192.381409
193.238235
194.086533
194.926300
195.757568
196.580292
197.394516
198.200195
198.997375
199.786026
200.566162
201.339890
202.112442
202.884033
203.654694
204.424377
205.193130
205.960907
206.727753
207.493637
208.258575
209.022552
209.785583
210.547668
211.308807
212.068970
212.828201
213.586472
214.343796
215.100159
215.855576
216.610031
217.363556
218.116119
218.867722
219.618378
220.368103
221.116837
221.864655
222.611496
223.357391
224.102341
224.846344
225.589386
226.331467
227.072601
227.812790
228.552032
229.290314
230.027649
230.764023
231.499451
232.233932
232.967453
233.700027
234.431641
235.162308
235.892044
236.620804
237.348602
238.075485
238.801376
239.519760
240.224045
240.914215
241.590286
242.252243
242.900101
243.533859
244.153503
244.759033
245.350479
245.927811
246.491028
247.040146
247.575150
248.096054
248.602859
249.095551
249.574158
250.038635
250.489014
250.925293
251.347473
251.755539
252.149506
252.529358
252.895096
253.246750
253.584290
253.907730
254.217041
254.512268
254.793396
255.000000
0.000000
2.672325
5.242807
7.711448
10.078245
12.343200
14.506310
16.567581
18.527010
20.384592
22.140335
23.794231
25.346289
26.796501
28.144873
29.391403
30.587688
31.785341
32.984364
34.184746
35.386494
36.589607
37.794086
38.999928
40.207138
41.415714
42.625648
43.836956
45.049622
46.263657
47.479053
48.695816
49.913944
51.133438
52.354290
53.576515
54.800106
56.025055
57.251369
58.479053
59.708099
60.938511
62.170288
63.403427
64.637939
65.873802
67.111038
68.349640
69.589607
70.830940
72.073639
73.317696
74.563126
75.809914
77.058067
78.307587
79.558472
80.810730
82.064331
83.319328
84.575943
85.834290
87.094360
88.356155
89.619682
90.884926
92.151901
93.420609
94.691040
95.963196
97.237083
98.512703
99.790039
101.069107
102.349892
103.632416
104.916664
106.202637
107.490334
108.779762
110.070930
111.363800
112.658417
113.954750
115.252815
116.552605
117.854118
119.157364
120.462326
121.769028
123.077446
124.387604
125.699478
127.013084
128.328415
129.645493
130.964264
132.284775
133.607010
134.930984
136.256683
137.584091
138.913254
140.242661
141.563644
142.874695
144.175827
145.467056
146.748383
148.019791
149.281296
150.532883
151.774567
153.006348
154.228210
155.440140
156.642181
157.834320
159.016541
160.188843
161.351242
162.503723
163.646301
164.778961
165.901733
167.014572
168.117508
169.210526
170.293640
171.366837
172.430130
173.483521
174.526993
175.560547
176.584198
177.597946
178.601776
179.595688
180.579697
181.553802
182.517975
183.472260
184.416626
185.351074
186.275620
187.190262
188.094986
188.990906
189.880692
190.764465
191.642212
192.513962
193.379715
194.239456
195.093170
195.940872
196.782593
197.618271
198.447968
199.271637
200.089310
200.900970
201.706619
202.506256
203.299881
204.087509
204.869125
205.644714
206.414307
207.177887
207.935471
208.687027
209.432571
210.172119
210.905655
211.633179
212.354706
213.070206
213.779709
214.483185
215.180664
215.872131
216.557587
217.237045
217.910477
218.577911
219.239334
219.894745
220.544144
221.187531
221.824921
222.458359
223.089935
223.719650
224.347488
224.973465
225.597580
226.219818
226.840179
227.458679
228.075317
228.690094
229.302979
229.914017
230.523193
231.130493
231.735916
232.339478
232.941162
233.540985
234.138947
234.735031
235.329254
235.921616
236.512100
237.100723
237.687469
238.272354
238.855377
239.436523
240.015808
240.593231
241.168777
241.742432
242.314255
242.884201
243.452271
244.018478
244.582809
245.145294
245.705902
246.264633
246.821503
247.376495
247.929626
248.480896
249.030289
249.577835
250.123489
250.667297
251.209213
251.749268
252.287460
252.823776
253.358246
253.890823
254.421555
254.950409
255.000000
255.000000
255.000000
255.000000
255.000000
255.000000
255.000000
255.000000
