0.946695
0.026653
0.026653
0.026653
0.946695
0.026653
0.026653
0.026653
0.946695
0.000000
1.395147
2.742892
4.043234
5.296175
6.501713
7.659849
8.770583
9.856313
10.939438
12.019958
13.097871
14.173180
15.245882
16.315981
17.383471
18.448360
19.510641
20.570316
21.627386
22.681850
23.733711
24.782963
25.829611
26.873655
27.915094
28.953926
29.990150
31.023773
32.054790
33.083199
34.109005
35.132206
36.152794
37.170788
38.186169
39.198948
40.209118
41.216686
42.221645
43.224007
44.223755
45.220901
46.215443
47.207375
48.196705
49.183430
50.167545
51.149059
52.127968
53.104267
54.080235
55.058128
56.037964
57.019733
58.003437
58.989067
59.976639
60.966141
61.957577
62.950947
63.946251
64.943489
65.942665
66.943764
67.946808
68.951782
69.958687
70.967529
71.978310
72.991013
74.005661
75.022232
76.040741
77.061188
78.083565
79.107880
80.134125
81.162308
82.192413
83.224472
84.258446
85.294357
86.332214
87.371994
88.413712
89.457367
90.502953
91.550461
92.599922
93.651299
94.704628
95.759880
96.817062
97.873650
98.927086
99.977364
101.024498
102.068474
103.109306
104.146996
105.181526
106.212914
107.241142
108.266228
109.288162
110.306946
111.322586
112.335075
113.344406
114.350601
115.353638
116.353523
117.350266
118.343857
119.334297
120.321587
121.305725
122.286720
123.264565
124.239258
125.210800
126.179192
127.144440
128.106537
129.065475
130.021271
130.973923
131.923416
132.869766
133.812958
134.753006
135.689896
136.623642
137.554245
138.481705
139.406006
140.328308
141.249786
142.170441
143.090240
144.009232
144.927383
145.844696
146.761200
147.676849
148.591675
149.505661
150.418839
151.331161
152.242661
153.153336
154.063156
154.972183
155.880341
156.787689
157.694199
158.599869
159.504730
160.408722
161.311920
162.214264
163.115799
164.016479
164.916351
165.815369
166.713562
167.610916
168.507462
169.403168
170.298035
171.192062
172.085266
172.977646
173.869186
174.759888
175.649765
176.538834
177.427048
178.314423
179.198883
180.078354
180.952805
181.822250
182.686691
183.546127
184.400558
185.249985
186.094406
186.933807
187.768219
188.597626
189.422012
190.241394
191.055786
191.865158
192.669525
193.468887
194.263245
195.052597
195.836929
196.616272
197.390610
198.159927
198.924255
199.683578
200.437881
201.187180
201.931473
202.670761
203.405045
204.134323
204.858597
205.577866
206.292114
207.001373
207.705627
208.404861
209.099106
209.788330
210.472549
211.151764
211.825974
212.495178
213.159378
213.818573
214.472763
215.121948
215.766113
216.405289
217.039444
217.668594
218.292755
218.911896
219.526031
220.135162
220.739288
221.338409
221.932526
222.521622
223.105728
223.684830
224.258926
224.828003
225.392075
225.951157
226.505203
227.054260
227.598328
228.137375
228.671417
229.200455
229.724472
230.243500
230.757507
231.266525
0.000000
0.810600
1.664391
2.561373
3.501547
4.484911
5.511467
6.581213
7.694152
8.850282
10.049602
11.292113
12.551897
13.803042
15.045546
16.279406
17.504625
18.721205
19.929140
21.128433
22.319086
23.501097
24.674467
25.839195
26.995279
28.142723
29.281525
30.411688
31.533205
32.646080
33.750320
34.845913
35.932865
37.011177
38.080845
39.141876
40.194260
41.238003
42.273106
43.299564
44.317383
45.326565
46.327099
47.318989
48.302242
49.276852
50.242821
51.200142
52.148834
53.088879
54.020275
54.943039
55.857155
56.762630
57.663204
58.568024
59.477505
60.391647
61.310448
62.233913
63.162033
64.094818
65.032265
65.974365
66.921127
67.872551
68.828644
69.789383
70.754784
71.724854
72.699585
73.678963
74.663017
75.651718
76.645088
77.643120
78.645805
79.653160
80.665161
81.681831
82.703171
83.729164
84.759811
85.795120
86.835091
87.879723
88.929016
89.982964
91.041580
92.104851
93.172783
94.245384
95.322632
96.404549
97.491127
98.582359
99.677216
100.769524
101.858231
102.943352
104.024887
105.102821
106.177177
107.247932
108.315102
109.378677
110.438660
111.495049
112.547859
113.597061
114.642685
115.684708
116.723145
117.757988
118.789238
119.816902
120.840981
121.861458
122.878349
123.891647
124.901352
125.907471
126.909988
127.908920
128.904266
129.896011
130.884171
131.868744
132.849716
133.827103
134.800903
135.771103
136.737717
137.700729
138.660172
139.615997
140.568237
141.516907
142.462082
143.405640
144.348404
145.290359
146.231522
147.171875
148.111435
149.050186
149.988129
150.925293
151.861633
152.797180
153.731918
154.665863
155.598999
156.531342
157.462875
158.393600
159.323532
160.252655
161.181000
162.108521
163.035233
163.961166
164.886292
165.810608
166.734116
167.656830
168.578751
169.499847
170.420151
171.339661
172.258377
173.176270
174.093369
175.009674
175.925171
176.839844
177.753754
178.666840
179.579117
180.490616
181.401291
182.310135
183.216080
184.119125
185.019272
185.916550
186.810928
187.702423
188.591003
189.476715
190.359512
191.239426
192.116440
192.990585
193.861832
194.730179
195.595627
196.458176
197.317856
198.174622
199.028519
199.879517
200.727615
201.572830
202.415146
203.254562
204.091095
204.924744
205.755493
206.583344
207.408310
208.230377
209.049545
209.865845
210.679245
211.489746
212.297363
213.102081
213.903900
214.702850
215.498886
216.292023
217.082291
217.869659
218.654129
219.435715
220.214401
220.990204
221.763107
222.533112
223.300247
224.064468
224.825806
225.584244
226.339813
227.092453
227.842239
228.589111
229.333084
230.074188
230.812378
231.547684
232.280106
233.009628
233.736252
234.459991
235.180847
235.898788
236.613846
237.326019
238.035309
238.741684
239.445190
240.145782
240.843475
241.538315
0.000000
0.991249
2.020480
3.087691
4.192884
5.336059
6.517214
7.736351
8.993468
10.265532
11.529506
12.785389
14.033183
15.272885
16.504498
17.728022
18.943451
20.150793
21.350046
22.541208
23.724279
24.899260
26.066151
27.224953
28.375664
29.518282
30.652813
31.779255
32.897602
34.007862
35.110031
36.204113
37.290104
38.368004
39.437809
40.499531
41.553158
42.598701
43.636143
44.665501
45.686771
46.699944
47.705032
48.702034
49.692562
50.686340
51.684978
52.688484
53.696861
54.710102
55.728210
56.751183
57.779022
58.811733
59.849308
60.891747
61.939060
62.991234
64.048279
65.110184
66.176964
67.248604
68.325104
69.406487
70.492729
71.583839
72.679817
73.780655
74.886368
75.996941
77.112389
78.232697
79.357872
80.487923
81.622826
82.762596
83.907249
85.056763
86.211136
87.370384
88.529404
89.683121
90.831535
91.974632
93.112427
94.244919
95.372101
96.493980
97.610542
98.721809
99.827766
100.928413
102.023758
103.113792
104.198517
105.277939
106.352051
107.420860
108.484360
109.542557
110.595436
111.643028
112.685295
113.722260
114.753922
115.780273
116.801315
117.817055
118.827492
119.832611
120.832428
121.826942
122.816147
123.800049
124.778633
125.752586
126.725838
127.699051
128.672241
129.645401
130.618530
131.591599
132.564651
133.537689
134.510681
135.483643
136.456558
137.429459
138.402313
139.375153
140.347946
141.320709
142.293442
143.266129
144.238800
145.211426
146.184036
147.156601
148.129135
149.101639
150.074112
151.046539
152.018967
152.991333
153.963669
154.935974
155.908249
156.880493
157.852707
158.824875
159.797028
160.765213
161.725540
162.678009
163.622604
164.559357
165.488235
166.409241
167.322372
168.227676
169.125092
170.014648
170.896332
171.770157
172.636124
173.494217
174.344452
175.186813
176.021332
176.847961
177.666733
178.477661
179.280701
180.075882
180.863190
181.642654
182.414261
183.177979
183.933838
184.681839
185.421967
186.154251
186.878647
187.595184
188.303864
189.004684
189.697632
190.382721
191.059937
191.729294
192.390793
193.044418
193.690170
194.328079
194.958115
195.580276
196.194595
196.801025
197.399628
197.990326
198.573181
199.148163
199.715286
200.274551
200.825943
201.369461
201.905136
202.432938
202.952866
203.464951
203.969147
204.465500
204.953979
205.434601
205.907349
206.372238
206.829254
207.278427
207.719711
208.153137
208.578705
208.996414
209.406250
209.808212
210.202332
210.588577
210.966965
211.337463
211.700119
212.054916
212.401855
212.740906
213.072113
213.395432
213.710892
214.018494
214.318237
214.610107
214.894119
215.170258
215.438553
215.698990
215.951538
216.196228
216.433044
216.662003
216.883102
217.096329
217.301712
217.499207
217.688858
217.870621
218.044540
218.210587
218.368774
218.519104
