0.980216
0.009892
0.009892
0.009892
0.980216
0.009892
0.009892
0.009892
0.980216
0.000000
0.872500
1.760283
2.663349
3.581699
4.515332
5.464248
6.428449
7.407933
8.402699
9.412749
10.438084
11.478701
12.534601
13.597374
14.658604
15.718290
16.776438
17.833042
18.888103
19.941626
20.993603
22.044043
23.092937
24.140291
25.186106
26.230375
27.273102
28.314291
29.353933
30.392036
31.428598
32.463619
33.497097
34.529037
35.559425
36.588284
37.615593
38.641357
39.665588
40.688274
41.709419
42.729019
43.747078
44.763596
45.778576
46.792004
47.803905
48.814255
49.823071
50.830338
51.836060
52.840244
53.842892
54.843987
55.843552
56.841560
57.838036
58.832973
59.826370
60.818222
61.808525
62.797291
63.784519
64.770203
65.754349
66.736946
67.718475
68.699409
69.679749
70.659485
71.638626
72.617172
73.595123
74.572464
75.549217
76.525375
77.500931
78.475899
79.450256
80.424019
81.397194
82.369759
83.341743
84.313110
85.283890
86.254082
87.223663
88.192650
89.161049
90.128838
91.096031
92.062630
93.028633
93.994034
94.958839
95.923058
96.886665
97.849686
98.812103
99.773918
100.735146
101.695778
102.655807
103.615234
104.574066
105.532310
106.489944
107.446983
108.403442
109.359283
110.314537
111.269188
112.223244
113.176704
114.129570
115.081833
116.033508
116.984573
117.935043
118.885506
119.836571
120.788231
121.740479
122.693329
123.646774
124.600800
125.555435
126.510658
127.466469
128.422882
129.379883
130.337479
131.295670
132.254456
133.213852
134.173813
135.134384
136.095535
137.057297
138.019638
138.982590
139.946121
140.910263
141.874985
142.840286
143.806198
144.772720
145.739807
146.707520
147.675797
148.644684
149.614151
150.584213
151.554886
152.526138
153.497986
154.470428
155.443466
156.417099
157.391327
158.366150
159.341568
160.317566
161.294174
162.271362
163.249146
164.227539
165.206512
166.186096
167.166260
168.147018
169.128357
170.110474
171.093445
172.077316
173.062073
174.047729
175.034271
176.021698
177.010010
177.999222
178.989304
179.980286
180.972168
181.964920
182.958588
183.953110
184.948547
185.944855
186.942078
187.940170
188.939148
189.939026
190.939789
191.941437
192.943985
193.947418
194.951736
195.956940
196.963043
197.970032
198.977905
199.986664
200.996323
202.006851
203.018295
204.030609
205.043823
206.057922
207.072906
208.088776
209.105545
210.123215
211.141754
212.161194
213.181519
214.202713
215.224808
216.247803
217.271683
218.296463
219.322098
220.348663
221.376083
222.404404
223.430405
224.450790
225.465591
226.474823
227.478470
228.476532
229.469009
230.455887
231.437195
232.412918
233.383057
234.347610
235.306580
236.259964
237.207779
238.149994
239.086624
240.017685
240.943146
241.863022
242.777328
243.686050
244.589188
245.486725
246.378693
247.265076
248.145874
249.021088
249.890701
250.754761
0.000000
0.214752
1.363363
2.506067
3.642864
4.773755
5.898738
7.017816
8.130986
9.238251
10.339606
11.435057
12.524599
13.608236
14.685966
15.757791
16.823708
17.883717
18.937820
19.988327
21.037560
22.085512
23.132187
24.177582
25.221699
26.264536
27.306097
28.346376
29.385380
30.423101
31.459545
32.494709
33.528595
34.561207
35.592529
36.622581
37.651356
38.678848
39.705063
40.730000
41.753654
42.776031
43.797127
44.816944
45.835487
46.852753
47.868736
48.883442
49.896870
50.909016
51.919888
52.929474
53.937786
54.944817
55.950569
56.955044
57.958237
58.960159
59.960793
60.960155
61.958237
62.955040
63.950562
64.944809
65.937767
66.929459
67.919876
68.908997
69.896851
70.883415
71.868721
72.853012
73.837036
74.820808
75.804329
76.787605
77.770615
78.753387
79.735909
80.718178
81.700195
82.681976
83.663490
84.644760
85.625786
86.606552
87.587074
88.567345
89.547363
90.527130
91.506645
92.485924
93.464935
94.443703
95.422226
96.400490
97.378517
98.356277
99.333801
100.311066
101.288078
102.264854
103.241371
104.217636
105.193657
106.169418
107.144943
108.120201
109.095222
110.069984
111.044510
112.018776
112.992790
113.966553
114.940079
115.913345
116.886353
117.859123
118.831642
119.803902
120.775917
121.747688
122.719200
123.690552
124.662285
125.634483
126.607147
127.580284
128.553879
129.527939
130.502457
131.477463
132.452927
133.428848
134.405243
135.382111
136.359436
137.337234
138.315491
139.294220
140.273407
141.253067
142.233200
143.213776
144.194839
145.176361
146.158371
147.140808
148.123749
149.107132
150.090988
151.075302
152.060089
153.045349
154.031067
155.017258
156.003906
156.991028
157.978622
158.966660
159.955185
160.944183
161.933624
162.923538
163.913925
164.904770
165.896088
166.887878
167.880127
168.872849
169.866028
170.859665
171.853790
172.848358
173.843414
174.838928
175.834564
176.830200
177.825867
178.821518
179.817200
180.812881
181.808578
182.804291
183.800003
184.795715
185.791458
186.787186
187.782944
188.778702
189.774460
190.770248
191.766037
192.761826
193.757660
194.753464
195.749298
196.745132
197.740967
198.736832
199.732697
200.728561
201.724442
202.720337
203.716232
204.712143
205.708069
206.703995
207.699936
208.695892
209.691849
210.687805
211.683792
212.679779
213.675766
214.671799
215.667801
216.663834
217.659866
218.655914
219.651962
220.648026
221.644089
222.640182
223.636276
224.632370
225.628494
226.624603
227.626175
228.638611
229.661926
230.696121
231.741211
232.797150
233.863983
234.941681
236.030258
237.129730
238.240051
239.361282
240.493362
241.636337
242.790192
243.954910
245.130508
246.317001
247.514343
248.722580
249.941681
251.171677
252.412537
253.664276
254.926910
255.000000
255.000000
255.000000
0.000000
1.676180
3.301126
4.874837
6.397314
7.868556
9.288564
10.657336
11.974877
13.241181
14.479546
15.713277
16.942371
18.166826
19.386644
20.601826
21.812368
23.018276
24.219543
25.416176
26.608168
27.795525
28.978243
30.156324
31.329769
32.498573
33.662743
34.822273
35.977165
37.127419
38.273041
39.414021
40.550369
41.682072
42.809143
43.931572
45.049366
46.162521
47.271046
48.374916
49.474167
50.568768
51.658737
52.744064
53.824757
54.900814
55.972237
57.039021
58.101162
59.158669
60.211540
61.259766
62.303364
63.342319
64.376640
65.406319
66.431366
67.451767
68.467697
69.483055
70.499413
71.516769
72.535110
73.554459
74.574814
75.596153
76.618492
77.641838
78.666176
79.691513
80.717842
81.745178
82.773514
83.802841
84.833168
85.864487
86.896805
87.930130
88.964455
89.999763
91.036079
92.073395
93.111702
94.151009
95.191315
96.232620
97.274918
98.318222
99.362511
100.407814
101.454102
102.501389
103.549675
104.598961
105.649246
106.700531
107.752815
108.806099
109.860374
110.915634
111.971924
113.029190
114.087448
115.146729
116.206985
117.268242
118.330498
119.393578
120.456306
121.518509
122.580177
123.641319
124.701935
125.762024
126.821587
127.880615
128.939117
129.997086
131.054535
132.111465
133.167847
134.223709
135.279053
136.333862
137.388138
138.441879
139.495102
140.547791
141.599945
142.651596
143.702698
144.753281
145.803329
146.852844
147.901855
148.950302
149.998245
151.045670
152.092545
153.138901
154.184723
155.230011
156.274780
157.319016
158.362732
159.405914
160.448578
161.490692
162.532303
163.573364
164.613922
165.653915
166.693405
167.732361
168.770798
169.808685
170.844925
171.876617
172.903656
173.926041
174.943771
175.956848
176.965271
177.969040
178.968155
179.962631
180.952454
181.937607
182.918121
183.893982
184.865189
185.831741
186.793625
187.750870
188.703461
189.651413
190.594696
191.533325
192.467316
193.396637
194.321320
195.241333
196.156708
197.067429
197.973495
198.874908
199.771667
200.663788
201.551239
202.434036
203.312180
204.185669
205.054520
205.918701
206.778244
207.633133
208.483368
209.328949
210.169876
211.006149
211.837769
212.664734
213.487061
214.304718
215.117737
215.932739
216.756454
217.588837
218.429901
219.279633
220.138062
221.005157
221.880936
222.765381
223.658524
224.560333
225.470840
226.390015
227.317856
228.254410
229.199615
230.153503
231.116074
232.087326
233.067261
234.055862
235.053146
236.059113
237.073761
238.097092
239.129105
240.169769
241.219147
242.277191
243.343918
244.419296
245.503403
246.596146
247.697586
248.807693
249.926498
251.053986
252.190125
253.334961
254.488480
255.000000
255.000000
255.000000
255.000000
255.000000
255.000000
255.000000
255.000000
255.000000
255.000000
255.000000
