0.943139
0.028430
0.028430
0.028430
0.943139
0.028430
0.028430
0.028430
0.943139
0.000000
1.258418
2.502681
3.732790
4.948745
6.150545
7.338192
8.511683
9.671021
10.816205
11.947234
13.064110
14.166829
15.255396
16.329807
17.390064
18.436171
19.468121
20.485912
21.496367
22.506300
23.515713
24.524603
25.532969
26.540815
27.548138
28.554939
29.561216
30.566973
31.572206
32.576916
33.581108
34.584770
35.587917
36.590538
37.592640
38.594219
39.595272
40.595806
41.595818
42.595303
43.594269
44.592712
45.590637
46.588039
47.584911
48.581268
49.577103
50.572189
51.566013
52.558540
53.549778
54.539719
55.528366
56.515720
57.501778
58.486546
59.470016
60.452194
61.433079
62.412670
63.390961
64.367966
65.343674
66.318085
67.291206
68.263031
69.233559
70.202797
71.170746
72.137398
73.102753
74.066811
75.029579
75.991058
76.951233
77.910126
78.867607
79.822983
80.776131
81.727074
82.675781
83.622269
84.566544
85.508598
86.448433
87.386040
88.321434
89.254601
90.185555
91.114296
92.040794
92.965088
93.887161
94.807007
95.724648
96.640053
97.553246
98.464218
99.372971
100.279503
101.183815
102.085899
102.985771
103.883423
104.778854
105.672241
106.567307
107.465576
108.367050
109.271736
110.179642
111.090752
112.005074
112.922600
113.843338
114.767281
115.694435
116.624802
117.558372
118.495163
119.435150
120.378357
121.324768
122.274384
123.227219
124.183258
125.142509
126.104958
127.070633
128.039505
129.011597
129.986893
130.965378
131.947098
132.932037
133.918427
134.904617
135.890579
136.876297
137.861801
138.847076
139.832138
140.816940
141.801529
142.785904
143.770050
144.753952
145.737625
146.721085
147.704300
148.687317
149.670074
150.652634
151.634933
152.617035
153.598877
154.580521
155.561920
156.543106
157.524048
158.504776
159.485275
160.465546
161.445572
162.425385
163.404968
164.384323
165.363449
166.342346
167.321030
168.299469
169.277695
170.255676
171.233429
172.210968
173.188278
174.165359
175.142212
176.118835
177.095230
178.071396
179.047333
180.023041
180.998535
181.973785
182.948807
183.923630
184.898193
185.872543
186.846680
187.820557
188.794220
189.767654
190.740875
191.713852
192.686600
193.659134
194.631424
195.603500
196.575333
197.546967
198.518341
199.489502
200.460434
201.431137
202.401611
203.371872
204.341873
205.311676
206.281235
207.250580
208.219696
209.188583
210.157242
211.125656
212.093857
213.061829
214.029587
214.997086
215.964386
216.931442
217.898270
218.864883
219.831268
220.797409
221.763336
222.729034
223.694504
224.659744
225.624756
226.589539
227.554108
228.518433
229.482513
230.446381
231.410049
232.373459
233.336670
234.299622
235.262360
236.224854
237.187134
238.149200
239.111023
240.072601
241.033981
241.995117
242.956039
243.916718
244.877197
245.837418
246.797424
247.757187
248.716751
249.676056
0.000000
0.991774
1.993013
3.003716
4.023882
5.053514
6.092609
7.141169
8.199193
9.266681
10.343633
11.430050
12.525931
13.631275
14.746085
15.870358
17.004097
18.147301
19.299967
20.462097
21.633692
22.814751
24.005274
25.196686
26.380417
27.556465
28.724831
29.885511
31.038513
32.183830
33.321461
34.451412
35.573685
36.688267
37.795166
38.894386
39.985924
41.069778
42.145943
43.214436
44.275234
45.328362
46.373795
47.411552
48.441624
49.464012
50.478718
51.485741
52.485088
53.476742
54.460724
55.441605
56.424000
57.407906
58.393318
59.380238
60.368668
61.358604
62.350048
63.343002
64.337463
65.333435
66.330910
67.329903
68.330399
69.332397
70.335907
71.340927
72.347458
73.355492
74.365036
75.376083
76.388649
77.402710
78.418289
79.435379
80.453972
81.474075
82.495689
83.514893
84.527771
85.534340
86.534592
87.528519
88.516129
89.497421
90.472389
91.441055
92.403389
93.359413
94.309105
95.252480
96.189545
97.120285
98.044716
98.962814
99.874611
100.780075
101.679230
102.572060
103.458565
104.338768
105.212639
106.080200
106.941429
107.796356
108.644958
109.494232
110.351189
111.215805
112.088097
112.968063
113.855698
114.751007
115.653992
116.564644
117.482971
118.408966
119.342636
120.283974
121.232986
122.189674
123.154030
124.126053
125.105766
126.093132
127.088181
128.090897
129.101273
130.119339
131.145065
132.178482
133.219543
134.268311
135.324722
136.383575
137.439651
138.492935
139.543442
140.591156
141.636078
142.678223
143.717575
144.754150
145.787918
146.818909
147.847107
148.872528
149.895142
150.914993
151.932053
152.946320
153.957794
154.966507
155.972397
156.975525
157.975861
158.973404
159.968170
160.960144
161.949310
162.935715
163.919327
164.900146
165.878189
166.853439
167.825897
168.795578
169.762451
170.726562
171.687881
172.646393
173.602142
174.555099
175.505249
176.452637
177.397217
178.339035
179.278046
180.214279
181.147720
182.078369
183.006241
183.931320
184.853622
185.773132
186.689850
187.603775
188.514923
189.423279
190.328857
191.231644
192.131638
193.028854
193.923264
194.814911
195.703751
196.589813
197.473099
198.353577
199.231293
200.106201
200.978333
201.847656
202.714233
203.577988
204.438965
205.297150
206.152557
207.005173
207.854996
208.702042
209.546295
210.387787
211.226440
212.062347
212.895462
213.725769
214.553299
215.378052
216.200012
217.019180
217.835556
218.649170
219.459976
220.268005
221.073227
221.875687
222.675354
223.472229
224.266312
225.057602
225.846130
226.631851
227.414795
228.194946
228.972305
229.746887
230.518677
231.287689
232.053909
232.817337
233.577972
234.335831
235.090897
235.843170
236.592667
237.339386
238.083313
238.824432
239.562775
240.298340
241.031113
241.761093
242.488297
243.212692
0.000000
1.247339
2.491332
3.731980
4.969283
6.203240
7.433851
8.661118
9.885039
11.105615
12.322845
13.536730
14.747269
15.954464
17.158312
18.358816
19.555973
20.749788
21.940254
23.125668
24.304331
25.476238
26.641394
27.799795
28.951443
30.096334
31.234476
32.365860
33.490490
34.608368
35.719490
36.823856
37.921471
39.012333
40.096439
41.173794
42.244392
43.308235
44.365326
45.415661
46.459240
47.496071
48.526146
49.555744
50.591141
51.632332
52.679329
53.732124
54.790714
55.855106
56.925301
58.001289
59.083084
60.170670
61.264061
62.363251
63.468239
64.579025
65.695610
66.817993
67.946175
69.080162
70.219940
71.365532
72.516914
73.674095
74.837074
75.995522
77.139091
78.267799
79.381630
80.480591
81.564682
82.633911
83.688263
84.727745
85.752365
86.762100
87.756973
88.736969
89.702103
90.652374
91.587761
92.508286
93.413940
94.304718
95.180626
96.041672
96.887840
97.719139
98.535568
99.350815
100.178574
101.018845
101.871613
102.736893
103.614685
104.504990
105.407799
106.323105
107.250931
108.191261
109.144104
110.109451
111.087303
112.077667
113.080544
114.095924
115.123810
116.164207
117.217110
118.282532
119.360451
120.450874
121.553818
122.662079
123.768456
124.872955
125.975586
127.076332
128.175201
129.272217
130.367325
131.460571
132.551956
133.641449
134.729065
135.814804
136.898682
137.980652
139.060776
140.139023
141.215378
142.289871
143.362473
144.433212
145.502060
146.569046
147.634155
148.697388
149.758743
150.818222
151.875824
152.931564
153.985413
155.037399
156.087494
157.135712
158.182068
159.226532
160.269119
161.309860
162.348694
163.385666
164.420746
165.453979
166.485306
167.514771
168.542358
169.568069
170.591904
171.613876
172.633957
173.652176
174.668518
175.682968
176.695541
177.706253
178.715088
179.722031
180.727097
181.730316
182.731628
183.731079
184.728653
185.724350
186.718185
187.710114
188.700180
189.688370
190.674698
191.659134
192.641693
193.622406
194.601212
195.578156
196.553207
197.526382
198.497696
199.467133
200.434692
201.400375
202.364197
203.326126
204.286179
205.244354
206.200668
207.155090
208.107635
209.058304
210.007111
210.954041
211.899078
212.842270
213.783554
214.722961
215.660507
216.596191
217.529968
218.461884
219.391922
220.320099
221.246384
222.170792
223.093323
224.013977
224.932755
225.849670
226.764725
227.677856
228.589142
229.498550
230.406082
231.311722
232.215515
233.117401
234.017441
234.915588
235.811844
236.706238
237.598755
238.489410
239.378189
240.265076
241.150070
242.033249
242.914490
243.793884
244.671387
245.547028
246.420792
247.292679
248.162674
249.030823
249.897064
250.761444
251.623962
252.484589
253.343338
254.200226
255.000000
255.000000
255.000000
255.000000
255.000000
255.000000
