0.949504
0.025248
0.025248
0.025248
0.949504
0.025248
0.025248
0.025248
0.949504
0.000000
0.896349
1.794844
2.695486
3.598275
4.503211
5.410293
6.319521
7.230898
8.144421
9.060089
9.977905
10.897867
11.819978
12.744233
13.670635
14.599187
15.529882
16.462727
17.397717
18.334852
19.274136
20.215565
21.159142
22.104866
23.052734
24.002752
24.954914
25.909225
26.865681
27.824284
28.785036
29.747934
30.710808
31.671494
32.629993
33.586304
34.540424
35.492352
36.442097
37.389652
38.335014
39.278191
40.219177
41.157978
42.094585
43.029007
43.961235
44.891277
45.819134
46.744797
47.668270
48.589558
49.508652
50.425564
51.340282
52.252811
53.163155
54.071312
54.977272
55.881046
56.782635
57.682030
58.579239
59.474258
60.367088
61.257729
62.146183
63.032448
63.916515
64.798401
65.678101
66.555611
67.430931
68.304054
69.175003
70.043747
70.910583
71.778061
72.646782
73.516762
74.387993
75.260475
76.134209
77.009201
77.885437
78.762932
79.641685
80.521683
81.402931
82.285446
83.169197
84.054207
84.940475
85.827995
86.716766
87.606789
88.498062
89.390602
90.284378
91.179413
92.075699
92.973244
93.872032
94.772079
95.673378
96.575928
97.479736
98.384789
99.291107
100.198669
101.107483
102.017555
102.928879
103.841454
104.755280
105.670364
106.586700
107.504280
108.423126
109.343216
110.264557
111.186882
112.109634
113.032791
113.956360
114.880325
115.804695
116.729485
117.654678
118.580269
119.506271
120.432678
121.359489
122.286713
123.214340
124.142372
125.070816
125.999657
126.928909
127.858566
128.788635
129.719116
130.649979
131.581268
132.512970
133.445053
134.377548
135.310471
136.243790
137.177505
138.111649
139.046173
139.981110
140.916458
141.852203
142.788376
143.724945
144.661911
145.599289
146.537079
147.475281
148.413879
149.352890
150.292297
151.232117
152.172379
153.113846
154.056915
155.001587
155.947861
156.895737
157.845215
158.796295
159.748978
160.703262
161.659149
162.616638
163.575714
164.536407
165.498703
166.462601
167.428101
168.395203
169.363907
170.334198
171.306122
172.279617
173.254730
174.231430
175.209747
176.189667
177.171173
178.154297
179.139023
180.125336
181.113251
182.102783
183.093903
184.086639
185.080963
186.076904
187.074432
188.073563
189.074310
190.076660
191.080597
192.086136
193.093277
194.102036
195.112381
196.126480
197.153244
198.193588
199.247559
200.315109
201.396271
202.491043
203.599411
204.721390
205.856964
207.006149
208.168930
209.345306
210.535294
211.738876
212.956070
214.186859
215.431259
216.689270
217.960861
219.246078
220.544876
221.857285
223.183304
224.522919
225.876129
227.242950
228.623383
230.017410
231.425034
232.846283
234.281097
235.729538
237.191574
238.667236
240.156464
241.659317
243.175766
244.705826
246.249466
247.806732
249.377594
250.962067
252.560120
254.171799
0.000000
0.000000
0.000000
0.000000
0.000000
1.278019
3.248968
5.172945
7.049952
8.879985
10.663049
12.399139
14.088259
15.730406
17.325581
18.873783
20.375017
21.829277
23.236565
24.596884
25.910231
27.176600
28.396004
29.568434
30.693892
31.772381
32.827709
33.883709
34.940380
35.997719
37.055721
38.114391
39.173733
40.233738
41.294415
42.355755
43.417763
44.480438
45.543781
46.607796
47.672478
48.737823
49.803837
50.870514
51.937870
53.005886
54.074570
55.143921
56.213940
57.284630
58.355984
59.428005
60.500694
61.574055
62.648079
63.722771
64.798134
65.874161
66.950859
68.028214
69.106239
70.184937
71.264313
72.344337
73.425041
74.506409
75.588448
76.671143
77.754517
78.838547
79.923256
81.008629
82.094673
83.181381
84.268753
85.356796
86.445511
87.534882
88.624931
89.715637
90.807022
91.899071
92.991783
94.084679
95.176514
96.267242
97.356865
98.445374
99.532784
100.619095
101.704292
102.788383
103.871368
104.953247
106.034027
107.113693
108.192253
109.269714
110.346062
111.421310
112.495445
113.568481
114.640411
115.711227
116.780945
117.849548
118.917053
119.983459
121.048744
122.112923
123.176010
124.237984
125.298851
126.358620
127.417274
128.474808
129.531265
130.586594
131.640839
132.693954
133.745987
134.796890
135.846695
136.895401
137.942993
138.989487
140.034866
141.079147
142.122330
143.164398
144.205368
145.245209
146.283951
147.321609
148.358139
149.393570
150.427887
151.461121
152.493240
153.524246
154.554092
155.582581
156.609665
157.635330
158.659607
159.682465
160.703903
161.723953
162.742599
163.759811
164.775620
165.790024
166.803024
167.814621
168.824783
169.833557
170.840927
171.846878
172.851425
173.854568
174.856277
175.856598
176.855499
177.853012
178.849106
179.843781
180.837067
181.828918
182.819397
183.808441
184.796082
185.782303
186.767120
187.750534
188.732544
189.713150
190.692337
191.670105
192.646469
193.621445
194.594986
195.567139
196.537872
197.507202
198.475113
199.441635
200.406723
201.370422
202.332703
203.293579
204.253036
205.211090
206.167740
207.123001
208.076797
209.029236
209.980240
210.929718
211.874420
212.813095
213.745743
214.672302
215.592850
216.507324
217.415756
218.318161
219.214508
220.104797
220.989059
221.867264
222.739426
223.605545
224.465607
225.319641
226.167618
227.009552
227.845444
228.675278
229.499069
230.316818
231.128510
231.934158
232.733780
233.527344
234.314850
235.096313
235.871735
236.641113
237.404434
238.161728
238.912964
239.658157
240.397293
241.130402
241.857452
242.578445
243.293411
244.002319
244.705200
245.402023
246.092789
246.777512
247.456192
248.128830
248.795425
249.455963
250.110458
250.758911
251.401321
252.037674
252.667984
253.292252
253.910461
254.522644
255.000000
255.000000
0.000000
2.779714
5.441818
7.986311
10.413193
12.722465
14.914126
16.988178
18.944618
20.783451
22.504669
24.108276
25.594273
26.962662
28.213440
29.406235
30.600683
31.796785
32.994537
34.193943
35.395000
36.597710
37.802071
39.008083
40.215752
41.425064
42.636032
43.848656
45.062931
46.278851
47.496426
48.715656
49.936531
51.159069
52.383251
53.609089
54.836575
56.065712
57.296501
58.528946
59.763042
60.998787
62.236183
63.475235
64.715942
65.958290
67.202293
68.447952
69.695267
70.944229
72.194839
73.447113
74.701027
75.956596
77.213814
78.472687
79.733215
80.995392
82.259216
83.524704
84.791824
86.060608
87.331047
88.603134
89.876884
91.152267
92.429314
93.708000
94.988350
96.270355
97.554001
98.839310
100.126251
101.414871
102.703918
103.990479
105.274414
106.555725
107.834396
109.110443
110.383865
111.654655
112.922821
114.188354
115.451256
116.711540
117.969193
119.224213
120.476608
121.726379
122.973518
124.218025
125.459908
126.699165
127.935791
129.169785
130.401154
131.629898
132.856003
134.079498
135.300354
136.518585
137.734192
138.947159
140.157501
141.365219
142.570312
143.772766
144.972595
146.169815
147.364395
148.556320
149.745651
150.932343
152.116394
153.297852
154.476654
155.652832
156.826385
157.997299
159.165604
160.331268
161.494293
162.654709
163.812500
164.967667
166.120163
167.270065
168.417343
169.561981
170.703995
171.843384
172.980148
174.113541
175.239166
176.356262
177.464859
178.564941
179.656525
180.739563
181.814117
182.880157
183.937668
184.986694
186.027191
187.059189
188.082657
189.097626
190.104095
191.102020
192.091461
193.072388
194.044785
195.008682
195.964066
196.910934
197.849304
198.779160
199.700485
200.613327
201.517624
202.413437
203.300735
204.179504
205.049774
205.911545
206.764786
207.609528
208.445755
209.273453
210.092636
210.903336
211.705521
212.499176
213.284332
214.060959
214.829102
215.588715
216.339828
217.082413
217.816498
218.542084
219.259140
219.967667
220.667725
221.359253
222.042252
222.716751
223.382751
224.040222
224.689194
225.329636
225.961685
226.587418
227.207748
227.822647
228.432129
229.036179
229.634811
230.228012
230.815796
231.398163
231.975082
232.546600
233.112686
233.673340
234.228577
234.778397
235.322784
235.861771
236.395294
236.923431
237.446106
237.963379
238.475235
238.981674
239.482666
239.978241
240.468399
240.953125
241.432434
241.906311
242.374771
242.837814
243.295410
243.747604
244.194366
244.635712
245.071625
245.502121
245.927185
246.346832
246.761032
247.169830
247.573227
247.971161
248.363693
248.750793
249.132477
249.508713
249.879547
250.244965
250.604950
250.959488
251.308640
251.652344
251.990631
252.323502
252.650940
252.972961
253.289551
253.600723
253.870621
254.063416
254.179077
254.217636
