0.997731
0.001135
0.001135
0.001135
0.997731
0.001135
0.001135
0.001135
0.997731
0.000000
0.887613
1.785107
2.692483
3.609742
4.536882
5.473904
6.420807
7.377594
8.344261
9.320810
10.307242
11.303555
12.309752
13.325828
14.346348
15.365870
16.384394
17.401922
18.418451
19.433985
20.448521
21.462057
22.474602
23.486145
24.496691
25.506239
26.514791
27.522345
28.528904
29.534462
30.539024
31.542591
32.545162
33.546734
34.547306
35.546879
36.545464
37.543041
38.539631
39.535213
40.529804
41.523396
42.515991
43.507591
44.498188
45.487789
46.476398
47.464008
48.450619
49.436234
50.420853
51.404469
52.387089
53.368717
54.349342
55.328972
56.307606
57.285244
58.261879
59.237522
60.212166
61.186619
62.161674
63.137341
64.113609
65.090492
66.067986
67.046082
68.024780
69.004089
69.984016
70.964546
71.945671
72.927422
73.909775
74.892731
75.876297
76.860466
77.845253
78.830643
79.816650
80.803246
81.790459
82.778282
83.766716
84.755753
85.745392
86.735649
87.726509
88.717979
89.710052
90.702744
91.696037
92.689934
93.684441
94.679558
95.675278
96.671616
97.668556
98.666100
99.664261
100.663017
101.662392
102.662376
103.662956
104.664154
105.665955
106.668365
107.670090
108.669868
109.667686
110.663544
111.657448
112.649384
113.639374
114.627403
115.613472
116.597580
117.579735
118.559929
119.538162
120.514442
121.488762
122.461121
123.431526
124.399963
125.366455
126.330986
127.293549
128.254166
129.212814
130.169510
131.124252
132.077026
133.027847
133.976700
134.923615
135.868561
136.811554
137.752579
138.691650
139.628769
140.563919
141.497116
142.428345
143.357635
144.284943
145.210297
146.133713
147.055161
147.974640
148.892181
149.807755
150.721359
151.633026
152.543732
153.454498
154.365341
155.276215
156.187180
157.098206
158.009293
158.920441
159.831665
160.742920
161.654266
162.565674
163.477142
164.388657
165.300247
166.211914
167.123627
168.035400
168.947250
169.859161
170.771133
171.683167
172.595261
173.507416
174.419632
175.331924
176.244278
177.156693
178.069183
178.981705
179.894302
180.806976
181.719696
182.632492
183.545349
184.458282
185.371246
186.284286
187.197403
188.110580
189.023804
189.937088
190.850464
191.763885
192.677368
193.590912
194.504547
195.420029
196.339294
197.262299
198.189056
199.119537
200.053772
200.991745
201.933472
202.878937
203.828156
204.781097
205.737808
206.698257
207.662430
208.630356
209.602020
210.577454
211.556610
212.539520
213.526154
214.516541
215.510681
216.508560
217.510178
218.515549
219.524658
220.537521
221.554108
222.574448
223.598526
224.626358
225.657944
226.693253
227.732315
228.775116
229.821671
230.871964
231.925995
232.983765
234.045273
235.110565
236.179565
237.252304
238.328812
239.409058
240.493027
241.580765
242.672226
243.767456
244.866409
245.969116
247.075577
248.185745
0.000000
1.001987
2.004422
3.007304
4.010634
5.014411
6.018636
7.023308
8.028428
9.033995
10.040009
11.046473
12.053383
13.060740
14.068097
15.075012
16.081482
17.087507
18.093086
19.098221
20.102915
21.107161
22.110960
23.114319
24.117231
25.119699
26.121721
27.123302
28.124434
29.125122
30.125366
31.125168
32.124523
33.123436
34.121899
35.119919
36.117496
37.114632
38.111317
39.107563
40.103359
41.098709
42.093616
43.088085
44.082104
45.075676
46.068810
47.061493
48.053738
49.045532
50.036884
51.027794
52.018253
53.008339
53.998444
54.988636
55.978916
56.969280
57.959732
58.950275
59.940903
60.931618
61.922421
62.913311
63.904285
64.895348
65.886505
66.877739
67.869072
68.860481
69.851982
70.843567
71.835243
72.827003
73.818855
74.810791
75.802818
76.794922
77.787117
78.779411
79.771782
80.764244
81.756783
82.749420
83.742142
84.734955
85.727837
86.720825
87.713898
88.707047
89.700294
90.693626
91.687042
92.679871
93.671440
94.661743
95.650795
96.638573
97.625092
98.610352
99.594337
100.577072
101.558533
102.538742
103.517685
104.495369
105.471786
106.446938
107.420837
108.393471
109.364838
110.334938
111.303787
112.271370
113.237686
114.202744
115.166534
116.129066
117.090340
118.050339
119.009079
119.966568
120.922783
121.877747
122.831436
123.783867
124.735039
125.684944
126.633583
127.580963
128.527084
129.471939
130.415741
131.359726
132.304123
133.248917
134.194107
135.139694
136.085663
137.032059
137.978851
138.926025
139.873611
140.821579
141.769974
142.718750
143.667923
144.617493
145.567474
146.517838
147.468613
148.419785
149.371353
150.323303
151.275681
152.228455
153.181610
154.135178
155.089127
156.043488
156.998245
157.953400
158.908966
159.864914
160.821259
161.778015
162.735168
163.692719
164.650665
165.609009
166.567749
167.526901
168.484863
169.440063
170.392487
171.342178
172.289093
173.233246
174.174652
175.113281
176.049164
176.982269
177.912628
178.840210
179.765045
180.687119
181.606415
182.522964
183.436752
184.347778
185.256027
186.161545
187.064285
187.964249
188.861481
189.755936
190.647629
191.536560
192.422745
193.306152
194.186798
195.064697
195.939819
196.812180
197.681793
198.548630
199.412720
200.274048
201.132599
201.988403
202.841446
203.691711
204.539246
205.384003
206.225998
207.065231
207.901703
208.735413
209.566376
210.394562
211.219986
212.042648
212.862549
213.679703
214.494080
215.305725
216.114578
216.920685
217.724014
218.524597
219.322403
220.117462
220.909760
221.699280
222.486069
223.270081
224.051331
224.829819
225.605530
226.378510
227.148712
227.916168
228.680847
229.442764
230.201920
230.958328
231.711960
232.462845
233.210968
233.956314
234.698898
235.438736
236.175827
236.910141
237.641678
238.370483
0.000000
0.984745
2.000088
3.046028
4.122566
5.229700
6.349372
7.463517
8.572136
9.675229
10.772797
11.864837
12.951352
14.032340
15.107803
16.177742
17.242153
18.301037
19.354399
20.402229
21.444538
22.481318
23.512571
24.538301
25.558508
26.573185
27.582336
28.585960
29.584059
30.576633
31.563681
32.545204
33.521515
34.499638
35.482430
36.469887
37.462021
38.458832
39.460308
40.466461
41.477283
42.492779
43.512947
44.537785
45.567299
46.601482
47.640339
48.683865
49.732067
50.784939
51.842484
52.904701
53.971588
55.043156
56.119385
57.200291
58.285870
59.376114
60.471043
61.569016
62.660351
63.743439
64.818268
65.884842
66.943161
67.993225
69.035034
70.068588
71.093887
72.110931
73.119728
74.120262
75.112549
76.096573
77.072334
78.039856
78.999115
79.950119
80.892868
81.827370
82.753609
83.671600
84.581337
85.482803
86.376030
87.260994
88.140572
89.021774
89.904922
90.790009
91.677032
92.566002
93.456917
94.349770
95.244568
96.141304
97.039986
97.940598
98.843163
99.747665
100.654106
101.562492
102.472816
103.385086
104.299294
105.215446
106.133553
107.053589
107.975563
108.899483
109.825340
110.753143
111.682884
112.614212
113.546745
114.480499
115.415466
116.351639
117.289040
118.227646
119.167465
120.108498
121.050751
121.994217
122.938889
123.884789
124.831894
125.780220
126.729759
127.680504
128.632477
129.585648
130.540054
131.495651
132.452469
133.410507
134.369751
135.330231
136.291901
137.254807
138.218903
139.184235
140.150772
141.118530
142.087494
143.057678
144.029053
145.001678
145.975494
146.950531
147.926788
148.904251
149.882935
150.862823
151.843933
152.826248
153.809784
154.794540
155.780518
156.767700
157.756088
158.745712
159.736526
160.728561
161.721817
162.716278
163.711960
164.708862
165.706985
166.706299
167.706833
168.708588
169.711548
170.715729
171.721130
172.727737
173.735565
174.744598
175.754852
176.766327
177.779007
178.792908
179.808029
180.824326
181.841888
182.860626
183.880600
184.901794
185.924179
186.947784
187.972610
188.998672
190.025925
191.054382
192.084076
193.114975
194.147079
195.180405
196.214935
197.250702
198.287659
199.325836
200.365250
201.405853
202.447693
203.490723
204.534973
205.580444
206.627136
207.675034
208.724136
209.774460
210.826004
211.878754
212.932724
213.987915
215.044327
216.101929
217.160751
218.220795
219.282043
220.344528
221.408188
222.473114
223.539215
224.606537
225.675095
226.744843
227.815796
228.887985
229.961411
231.036011
232.111816
233.188889
234.267120
235.346603
236.427277
237.509186
238.592300
239.676620
240.762161
241.848923
242.936890
244.026077
245.116470
246.208099
247.300919
248.394974
249.490219
250.586685
251.684372
252.783279
253.883392
254.984726
255.000000
255.000000
