0.946967
0.026517
0.026517
0.026517
0.946967
0.026517
0.026517
0.026517
0.946967
0.000000
1.291970
2.509223
3.651759
4.719578
5.749734
6.779285
7.808231
8.836570
9.864305
10.891434
11.917956
12.943872
13.969185
14.993889
16.017992
17.041485
18.064373
19.086657
20.108335
21.129404
22.149870
23.169731
24.188986
25.207638
26.225683
27.243116
28.259951
29.276175
30.291796
31.306812
32.321220
33.335026
34.348225
35.360817
36.372803
37.384182
38.394955
39.405128
40.414696
41.423653
42.432007
43.439751
44.446896
45.453430
46.459358
47.464687
48.469406
49.473515
50.477024
51.479931
52.482220
53.483913
54.485001
55.485474
56.485352
57.484619
58.483276
59.481335
60.478783
61.475632
62.471874
63.467499
64.463425
65.460526
66.458801
67.458252
68.458885
69.460686
70.463669
71.467827
72.473167
73.479683
74.487381
75.496246
76.506294
77.517517
78.529922
79.543503
80.558258
81.574188
82.591301
83.609596
84.629059
85.649704
86.671524
87.694519
88.718704
89.744057
90.770584
91.798294
92.827179
93.857246
94.888481
95.920898
96.954491
97.989265
99.025215
100.062340
101.100639
102.140129
103.180786
104.222618
105.265633
106.309830
107.355202
108.401741
109.449463
110.498360
111.548439
112.599693
113.652130
114.705734
115.760521
116.816483
117.873627
118.931946
119.991432
121.052109
122.113968
123.176994
124.239136
125.298317
126.354530
127.407784
128.458084
129.505417
130.549789
131.591202
132.629654
133.665146
134.697678
135.727249
136.753860
137.777512
138.798187
139.815933
140.830688
141.842499
142.851349
143.857224
144.860153
145.860123
146.857132
147.851181
148.842255
149.830383
150.815536
151.797729
152.776978
153.753265
154.726578
155.696930
156.664337
157.628784
158.590256
159.548767
160.504333
161.456924
162.406555
163.353241
164.296951
165.237701
166.175491
167.110321
168.042191
168.971115
169.897064
170.820053
171.740082
172.657135
173.571259
174.482407
175.390594
176.295822
177.198074
178.097382
178.993744
179.887115
180.780884
181.678345
182.579514
183.484421
184.393005
185.305328
186.221344
187.141068
188.064514
188.991653
189.922531
190.857101
191.795380
192.737381
193.683075
194.632492
195.585617
196.542450
197.502991
198.467239
199.435196
200.406891
201.382263
202.361359
203.344162
204.330673
205.320908
206.314835
207.312485
208.313858
209.318909
210.327682
211.340179
212.356384
213.376266
214.399887
215.427216
216.458252
217.492996
218.531479
219.573639
220.619522
221.669098
222.722397
223.779419
224.840134
225.904587
226.972717
228.044571
229.120132
230.199402
231.282394
232.369080
233.459473
234.553589
235.651413
236.752960
237.858200
238.951019
240.015305
241.051086
242.058334
243.037048
243.987228
244.908875
245.802002
246.666595
247.502655
248.310181
249.089188
249.839661
250.561615
251.255020
251.919907
252.556259
253.164078
253.743378
0.000000
0.957024
1.939281
2.946771
3.979494
5.037449
6.120639
7.229061
8.349090
9.467098
10.583086
11.697053
12.808999
13.918925
15.026831
16.132715
17.236580
18.338425
19.438248
20.536051
21.631832
22.725595
23.817339
24.907059
25.994759
27.080441
28.164101
29.245739
30.325359
31.402960
32.478535
33.552094
34.623627
35.693146
36.760639
37.826118
38.889572
39.951004
41.010422
42.067810
43.123188
44.176540
45.227875
46.277180
47.324478
48.369743
49.412998
50.454224
51.493435
52.530624
53.565796
54.598934
55.630066
56.659168
57.686260
58.711323
59.734371
60.755394
61.774403
62.791382
63.806343
64.819283
65.830215
66.839111
67.845993
68.850945
69.855942
70.861801
71.868515
72.876091
73.884521
74.893806
75.903954
76.914955
77.926819
78.939529
79.953110
80.967545
81.982834
82.998985
84.015991
85.033859
86.052574
87.072159
88.092590
89.113892
90.136040
91.159058
92.182915
93.207649
94.233223
95.259674
96.286972
97.315117
98.344131
99.374008
100.404732
101.436333
102.468765
103.502068
104.536232
105.571259
106.607124
107.643852
108.681450
109.719894
110.759201
111.799362
112.840385
113.882263
114.925003
115.968590
117.013046
118.058357
119.104523
120.151543
121.199440
122.248169
123.297768
124.348221
125.399536
126.451714
127.504745
128.558121
129.608795
130.656265
131.700516
132.741577
133.779404
134.814041
135.845459
136.873672
137.898682
138.920471
139.939056
140.954437
141.966599
142.975555
143.981293
144.983841
145.983170
146.979294
147.972214
148.961899
149.948395
150.931686
151.911743
152.888611
153.862274
154.832718
155.799957
156.763977
157.724792
158.682404
159.636810
160.587997
161.535980
162.480759
163.422318
164.360672
165.295807
166.227753
167.156464
168.081985
169.004288
169.923401
170.839294
171.751968
172.661423
173.567688
174.470734
175.370590
176.267227
177.160645
178.050858
178.937866
179.821671
180.702255
181.579620
182.453812
183.324753
184.194611
185.068634
185.947006
186.829742
187.716843
188.608322
189.504150
190.404343
191.308914
192.217834
193.131149
194.048813
194.970825
195.897217
196.827972
197.763092
198.702591
199.646439
200.594635
201.547241
202.504181
203.465500
204.431168
205.401215
206.375626
207.354385
208.337524
209.325043
210.316910
211.313141
212.313736
213.318695
214.328033
215.341721
216.359787
217.382202
218.408997
219.440155
220.475677
221.515564
222.559799
223.608429
224.661407
225.718750
226.780472
227.846542
228.916977
229.991791
231.070969
232.154495
233.242401
234.334671
235.431290
236.532288
237.637665
238.747391
239.861496
240.979935
242.084137
243.155472
244.193924
245.199509
246.172211
247.112030
248.018982
248.893066
249.734268
250.542603
251.318039
252.060623
252.770325
253.447159
254.091110
254.702194
255.000000
0.000000
1.113958
2.238135
3.372529
4.517140
5.671970
6.831227
7.989127
9.145667
10.300849
11.454672
12.607135
13.758239
14.907983
16.056370
17.203396
18.349066
19.493376
20.636324
21.777916
22.918148
24.057018
25.194530
26.330687
27.465483
28.598921
29.730995
30.861713
31.991076
33.119072
34.245716
35.370998
36.494923
37.617481
38.738686
39.858532
40.977024
42.094151
43.209915
44.324326
45.437378
46.549068
47.659397
48.768368
49.875988
50.982243
52.087135
53.190678
54.292854
55.393669
56.493134
57.591228
58.687973
59.783356
60.877377
61.970039
63.061348
64.151291
65.239876
66.327110
67.413780
68.500717
69.587906
70.675362
71.763069
72.851036
73.939262
75.027740
76.116486
77.205482
78.294739
79.384254
80.474022
81.564049
82.654335
83.744881
84.835686
85.926750
87.018066
88.109642
89.201485
90.293564
91.385925
92.478523
93.571396
94.664520
95.757904
96.851547
97.945435
99.039597
100.134003
101.228683
102.323601
103.418793
104.514236
105.609940
106.705902
107.802116
108.898598
109.995331
111.092331
112.189575
113.287079
114.384834
115.482872
116.581146
117.679688
118.778488
119.877533
120.976852
122.076416
123.176247
124.276329
125.376678
126.475143
127.569595
128.660034
129.746460
130.828857
131.907257
132.981628
134.052002
135.118347
136.180695
137.239014
138.293320
139.343628
140.389908
141.432175
142.470428
143.504669
144.534882
145.561096
146.583313
147.601486
148.615646
149.625809
150.631943
151.634064
152.632187
153.626266
154.616364
155.602432
156.584473
157.562531
158.536545
159.506561
160.472565
161.434555
162.392502
163.346466
164.296402
165.242340
166.184250
167.122147
168.056030
168.985901
169.911758
170.833603
171.751434
172.665253
173.575058
174.480835
175.382599
176.280365
177.174118
178.063828
178.949539
179.834625
180.722397
181.612869
182.506042
183.401947
184.300552
185.201859
186.105896
187.012619
187.922058
188.834213
189.749084
190.666641
191.586914
192.509903
193.435593
194.363998
195.295105
196.228928
197.165466
198.104691
199.046631
199.991287
200.938660
201.888733
202.841507
203.796997
204.755203
205.716110
206.679718
207.646042
208.615082
209.586823
210.561279
211.538437
212.518311
213.500885
214.486176
215.474167
216.464874
217.458282
218.454407
219.453247
220.454773
221.459030
222.465988
223.475647
224.488022
225.503113
226.520889
227.541397
228.564606
229.590515
230.619156
231.638687
232.637344
233.615112
234.571976
235.507980
236.423065
237.317307
238.190613
239.043060
239.874619
240.685287
241.475067
242.243958
242.991959
243.719086
244.425323
245.110672
245.775116
246.418686
247.041367
247.643173
248.224075
248.784119
249.323242
249.841492
250.338852
250.815323
251.270905
251.705612
252.119431
252.512344
252.884399
253.235550
253.565811
