0.967378
0.016311
0.016311
0.016311
0.967378
0.016311
0.016311
0.016311
0.967378
0.000000
1.174966
2.317625
3.427977
4.506021
5.551759
6.565189
7.546312
8.495129
9.411638
10.312950
11.216178
12.121321
13.028379
13.937354
14.848242
15.761045
16.675764
17.592396
18.510946
19.431408
20.353786
21.278082
22.204290
23.132414
24.062452
24.994406
25.928276
26.864059
27.801758
28.741373
29.682899
30.626347
31.571707
32.518978
33.468170
34.419270
35.372295
36.327225
37.284073
38.242840
39.203514
40.166111
41.130619
42.097046
43.065384
44.035641
45.007809
45.981895
46.957897
47.935810
48.915642
49.897388
50.881039
51.866615
52.854107
53.843513
54.834835
55.828064
56.823215
57.820282
58.819263
59.820152
60.822964
61.827690
62.834332
63.842571
64.850487
65.857788
66.864449
67.870483
68.875885
69.880669
70.884811
71.888321
72.891197
73.893456
74.895073
75.896072
76.896439
77.896164
78.895264
79.893738
80.891579
81.888794
82.885368
83.881317
84.876640
85.871330
86.865395
87.858826
88.851624
89.843796
90.835327
91.826241
92.816521
93.806160
94.795189
95.783569
96.771332
97.758453
98.744949
99.730820
100.716057
101.700661
102.684639
103.667984
104.650703
105.632782
106.614235
107.595062
108.575256
109.554825
110.533760
111.512062
112.489738
113.466774
114.443192
115.418976
116.394127
117.368652
118.342545
119.315804
120.288422
121.260353
122.231621
123.202209
124.172134
125.141373
126.109940
127.077843
128.045074
129.011627
129.977493
130.942703
131.907242
132.871109
133.834290
134.796799
135.758636
136.719803
137.680298
138.640121
139.599258
140.557739
141.515549
142.472672
143.429123
144.384918
145.340012
146.294464
147.248215
148.201309
149.153717
150.105453
151.056534
152.006927
152.956650
153.905701
154.854080
155.801773
156.748810
157.695175
158.640854
159.585876
160.530197
161.473877
162.416855
163.359177
164.300827
165.241791
166.182098
167.121719
168.060669
168.998947
169.936554
170.873489
171.809753
172.745346
173.680344
174.615341
175.550430
176.485580
177.420807
178.356140
179.291519
180.227005
181.162582
182.098206
183.033936
183.969727
184.905624
185.841583
186.777618
187.713745
188.649948
189.586243
190.522598
191.459045
192.395584
193.332184
194.268875
195.205643
196.142502
197.079437
198.016434
198.953522
199.890701
200.827957
201.765305
202.702713
203.640213
204.577789
205.515442
206.453186
207.391006
208.328903
209.266876
210.204941
211.143082
212.081299
213.019608
213.957993
214.896469
215.835022
216.773621
217.712326
218.651123
219.589996
220.528946
221.467972
222.407089
223.346268
224.285553
225.224884
226.164322
227.104279
228.045227
228.987183
229.930115
230.874039
231.818954
232.764847
233.711731
234.659607
235.608475
236.558319
237.509155
238.460983
239.413803
240.367615
241.322388
242.278183
243.234955
244.192703
245.151443
0.000000
1.269500
2.529780
3.780839
5.022680
6.255300
7.478700
8.692880
9.897840
11.093580
12.280101
13.461523
14.641969
15.821439
16.999935
18.177452
19.353992
20.529558
21.704145
22.877756
24.050392
25.222052
26.392736
27.562443
28.731174
29.898928
31.065704
32.231506
33.396332
34.560184
35.723053
36.884953
38.045872
39.205818
40.364784
41.522774
42.679794
43.835831
44.990894
46.144978
47.298088
48.450222
49.601376
50.751560
51.900764
53.048996
54.196243
55.342522
56.487823
57.632145
58.775494
59.917866
61.059261
62.199680
63.339119
64.477585
65.615074
66.751579
67.887123
69.021683
70.155701
71.289658
72.423515
73.557289
74.690971
75.824585
76.958099
78.091537
79.224884
80.358147
81.491333
82.624428
83.757439
84.890366
86.023201
87.155960
88.288628
89.421219
90.553719
91.686134
92.818474
93.950714
95.082878
96.214958
97.346947
98.478851
99.610664
100.742409
101.874062
103.005630
104.137108
105.268501
106.399818
107.531036
108.662186
109.793236
110.924225
112.055107
113.185913
114.316620
115.447258
116.577805
117.708275
118.838646
119.968941
121.099152
122.229271
123.359314
124.489273
125.618294
126.745560
127.871056
128.994797
130.116745
131.236969
132.355392
133.472061
134.586975
135.700119
136.811493
137.921112
139.028946
140.135025
141.239334
142.341888
143.442673
144.541687
145.638947
146.734436
147.828156
148.920105
150.010300
151.098724
152.185394
153.270279
154.353424
155.434784
156.514374
157.592209
158.668289
159.742584
160.815125
161.885910
162.954910
164.022156
165.087631
166.151337
167.213287
168.273468
169.331879
170.388535
171.443420
172.496552
173.547897
174.597488
175.645294
176.691376
177.735657
178.775558
179.808487
180.834381
181.853287
182.865204
183.870117
184.868027
185.858932
186.842850
187.819763
188.789658
189.752579
190.708481
191.657379
192.599289
193.534210
194.462112
195.383026
196.296936
197.203842
198.103760
198.996658
199.882553
200.761475
201.633377
202.498291
203.356201
204.207108
205.051010
205.887924
206.717834
207.540741
208.356659
209.165558
209.967468
210.762375
211.550278
212.331177
213.105087
213.872009
214.631912
215.384811
216.130737
216.869629
217.601547
218.326447
219.044357
219.755249
220.459167
221.161179
221.866364
222.574722
223.286285
224.001007
224.718918
225.440018
226.164307
226.891769
227.622421
228.356262
229.093262
229.833466
230.576859
231.323410
232.073166
232.826096
233.582199
234.341507
235.103989
235.869659
236.638504
237.410538
238.185745
238.964142
239.745728
240.530502
241.318451
242.109573
242.903900
243.701401
244.502075
245.305939
246.112991
246.923218
247.736633
248.553238
249.373016
250.195984
251.022125
251.851456
252.683975
253.519669
254.358551
255.000000
255.000000
255.000000
255.000000
255.000000
0.000000
1.147010
2.304143
3.471399
4.648777
5.836278
7.033902
8.241649
9.459519
10.681531
11.901700
13.120029
14.336516
15.551166
16.763971
17.974936
19.184061
20.391344
21.596786
22.800390
24.002150
25.202072
26.400150
27.596390
28.790787
29.983341
31.174059
32.362930
33.549969
34.735161
35.918514
37.100029
38.279701
39.457531
40.633522
41.807671
42.979973
44.150444
45.319065
46.485851
47.650795
48.813900
49.975163
51.134583
52.292164
53.447906
54.601803
55.753857
56.904079
58.052456
59.198994
60.343689
61.487114
62.630707
63.774509
64.918533
66.062782
67.207253
68.351936
69.496834
70.641960
71.787300
72.932861
74.078644
75.224640
76.370865
77.517303
78.663956
79.810837
80.957932
82.105240
83.252777
84.400528
85.548500
86.696693
87.845108
88.993744
90.142586
91.291656
92.440948
93.590454
94.740181
95.890129
97.040291
98.190666
99.341278
100.492096
101.643143
102.794395
103.945885
105.097572
106.249504
107.401634
108.553986
109.706566
110.859207
112.011017
113.161835
114.311653
115.460487
116.608330
117.755188
118.901047
120.045914
121.189796
122.332687
123.474586
124.615501
125.755424
126.894348
128.032288
129.169235
130.305191
131.440155
132.574127
133.707123
134.839111
135.970123
137.100143
138.229172
139.357193
140.484238
141.610291
142.735352
143.859436
144.982498
146.104599
147.225693
148.345810
149.464920
150.583054
151.700180
152.816345
153.931503
155.045670
156.158844
157.271027
158.382217
159.492264
160.596893
161.694412
162.784836
163.868149
164.944382
166.013489
167.075500
168.130417
169.178223
170.218918
171.252502
172.279007
173.298401
174.310684
175.315872
176.313950
177.304932
178.288803
179.265579
180.235245
181.197800
182.153275
183.101624
184.042877
184.977036
185.904083
186.824020
187.736862
188.642609
189.541245
190.432770
191.317215
192.194534
193.064758
193.927872
194.783890
195.632797
196.474594
197.309311
198.136902
198.957413
199.770813
200.577103
201.380844
202.186646
202.994476
203.804321
204.616211
205.430145
206.246094
207.064087
207.884109
208.706161
209.530258
210.356384
211.184525
212.014709
212.846939
213.681183
214.517471
215.355804
216.196152
217.038528
217.882950
218.729416
219.577896
220.428421
221.280960
222.135544
222.992172
223.850815
224.711502
225.574234
226.438965
227.305756
228.174576
229.045410
229.918304
230.793228
231.670181
232.549164
233.430176
234.313217
235.198303
236.085419
236.974579
237.865753
238.758972
239.654205
240.551483
241.450806
242.352158
243.255524
244.160950
245.068390
245.977875
246.889374
247.802933
248.718506
249.636124
250.555756
251.477432
252.401154
253.326904
254.254684
255.000000
255.000000
255.000000
255.000000
255.000000
255.000000
255.000000
255.000000
255.000000
255.000000
255.000000
255.000000
