0.970676
0.014662
0.014662
0.014662
0.970676
0.014662
0.014662
0.014662
0.970676
0.000000
1.251307
2.492470
3.723488
4.944362
6.155089
7.355672
8.546111
9.726404
10.896554
12.056558
13.206415
14.346130
15.475699
16.595125
17.704403
18.803537
19.892529
20.971373
22.040075
23.098629
24.147039
25.185305
26.213425
27.231400
28.239233
29.240799
30.239994
31.236814
32.231262
33.223335
34.213028
35.200352
36.185299
37.167873
38.148067
39.125893
40.101341
41.074413
42.045113
43.013439
43.979385
44.942963
45.904160
46.862984
47.819439
48.773514
49.725212
50.674538
51.621490
52.566067
53.508270
54.448097
55.385548
56.320625
57.253330
58.183655
59.111603
60.037182
60.960388
61.881214
62.799671
63.715748
64.629456
65.540787
66.449738
67.356316
68.260529
69.162354
70.061813
70.958893
71.853600
72.745926
73.635887
74.523460
75.408669
76.291512
77.171959
78.050049
78.925758
79.799088
80.670044
81.538635
82.406532
83.277870
84.152824
85.031403
85.913620
86.799446
87.688904
88.581985
89.478691
90.379028
91.282990
92.190559
93.101768
94.016609
94.935066
95.857140
96.782845
97.712173
98.645134
99.581711
100.521919
101.465744
102.413200
103.364281
104.318985
105.277321
106.239265
107.204849
108.174049
109.146881
110.123337
111.103409
112.087112
113.074440
114.065392
115.059967
116.058174
117.059998
118.065445
119.074532
120.087219
121.103554
122.123505
123.147072
124.174278
125.205109
126.239555
127.277626
128.319321
129.364655
130.413589
131.466171
132.522369
133.582199
134.645660
135.712708
136.783417
137.857025
138.929337
139.999634
141.067902
142.134155
143.198395
144.260635
145.320847
146.379044
147.435242
148.489395
149.541550
150.591675
151.639801
152.685898
153.729996
154.772064
155.812134
156.850174
157.886200
158.920212
159.952209
160.982178
162.010147
163.036087
164.060028
165.081940
166.101837
167.119736
168.135590
169.149460
170.161301
171.171112
172.178925
173.184723
174.188492
175.190247
176.190002
177.187729
178.183441
179.177155
180.168823
181.158508
182.146149
183.131775
184.115417
185.097000
186.076614
187.054169
188.029739
189.003281
189.974808
190.944321
191.911819
192.877289
193.840759
194.802200
195.761749
196.722366
197.685196
198.650269
199.617584
200.587112
201.558899
202.532883
203.509125
204.487610
205.468323
206.451248
207.436432
208.423828
209.413483
210.405350
211.399475
212.395798
213.394394
214.395203
215.398239
216.403503
217.411026
218.420761
219.432739
220.446945
221.463394
222.482071
223.502991
224.526138
225.551514
226.579117
227.608978
228.641052
229.675369
230.711914
231.750687
232.791718
233.834961
234.880447
235.928162
236.978104
238.030289
239.084686
240.141342
241.200241
242.261353
243.324692
244.390289
245.458099
246.528137
247.600433
248.674957
249.751694
250.830688
251.911911
252.995361
254.081039
254.774796
0.000000
0.000000
0.000000
0.000000
0.000000
0.000000
0.000000
0.000000
1.550723
3.523536
5.434170
7.282632
9.068920
10.793032
12.454969
14.054729
15.592319
17.067734
18.480970
19.832037
21.120920
22.347635
23.512173
24.614536
25.654726
26.632740
27.580853
28.531351
29.484228
30.439484
31.397125
32.357140
33.319542
34.284321
35.251484
36.221024
37.192944
38.167244
39.143929
40.122993
41.104439
42.088261
43.074467
44.063049
45.054016
46.047359
47.043087
48.041195
49.041683
50.044552
51.049801
52.057426
53.067440
54.079830
55.094597
56.111748
57.131279
58.153194
59.177486
60.204159
61.233212
62.264645
63.298458
64.334648
65.373238
66.414192
67.457527
68.503242
69.551346
70.601822
71.654678
72.709923
73.765930
74.821091
75.875404
76.928879
77.981499
79.033279
80.084213
81.134300
82.183540
83.231941
84.279495
85.326202
86.372055
87.417076
88.461243
89.504570
90.547043
91.588676
92.629471
93.669403
94.708504
95.746750
96.784157
97.820717
98.856430
99.891304
100.925323
101.958504
102.990829
104.022324
105.052963
106.082756
107.111710
108.139809
109.167068
110.193481
111.219055
112.243774
113.267654
114.290680
115.312866
116.334206
117.354698
118.374352
119.393150
120.411110
121.428596
122.446014
123.463356
124.480614
125.497795
126.514900
127.531937
128.548874
129.565750
130.582550
131.599243
132.615891
133.632446
134.648926
135.665314
136.681641
137.697891
138.714050
139.730148
140.746155
141.762085
142.777939
143.793701
144.809402
145.825012
146.840561
147.856018
148.871399
149.886719
150.901947
151.917099
152.932159
153.947144
154.962051
155.976883
156.991653
158.006332
159.020935
160.035446
161.049896
162.064255
163.078552
164.092773
165.106888
166.120941
167.134918
168.148315
169.160706
170.172043
171.182327
172.191605
173.199829
174.207001
175.213165
176.218262
177.222336
178.225357
179.227356
180.228317
181.228241
182.227112
183.224945
184.221756
185.217514
186.212250
187.205933
188.198578
189.190186
190.180771
191.170288
192.158783
193.146255
194.132675
195.118057
196.102402
197.085693
198.067963
199.049194
200.029388
201.008530
201.986649
202.963730
203.939758
204.914749
205.888718
206.861633
207.833527
208.804352
209.774170
210.742935
211.710678
212.677368
213.642548
214.605698
215.566864
216.526016
217.483154
218.438278
219.391403
220.342514
221.291611
222.238724
223.183807
224.126892
225.067963
226.007019
226.944077
227.879135
228.812180
229.743210
230.672241
231.599258
232.524277
233.447281
234.368271
235.287262
236.204254
237.119217
238.032181
238.943146
239.852097
240.759033
241.663956
242.566879
243.467804
244.366714
245.263611
246.158508
247.051407
247.942276
248.831146
249.718002
250.602875
251.485703
252.366562
253.245377
254.122223
254.997025
0.000000
1.312789
2.611928
3.897418
5.169257
6.427447
7.671987
8.902877
10.120116
11.323707
12.513646
13.689936
14.852576
16.001566
17.136908
18.258598
19.366640
20.461029
21.541769
22.608860
23.662302
24.702091
25.728231
26.748093
27.769054
28.791113
29.814266
30.838516
31.863865
32.890308
33.917854
34.946487
35.976227
37.007057
38.038982
39.072010
40.106129
41.141350
42.177666
43.215076
44.253586
45.293190
46.333893
47.375694
48.418591
49.462585
50.507671
51.553856
52.601139
53.649517
54.698997
55.749569
56.801235
57.854004
58.907867
59.962826
61.018883
62.076038
63.134289
64.193634
65.254082
66.315620
67.378258
68.441986
69.506828
70.572746
71.639778
72.707901
73.777115
74.847427
75.918831
76.991348
78.064957
79.139656
80.215454
81.292343
82.370338
83.449417
84.529610
85.610893
86.692871
87.774567
88.855934
89.936981
91.017685
92.098068
93.178123
94.257851
95.337250
96.416321
97.495064
98.573471
99.651566
100.729324
101.806755
102.883858
103.960632
105.037079
106.113197
107.188988
108.264450
109.339592
110.414391
111.488876
112.563026
113.636848
114.710342
115.783508
116.856346
117.928864
119.001045
120.072899
121.144432
122.215622
123.286499
124.357040
125.427254
126.497139
127.566696
128.635925
129.704819
130.773422
131.841660
132.909576
133.977158
135.044434
136.111374
137.177979
138.244263
139.310211
140.375839
141.441116
142.506088
143.570740
144.635040
145.699020
146.762680
147.825592
148.885452
149.941833
150.994751
152.044189
153.090149
154.132629
155.171661
156.207214
157.239288
158.267899
159.293015
160.314667
161.332870
162.347580
163.358826
164.366592
165.370895
166.371719
167.369064
168.362946
169.353363
170.340302
171.323761
172.303741
173.280258
174.253311
175.222885
176.188995
177.151611
178.110779
179.066452
180.018677
180.967422
181.912689
182.854492
183.792816
184.727661
185.659042
186.586945
187.511383
188.432343
189.349823
190.263840
191.174393
192.081451
192.985062
193.885193
194.781845
195.675034
196.564743
197.450974
198.333740
199.213028
200.088867
200.961212
201.830093
202.695587
203.559891
204.423874
205.287537
206.150894
207.013947
207.876663
208.739075
209.601181
210.462952
211.324417
212.185547
213.046387
213.906906
214.767105
215.626999
216.486572
217.345825
218.204773
219.063385
219.921692
220.779694
221.637360
222.494736
223.351791
224.208527
225.064926
225.921036
226.776825
227.632309
228.487457
229.342300
230.196838
231.051041
231.904938
232.758514
233.611786
234.464737
235.317368
236.169678
237.021683
237.873383
238.724747
239.575806
240.426544
241.276978
242.127090
242.976898
243.826385
244.675537
245.524384
246.372925
247.221146
248.069046
248.916641
249.763916
250.610870
251.457520
252.198196
252.727249
253.044693
253.150497
