0.944806
0.027597
0.027597
0.027597
0.944806
0.027597
0.027597
0.027597
0.944806
0.000000
1.274173
2.544667
3.811484
5.074623
6.334084
7.589866
8.841970
10.090399
11.335147
12.576219
13.813611
15.047325
16.277361
17.503723
18.726402
19.945408
21.160732
22.372379
23.580347
24.784639
25.985252
27.182190
28.375444
29.565023
30.750925
31.933147
33.111694
34.282814
35.442745
36.591499
37.729073
38.855461
39.970673
41.074699
42.167542
43.249207
44.319691
45.378990
46.427109
47.464050
48.489811
49.504383
50.507778
51.499989
52.481022
53.450874
54.409538
55.357029
56.293335
57.218464
58.132404
59.035164
59.926743
60.807140
61.676361
62.534397
63.381248
64.216919
65.041412
65.856934
66.676750
67.503067
68.335884
69.175209
70.021049
70.873383
71.732216
72.597557
73.469406
74.347755
75.232613
76.123970
77.021835
77.926201
78.837067
79.754448
80.678322
81.608704
82.545593
83.488983
84.438889
85.395279
86.358185
87.327591
88.303505
89.285919
90.274841
91.270264
92.272186
93.280624
94.295555
95.316994
96.338036
97.351761
98.358177
99.357292
100.349091
101.333572
102.310745
103.280617
104.243172
105.198418
106.146355
107.086975
108.020302
108.946304
109.865005
110.776382
111.680458
112.577225
113.466682
114.348831
115.223663
116.091187
116.951408
117.804314
118.649910
119.488190
120.319168
121.142838
121.959190
122.768234
123.569969
124.364395
125.153282
125.947319
126.748276
127.556145
128.370941
129.192657
130.021301
130.856842
131.699326
132.548721
133.405029
134.268280
135.138428
136.015488
136.899490
137.790405
138.688248
139.592987
140.504669
141.423264
142.348785
143.281204
144.220566
145.166840
146.120041
147.080154
148.047180
149.021133
150.001999
150.989792
151.984512
152.986145
153.994705
155.006287
156.016983
157.026794
158.035721
159.043777
160.050949
161.057251
162.062653
163.067184
164.070831
165.073593
166.075500
167.076508
168.076645
169.075897
170.074249
171.071747
172.068359
173.064087
174.058945
175.052917
176.045990
177.038208
178.029541
179.019989
180.009567
180.998245
181.986053
182.972977
183.959045
184.944214
185.928497
186.911896
187.894424
188.876068
189.856842
190.836731
191.815750
192.793854
193.771118
194.747482
195.722961
196.697571
197.671295
198.644150
199.616104
200.587189
201.557388
202.526733
203.495163
204.462723
205.429413
206.395233
207.360153
208.324188
209.287354
210.249634
211.211044
212.171570
213.131210
214.089966
215.047852
216.004868
216.960983
217.916245
218.870590
219.824066
220.776688
221.728409
222.679245
223.629196
224.578278
225.526489
226.473801
227.420258
228.365799
229.310486
230.254303
231.197205
232.139252
233.080399
234.020691
234.960083
235.898605
236.836243
237.772995
238.708893
239.643890
240.578018
241.511246
242.443604
243.375092
244.305679
245.235413
246.164230
247.092194
248.019287
248.945465
0.000001
1.357804
2.704974
4.041510
5.367413
6.682682
7.987317
9.281319
10.564687
11.837421
13.099523
14.350991
15.591824
16.822023
18.041592
19.250523
20.448828
21.636492
22.813524
23.979925
25.135689
26.280823
27.415316
28.539183
29.652416
30.755011
31.846977
32.928303
33.999001
35.059067
36.108494
37.149693
38.185043
39.214558
40.238228
41.256062
42.268055
43.274204
44.274517
45.268993
46.257622
47.240417
48.217369
49.188480
50.153751
51.113186
52.066776
53.014526
53.956444
54.892517
55.822742
56.747135
57.665691
58.578400
59.485268
60.386303
61.281494
62.170841
63.054356
63.932026
64.803856
65.669846
66.530327
67.392441
68.259109
69.130348
70.006149
70.886520
71.771446
72.660942
73.554993
74.453613
75.356796
76.264534
77.176842
78.093712
79.015152
79.941147
80.871696
81.806824
82.746513
83.690758
84.639572
85.592949
86.550880
87.513382
88.480446
89.452072
90.428261
91.409019
92.394333
93.384216
94.378654
95.377655
96.380363
97.381584
98.380470
99.376999
100.371193
101.363052
102.352554
103.339722
104.324532
105.307007
106.287148
107.264931
108.240379
109.213470
110.184227
111.152649
112.118713
113.082443
114.043831
115.002869
115.959557
116.913902
117.865921
118.815582
119.762901
120.707878
121.650513
122.590797
123.528748
124.464348
125.397614
126.328522
127.258018
128.188385
129.119736
130.052032
130.985291
131.919525
132.854736
133.790909
134.728043
135.666153
136.605240
137.545273
138.486282
139.428253
140.371201
141.315109
142.260010
143.205856
144.152664
145.100449
146.049194
146.998917
147.949585
148.901245
149.853867
150.807465
151.762009
152.717529
153.674026
154.631485
155.589905
156.549301
157.508881
158.467804
159.426102
160.383759
161.340775
162.297165
163.252914
164.208054
165.162552
166.116394
167.069611
168.022217
168.974167
169.925476
170.876175
171.826233
172.775650
173.724442
174.672577
175.620117
176.567001
177.513245
178.458862
179.403854
180.348206
181.291916
182.235001
183.177460
184.119278
185.060455
186.001007
186.940903
187.880188
188.818848
189.756866
190.694244
191.630981
192.567108
193.502579
194.437424
195.371628
196.305222
197.238159
198.170456
199.102142
200.033188
200.963593
201.893372
202.822510
203.751022
204.678894
205.606125
206.532730
207.458710
208.384048
209.308762
210.232834
211.156265
212.079071
213.001251
213.922775
214.843674
215.763962
216.683578
217.602585
218.520966
219.438690
220.355804
221.272263
222.188095
223.103302
224.017868
224.931808
225.845108
226.757751
227.669800
228.581207
229.491959
230.402100
231.311584
232.220428
233.128677
234.036285
234.943237
235.849564
236.755264
237.660309
238.564743
239.468536
240.371704
241.274231
242.176117
243.077362
243.977997
244.877975
245.777344
246.676071
247.574158
0.000000
1.369058
2.731942
4.088652
5.439189
6.783553
8.121743
9.453759
10.779602
12.099271
13.412767
14.720089
16.021236
17.316210
18.605013
19.887638
21.164097
22.434376
23.698483
24.956417
26.208176
27.453760
28.693176
29.926414
31.153479
32.374371
33.589088
34.794216
35.986328
37.165440
38.331539
39.484623
40.624702
41.751774
42.865833
43.966881
45.054920
46.129951
47.191971
48.240982
49.276985
50.299976
51.309959
52.306931
53.290894
54.261848
55.219788
56.164726
57.096649
58.015564
58.921467
59.814362
60.694248
61.561123
62.414989
63.255844
64.089287
64.928955
65.775490
66.628876
67.489128
68.356232
69.230202
70.111023
70.998711
71.893257
72.794655
73.702919
74.618042
75.540024
76.468857
77.404549
78.347115
79.296532
80.252800
81.215927
82.185928
83.162781
84.146484
85.137054
86.134483
87.138771
88.149910
89.167915
90.192780
91.222961
92.249138
93.269783
94.284882
95.294441
96.298454
97.296936
98.289871
99.277275
100.259125
101.235443
102.206215
103.171455
104.131149
105.085297
106.033913
106.976982
107.914513
108.846512
109.772964
110.693863
111.609238
112.519066
113.423363
114.322105
115.215309
116.102974
116.985107
117.861694
118.733131
119.607971
120.489700
121.378342
122.273865
123.176300
124.085640
125.001877
125.925018
126.855057
127.791992
128.735809
129.686554
130.644196
131.608734
132.580170
133.558502
134.543747
135.535889
136.534912
137.540848
138.553696
139.573425
140.600067
141.633621
142.674042
143.721390
144.775620
145.836761
146.904800
147.974258
149.039658
150.101013
151.158340
152.211594
153.260788
154.305954
155.347046
156.384109
157.417099
158.446060
159.470947
160.491791
161.508591
162.521317
163.530014
164.534653
165.535248
166.531784
167.524261
168.512695
169.497086
170.477402
171.453674
172.425903
173.394073
174.358200
175.318283
176.274292
177.226257
178.174179
179.118042
180.057846
180.993622
181.925323
182.852982
183.776596
184.696136
185.611649
186.523102
187.430511
188.333847
189.233139
190.128387
191.019577
191.906723
192.789810
193.668854
194.543839
195.414795
196.281662
197.144501
198.003281
198.858017
199.708694
200.555313
201.397888
202.236420
203.070892
203.901321
204.727676
205.550003
206.368271
207.182480
207.992645
208.798752
209.600815
210.398819
211.192780
211.982697
212.768539
213.550339
214.328079
215.101776
215.871429
216.637024
217.398575
218.156067
218.909500
219.658890
220.404221
221.145523
221.882751
222.615936
223.345062
224.070145
224.791183
225.508148
226.221069
226.929947
227.634781
228.335541
229.032257
229.724930
230.413544
231.098099
231.778625
232.455078
233.127487
233.795853
234.460159
235.120407
235.776611
236.428757
237.076859
237.720917
238.360901
238.996857
239.628738
240.256592
240.880386
241.500122
