0.941222
0.029389
0.029389
0.029389
0.941222
0.029389
0.029389
0.029389
0.941222
0.000000
1.185270
2.365039
3.539307
4.708074
5.871340
7.029105
8.181369
9.328132
10.469394
11.605155
12.735415
13.860174
14.979432
16.093189
17.201445
18.304201
19.401453
20.493206
21.579460
22.660212
23.735460
24.805210
25.869457
26.928204
27.981447
29.029196
30.071440
31.108183
32.139423
33.165165
34.185406
35.200146
36.209385
37.213120
38.211357
39.204094
40.191326
41.173054
42.149288
43.120018
44.085255
45.044979
45.999207
46.947937
47.891159
48.828884
49.761108
50.690903
51.621342
52.552433
53.484165
54.416546
55.349567
56.283237
57.217548
58.152512
59.088120
60.024372
60.961269
61.898811
62.837002
63.775829
64.715317
65.655441
66.596207
67.537621
68.479683
69.422394
70.365746
71.309746
72.254387
73.199677
74.145615
75.092194
76.039421
76.987289
77.935806
78.884972
79.834778
80.785233
81.736336
82.688080
83.640465
84.593506
85.547180
86.501511
87.456490
88.412308
89.369453
90.327950
91.287788
92.248985
93.211533
94.175423
95.140671
96.107262
97.075211
98.044502
99.015144
99.987144
100.960487
101.935181
102.911224
103.888611
104.867363
105.847458
106.828896
107.811691
108.795837
109.781334
110.768173
111.756371
112.745918
113.736809
114.729050
115.722649
116.717590
117.713882
118.711525
119.710526
120.710869
121.712563
122.715599
123.720001
124.725739
125.732834
126.741280
127.750465
128.756821
129.759705
130.759140
131.755142
132.747681
133.736771
134.722427
135.704605
136.683350
137.658630
138.630478
139.598877
140.563812
141.525284
142.483322
143.437927
144.389053
145.336746
146.280975
147.221756
148.159103
149.092987
150.023407
150.950394
151.873932
152.794006
153.710648
154.623825
155.533554
156.439819
157.342651
158.242035
159.137970
160.030457
160.919479
161.805038
162.687180
163.565857
164.441086
165.313309
166.192291
167.082031
167.982544
168.893814
169.815842
170.748627
171.692169
172.646484
173.611557
174.587387
175.573990
176.571335
177.579453
178.598343
179.627975
180.668381
181.719528
182.781448
183.854141
184.937576
186.031784
187.136749
188.252472
189.378967
190.516220
191.664230
192.822998
193.992538
195.172836
196.363892
197.565704
198.778275
200.001617
201.235718
202.480576
203.736191
205.002594
206.279709
207.567627
208.866302
210.156464
211.418900
212.653580
213.860519
215.039703
216.191147
217.314850
218.410812
219.479019
220.519485
221.532181
222.517166
223.474396
224.403870
225.305618
226.179596
227.025833
227.844330
228.635086
229.398102
230.133362
230.840866
231.520630
232.172668
232.796936
233.393478
233.962265
234.503311
235.016602
235.502151
235.959946
236.390015
236.792313
237.166885
237.513702
237.832779
238.124115
238.387695
238.623535
238.831619
239.011978
239.164581
239.289444
239.386551
239.455917
239.497528
239.511414
0.000000
1.156479
2.307435
3.452869
4.592782
5.727172
6.856040
7.979387
9.097212
10.209513
11.316293
12.417550
13.513288
14.603500
15.688191
16.767363
17.841009
18.909136
19.971739
21.028820
22.080379
23.126417
24.166933
25.201927
26.231398
27.255344
28.273771
29.286678
30.294060
31.295923
32.292259
33.283073
34.268375
35.248146
36.222401
37.191124
38.154331
39.112015
40.064178
41.010818
41.951939
42.887531
43.817608
44.742157
45.661190
46.574696
47.482685
48.385143
49.282089
50.173512
51.059406
51.944183
52.832245
53.723591
54.618221
55.516136
56.417336
57.321815
58.229584
59.140633
60.054970
60.972588
61.893494
62.817677
63.745148
64.675903
65.609940
66.547264
67.487877
68.431763
69.378937
70.329391
71.283142
72.240166
73.200470
74.164070
75.130951
76.101112
77.074562
78.051292
79.031303
80.014603
81.001190
81.991058
82.984200
83.980637
84.980354
85.983360
86.989647
87.999222
89.012077
90.028214
91.046181
92.062386
93.076698
94.089088
95.099579
96.108154
97.114822
98.119583
99.122421
100.123367
101.122391
102.119514
103.114716
104.108025
105.099411
106.088890
107.076462
108.062119
109.045876
110.027718
111.007645
111.985664
112.961784
113.935982
114.908279
115.878654
116.847137
117.813698
118.778358
119.741104
120.701935
121.660858
122.617874
123.572990
124.526192
125.477478
126.426849
127.374321
128.319870
129.263535
130.205276
131.145691
132.088303
133.033691
133.981873
134.932831
135.886566
136.843079
137.802368
138.764450
139.729294
140.696930
141.667358
142.640564
143.616531
144.595291
145.576843
146.561157
147.548279
148.538147
149.530807
150.526260
151.524490
152.525482
153.529266
154.535858
155.545197
156.557327
157.572235
158.589935
159.610413
160.633667
161.659683
162.688492
163.720093
164.754471
165.791641
166.831573
167.874298
168.919785
169.968079
171.019119
172.072830
173.126175
174.177917
175.228058
176.276581
177.323532
178.368866
179.412628
180.454773
181.495331
182.534271
183.571625
184.607376
185.641541
186.674103
187.705063
188.734421
189.762177
190.788345
191.812912
192.835876
193.857254
194.877014
195.895187
196.911758
197.926743
198.940125
199.951904
200.962067
201.970657
202.977646
203.983032
204.986816
205.988998
206.989578
207.988571
208.985962
209.981766
210.975952
211.968552
212.959549
213.948944
214.925186
215.876724
216.803543
217.705627
218.583008
219.435684
220.263626
221.066879
221.845398
222.599197
223.328308
224.032684
224.712341
225.367294
225.997528
226.603043
227.183853
227.739929
228.271301
228.777969
229.259903
229.717133
230.149658
230.557449
230.940521
231.298889
231.632553
231.941483
232.225708
232.485214
232.720016
232.930084
233.115448
233.276093
233.412033
233.523254
233.609741
233.671539
233.708618
233.720978
0.000000
1.281817
2.554983
3.819497
5.075360
6.322571
7.561130
8.791038
10.012293
11.224896
12.428848
13.624148
14.810797
15.988793
17.158138
18.318832
19.470873
20.614262
21.748999
22.875084
23.992521
25.101301
26.201433
27.292913
28.375738
29.449913
30.515436
31.572308
32.620533
33.660095
34.691013
35.713276
36.726891
37.731853
38.728165
39.715820
40.694824
41.665180
42.626881
43.579933
44.524326
45.460075
46.387169
47.305614
48.215408
49.123611
50.037315
50.956512
51.881199
52.811378
53.747051
54.688217
55.634872
56.587025
57.544662
58.507797
59.476421
60.450542
61.430153
62.415257
63.405853
64.401939
65.403519
66.410583
67.423157
68.441216
69.464760
70.493797
71.528328
72.568352
73.613876
74.664886
75.721382
76.783379
77.850861
78.923843
80.002312
81.086281
82.175728
83.270676
84.371117
85.477051
86.588478
87.705391
88.826401
89.943169
91.054283
92.159767
93.259613
94.353806
95.442360
96.525269
97.602547
98.674171
99.740150
100.800491
101.855194
102.904243
103.947662
104.985435
106.017563
107.044060
108.064896
109.080101
110.089661
111.093575
112.091858
113.084488
114.071472
115.052826
116.028526
116.998596
117.963013
118.921791
119.874931
120.822418
121.764275
122.700485
123.631050
124.555977
125.475258
126.388893
127.296890
128.199249
129.099518
130.001282
130.904541
131.809280
132.715515
133.623230
134.532440
135.443146
136.355316
137.268982
138.184143
139.100800
140.018936
140.938553
141.859680
142.782257
143.706360
144.631927
145.559006
146.487549
147.417587
148.349121
149.282135
150.216644
151.152634
152.090118
153.029099
153.969543
154.911499
155.854935
156.799866
157.746277
158.694168
159.643555
160.594437
161.546799
162.500656
163.455994
164.412827
165.371262
166.332138
167.295547
168.261505
169.230026
170.201096
171.174698
172.150879
173.129578
174.110840
175.094650
176.081009
177.069916
178.061386
179.055389
180.051956
181.051056
182.052719
183.056931
184.063675
185.072998
186.084839
187.099243
188.116196
189.135696
190.157761
191.182358
192.209503
193.239212
194.271454
195.306274
196.343613
197.383514
198.425964
199.470947
200.518494
201.568588
202.621246
203.676422
204.734192
205.783203
206.812241
207.821304
208.810394
209.779495
210.728622
211.657745
212.566910
213.456085
214.325287
215.174484
216.003723
216.812973
217.602249
218.371536
219.120834
219.850174
220.559509
221.248871
221.918243
222.567642
223.197067
223.806503
224.395950
224.965424
225.514923
226.044434
226.553970
227.043503
227.513062
227.962662
228.392258
228.801880
229.191513
229.561172
229.910843
230.240540
230.550262
230.839981
231.109741
231.359512
231.589310
231.799103
231.988922
232.158768
232.308640
232.438507
232.548401
232.638321
232.708267
232.758209
232.788193
232.798187
