0.979623
0.010189
0.010189
0.010189
0.979623
0.010189
0.010189
0.010189
0.979623
0.000000
0.851853
1.722224
2.611114
3.518522
4.444449
5.388894
6.351858
7.333340
8.333341
9.351859
10.388895
11.444451
12.518524
13.611116
14.722227
15.841356
16.958010
18.072182
19.183876
20.293093
21.399830
22.504089
23.605869
24.705172
25.801994
26.896338
27.988203
29.077591
30.164499
31.248928
32.330875
33.410355
34.487343
35.561863
36.633900
37.703453
38.770535
39.835133
40.897259
41.956902
43.014065
44.068752
45.120956
46.170685
47.217934
48.262707
49.305000
50.344818
51.382149
52.417007
53.449387
54.479286
55.506706
56.531654
57.554115
58.574097
59.591606
60.606632
61.619186
62.629253
63.636845
64.641960
65.644592
66.644745
67.642426
68.637627
69.630348
70.620575
71.608345
72.593628
73.576439
74.556763
75.534676
76.511497
77.487785
78.463531
79.438736
80.413406
81.387527
82.361122
83.334167
84.306679
85.278648
86.250076
87.220970
88.191322
89.161133
90.130409
91.099144
92.067345
93.034996
94.002106
94.968681
95.934731
96.900230
97.865189
98.829605
99.793480
100.756821
101.719627
102.681892
103.643616
104.604797
105.565445
106.525551
107.485115
108.444145
109.402634
110.360580
111.317993
112.274857
113.231186
114.186974
115.142227
116.096939
117.051117
118.004753
118.957848
119.910393
120.862411
121.813896
122.764832
123.715218
124.665077
125.614403
126.563187
127.511429
128.459137
129.406281
130.352921
131.299179
132.246231
133.194260
134.143280
135.093262
136.044205
136.996124
137.949051
138.902908
139.857773
140.813599
141.770401
142.728180
143.686935
144.646652
145.607346
146.569031
147.531677
148.495300
149.459900
150.425476
151.392029
152.359543
153.328033
154.297516
155.267960
156.239380
157.211761
158.185135
159.159470
160.134796
161.111084
162.088364
163.066589
164.045807
165.026001
166.007172
166.989304
167.972412
168.956512
169.941559
170.927597
171.914612
172.902588
173.891556
174.881485
175.872406
176.864273
177.857147
178.850983
179.845779
180.841568
181.838318
182.836044
183.834747
184.834427
185.835083
186.836700
187.839035
188.841293
189.843491
190.845612
191.847656
192.849655
193.851547
194.853394
195.855148
196.856842
197.858475
198.860001
199.861481
200.862869
201.864212
202.865479
203.866653
204.867767
205.868805
206.869781
207.870667
208.871490
209.872238
210.872925
211.873535
212.874069
213.874512
214.874908
215.875229
216.875473
217.875641
218.875748
219.875778
220.875732
221.875610
222.875427
223.875168
224.874832
225.874420
226.873947
227.873398
228.872787
229.872086
230.871307
231.870468
232.869568
233.868576
234.867523
235.866379
236.865204
237.863922
238.862564
239.861160
240.859665
241.858109
242.856461
243.854752
244.852982
245.842041
246.812714
247.765060
248.699081
249.614777
250.512131
251.391144
252.251846
253.094208
0.000000
0.000000
0.000000
0.774639
2.021261
3.258238
4.485572
5.703262
6.911308
8.109709
9.298468
10.477583
11.647054
12.806878
13.957064
15.097601
16.228495
17.349747
18.461353
19.563316
20.655634
21.738310
22.811340
23.874729
24.928471
25.972572
27.007025
28.036417
29.065348
30.093803
31.121794
32.149311
33.176361
34.202942
35.229050
36.254688
37.279858
38.304558
39.328785
40.352547
41.375835
42.398659
43.421005
44.442883
45.464294
46.485233
47.505703
48.525707
49.545238
50.564297
51.582886
52.601009
53.618660
54.635841
55.652550
56.668793
57.684563
58.699867
59.714691
60.729061
61.742950
62.756371
63.769318
64.781807
65.793816
66.805367
67.816437
68.827042
69.837166
70.846832
71.856026
72.864754
73.873009
74.880791
75.888100
76.894943
77.901321
78.907219
79.912651
80.917618
81.922112
82.926140
83.929741
84.933052
85.936050
86.938766
87.941185
88.943298
89.945129
90.946655
91.947884
92.948822
93.949455
94.949806
95.949852
96.949608
97.949066
98.948235
99.947098
100.945671
101.943947
102.941925
103.939606
104.937004
105.934090
106.930885
107.927383
108.923592
109.919510
110.915123
111.910439
112.905464
113.900192
114.894623
115.888763
116.882591
117.876152
118.869392
119.862350
120.855011
121.847366
122.839439
123.831207
124.822678
125.813866
126.804741
127.795334
128.785629
129.775620
130.765320
131.754730
132.743835
133.732651
134.721161
135.709381
136.697311
137.684937
138.672363
139.660110
140.648285
141.636856
142.625854
143.615234
144.605072
145.595291
146.585938
147.576996
148.568466
149.560349
150.552658
151.545380
152.538498
153.532059
154.526001
155.520370
156.515152
157.510345
158.505966
159.501984
160.498428
161.495285
162.492554
163.490219
164.488312
165.486816
166.485748
167.485077
168.484833
169.484985
170.485580
171.486557
172.487961
173.489777
174.492020
175.494644
176.497711
177.501190
178.505066
179.509369
180.514084
181.519211
182.524750
183.530701
184.537064
185.543854
186.551056
187.558670
188.566696
189.575119
190.583969
191.593246
192.602921
193.612991
194.622543
195.631256
196.639114
197.646118
198.652283
199.657578
200.662048
201.665649
202.668411
203.670334
204.671387
205.671600
206.670959
207.669464
208.667130
209.663956
210.659912
211.655014
212.649277
213.642685
214.635254
215.626968
216.617828
217.607849
218.597015
219.585327
220.572784
221.559387
222.545166
223.530075
224.514145
225.497345
226.479721
227.461243
228.441910
229.421722
230.400681
231.378799
232.356064
233.332474
234.308044
235.282761
236.256622
237.229645
238.201797
239.173126
240.143585
241.113205
242.081970
243.049896
244.016968
244.983185
245.948547
246.913055
247.876740
248.833771
249.778320
250.710419
251.630051
252.537247
253.431961
254.314224
255.000000
0.000000
0.986621
1.979327
2.978118
3.982995
4.993958
6.011005
7.034138
8.063358
9.098662
10.140051
11.187526
12.241086
13.300734
14.366464
15.438280
16.513048
17.587631
18.662033
19.736252
20.810286
21.884138
22.957806
24.031288
25.104591
26.177710
27.250645
28.323395
29.395964
30.468346
31.540550
32.612568
33.684402
34.756054
35.827522
36.898804
37.969910
39.040825
40.111565
41.182114
42.252483
43.322666
44.392673
45.462490
46.532124
47.601574
48.670841
49.739929
50.808834
51.877552
52.946087
54.014435
55.082603
56.150593
57.218399
58.286015
59.353451
60.420700
61.487770
62.554657
63.621357
64.687881
65.754219
66.820366
67.886337
68.952126
70.017723
71.083145
72.148376
73.213432
74.278297
75.342926
76.406174
77.467552
78.527069
79.584724
80.640518
81.694443
82.746513
83.796722
84.845062
85.891533
86.936150
87.978905
89.019798
90.058823
91.095993
92.131294
93.164734
94.196304
95.226021
96.253876
97.279861
98.303986
99.326256
100.346657
101.365189
102.381866
103.396675
104.409630
105.420715
106.429939
107.437302
108.442802
109.446442
110.448212
111.448128
112.446167
113.442352
114.436676
115.429146
116.419731
117.408470
118.395340
119.380348
120.363495
121.344780
122.324188
123.301758
124.277443
125.251282
126.223251
127.193359
128.161606
129.127991
130.092514
131.055161
132.016312
132.978012
133.940598
134.904068
135.868454
136.833725
137.799911
138.766968
139.734940
140.703812
141.673553
142.644211
143.615753
144.588196
145.561539
146.535782
147.510910
148.486954
149.463882
150.441711
151.420410
152.400040
153.380554
154.361954
155.344269
156.327469
157.311569
158.296555
159.282455
160.269241
161.256927
162.245499
163.234985
164.225342
165.216629
166.208801
167.201843
168.195816
169.190659
170.186401
171.183060
172.180603
173.179031
174.178360
175.178604
176.179733
177.181763
178.184692
179.188507
180.193222
181.198822
182.205338
183.212738
184.221024
185.230225
186.240326
187.250610
188.259445
189.266724
190.272446
191.276627
192.279251
193.280334
194.279861
195.277847
196.274277
197.269165
198.262497
199.254288
200.244507
201.233200
202.220337
203.205917
204.189957
205.172455
206.153397
207.132782
208.110611
209.086914
210.061646
211.034836
212.006485
212.976578
213.945114
214.912125
215.877563
216.841461
217.803802
218.764603
219.723846
220.681549
221.637695
222.592300
223.545349
224.496841
225.446793
226.395203
227.342056
228.287354
229.231125
230.173325
231.113968
232.053070
232.990631
233.926636
234.861099
235.794006
236.725372
237.655182
238.583435
239.510147
240.435318
241.351898
242.252853
243.138199
244.007919
244.862030
245.700516
246.523376
247.330627
248.122253
248.898254
249.658661
250.403427
251.132584
251.846115
252.544037
253.226334
253.893005
