0.935997
0.032002
0.032002
0.032002
0.935997
0.032002
0.032002
0.032002
0.935997
0.000000
1.047701
2.084743
3.111125
4.126847
5.131910
6.126312
7.110055
8.083139
9.045563
9.997326
10.938430
11.868875
12.788659
13.697784
14.603367
15.512526
16.425257
17.341564
18.261448
19.184906
20.111940
21.042547
21.976730
22.914490
23.855824
24.800732
25.749216
26.701273
27.656908
28.616114
29.578897
30.545259
31.515194
32.488705
33.465786
34.446445
35.430679
36.418488
37.409874
38.404831
39.403370
40.405479
41.411160
42.420422
43.433254
44.449665
45.469646
46.493210
47.520348
48.551060
49.585339
50.623203
51.664635
52.709648
53.758232
54.810394
55.866131
56.925438
57.988323
59.054790
60.124821
61.198437
62.275620
63.356380
64.440712
65.528625
66.620117
67.715172
68.810768
69.903847
70.994408
72.082466
73.167999
74.251022
75.331543
76.409546
77.485031
78.558006
79.628464
80.696404
81.761848
82.824760
83.885170
84.943069
85.998444
87.051315
88.101669
89.149506
90.194839
91.237656
92.277954
93.315750
94.351021
95.383789
96.414032
97.441772
98.466995
99.489708
100.509903
101.527588
102.542755
103.555420
104.565552
105.573196
106.578308
107.580917
108.581009
109.578583
110.573647
111.566200
112.556236
113.543770
114.528770
115.511276
116.491264
117.468735
118.443695
119.416145
120.386078
121.353493
122.318398
123.280800
124.241821
125.202660
126.163292
127.123718
128.083954
129.043991
130.003830
130.963455
131.922867
132.882111
133.841125
134.799957
135.758591
136.717010
137.675232
138.633255
139.591080
140.548691
141.506104
142.463333
143.420349
144.377167
145.333786
146.290207
147.246414
148.202423
149.158249
150.113846
151.069260
152.024460
152.979477
153.934280
154.888885
155.843292
156.797485
157.751495
158.705292
159.658905
160.612305
161.565506
162.518509
163.471298
164.423889
165.376297
166.328491
167.280487
168.232285
169.183868
170.135269
171.086441
172.037445
172.988220
173.938812
174.889206
175.839615
176.790253
177.741165
178.692307
179.643707
180.595337
181.547241
182.499359
183.451736
184.404358
185.357239
186.310364
187.263718
188.217331
189.171188
190.125290
191.079651
192.034241
192.989090
193.944183
194.899506
195.855087
196.810928
197.766998
198.723312
199.679886
200.636703
201.593765
202.551071
203.508621
204.466415
205.424469
206.382767
207.341293
208.300079
209.259125
210.218399
211.177917
212.137695
213.097702
214.057968
215.018478
215.979233
216.940247
217.901474
218.862976
219.824722
220.786713
221.748962
222.711426
223.674164
224.637131
225.600357
226.563812
227.527786
228.492477
229.457901
230.424057
231.390961
232.358582
233.326935
234.296036
235.265869
236.236420
237.207718
238.179749
239.152512
240.126007
241.100235
242.075195
243.050888
244.027328
245.004501
245.982391
246.961029
247.940384
248.920486
249.901321
250.882889
0.000000
1.075937
2.146741
3.212412
4.272953
5.328360
6.378634
7.423778
8.463787
9.498666
10.528413
11.553027
12.572507
13.586857
14.596073
15.600160
16.602583
17.606815
18.612858
19.620710
20.630375
21.641850
22.655132
23.670225
24.687130
25.705843
26.726368
27.748699
28.772842
29.798798
30.826561
31.856133
32.887516
33.920712
34.955715
35.992527
37.031147
38.071587
39.113823
40.157879
41.203743
42.251415
43.300900
44.352192
45.405296
46.460209
47.516930
48.575466
49.635815
50.697964
51.761929
52.827698
53.895283
54.964676
56.035877
57.108891
58.183716
59.260345
60.338791
61.419041
62.501106
63.584980
64.670662
65.758156
66.847458
67.938568
69.031487
70.126228
71.222771
72.321121
73.421280
74.522118
75.620850
76.717354
77.811615
78.903664
79.993469
81.081047
82.166397
83.249512
84.330399
85.409050
86.485474
87.559669
88.631630
89.701363
90.768860
91.834137
92.897171
93.957985
95.016563
96.072906
97.127022
98.178902
99.228561
100.275986
101.321182
102.364143
103.404877
104.443375
105.479652
106.513680
107.545494
108.575073
109.602425
110.627541
111.650429
112.671082
113.689507
114.705688
115.719658
116.731392
117.740891
118.748161
119.753204
120.756004
121.756592
122.754936
123.751053
124.744934
125.736588
126.726013
127.713211
128.698166
129.680908
130.661407
131.639786
132.616699
133.592270
134.566498
135.539368
136.510895
137.481079
138.449905
139.417374
140.383514
141.348297
142.311722
143.273804
144.234543
145.193939
146.151962
147.108643
148.063995
149.017990
149.970627
150.921906
151.871857
152.820465
153.767700
154.713593
155.658142
156.601349
157.543198
158.483688
159.422852
160.360657
161.297104
162.232208
163.165970
164.098373
165.029434
165.959137
166.887497
167.814514
168.740173
169.664490
170.587448
171.509064
172.429337
173.348251
174.265823
175.182053
176.096909
177.010437
177.922607
178.833435
179.742905
180.651031
181.557816
182.463242
183.367432
184.272644
185.179825
186.088943
187.000031
187.913086
188.828079
189.745056
190.663986
191.584854
192.507706
193.432495
194.359253
195.287964
196.218643
197.151276
198.085861
199.022415
199.960922
200.901398
201.843826
202.788223
203.734543
204.682861
205.633118
206.585342
207.539520
208.495667
209.453766
210.413818
211.375824
212.339798
213.305740
214.273621
215.243469
216.215271
217.189056
218.164764
219.142456
220.122101
221.103683
222.087250
223.072769
224.060257
225.049683
226.041092
227.034424
228.029739
229.027023
230.026245
231.027435
232.030579
233.035690
234.042755
235.051773
236.062759
237.071930
238.075500
239.073486
240.065887
241.052704
242.033920
243.009552
243.979584
244.944046
245.902908
246.856186
247.803864
248.745956
249.682480
250.613388
251.538727
252.458466
253.372604
254.281174
0.000000
1.292597
2.553661
3.783192
4.981191
6.147656
7.282589
8.385988
9.457855
10.498189
11.506989
12.484258
13.429993
14.344194
15.245248
16.151545
17.063080
17.979856
18.901871
19.829128
20.761623
21.699360
22.642340
23.590555
24.544012
25.502710
26.466648
27.435823
28.410242
29.389898
30.374796
31.364935
32.360313
33.360931
34.366791
35.377888
36.394226
37.415806
38.442627
39.474682
40.511982
41.554523
42.602303
43.655323
44.713585
45.777077
46.845821
47.919804
48.999023
50.083485
51.173187
52.268127
53.368309
54.473732
55.584389
56.700291
57.821434
58.947815
60.079433
61.216301
62.358402
63.505741
64.658318
65.816147
66.979210
68.147263
69.314804
70.479591
71.641617
72.800880
73.957390
75.111137
76.262131
77.410362
78.555840
79.698547
80.838501
81.975708
83.110146
84.241821
85.370743
86.496902
87.620300
88.740944
89.858833
90.973961
92.086327
93.195938
94.302788
95.406876
96.508209
97.606773
98.702591
99.795647
100.885941
101.973488
103.058258
104.140282
105.219543
106.296043
107.369789
108.440773
109.509003
110.574463
111.637177
112.697121
113.754311
114.808746
115.860420
116.909332
117.955490
118.998886
120.039528
121.077400
122.112518
123.144882
124.174477
125.201363
126.225655
127.247391
128.266586
129.283218
130.297302
131.308838
132.317825
133.324265
134.328140
135.329483
136.328247
137.324478
138.318161
139.309280
140.297867
141.283875
142.267349
143.248276
144.226639
145.202454
146.175720
147.146454
148.114609
149.080231
150.043274
151.003784
151.961746
152.917160
153.870026
154.820328
155.768082
156.713272
157.655930
158.596024
159.533569
160.468582
161.401016
162.330902
163.258255
164.183044
165.105286
166.024979
166.942123
167.856720
168.768753
169.678238
170.585159
171.489548
172.391388
173.290665
174.187393
175.082870
175.980331
176.879929
177.781631
178.685471
179.591431
180.499512
181.409729
182.322052
183.236511
184.153076
185.071777
185.992584
186.915543
187.840591
188.767792
189.697098
190.628540
191.562103
192.497772
193.435577
194.375504
195.317551
196.261719
197.208023
198.156433
199.106979
200.059647
201.014435
201.971344
202.930359
203.891525
204.854813
205.820190
206.787735
207.757370
208.729141
209.703033
210.679047
211.657181
212.637436
213.619827
214.604340
215.590958
216.579712
217.570602
218.563583
219.558716
220.555954
221.555313
222.556808
223.560425
224.560440
225.551117
226.532455
227.504456
228.467148
229.420486
230.364487
231.299164
232.224503
233.140518
234.047195
234.944519
235.832535
236.711212
237.580551
238.440552
239.291229
240.132568
240.964584
241.787262
242.600601
243.404602
244.199280
244.984619
245.760635
246.527313
247.284637
248.032654
248.771332
249.500656
250.220673
250.931351
251.632675
252.324707
253.007370
