0.946038
0.026981
0.026981
0.026981
0.946038
0.026981
0.026981
0.026981
0.946038
0.000000
1.068254
2.136537
3.204850
4.273192
5.341563
6.409964
7.478395
8.546855
9.615344
10.683864
11.752411
12.820989
13.889596
14.958233
16.026897
17.095596
18.164322
19.233074
20.301861
21.370670
22.439516
23.508387
24.577288
25.646219
26.715181
27.784172
28.853189
29.922241
30.991318
32.060425
33.128281
34.193607
35.256405
36.316673
37.374413
38.429619
39.482300
40.532444
41.580063
42.625153
43.667709
44.707741
45.745235
46.780205
47.812645
48.842548
49.869930
50.894779
51.917099
52.936886
53.954144
54.968872
55.981075
56.990742
57.997875
59.002491
60.004562
61.004116
62.001137
62.995625
63.987579
64.977005
65.963913
66.948288
67.930122
68.909431
69.886208
70.860458
71.832184
72.801369
73.768028
74.732155
75.693756
76.652832
77.609360
78.563377
79.514862
80.463806
81.410233
82.354111
83.297394
84.241997
85.187904
86.135124
87.083649
88.033501
88.984657
89.937134
90.890915
91.846008
92.802429
93.760155
94.719193
95.679535
96.641205
97.604179
98.568466
99.534065
100.500984
101.469208
102.438751
103.409607
104.381767
105.355247
106.330048
107.306145
108.283562
109.262291
110.242340
111.223694
112.206367
113.190346
114.175652
115.162262
116.150177
117.139412
118.129959
119.121819
120.114998
121.109489
122.105278
123.102394
124.100822
125.100563
126.101616
127.103973
128.107651
129.112656
130.118942
131.126556
132.135498
133.145767
134.157394
135.170349
136.184647
137.200287
138.217270
139.235580
140.255234
141.276215
142.298569
143.322235
144.347244
145.373581
146.401276
147.430313
148.460678
149.492386
150.525421
151.559830
152.595535
153.632599
154.671005
155.710754
156.751831
157.794250
158.838013
159.883102
160.929535
161.977310
163.026443
164.076904
165.128677
166.181824
167.236298
168.292099
169.349258
170.407745
171.467575
172.528732
173.591248
174.655090
175.720276
176.786789
177.854660
178.923859
179.994415
181.066284
182.139511
183.214066
184.287811
185.358627
186.426498
187.491394
188.553360
189.612381
190.668442
191.721573
192.771729
193.818954
194.863220
195.904556
196.942932
197.978378
199.010849
200.040390
201.066971
202.090622
203.111313
204.129044
205.143845
206.155685
207.164597
208.170532
209.173553
210.173615
211.170715
212.164871
213.156082
214.144348
215.129669
216.112030
217.091461
218.067932
219.041428
220.012024
220.979645
221.944321
222.906067
223.864853
224.820679
225.773575
226.723511
227.670502
228.614548
229.555649
230.493790
231.429001
232.361237
233.290543
234.210312
235.114014
236.001648
236.873199
237.728653
238.568039
239.391327
240.198547
240.989700
241.764755
242.523712
243.266632
243.993439
244.704163
245.398819
246.077377
246.739868
247.386276
248.016602
248.630844
249.229004
249.811096
250.377090
250.927017
251.460846
0.000000
0.994384
2.071459
3.149209
4.227631
5.306728
6.386498
7.466941
8.548059
9.629849
10.712315
11.795453
12.879265
13.963751
15.048909
16.134743
17.221254
18.308432
19.396288
20.484812
21.574015
22.663891
23.754436
24.845663
25.937557
27.030127
28.123369
29.217285
30.311878
31.407143
32.503078
33.599693
34.696980
35.792980
36.885738
37.975250
39.061520
40.144547
41.224327
42.300861
43.374157
44.444210
45.511013
46.574574
47.634892
48.691967
49.745796
50.796383
51.843727
52.887817
53.928677
54.966290
56.000652
57.031776
58.059654
59.084290
60.105682
61.123833
62.138733
63.150391
64.158813
65.163979
66.165909
67.164589
68.160027
69.152229
70.141182
71.126892
72.109352
73.088577
74.064545
75.037285
76.006775
76.973015
77.936020
78.895775
79.852295
80.805565
81.755592
82.702362
83.645905
84.586205
85.523430
86.461380
87.401619
88.344131
89.288940
90.236031
91.185402
92.137054
93.090988
94.047211
95.005714
95.966507
96.929581
97.894936
98.862579
99.832497
100.804718
101.779205
102.755981
103.735031
104.716377
105.700005
106.685921
107.674110
108.664589
109.657341
110.652390
111.649719
112.649330
113.651230
114.655411
115.661873
116.670616
117.681656
118.694969
119.710571
120.728447
121.748611
122.771065
123.795792
124.822815
125.852112
126.883698
127.917564
128.953705
129.992157
131.032867
132.075867
133.121155
134.168732
135.218246
136.267838
137.317154
138.366180
139.414963
140.463440
141.511673
142.559631
143.607300
144.654724
145.701859
146.748734
147.795319
148.841644
149.887695
150.933487
151.979004
153.024231
154.069214
155.113892
156.158325
157.202469
158.246353
159.289978
160.333313
161.376373
162.419174
163.461700
164.503952
165.545929
166.587631
167.629074
168.670242
169.711151
170.751770
171.792130
172.832199
173.872009
174.911545
175.950821
176.989822
178.028534
179.067001
180.105164
181.143097
182.180725
183.218079
184.255188
185.292007
186.328568
187.364105
188.396805
189.426590
190.453430
191.477371
192.498367
193.516464
194.531631
195.543869
196.553192
197.559586
198.563080
199.563629
200.561279
201.555984
202.547775
203.536652
204.522598
205.505615
206.485718
207.462906
208.437180
209.408508
210.376923
211.342422
212.305008
213.264648
214.221375
215.175186
216.126083
217.074051
218.019089
218.961212
219.900406
220.836685
221.770035
222.700470
223.627991
224.552582
225.474243
226.392990
227.308823
228.221725
229.131714
230.038773
230.942917
231.844131
232.742416
233.637787
234.530243
235.415970
236.291138
237.155762
238.009842
238.853378
239.686356
240.508789
241.320694
242.122040
242.912827
243.693085
244.462784
245.221939
245.970551
246.708618
247.436127
248.153107
248.859528
249.555405
250.240738
250.915527
251.579758
252.233444
252.876602
0.000000
1.213295
2.422618
3.627967
4.829344
6.026748
7.220178
8.409636
9.595121
10.776635
11.954174
13.127740
14.297333
15.462954
16.624601
17.782276
18.935982
20.085709
21.231466
22.373249
23.511061
24.644896
25.774761
26.900652
28.022573
29.140518
30.254492
31.364492
32.470520
33.574020
34.676434
35.777763
36.878006
37.977165
39.075237
40.172226
41.268127
42.362942
43.456676
44.549324
45.640884
46.731361
47.820755
48.909061
49.996281
51.082413
52.167461
53.251431
54.334309
55.416103
56.496815
57.576443
58.654984
59.732433
60.808800
61.884087
62.958282
64.031395
65.103424
66.174370
67.244225
68.312996
69.380684
70.447296
71.512802
72.577240
73.640579
74.702843
75.764023
76.824112
77.883110
78.941040
79.997871
81.053619
82.108292
83.162399
84.216499
85.270584
86.324646
87.378708
88.432739
89.486763
90.540764
91.594765
92.648735
93.702698
94.756638
95.810570
96.864487
97.918381
98.972260
100.026138
101.079987
102.133820
103.187645
104.241447
105.295235
106.349014
107.402771
108.456512
109.510239
110.563950
111.617653
112.671326
113.724998
114.778648
115.832283
116.885910
117.939507
118.993095
120.046669
121.100235
122.153778
123.207291
124.260811
125.314308
126.367783
127.421249
128.474701
129.528137
130.581558
131.635254
132.689590
133.744537
134.800110
135.856277
136.913086
137.970490
139.028519
140.087158
141.146423
142.206284
143.266785
144.327881
145.389603
146.451935
147.514893
148.578461
149.642624
150.707443
151.772842
152.838867
153.905518
154.972763
156.040649
157.109131
158.178238
159.247955
160.318298
161.389236
162.460800
163.532974
164.605789
165.679199
166.753220
167.827866
168.903122
169.978989
171.055481
172.132584
173.210297
174.288651
175.367599
176.447144
177.527344
178.608139
179.689545
180.768127
181.840286
182.906097
183.965530
185.018600
186.065308
187.105652
188.139618
189.167221
190.188477
191.203339
192.211853
193.213989
194.209763
195.199173
196.182205
197.158890
198.129196
199.093140
200.050705
201.001923
201.946762
202.885254
203.817352
204.743103
205.662476
206.575485
207.482132
208.382416
209.276321
210.163864
211.045059
211.919861
212.788315
213.650391
214.506104
215.355453
216.198425
217.035049
217.865295
218.689178
219.506699
220.317841
221.122635
221.921036
222.713089
223.497849
224.274460
225.042877
225.803131
226.555206
227.299103
228.034836
228.762375
229.481750
230.192963
230.895981
231.590820
232.277496
232.955978
233.626297
234.288452
234.942413
235.588211
236.225815
236.855255
237.476532
238.089615
238.694534
239.291260
239.879822
240.460205
241.032425
241.596451
242.152313
242.699997
243.239487
243.770828
244.293976
244.808960
245.315765
245.814392
246.304855
246.787125
247.261215
247.727142
248.184906
248.634460
249.075867
