0.913995
0.043003
0.043003
0.043003
0.913995
0.043003
0.043003
0.043003
0.913995
0.000000
1.101431
2.179644
3.234639
4.266415
5.274974
6.260314
7.222436
8.161340
9.077026
9.969494
10.851556
11.736021
12.622891
13.512166
14.403845
15.297931
16.194420
17.093315
17.994612
18.898315
19.804422
20.712936
21.623854
22.537176
23.452904
24.371033
25.291573
26.214512
27.139858
28.067608
28.997765
29.930325
30.865290
31.802660
32.742432
33.684616
34.629200
35.576183
36.525578
37.477375
38.431580
39.388184
40.347195
41.308609
42.272430
43.238659
44.207291
45.178329
46.151768
47.127617
48.105862
49.086517
50.069576
51.055046
52.042912
53.033066
54.022854
55.011192
55.998074
56.983513
57.967499
58.950035
59.931122
60.910763
61.888947
62.865681
63.840965
64.814812
65.787193
66.758133
67.727608
68.695648
69.662239
70.627373
71.591064
72.553291
73.514076
74.473419
75.431305
76.387741
77.342728
78.296265
79.248352
80.198982
81.148170
82.095901
83.042191
83.987030
84.930412
85.872345
86.812836
87.751869
88.689453
89.625587
90.560265
91.493515
92.425301
93.355629
94.284515
95.211945
96.137932
97.062820
97.988678
98.915863
99.844376
100.774216
101.705391
102.637878
103.571693
104.506844
105.443314
106.381111
107.320236
108.260681
109.202461
110.145561
111.089989
112.035744
112.982826
113.931229
114.880966
115.832024
116.784409
117.738129
118.693161
119.649521
120.607216
121.566238
122.526573
123.488243
124.451241
125.415558
126.381210
127.348183
128.316483
129.286118
130.257065
131.229355
132.202942
133.177887
134.154144
135.131729
136.110626
137.090866
138.072433
139.055313
140.039536
141.024734
142.010162
142.995758
143.981522
144.967468
145.953568
146.939865
147.926315
148.912949
149.899750
150.886734
151.873871
152.861176
153.848663
154.836334
155.824173
156.812180
157.800354
158.788712
159.777222
160.765915
161.754776
162.743820
163.733032
164.722412
165.711960
166.701691
167.691589
168.681656
169.671906
170.662308
171.652908
172.643661
173.634583
174.625702
175.616974
176.608414
177.600037
178.591827
179.583786
180.575912
181.568222
182.560715
183.553360
184.546188
185.539185
186.532059
187.524475
188.516464
189.508011
190.499115
191.489777
192.480011
193.469803
194.459137
195.448044
196.436508
197.424545
198.412140
199.399292
200.386002
201.372284
202.358109
203.343506
204.328461
205.312988
206.297058
207.280701
208.263885
209.246658
210.228973
211.210861
212.192307
213.173309
214.153870
215.133987
216.113678
217.092911
218.071732
219.050095
220.028030
221.005524
221.982574
222.959183
223.935349
224.911087
225.886368
226.861237
227.835632
228.809616
229.783157
230.756256
231.728912
232.701126
233.672897
234.644257
235.615143
236.585617
237.555618
238.525208
239.494354
240.463058
241.431320
242.399139
243.366547
244.333481
245.300003
246.266068
0.000000
1.003998
2.055273
3.153825
4.299652
5.492756
6.733137
8.020794
9.355727
10.737937
12.139260
13.531541
14.914778
16.288969
17.654119
19.010221
20.357283
21.695297
23.024267
24.344193
25.655075
26.956911
28.249704
29.533451
30.808157
32.073818
33.330429
34.578003
35.816528
37.046013
38.266445
39.477844
40.680191
41.873497
43.057758
44.232975
45.399147
46.556271
47.704353
48.843391
49.973392
51.094334
52.206242
53.309101
54.402916
55.487690
56.563416
57.630096
58.688072
59.744717
60.803055
61.863083
62.924797
63.988209
65.053307
66.120102
67.188583
68.258743
69.330620
70.404167
71.479408
72.556343
73.634972
74.715286
75.797302
76.880997
77.966385
79.053467
80.142227
81.232697
82.324844
83.418686
84.514221
85.611443
86.710358
87.810959
88.913269
90.017242
91.122925
92.230301
93.339363
94.450111
95.562546
96.676674
97.792511
98.910019
100.029221
101.149818
102.269974
103.389404
104.508095
105.626053
106.743279
107.859764
108.975517
110.090538
111.204819
112.318367
113.431183
114.543266
115.654617
116.765228
117.875099
118.984245
120.092651
121.200325
122.307266
123.413467
124.518936
125.623665
126.727669
127.830933
128.933472
130.035263
131.136322
132.236664
133.336243
134.435120
135.533218
136.630615
137.727280
138.823196
139.918365
141.012833
142.106552
143.199524
144.292068
145.384888
146.477982
147.571396
148.665085
149.759079
150.853394
151.947998
153.042892
154.138092
155.233582
156.329391
157.425491
158.521881
159.618576
160.715576
161.812866
162.910461
164.008362
165.106552
166.205063
167.303833
168.402939
169.502319
170.602020
171.702011
172.802292
173.902878
175.003769
176.104950
177.206436
178.308228
179.410324
180.512695
181.615387
182.718369
183.821655
184.925232
186.029114
187.128204
188.217361
189.296600
190.365921
191.425323
192.474792
193.514374
194.544006
195.563736
196.573563
197.573441
198.563416
199.543488
200.513611
201.473831
202.424133
203.364532
204.294983
205.215546
206.126175
207.026871
207.917664
208.798553
209.669510
210.530548
211.381668
212.222870
213.054153
213.875534
214.686981
215.488510
216.280121
217.061813
217.833603
218.595459
219.347397
220.089417
220.821533
221.543701
222.255981
222.958328
223.650772
224.333282
225.005890
225.668549
226.321335
226.964157
227.597092
228.220108
228.833191
229.436356
230.029602
230.612946
231.186356
231.749863
232.303436
232.847092
233.380844
233.904678
234.418594
234.922577
235.416641
235.900803
236.375046
236.839355
237.293762
237.738235
238.172806
238.597458
239.012177
239.416992
239.811874
240.196838
240.571899
240.937042
241.292267
241.637573
241.972961
242.298416
242.613968
242.919601
243.215317
243.501099
243.776978
244.042938
244.298965
244.545090
244.781296
245.007584
245.223938
245.430389
0.000000
1.954747
3.855906
5.703475
7.497457
9.237848
10.924652
12.578238
14.218976
15.846869
17.461914
19.064116
20.653469
22.229977
23.793636
25.344452
26.882421
28.407543
29.919819
31.419249
32.905830
34.379566
35.840458
37.288502
38.723698
40.146053
41.555557
42.952217
44.336029
45.706993
47.065109
48.410389
49.742813
51.062397
52.369133
53.663017
54.944057
56.218182
57.491322
58.763470
60.034634
61.304810
62.573997
63.842197
65.109413
66.375633
67.640877
68.905128
70.168396
71.430672
72.691963
73.952271
75.211586
76.469910
77.727257
78.983612
80.238976
81.493355
82.746750
83.999153
85.250572
86.500999
87.750443
88.998901
90.246376
91.492844
92.738342
93.985092
95.235321
96.489044
97.746254
99.006950
100.271133
101.538803
102.809975
104.084625
105.362762
106.644386
107.929497
109.218102
110.510193
111.805779
113.104836
114.407402
115.713440
117.022972
118.335991
119.652512
120.972496
122.295982
123.622963
124.953423
126.287369
127.624817
128.965729
130.310150
131.658051
133.006348
134.351898
135.694702
137.034790
138.372116
139.706726
141.038605
142.367722
143.694122
145.017792
146.338715
147.656921
148.972382
150.285095
151.595078
152.902344
154.206848
155.508636
156.807678
158.103989
159.397552
160.688400
161.976501
163.261887
164.544510
165.824402
167.101578
168.376022
169.647705
170.916672
172.179321
173.432175
174.675217
175.908417
177.131775
178.345337
179.549042
180.742935
181.927017
183.101257
184.265671
185.420258
186.565018
187.699951
188.825058
189.940353
191.045807
192.141449
193.227249
194.303223
195.369370
196.425705
197.472214
198.508881
199.535736
200.552750
201.559937
202.557312
203.544861
204.522568
205.490448
206.448517
207.396759
208.335175
209.263748
210.182510
211.091446
211.990555
212.879837
213.759293
214.628922
215.488724
216.338684
217.178833
218.009155
218.829651
219.640320
220.441162
221.232162
222.013367
222.784729
223.546265
224.297989
225.039856
225.771927
226.494156
227.206558
227.909134
228.601898
229.284821
229.957916
230.621185
231.274658
231.918274
232.552048
233.176041
233.790176
234.394501
234.988983
235.573654
236.148483
236.713501
237.268677
237.814041
238.349564
238.875275
239.391174
239.897202
240.393448
240.879837
241.356415
241.823151
242.280090
242.727173
243.164459
243.591904
244.009521
244.417313
244.815277
245.203415
245.581726
245.950226
246.308868
246.657715
246.996704
247.325897
247.645233
247.954788
248.254486
248.544357
248.824387
249.094635
249.355026
249.605576
249.846344
250.077255
250.298340
250.509613
250.711044
250.902664
251.084442
251.256409
251.418518
251.570847
251.713333
251.845993
251.968811
252.081818
252.184982
252.278336
252.361862
252.435562
252.499435
252.553482
252.597672
252.632095
252.656647
252.671387
252.676300
