0.976801
0.011599
0.011599
0.011599
0.976801
0.011599
0.011599
0.011599
0.976801
0.000000
1.281650
2.538782
3.771393
4.979486
6.163060
7.322114
8.456649
9.566665
10.662321
11.753783
12.841049
13.924119
15.002994
16.077673
17.148155
18.214441
19.276533
20.334427
21.388124
22.437630
23.482937
24.524048
25.560965
26.593685
27.622208
28.646534
29.666664
30.682604
31.694344
32.701889
33.705231
34.704388
35.699802
36.694210
37.688065
38.681374
39.674126
40.666336
41.657993
42.649101
43.639656
44.629665
45.619122
46.608028
47.596386
48.584194
49.571453
50.558155
51.544319
52.529922
53.514984
54.499489
55.483444
56.466854
57.449711
58.432018
59.413780
60.396759
61.382732
62.371696
63.363651
64.358604
65.356544
66.357483
67.361412
68.368332
69.378242
70.391144
71.407043
72.425934
73.447823
74.472702
75.500565
76.531433
77.565285
78.602135
79.641968
80.684807
81.730637
82.779457
83.831261
84.884499
85.929665
86.965210
87.991127
89.007408
90.014069
91.011093
91.998489
92.976250
93.944389
94.902893
95.851768
96.791023
97.720634
98.640625
99.550980
100.451706
101.342812
102.224274
103.096115
103.958328
104.810898
105.653854
106.487175
107.310860
108.129578
108.947960
109.766014
110.583755
111.401161
112.218246
113.034996
113.851425
114.667526
115.483307
116.298759
117.113884
117.928680
118.743156
119.557304
120.371117
121.184608
121.997780
122.810616
123.623138
124.435326
125.247192
126.058723
126.869934
127.680824
128.491379
129.301605
130.111526
130.921097
131.730347
132.539276
133.347885
134.156143
134.964111
135.771729
136.579025
137.385986
138.192642
138.998962
139.804962
140.610626
141.415955
142.220978
143.025665
143.830017
144.634048
145.437759
146.241135
147.044205
147.846939
148.649338
149.451401
150.253159
151.054596
151.855682
152.656479
153.456909
154.257034
155.056839
155.856293
156.655441
157.454269
158.252747
159.050903
159.848740
160.646255
161.443436
162.240311
163.036835
163.833038
164.628937
165.424484
166.219711
167.014618
167.809174
168.603439
169.397354
170.190948
170.984222
171.777176
172.569809
173.362076
174.154053
174.945694
175.737015
176.528015
177.318665
178.108994
178.899017
179.688705
180.478058
181.267090
182.055801
182.844177
183.632233
184.419952
185.207352
185.994431
186.781189
187.567596
188.353699
189.139465
189.924927
190.710037
191.494827
192.279282
193.063431
193.847229
194.630722
195.413895
196.196732
196.979248
197.761429
198.543274
199.324814
200.106018
200.886887
201.667435
202.447662
203.227570
204.007126
204.786392
205.565308
206.343903
207.122177
207.900116
208.677719
209.455002
210.231995
211.008606
211.784912
212.560913
213.336578
214.111908
214.886917
215.661591
216.435944
217.209976
217.983673
218.757065
219.530106
220.302826
221.075241
221.847290
222.619049
223.390472
224.161560
224.932343
225.702789
0.000000
0.578595
1.243219
1.993870
2.830549
3.753256
4.761991
5.856754
7.037544
8.304363
9.657209
11.044188
12.413404
13.764857
15.098550
16.414478
17.712645
18.993052
20.255693
21.500572
22.727690
23.937044
25.128639
26.302467
27.458536
28.596842
29.717384
30.820168
31.905186
32.972443
34.021935
35.057346
36.087673
37.113323
38.134293
39.150593
40.162209
41.169147
42.171413
43.168999
44.161907
45.150143
46.133698
47.112579
48.086781
49.056301
50.021149
50.981323
51.936817
52.887638
53.833775
54.776985
55.727821
56.688023
57.657593
58.636536
59.624847
60.622528
61.629578
62.646000
63.671787
64.706947
65.751472
66.805374
67.868645
68.941284
70.023285
71.114670
72.215416
73.325531
74.445015
75.573257
76.696831
77.810249
78.913513
80.006607
81.089546
82.162331
83.224960
84.277420
85.319717
86.351860
87.373848
88.385674
89.387337
90.378845
91.360184
92.331375
93.292397
94.243263
95.183975
96.114517
97.038574
97.959785
98.878159
99.793694
100.706383
101.616241
102.523262
103.427437
104.328781
105.227280
106.122948
107.015770
107.905762
108.792908
109.677216
110.558685
111.437317
112.313110
113.186058
114.056183
114.923454
115.787895
116.649498
117.508263
118.364182
119.217262
120.067513
120.914925
121.759491
122.601219
123.440109
124.276161
125.109383
125.939751
126.767296
127.591988
128.413849
129.232880
130.049057
130.862396
131.672913
132.480560
133.285385
134.087387
134.886536
135.682846
136.476318
137.266968
138.054749
138.839722
139.621841
140.401108
141.177567
141.951157
142.721924
143.489853
144.254944
145.017181
145.776596
146.533157
147.286911
148.037796
148.785843
149.531067
150.273453
151.012985
151.749695
152.483551
153.214569
153.942764
154.668121
155.390625
156.110291
156.827118
157.541107
158.252274
158.960587
159.666061
160.368698
161.068497
161.765472
162.459579
163.150879
163.839310
164.524902
165.207687
165.887604
166.564697
167.238968
167.910370
168.578949
169.244675
169.907578
170.567642
171.224869
171.879242
172.530792
173.179489
173.825348
174.468399
175.108582
175.745941
176.380447
177.012115
177.640961
178.266953
178.890121
179.510422
180.127899
180.742538
181.354355
181.963318
182.569443
183.172729
183.773193
184.370789
184.965561
185.557480
186.146591
186.732834
187.316254
187.896835
188.474564
189.049484
189.621552
190.190765
190.757156
191.320694
191.881409
192.439270
192.994308
193.546509
194.095856
194.642365
195.186035
195.726883
196.264877
196.800049
197.332367
197.861847
198.388474
198.912308
199.433273
199.951385
200.466675
200.979141
201.488754
201.995514
202.499466
203.000549
203.498810
203.994247
204.486816
204.976562
205.463455
205.947525
206.428757
206.907166
207.382706
207.855408
208.325287
208.792328
209.256516
209.717880
0.000000
1.025168
2.923205
4.617254
6.107316
7.393390
8.475475
9.463000
10.465370
11.482592
12.514665
13.561590
14.623367
15.699997
16.791477
17.897808
19.018993
20.155031
21.305916
22.471657
23.652246
24.847689
26.057983
27.283129
28.514091
29.728783
30.926197
32.106339
33.269203
34.414791
35.543106
36.654144
37.747910
38.824394
39.883606
40.925545
41.950207
42.957592
43.947704
44.920540
45.876102
46.818050
47.768372
48.730728
49.705120
50.691547
51.690010
52.700508
53.723042
54.757607
55.804211
56.862854
57.933525
59.016235
60.110985
61.217762
62.336582
63.467430
64.609642
65.748383
66.877579
67.997246
69.107368
70.207954
71.298996
72.380501
73.452469
74.514893
75.567780
76.611122
77.644936
78.669197
79.683929
80.689117
81.684761
82.670883
83.649612
84.623123
85.591400
86.554466
87.512306
88.464928
89.412323
90.354492
91.291443
92.223183
93.149681
94.070969
94.987030
95.897873
96.803482
97.703880
98.599052
99.488998
100.373726
101.253235
102.127518
102.996582
103.860420
104.719040
105.572426
106.420601
107.263550
108.101273
108.933777
109.761063
110.583122
111.399963
112.211571
113.017967
113.819138
114.615089
115.405815
116.191315
116.971603
117.746651
118.516495
119.281105
120.040497
120.794670
121.543610
122.287331
123.025841
123.759117
124.487175
125.210014
125.927628
126.640015
127.347191
128.049133
128.745850
129.437347
130.123642
130.804703
131.480530
132.151138
132.816528
133.476685
134.131653
134.781372
135.425858
136.065140
136.699203
137.328033
137.951645
138.570023
139.183182
139.791138
140.393860
140.991364
141.583633
142.170700
142.752533
143.329132
143.900528
144.466690
145.027618
145.583359
146.133850
146.679123
147.219177
147.754013
148.283630
148.808014
149.327164
149.841110
150.349838
150.853333
151.351593
151.844650
152.332489
152.815094
153.292480
153.764648
154.231598
154.693314
155.149811
155.601074
156.047119
156.487961
156.923553
157.353928
157.779114
158.199036
158.613770
159.023254
159.427521
159.826599
160.220413
160.609024
160.992401
161.370560
161.743500
162.111221
162.473724
162.830994
163.183029
163.529861
163.871460
164.207855
164.539017
164.864944
165.185684
165.501160
165.811432
166.116470
166.416306
166.710922
167.000290
167.284454
167.563400
167.837112
168.105591
168.368881
168.626907
168.879745
169.127350
169.369720
169.606873
169.838821
170.065521
170.287018
170.503296
170.714340
170.920166
171.120758
171.316147
171.506302
171.691238
171.870941
172.045441
172.214722
172.378754
172.537582
172.691193
172.839569
172.982712
173.120636
173.253342
173.380829
173.503113
173.620163
173.731979
173.838577
173.939957
174.036118
174.127060
174.212769
174.293243
174.368515
174.438553
174.503387
174.562973
174.617355
174.666504
174.710434
