0.963493
0.018254
0.018254
0.018254
0.963493
0.018254
0.018254
0.018254
0.963493
0.000000
0.949418
1.900358
2.852819
3.806802
4.762305
5.719331
6.677876
7.637945
8.599533
9.562644
10.527275
11.493428
12.461102
13.430298
14.401013
15.373253
16.347012
17.322292
18.299093
19.277418
20.257261
21.238628
22.221516
23.205923
24.191854
25.179304
26.168276
27.158772
28.150785
29.144321
30.139380
31.135958
32.134060
33.133682
34.134823
35.137489
36.141674
37.147381
38.154606
39.162941
40.171951
41.181644
42.192017
43.203075
44.214809
45.227230
46.240326
47.254112
48.268574
49.283722
50.299545
51.316051
52.333244
53.351112
54.369667
55.388897
56.408817
57.429413
58.450691
59.472652
60.495293
61.518620
62.542622
63.567310
64.592674
65.618721
66.645462
67.672874
68.700958
69.729736
70.759193
71.789337
72.820160
73.851654
74.883842
75.916702
76.950249
77.984474
79.019386
80.054977
81.091248
82.128197
83.165833
84.204155
85.243149
86.282837
87.323189
88.364243
89.405968
90.448372
91.491463
92.535225
93.579391
94.622223
95.663437
96.703033
97.740997
98.777359
99.812096
100.845215
101.876709
102.906586
103.934845
104.961487
105.986511
107.009911
108.031693
109.051849
110.070404
111.087326
112.102631
113.116318
114.128387
115.138840
116.147667
117.154877
118.160477
119.164452
120.166794
121.167534
122.166641
123.164146
124.160019
125.154282
126.146912
127.137932
128.127335
129.115112
130.101273
131.085815
132.068741
133.050049
134.029739
135.007797
135.984253
136.959076
137.932297
138.903870
139.873856
140.842209
141.808929
142.774048
143.737534
144.699417
145.659668
146.618317
147.576447
148.535263
149.494720
150.454849
151.415604
152.377029
153.339096
154.301819
155.265198
156.229218
157.193924
158.159241
159.125244
160.091888
161.059174
162.027115
162.995728
163.964981
164.934891
165.905457
166.876663
167.848526
168.821045
169.794235
170.768066
171.742538
172.717667
173.693451
174.669891
175.646988
176.624741
177.603134
178.582184
179.561890
180.542236
181.523254
182.504913
183.487228
184.470184
185.453827
186.438095
187.423035
188.408600
189.394852
190.381729
191.369263
192.357452
193.346298
194.335800
195.325958
196.316772
197.308212
198.300323
199.293167
200.286926
201.281708
202.277466
203.274231
204.272003
205.270782
206.270554
207.271317
208.273087
209.275864
210.279633
211.284409
212.290192
213.296967
214.304749
215.313538
216.323303
217.334076
218.345856
219.358658
220.372421
221.387222
222.403015
223.419785
224.437576
225.456375
226.476166
227.496933
228.518738
229.541534
230.565323
231.590103
232.615906
233.642700
234.670502
235.699295
236.729095
237.759903
238.791702
239.824493
240.858276
241.893097
242.928894
243.965698
245.003510
246.042313
247.082123
248.122910
249.164734
250.207550
251.251343
252.296158
253.341980
254.205200
254.702286
0.000000
0.810245
1.871480
2.932031
3.991900
5.051087
6.109591
7.167412
8.224551
9.281007
10.336781
11.391871
12.446280
13.500005
14.553048
15.605409
16.657087
17.708084
18.758394
19.808025
20.856972
21.905237
22.952820
23.999720
25.045937
26.091471
27.136320
28.180490
29.223976
30.266781
31.309525
32.352829
33.396690
34.441113
35.486099
36.531639
37.577744
38.624409
39.671631
40.719414
41.767761
42.816666
43.866131
44.916149
45.966736
47.017879
48.069588
49.121853
50.174679
51.228065
52.282009
53.336514
54.391582
55.447205
56.503395
57.560139
58.617443
59.675312
60.733738
61.792725
62.852272
63.912373
64.973045
66.034271
67.096054
68.158409
69.221313
70.284782
71.348816
72.413399
73.478546
74.544258
75.610535
76.677353
77.744743
78.812698
79.881195
80.950264
82.019905
83.090088
84.160843
85.232147
86.304016
87.376450
88.449432
89.522987
90.596375
91.667778
92.737137
93.804459
94.869713
95.932930
96.994087
98.053207
99.110275
100.165291
101.218254
102.269173
103.318047
104.364868
105.409637
106.452362
107.493034
108.531654
109.568230
110.602753
111.635239
112.665657
113.694038
114.720367
115.744644
116.766884
117.787071
118.805199
119.821281
120.835320
121.847305
122.857239
123.865128
124.870964
125.874748
126.876488
127.876183
128.873825
129.869415
130.862976
131.854462
132.843918
133.831314
134.816650
135.799942
136.781204
137.760391
138.737549
139.712646
140.685699
141.656708
142.625671
143.592560
144.557434
145.520248
146.481003
147.440002
148.399231
149.358932
150.319122
151.279831
152.241043
153.202744
154.164948
155.127655
156.090836
157.054535
158.018738
158.983429
159.948624
160.914307
161.880508
162.847198
163.814377
164.782059
165.750259
166.718948
167.688110
168.657806
169.627991
170.598663
171.569839
172.541519
173.513687
174.486359
175.459534
176.433212
177.407379
178.382050
179.357208
180.332886
181.309052
182.285721
183.262878
184.240524
185.218689
186.197372
187.176514
188.156174
189.136322
190.116974
191.098129
192.079788
193.061920
194.044586
195.027725
196.011368
196.995514
197.980164
198.965302
199.950943
200.937073
201.923660
202.909073
203.892639
204.874374
205.854324
206.832428
207.808716
208.783188
209.755829
210.726639
211.695633
212.662827
213.628174
214.591705
215.553421
216.513306
217.471375
218.427628
219.382050
220.334641
221.285431
222.234390
223.181519
224.126846
225.070328
226.011993
226.951843
227.889862
228.826080
229.760468
230.693024
231.623764
232.552673
233.479782
234.405045
235.328491
236.250122
237.169922
238.087906
239.004074
239.918427
240.830948
241.741623
242.650513
243.557571
244.462799
245.366211
246.267792
247.167557
248.065491
248.961624
249.855927
250.748398
251.639053
252.527878
253.414886
254.300095
254.948410
0.000000
1.154556
2.304044
3.448466
4.587818
5.722104
6.851322
7.975472
9.094556
10.208570
11.317517
12.421396
13.520209
14.613955
15.702631
16.786240
17.864782
18.938255
20.006662
21.070000
22.128273
23.181477
24.229612
25.272680
26.310678
27.343615
28.371479
29.394276
30.412008
31.424671
32.432262
33.438431
34.446804
35.457382
36.470169
37.485165
38.502361
39.521770
40.543385
41.567204
42.593235
43.621471
44.651913
45.684566
46.719425
47.756489
48.795757
49.837238
50.880928
51.926815
52.974915
54.025219
55.077736
56.132458
57.189384
58.248520
59.309864
60.373413
61.439171
62.507133
63.577309
64.649689
65.724266
66.801056
67.880058
68.961266
70.044678
71.130295
72.218132
73.308159
74.400406
75.494850
76.591507
77.690376
78.791451
79.894714
81.000206
82.107895
83.217796
84.329910
85.444214
86.560738
87.679459
88.800400
89.923546
91.048882
92.175163
93.299248
94.420998
95.540405
96.657478
97.772217
98.884621
99.994675
101.102409
102.207794
103.310844
104.411568
105.509941
106.605988
107.699699
108.791069
109.880104
110.966797
112.051155
113.133179
114.212868
115.290215
116.365227
117.437904
118.508247
119.576256
120.641914
121.705254
122.766243
123.824898
124.881226
125.935196
126.986847
128.036163
129.083130
130.127777
131.170074
132.210037
133.247665
134.282959
135.315903
136.346527
137.374802
138.400742
139.424347
140.445633
141.464554
142.481171
143.495422
144.507339
145.516937
146.524185
147.529099
148.531677
149.531921
150.530029
151.527374
152.524139
153.520325
154.515945
155.511002
156.505478
157.499405
158.492752
159.485535
160.477737
161.469376
162.460449
163.450943
164.440872
165.430237
166.419022
167.407242
168.394897
169.381973
170.368484
171.354416
172.339798
173.324600
174.308838
175.292496
176.275574
177.258118
178.240067
179.221451
180.202255
181.182510
182.162201
183.141296
184.119827
185.097794
186.075195
187.052017
188.028275
189.003952
189.979080
190.953629
191.927612
192.901031
193.873871
194.846130
195.817825
196.788956
197.759521
198.729523
199.698944
200.667801
201.636078
202.603790
203.570923
204.537399
205.500793
206.460144
207.415436
208.366684
209.313873
210.257004
211.196106
212.131134
213.062134
213.989075
214.911972
215.830811
216.745590
217.656326
218.563004
219.465637
220.364243
221.258774
222.149261
223.035690
223.918076
224.796402
225.670700
226.540924
227.407104
228.269241
229.127319
229.981354
230.831329
231.677261
232.519150
233.356964
234.190750
235.020477
235.846161
236.667770
237.485352
238.298874
239.108353
239.913773
240.715149
241.512482
242.305740
243.094986
243.880157
244.661270
245.438339
246.211365
246.980331
247.745239
248.506119
249.262939
250.015701
250.764435
251.509094
252.158875
252.623032
252.901520
252.994339
