0.977766
0.011117
0.011117
0.011117
0.977766
0.011117
0.011117
0.011117
0.977766
0.000000
2.544810
3.978609
4.863875
5.763112
6.676312
7.603474
8.544599
9.499686
10.468736
11.451748
12.448723
13.459661
14.484562
15.523424
16.576248
17.643036
18.723785
19.818501
20.927174
22.041723
23.154045
24.264143
25.372017
26.477671
27.581099
28.682304
29.781290
30.878048
31.972582
33.064899
34.154987
35.242855
36.328499
37.411919
38.493111
39.572086
40.645752
41.711018
42.767895
43.816376
44.856461
45.888149
46.911446
47.926350
48.932854
49.930965
50.920685
51.902008
52.874935
53.839466
54.795605
55.743347
56.682697
57.615486
58.543571
59.466946
60.385609
61.299557
62.208794
63.113327
64.013145
64.908249
65.798645
66.684326
67.565300
68.441559
69.313118
70.179955
71.042084
71.899498
72.752258
73.600388
74.443886
75.282776
76.117035
76.946686
77.771706
78.592094
79.407875
80.219032
81.025558
81.827469
82.624756
83.417427
84.205467
84.988884
85.767693
86.541870
87.311417
88.076355
88.836662
89.592361
90.343430
91.089867
91.831696
92.568901
93.301476
94.029434
94.752769
95.471489
96.185577
96.895050
97.599899
98.300125
98.995728
99.686707
100.373070
101.054810
101.731926
102.404419
103.072296
103.735542
104.394180
105.048180
105.697571
106.342331
106.982468
107.617996
108.248886
108.875160
109.496811
110.113853
110.726257
111.334038
111.937202
112.535751
113.129669
113.718979
114.303650
114.883705
115.459137
116.029953
116.596146
117.157707
117.714661
118.266983
118.814682
119.357765
119.896210
120.430054
120.959274
121.483856
122.003830
122.519180
123.029907
123.536011
124.037491
124.534348
125.026588
125.514206
125.997200
126.475578
126.949326
127.418457
127.882957
128.342850
128.798096
129.248764
129.694763
130.136154
130.572937
131.005081
131.432617
131.855545
132.273819
132.687485
133.096527
133.500946
133.900742
134.295914
134.686478
135.072418
135.453735
135.830414
136.202469
136.569931
136.932755
137.290955
137.644531
137.993484
138.337830
138.677536
139.012634
139.343109
139.668961
139.990173
140.306778
140.618744
140.926102
141.228851
141.526978
141.820480
142.109329
142.393585
142.673218
142.948242
143.218613
143.484375
143.745514
144.002029
144.253937
144.501205
144.743866
144.981888
145.215286
145.444077
145.668259
145.887787
146.102707
146.313004
146.518677
146.719742
146.916183
147.107986
147.295181
147.477753
147.655685
147.828995
147.997711
148.161804
148.321243
148.476089
148.626297
148.771896
148.912857
149.049210
149.180939
149.308029
149.430527
149.548370
149.661621
149.770233
149.874237
149.973602
150.068359
150.158478
150.243988
150.324860
150.401123
150.472778
150.539795
150.602188
150.659958
150.713104
150.761642
150.805542
150.844833
150.879501
150.909546
150.934952
150.955780
150.971954
150.983505
150.990433
150.992737
0.000000
1.335576
2.580279
3.734108
4.797062
5.769144
6.701344
7.644646
8.599053
9.564567
10.541185
11.528908
12.527738
13.537672
14.558712
15.590858
16.634109
17.688465
18.753925
19.830494
20.918169
22.016941
23.126389
24.236923
25.344620
26.449478
27.551502
28.650690
29.747042
30.840559
31.931236
33.019081
34.104088
35.186256
36.265591
37.342094
38.415752
39.486576
40.554569
41.619682
42.681717
43.740623
44.796410
45.849068
46.898609
47.945026
48.988316
50.028488
51.065536
52.099461
53.130264
54.157944
55.182503
56.203934
57.222248
58.237434
59.247204
60.245930
61.233360
62.209496
63.174332
64.127869
65.070114
66.001060
66.920715
67.829063
68.726128
69.611893
70.486351
71.349525
72.201401
73.041977
73.871254
74.692635
75.509521
76.321899
77.129784
77.933159
78.732033
79.526413
80.316292
81.101669
81.882545
82.658920
83.430794
84.198158
84.961037
85.719414
86.473282
87.222649
87.967522
88.707886
89.443756
90.175125
90.901993
91.624359
92.342224
93.055595
93.764450
94.468811
95.168678
95.864037
96.554901
97.241257
97.923126
98.600487
99.273338
99.941696
100.605553
101.264908
101.919762
102.570114
103.215973
103.857330
104.494179
105.126526
105.754379
106.377731
106.996582
107.610924
108.220779
108.826134
109.426971
110.023315
110.615166
111.202507
111.785347
112.363693
112.937538
113.506874
114.071716
114.632057
115.187904
115.739235
116.286072
116.828407
117.366249
117.899590
118.428413
118.952751
119.472580
119.987915
120.498756
121.005081
121.506905
122.004250
122.497070
122.985405
123.469223
123.948547
124.423378
124.893707
125.359528
125.820854
126.277679
126.730003
127.177826
127.621140
128.059967
128.494278
128.924103
129.349426
129.770248
130.186569
130.598373
131.005692
131.408508
131.806808
132.200638
132.589935
132.974762
133.355057
133.730881
134.102188
134.468994
134.831314
135.189117
135.542419
135.891220
136.235535
136.575348
136.910629
137.241440
137.567764
137.889542
138.206848
138.519653
138.827957
139.131760
139.431046
139.725845
140.016129
140.301941
140.583237
140.860016
141.132324
141.400116
141.663406
141.922195
142.176483
142.426270
142.671570
142.912354
143.148651
143.380432
143.607712
143.830505
144.048782
144.262573
144.471848
144.676636
144.876923
145.072693
145.263992
145.450760
145.633057
145.810822
145.984100
146.152878
146.317154
146.476929
146.632202
146.782974
146.929260
147.071014
147.208298
147.341080
147.469345
147.593109
147.712387
147.827148
147.937424
148.043182
148.144440
148.241211
148.333481
148.421249
148.504517
148.583282
148.657532
148.727295
148.792557
148.853302
148.909576
148.961334
149.008575
149.051346
149.089600
149.123367
149.152603
149.177368
149.197632
149.213379
149.224625
149.231369
149.233612
0.000000
1.752940
3.036374
4.088265
5.146579
6.211314
7.282471
8.360049
9.444050
10.534473
11.631315
12.734581
13.844269
14.960377
16.082907
17.211861
18.347233
19.489025
20.635967
21.780405
22.921062
24.057941
25.191040
26.320362
27.445902
28.567665
29.685648
30.799852
31.910273
33.016922
34.119785
35.218872
36.314178
37.405708
38.493149
39.576195
40.654846
41.729107
42.798969
43.864437
44.925510
45.982185
47.034470
48.082359
49.125851
50.164951
51.199654
52.229961
53.255875
54.276634
55.287636
56.288128
57.278107
58.257572
59.226524
60.184959
61.132881
62.070293
62.997192
63.913574
64.819443
65.714798
66.599632
67.473969
68.337784
69.194092
70.045906
70.893219
71.736046
72.574371
73.408211
74.237549
75.062393
75.882744
76.698593
77.509956
78.316826
79.119186
79.917061
80.710434
81.499329
82.283714
83.063606
83.839005
84.609909
85.376312
86.138229
86.895645
87.648567
88.396996
89.140930
89.880371
90.615311
91.345764
92.071709
92.793167
93.510132
94.222603
94.930573
95.634041
96.333031
97.027519
97.717506
98.403008
99.084007
99.760513
100.432533
101.100052
101.763069
102.421585
103.075623
103.725159
104.370201
105.010750
105.646805
106.278351
106.905418
107.527985
108.146057
108.759636
109.368713
109.973297
110.573380
111.168983
111.760078
112.346687
112.928802
113.506416
114.079536
114.648163
115.212296
115.771927
116.327065
116.877716
117.423866
117.965523
118.502678
119.035347
119.563515
120.087189
120.606369
121.121056
121.631248
122.136940
122.638130
123.134842
123.627052
124.114761
124.597992
125.076714
125.550934
126.020668
126.485909
126.946655
127.402908
127.854660
128.301910
128.744690
129.182938
129.616730
130.046005
130.470779
130.891068
131.306870
131.718170
132.124954
132.527283
132.925095
133.318405
133.707230
134.091553
134.471375
134.846741
135.217575
135.583923
135.945770
136.303131
136.655991
137.004349
137.348221
137.687622
138.022491
138.352875
138.678772
139.000153
139.317062
139.629486
139.937393
140.240814
140.539734
140.834152
141.124100
141.409531
141.690460
141.966919
142.238861
142.506302
142.769287
143.027740
143.281708
143.531189
143.776169
144.016647
144.252655
144.484146
144.711136
144.933655
145.151657
145.365189
145.574203
145.778717
145.978760
146.174301
146.365326
146.551880
146.733932
146.911484
147.084549
147.253098
147.417160
147.576752
147.731827
147.882416
148.028503
148.170105
148.307190
148.439789
148.567917
148.691528
148.810654
148.925278
149.035385
149.141037
149.242172
149.338821
149.430969
149.518616
149.601776
149.680450
149.754608
149.824295
149.889465
149.950150
150.006348
150.058014
150.105225
150.147934
150.186142
150.219864
150.249069
150.273788
150.294022
150.309753
150.320999
150.327744
150.329987
