0.987961
0.006020
0.006020
0.006020
0.987961
0.006020
0.006020
0.006020
0.987961
0.000000
2.278109
4.072644
5.383607
6.450424
7.512544
8.569962
9.622675
10.670686
11.713992
12.752595
13.786494
14.815691
15.840184
16.859972
17.875057
18.885441
19.891119
20.892096
21.888369
22.884796
23.886240
24.892702
25.904179
26.920671
27.942181
28.968706
30.000250
31.036806
32.078381
33.124973
34.176582
35.233204
36.294842
37.361500
38.433170
39.502068
40.560398
41.608162
42.645355
43.671986
44.688046
45.693535
46.688465
47.672825
48.646618
49.609840
50.562496
51.504585
52.436111
53.357067
54.267456
55.175755
56.090466
57.011570
57.939083
58.872993
59.813301
60.760014
61.713127
62.672646
63.638557
64.610878
65.589584
66.574707
67.566223
68.564148
69.568474
70.575607
71.581978
72.587593
73.592445
74.596535
75.599854
76.602417
77.604210
78.605240
79.605507
80.605003
81.603752
82.601730
83.598938
84.595390
85.591080
86.585999
87.580162
88.573547
89.566185
90.558052
91.549156
92.539505
93.529076
94.517891
95.505943
96.493233
97.479752
98.465515
99.450508
100.434738
101.418205
102.400917
103.382858
104.364029
105.344452
106.324104
107.302979
108.281105
109.258469
110.235062
111.210899
112.185974
113.160271
114.133812
115.106583
116.078606
117.049858
118.020348
118.990067
119.959030
120.927216
121.894653
122.861320
123.827232
124.792374
125.756752
126.720367
127.683212
128.645309
129.606644
130.567200
131.526993
132.486023
133.444275
134.401794
135.358536
136.314529
137.269730
138.224182
139.177872
140.130798
141.082962
142.034363
142.984985
143.934845
144.883957
145.832321
146.779892
147.726715
148.672760
149.618042
150.562576
151.506317
152.449326
153.391571
154.333038
155.273743
156.213684
157.152847
158.091278
159.028931
159.965820
160.901947
161.837296
162.771896
163.705734
164.638809
165.571121
166.502655
167.433441
168.363464
169.292709
170.221191
171.148926
172.075897
173.002075
173.927521
174.852173
175.776108
176.699249
177.621628
178.543243
179.464096
180.384186
181.303497
182.222076
183.139862
184.056900
184.973160
185.888672
186.803421
187.717407
188.630630
189.543076
190.454773
191.365692
192.275848
193.185257
194.093887
195.001770
195.908875
196.815216
197.720779
198.625610
199.529663
200.432953
201.335480
202.237244
203.138260
204.038467
204.937958
205.836655
206.734589
207.631805
208.528183
209.423874
210.318741
211.212875
212.106232
212.998840
213.890671
214.781738
215.672043
216.561600
217.450378
218.338409
219.225647
220.112152
220.997879
221.882828
222.767029
223.650467
224.533142
225.415054
226.296219
227.176590
228.056229
228.935074
229.813156
230.690491
231.567047
232.442856
233.317871
234.192169
235.065659
235.938431
236.810410
237.681625
238.552078
239.421753
240.290680
241.158859
242.026245
242.892883
243.758774
244.623886
245.488235
0.000000
0.948764
1.925602
2.930513
3.963498
5.024556
6.113688
7.230894
8.376174
9.549526
10.730492
11.898607
13.053875
14.196294
15.325864
16.442585
17.546457
18.637482
19.715656
20.780981
21.833460
22.873085
23.899866
24.913795
25.914879
26.903111
27.878496
28.848227
29.819490
30.792292
31.766630
32.742504
33.719913
34.698864
35.679344
36.661369
37.644920
38.630016
39.616642
40.604813
41.594513
42.585754
43.578533
44.572842
45.567745
46.562267
47.556427
48.550220
49.543640
50.536694
51.529377
52.521694
53.513638
54.505219
55.496429
56.487267
57.477741
58.467842
59.457581
60.446945
61.435944
62.420074
63.394848
64.360252
65.316307
66.262993
67.200325
68.128288
69.046890
69.956131
70.856010
71.746536
72.627701
73.499496
74.361931
75.215012
76.058723
76.893074
77.723587
78.555779
79.389626
80.225159
81.062355
81.901230
82.741776
83.583992
84.427887
85.273453
86.120689
86.969597
87.820183
88.672440
89.526367
90.381966
91.239243
92.098190
92.958801
93.821098
94.685066
95.550705
96.418007
97.286995
98.157654
99.029984
99.903984
100.779648
101.657005
102.536026
103.416710
104.299080
105.183121
106.068832
106.956215
107.845268
108.736000
109.628403
110.522484
111.418228
112.315643
113.214745
114.115509
115.017944
115.922050
116.827843
117.735298
118.644424
119.555229
120.467705
121.381859
122.297668
123.215164
124.134331
125.055168
125.977676
126.901863
127.827728
128.755249
129.684464
130.615326
131.547882
132.482117
133.417999
134.355560
135.294815
136.235718
137.178299
138.122559
139.068497
140.016083
140.965363
141.916306
142.868927
143.823227
144.779190
145.736832
146.696152
147.657135
148.619781
149.584122
150.550140
151.517807
152.487152
153.458176
154.430878
155.405243
156.381271
157.358994
158.338379
159.319427
160.302185
161.286575
162.272659
163.260391
164.249832
165.240906
166.233688
167.228134
168.224243
169.222031
170.221481
171.222610
172.225418
173.229904
174.236069
175.243881
176.253357
177.264542
178.277374
179.291885
180.308075
181.325943
182.345474
183.366699
184.389572
185.414124
186.440338
187.468231
188.497803
189.529053
190.561966
191.596558
192.632828
193.670746
194.710342
195.751633
196.794571
197.839203
198.885498
199.933456
200.983109
202.034424
203.087402
204.142075
205.198395
206.256393
207.316086
208.377441
209.440460
210.505157
211.571518
212.639572
213.709290
214.780685
215.853745
216.928467
218.004883
219.082962
220.162704
221.244125
222.327240
223.412003
224.498444
225.586548
226.676346
227.767807
228.860947
229.955750
231.052231
232.150375
233.250214
234.351715
235.454880
236.559723
237.666245
238.774414
239.884293
240.995819
242.109024
243.223907
244.340469
245.458694
246.578583
247.700165
248.823395
249.948318
251.074921
0.000000
1.645851
3.171758
4.577719
5.863736
7.082114
8.285169
9.472898
10.645302
11.802380
12.944132
14.070559
15.181659
16.277433
17.357883
18.423008
19.472805
20.507277
21.526423
22.532698
23.540838
24.553301
25.570080
26.591181
27.616602
28.646341
29.680403
30.718784
31.761484
32.808506
33.859848
34.915508
35.975491
37.039791
38.100960
39.151550
40.191555
41.220989
42.239838
43.248108
44.245796
45.232906
46.209435
47.175381
48.130749
49.075539
50.009743
50.933372
51.848721
52.769550
53.698170
54.634575
55.578766
56.530743
57.490505
58.458050
59.433388
60.416504
61.407410
62.406105
63.412579
64.426842
65.448891
66.474419
67.499107
68.522949
69.545959
70.568123
71.589447
72.609947
73.629593
74.648407
75.666382
76.683517
77.699814
78.715279
79.729889
80.743675
81.756607
82.768715
83.779984
84.790405
85.799995
86.808746
87.816658
88.823723
89.829956
90.835350
91.839905
92.843620
93.846497
94.848534
95.849731
96.850090
97.849617
98.848289
99.846146
100.843155
101.839317
102.834648
103.829140
104.822784
105.815598
106.807571
107.798714
108.789001
109.778458
110.767082
111.754860
112.741798
113.727898
114.713165
115.697594
116.681175
117.663925
118.645836
119.626900
120.607132
121.586525
122.565079
123.542786
124.519669
125.495697
126.470901
127.445259
128.418793
129.391464
130.363312
131.334320
132.304489
133.273804
134.242294
135.209961
136.176758
137.142731
138.107880
139.072159
140.035614
140.998245
141.960022
142.920959
143.881058
144.840317
145.798737
146.756332
147.713058
148.668976
149.624054
150.578293
151.531677
152.484222
153.435928
154.386810
155.336853
156.286041
157.234406
158.181931
159.128601
160.074432
161.019440
161.963608
162.906937
163.849426
164.791077
165.731888
166.671860
167.610977
168.549286
169.486740
170.423370
171.359131
172.294083
173.228180
174.161438
175.093857
176.025452
176.956207
177.886093
178.815155
179.743393
180.670792
181.597336
182.523056
183.447922
184.371964
185.295151
186.217514
187.139038
188.059708
188.979553
189.898544
190.816711
191.734070
192.650543
193.566177
194.480988
195.394974
196.308105
197.220398
198.131851
199.042465
199.952225
200.861176
201.769272
202.676529
203.582947
204.488556
205.393295
206.297195
207.200272
208.102493
209.003860
209.904419
210.804153
211.703003
212.601059
213.498230
214.394592
215.290131
216.184814
217.078644
217.971619
218.863785
219.755127
220.645615
221.535263
222.424072
223.312042
224.199158
225.085449
225.970901
226.855515
227.739288
228.622238
229.504333
230.385590
231.266022
232.145599
233.024353
233.902252
234.779312
235.655548
236.530930
237.405487
238.279190
239.152054
240.024094
240.895279
241.765640
242.635162
243.503860
244.371674
245.238693
246.104828
246.970154
247.834656
