0.971852
0.014074
0.014074
0.014074
0.971852
0.014074
0.014074
0.014074
0.971852
0.000000
1.006198
2.065714
3.178550
4.344707
5.533937
6.716003
7.890903
9.058638
10.219206
11.372608
12.518846
13.657915
14.789819
15.914557
17.032129
18.142536
19.245777
20.341852
21.430763
22.512501
23.587078
24.654491
25.714733
26.767813
27.813725
28.852470
29.884050
30.908464
31.925716
32.935795
33.938709
34.934464
35.923050
36.904469
37.878719
38.845806
39.805725
40.758480
41.704071
42.642494
43.573753
44.497841
45.414764
46.327671
47.244255
48.164871
49.089508
50.018177
50.950871
51.887596
52.828346
53.773121
54.721928
55.674759
56.631622
57.592510
58.557426
59.526371
60.499344
61.476337
62.457367
63.442421
64.431503
65.424614
66.421753
67.422913
68.428101
69.437325
70.450577
71.467850
72.489151
73.514481
74.543839
75.577232
76.614632
77.656082
78.701546
79.751045
80.804565
81.862114
82.923698
83.989304
85.058167
86.125740
87.191246
88.254684
89.316071
90.375381
91.432632
92.487823
93.540939
94.591995
95.640991
96.687927
97.732796
98.775597
99.816330
100.855003
101.891617
102.926155
103.958641
104.989067
106.017410
107.043709
108.067932
109.090096
110.110191
111.128227
112.144203
113.158112
114.169952
115.179733
116.187447
117.193100
118.196686
119.198204
120.197662
121.195061
122.190392
123.183662
124.174858
125.164032
126.151535
127.137550
128.122086
129.105118
130.086685
131.066757
132.045334
133.022430
133.998032
134.972153
135.944794
136.915924
137.885574
138.853745
139.820435
140.785614
141.749313
142.711533
143.672256
144.631500
145.589249
146.545517
147.500290
148.453583
149.405380
150.355682
151.304504
152.251862
153.197708
154.142059
155.084946
156.026321
156.966217
157.904633
158.841537
159.776993
160.710938
161.643387
162.574371
163.503601
164.430893
165.356186
166.279541
167.200897
168.120300
169.037735
169.953201
170.866699
171.778229
172.687805
173.595383
174.501022
175.404663
176.306366
177.206085
178.103836
178.999619
179.893448
180.785294
181.675171
182.563095
183.449036
184.333008
185.215012
186.095062
186.973129
187.849243
188.723373
189.595551
190.465759
191.333969
192.200256
193.064545
193.926880
194.787231
195.645630
196.502045
197.356522
198.209000
199.059525
199.908066
200.754654
201.599274
202.441925
203.282608
204.121307
204.958054
205.792831
206.625641
207.456482
208.285355
209.112259
209.937195
210.760162
211.581161
212.400192
213.217255
214.032349
214.845490
215.656631
216.465820
217.273056
218.078308
218.881607
219.682922
220.482269
221.279648
222.075073
222.868515
223.660004
224.449509
225.237045
226.022614
226.806229
227.587875
228.367538
229.145248
229.920975
230.694748
231.466537
232.236359
233.004227
233.770111
234.534058
235.296021
236.056015
236.814026
237.570084
238.324158
239.076263
239.826431
240.574600
241.320831
0.000000
0.759813
1.560043
2.400691
3.281755
4.203236
5.165134
6.167449
7.210183
8.293331
9.416898
10.580882
11.785282
13.005644
14.217513
15.420887
16.615767
17.802155
18.980045
20.149445
21.310349
22.462761
23.606678
24.742098
25.869030
26.987465
28.097406
29.198853
30.291805
31.376265
32.452232
33.519703
34.578682
35.629166
36.671154
37.704651
38.729652
39.746162
40.754173
41.753696
42.744724
43.727257
44.701294
45.666840
46.623886
47.572445
48.512505
49.444073
50.367157
51.281738
52.187820
53.085415
53.976315
54.871372
55.772392
56.679379
57.592319
58.511227
59.436092
60.366917
61.303707
62.246456
63.195164
64.149834
65.110474
66.077065
67.049614
68.028130
69.012611
70.003052
70.999451
72.001808
73.010124
74.024414
75.044647
76.070862
77.103020
78.141151
79.185242
80.235283
81.291306
82.353271
83.421204
84.495094
85.574951
86.660767
87.752541
88.850281
89.953979
91.063644
92.179253
93.300850
94.422913
95.539978
96.652039
97.759109
98.861191
99.958260
101.050331
102.137413
103.219490
104.296577
105.368660
106.435738
107.497826
108.554916
109.607010
110.654106
111.696198
112.733292
113.765396
114.792496
115.814598
116.831711
117.843811
118.850922
119.853035
120.850143
121.842262
122.829384
123.811501
124.788620
125.760742
126.727867
127.689987
128.647125
129.599243
130.546387
131.488525
132.425659
133.357803
134.285309
135.210495
136.133759
137.055084
137.974472
138.891907
139.807404
140.720963
141.632584
142.542267
143.450012
144.355804
145.259674
146.161591
147.061569
147.959610
148.855713
149.749878
150.642090
151.532379
152.420700
153.307098
154.191559
155.074081
155.954666
156.833298
157.710007
158.584763
159.457596
160.328476
161.197418
162.064407
162.929459
163.792587
164.653763
165.513016
166.370300
167.225662
168.079086
168.930573
169.784576
170.645523
171.513458
172.388382
173.270248
174.159088
175.054916
175.957703
176.867462
177.784195
178.707886
179.638565
180.576202
181.520813
182.472397
183.430954
184.396469
185.368958
186.348434
187.334854
188.328262
189.328644
190.335983
191.350296
192.371597
193.399841
194.435074
195.477280
196.526443
197.582581
198.645691
199.715759
200.792816
201.876846
202.967819
204.065796
205.170715
206.282639
207.401505
208.527344
209.660172
210.799957
211.946701
213.100418
214.261124
215.428787
216.603424
217.785019
218.973602
220.169159
221.371689
222.581161
223.797623
225.021072
226.251450
227.488831
228.733185
229.984482
231.242767
232.508026
233.780243
235.059433
236.345612
237.638733
238.938843
240.245926
241.559967
242.880997
244.208969
245.543930
246.885849
248.234756
249.590622
250.953461
252.323273
253.700043
255.000000
255.000000
255.000000
255.000000
255.000000
255.000000
255.000000
255.000000
255.000000
0.000000
2.913711
5.148143
6.703295
7.915032
9.119217
10.315852
11.504935
12.686467
13.860450
15.026879
16.185759
17.337086
18.480864
19.617090
20.745764
21.866888
22.980459
24.086481
25.184954
26.275875
27.359243
28.435064
29.503326
30.564043
31.617207
32.662819
33.700882
34.731396
35.754356
36.769760
37.777622
38.777931
39.770683
40.755890
41.733540
42.703651
43.666199
44.621201
45.568653
46.508545
47.443584
48.380344
49.319126
50.259926
51.202747
52.147587
53.094452
54.043335
54.994236
55.947155
56.902100
57.859062
58.818043
59.779045
60.742069
61.707115
62.674179
63.643265
64.614372
65.587494
66.562637
67.539803
68.518990
69.500191
70.483421
71.468666
72.455925
73.445213
74.436523
75.429840
76.425194
77.422562
78.421951
79.423355
80.426788
81.432228
82.439697
83.449127
84.460175
85.472755
86.486893
87.502571
88.519806
89.538582
90.558922
91.580795
92.604225
93.629204
94.655724
95.683800
96.713425
97.744598
98.777313
99.811584
100.847404
101.884766
102.923676
103.964149
105.006157
106.049721
107.094826
108.141487
109.189697
110.239456
111.290764
112.343613
113.398018
114.453972
115.511475
116.570526
117.631126
118.693268
119.756958
120.822205
121.888763
122.951668
124.008865
125.060364
126.106148
127.146233
128.180603
129.209290
130.232254
131.249512
132.261063
133.266922
134.267075
135.261505
136.250244
137.233292
138.210617
139.182251
140.148148
141.108383
142.062881
143.011673
143.954788
144.892181
145.823868
146.749863
147.670135
148.584702
149.493591
150.396744
151.294205
152.185974
153.072006
153.952362
154.826996
155.695938
156.559174
157.416687
158.273468
159.134460
159.999634
160.869034
161.742630
162.620422
163.502411
164.388626
165.279037
166.173660
167.072479
167.975494
168.882721
169.794144
170.709793
171.629639
172.553680
173.481918
174.414383
175.351044
176.291901
177.236954
178.186234
179.139709
180.097397
181.059280
182.025375
182.995651
183.970154
184.948853
185.931763
186.918869
187.910187
188.905701
189.905441
190.909363
191.917480
192.929825
193.946365
194.967117
195.992050
197.021225
198.054565
199.092148
200.133896
201.179871
202.230042
203.284424
204.343002
205.405807
206.472794
207.543976
208.619385
209.699005
210.782806
211.870819
212.963043
214.059464
215.160095
216.264923
217.373962
218.487198
219.604645
220.726288
221.852142
222.982208
224.116470
225.254944
226.397598
227.544479
228.695557
229.850845
231.010330
232.174011
233.341919
234.514023
235.690338
236.870834
238.055557
239.244461
240.437607
241.634933
242.836456
244.042191
245.252121
246.466278
247.684631
248.907181
250.133942
251.364899
252.600067
253.839432
255.000000
255.000000
255.000000
255.000000
255.000000
255.000000
255.000000
255.000000
255.000000
255.000000
255.000000
