0.933985
0.033007
0.033007
0.033007
0.933985
0.033007
0.033007
0.033007
0.933985
0.000000
1.097259
2.171805
3.223636
4.252754
5.259158
6.242847
7.203823
8.142083
9.057631
9.962315
10.867989
11.774652
12.682305
13.590946
14.500578
15.411198
16.322807
17.235403
18.148993
19.063570
19.979137
20.895693
21.813236
22.731771
23.651293
24.571806
25.493307
26.415798
27.339279
28.263746
29.189205
30.115656
31.043091
31.971519
32.900932
33.831337
34.762730
35.695114
36.628483
37.562847
38.498196
39.434536
40.371864
41.310181
42.249493
43.189785
44.131073
45.073353
46.016613
46.960865
47.906113
48.852345
49.798668
50.744209
51.688953
52.632908
53.576065
54.518429
55.460003
56.400787
57.340778
58.279972
59.218376
60.155987
61.092804
62.028828
62.964062
63.898495
64.832146
65.764999
66.697060
67.628334
68.558807
69.488487
70.417381
71.345482
72.272781
73.199295
74.125015
75.049950
75.974083
76.897423
77.819969
78.741730
79.662689
80.582863
81.502235
82.420822
83.338615
84.255615
85.171822
86.087234
87.001862
87.915695
88.828728
89.742096
90.656914
91.573174
92.490883
93.410049
94.330650
95.252716
96.176224
97.101181
98.027588
98.955444
99.884750
100.815506
101.747711
102.681366
103.616463
104.553017
105.491020
106.430473
107.371368
108.313721
109.257515
110.202766
111.149452
112.097603
113.047195
113.998238
114.950729
115.904671
116.860069
117.816902
118.775200
119.734932
120.696121
121.658752
122.622841
123.588379
124.555367
125.523796
126.493675
127.465012
128.437790
129.412033
130.384537
131.352158
132.314926
133.272766
134.225754
135.173859
136.117081
137.055405
137.988861
138.917450
139.841125
140.759933
141.673843
142.582901
143.487045
144.386322
145.280716
146.170242
147.054855
147.934601
148.809464
149.679459
150.544540
151.404755
152.260101
153.110550
153.956116
154.796799
155.632599
156.463516
157.289551
158.110718
158.926987
159.738388
160.544876
161.346512
162.143265
162.935104
163.722092
164.504181
165.281403
166.053741
166.821167
167.589142
168.362976
169.142700
169.928314
170.719803
171.517197
172.320465
173.129639
173.944687
174.765625
175.592438
176.425156
177.263748
178.108231
178.958603
179.814865
180.677002
181.545044
182.418976
183.298767
184.184479
185.076065
185.973526
186.876877
187.786118
188.701263
189.622269
190.549179
191.481979
192.420654
193.365219
194.315689
195.272018
196.234253
197.202377
198.176376
199.156281
200.142059
201.133728
202.131271
203.134720
204.144043
205.159256
206.180374
207.207352
208.240219
209.278992
210.323639
211.374191
212.430603
213.492920
214.561127
215.635223
216.715195
217.801056
218.892807
219.990448
221.093964
222.203384
223.318665
224.439865
225.566925
226.699890
227.838760
228.983475
230.134109
231.290604
232.453018
233.621292
234.795471
235.975525
237.161484
238.353302
239.551025
0.000000
1.009043
2.085014
3.227913
4.437740
5.714495
7.058178
8.468790
9.946329
11.490794
13.060602
14.614171
16.151497
17.672583
19.177423
20.666023
22.138380
23.594496
25.034370
26.458002
27.865395
29.256542
30.631445
31.990110
33.332535
34.658710
35.968651
37.262348
38.539799
39.801014
41.045982
42.274708
43.487194
44.683441
45.863445
47.027203
48.174725
49.306000
50.421028
51.519825
52.602371
53.668682
54.718746
55.753193
56.785679
57.821808
58.861568
59.904964
60.951996
62.002663
63.056965
64.114899
65.176476
66.241684
67.310532
68.383011
69.459122
70.538864
71.622261
72.709282
73.799927
74.894226
75.992149
77.093712
78.198906
79.307739
80.420204
81.536316
82.656052
83.779427
84.906425
86.037079
87.171356
88.309265
89.450821
90.596008
91.744827
92.896843
94.049438
95.202156
96.355019
97.508011
98.661133
99.814392
100.967781
102.121307
103.274963
104.428757
105.582687
106.736740
107.890930
109.045258
110.199715
111.354309
112.509033
113.663895
114.818886
115.974014
117.129280
118.284668
119.440193
120.595856
121.751656
122.907585
124.063637
125.219833
126.376160
127.532616
128.689209
129.845947
131.002808
132.158966
133.312393
134.462982
135.610764
136.755692
137.897812
139.037094
140.173538
141.307175
142.437958
143.565933
144.691071
145.813370
146.932861
148.049500
149.163315
150.274307
151.382477
152.487808
153.590317
154.690002
155.786835
156.880859
157.972061
159.060410
160.145950
161.228653
162.308517
163.385559
164.459778
165.531174
166.599731
167.665451
168.728363
169.786087
170.836258
171.878906
172.914017
173.941589
174.961609
175.974106
176.979065
177.976486
178.966370
179.948700
180.923508
181.890778
182.850510
183.802704
184.747360
185.684479
186.614059
187.536102
188.450607
189.357574
190.257004
191.148911
192.033264
192.910080
193.779358
194.641098
195.495316
196.341980
197.181122
198.012711
198.836761
199.653275
200.462265
201.263702
202.057617
202.843979
203.622818
204.394119
205.157883
205.914093
206.662781
207.403915
208.137527
208.863602
209.582138
210.293121
210.996582
211.692505
212.380875
213.061737
213.735031
214.400803
215.059036
215.709747
216.352890
216.988510
217.616608
218.237137
218.850159
219.455627
220.053543
220.643967
221.226822
221.802139
222.369919
222.930176
223.482880
224.028046
224.565689
225.095779
225.618332
226.133362
226.640839
227.140793
227.633194
228.118073
228.595398
229.065201
229.527481
229.982193
230.429382
230.869019
231.301132
231.725708
232.142731
232.552231
232.954193
233.348602
233.735489
234.114868
234.486664
234.850922
235.207672
235.556870
235.898514
236.232651
236.559235
236.878281
237.189789
237.493759
237.790207
238.079117
238.360458
238.634277
238.900574
239.159317
239.410538
239.654205
239.890335
240.118927
0.000000
2.985850
5.433435
7.342755
8.975741
10.594331
12.198522
13.788313
15.363706
16.924698
18.471291
20.003487
21.521284
23.024679
24.513678
25.988274
27.448471
28.894272
30.325670
31.742670
33.145275
34.533478
35.907280
37.266682
38.611691
39.942295
41.258503
42.560307
43.847717
45.120724
46.379333
47.631630
48.885708
50.141563
51.399197
52.658607
53.919800
55.182766
56.447510
57.714035
58.982338
60.252422
61.524277
62.797916
64.073334
65.350517
66.629494
67.910248
69.192772
70.477081
71.763161
73.051025
74.340668
75.632088
76.925285
78.220261
79.517014
80.815536
82.113998
83.410507
84.705093
85.997734
87.288437
88.577209
89.864037
91.148941
92.431892
93.712921
94.991997
96.269150
97.544357
98.817635
100.088974
101.358376
102.625847
103.891365
105.154968
106.416618
107.676338
108.934113
110.189957
111.443871
112.695839
113.945869
115.193970
116.441261
117.688904
118.936890
120.185211
121.433876
122.682884
123.932236
125.181931
126.431961
127.682327
128.933060
130.184113
131.435532
132.687271
133.939346
135.191772
136.444534
137.697647
138.951111
140.204910
141.459030
142.713516
143.968353
145.223495
146.479004
147.734863
148.991043
150.243042
151.486298
152.720856
153.946671
155.163773
156.372162
157.571793
158.762711
159.944931
161.118408
162.283157
163.439163
164.586487
165.725052
166.854904
167.976044
169.088440
170.192108
171.287064
172.373276
173.450775
174.519577
175.579620
176.630951
177.673553
178.707428
179.732590
180.749023
181.756729
182.755707
183.745956
184.727478
185.700287
186.664383
187.619736
188.566376
189.504288
190.433456
191.353912
192.265640
193.168655
194.062943
194.948486
195.825333
196.693436
197.552826
198.403503
199.245422
200.078629
200.903122
201.718872
202.525925
203.324234
204.113831
204.894684
205.666824
206.430237
207.184921
207.930893
208.668106
209.396637
210.116425
210.827499
211.529831
212.223450
212.908325
213.584503
214.251923
214.910660
215.560638
216.201920
216.834457
217.458267
218.073364
218.679718
219.277390
219.866302
220.446487
221.017975
221.580704
222.134735
222.680023
223.216583
223.744446
224.263550
224.773956
225.275620
225.768570
226.252792
226.728302
227.195068
227.653107
228.102432
228.543030
228.974899
229.398056
229.812485
230.218185
230.615158
231.003403
231.382935
231.753723
232.115799
232.469162
232.813782
233.149689
233.476868
233.795319
234.105042
234.406052
234.698334
234.981888
235.256699
235.522812
235.780182
236.028839
236.268768
236.499985
236.722443
236.936203
237.141235
237.337540
237.525131
237.703979
237.874115
238.035522
238.188217
238.332153
238.467392
238.593903
238.711685
238.820740
238.921082
239.012695
239.095581
239.169724
239.235168
239.291885
239.339874
239.379135
239.409668
239.431473
239.444565
239.448929
