0.979829
0.010086
0.010086
0.010086
0.979829
0.010086
0.010086
0.010086
0.979829
0.000000
1.049101
2.759753
4.395002
5.954849
7.439292
8.848333
10.181972
11.440207
12.623040
13.730471
14.762499
15.719124
16.638796
17.559975
18.482656
19.406841
20.332529
21.259718
22.188412
23.118607
24.050308
24.983511
25.918215
26.854424
27.792135
28.731350
29.672068
30.614288
31.558014
32.503239
33.449970
34.398201
35.347939
36.299179
37.251919
38.206165
39.161915
40.119167
41.077915
42.038177
42.999935
43.963200
44.927963
45.894234
46.862003
47.831280
48.802059
49.774342
50.748127
51.723419
52.700203
53.678501
54.658295
55.639595
56.622398
57.606705
58.592514
59.579826
60.568638
61.558956
62.550781
63.544052
64.537483
65.530556
66.523277
67.515633
68.507652
69.499298
70.490585
71.481522
72.472107
73.462326
74.452194
75.441696
76.430855
77.419655
78.408096
79.396179
80.383904
81.371277
82.358284
83.344948
84.331245
85.317184
86.302780
87.288002
88.272881
89.257401
90.241562
91.225365
92.208817
93.191910
94.174637
95.157021
96.139038
97.120705
98.102013
99.082970
100.063560
101.043800
102.023689
103.003212
103.982376
104.961189
105.939644
106.917740
107.895485
108.872871
109.849899
110.826569
111.802887
112.779175
113.757339
114.737701
115.720268
116.705040
117.692009
118.681183
119.672554
120.666138
121.661919
122.659897
123.660080
124.662468
125.667053
126.673851
127.682846
128.694031
129.707443
130.723038
131.740829
132.760834
133.783035
134.807449
135.834061
136.862885
137.893906
138.927109
139.962524
141.000153
142.039978
143.082001
144.126236
145.172668
146.221298
147.272125
148.325165
149.380417
150.437851
151.497498
152.559341
153.623383
154.689636
155.758102
156.828735
157.901611
158.976654
160.053940
161.133392
162.215057
163.298935
164.383530
165.465240
166.543915
167.619522
168.692078
169.761612
170.828079
171.891495
172.951889
174.009216
175.063492
176.114731
177.162903
178.208054
179.250153
180.289185
181.325195
182.358139
183.388046
184.414902
185.438705
186.459457
187.477173
188.491837
189.503448
190.512024
191.517532
192.520004
193.519440
194.515808
195.509140
196.499420
197.486649
198.470840
199.451981
200.430069
201.405121
202.377106
203.346054
204.311966
205.274826
206.234619
207.191376
208.145081
209.095764
210.043365
210.987930
211.929443
212.867920
213.803360
214.734680
215.660904
216.582031
217.498016
218.408905
219.314667
220.215332
221.110886
222.001297
222.886612
223.766800
224.641876
225.511856
226.376694
227.236435
228.091064
228.940567
229.784958
230.624252
231.458405
232.287445
233.111374
233.930206
234.743912
235.552490
236.355972
237.154327
237.947586
238.735718
239.518723
240.296631
241.069412
241.837082
242.599640
243.357071
244.109406
244.856628
245.598709
246.335709
247.067581
247.794327
248.515961
249.232483
249.943893
0.000000
0.000000
0.000000
0.433817
1.922885
3.376743
4.795391
6.178830
7.527059
8.840078
10.117887
11.360486
12.567874
13.740054
14.877024
15.978785
17.045334
18.076675
19.089828
20.101822
21.112656
22.122330
23.130842
24.138195
25.144386
26.149420
27.153292
28.156002
29.157553
30.157944
31.157173
32.155243
33.152149
34.147900
35.142490
36.135918
37.128185
38.119293
39.109238
40.098026
41.085648
42.072117
43.057419
44.041565
45.024548
46.006374
46.987038
47.966537
48.944885
49.922062
50.898087
51.872948
52.846645
53.819187
54.790565
55.760792
56.729847
57.697746
58.664482
59.630062
60.594475
61.557739
62.519833
63.480770
64.440552
65.399162
66.356621
67.313133
68.270020
69.227509
70.185577
71.144249
72.103523
73.063393
74.023842
74.984901
75.946548
76.908791
77.871628
78.835060
79.799095
80.763710
81.728935
82.694740
83.661148
84.628143
85.595741
86.563934
87.532722
88.502106
89.472084
90.442657
91.413818
92.385574
93.357933
94.330879
95.304428
96.278564
97.253304
98.228638
99.204559
100.181076
101.158188
102.135902
103.114197
104.093102
105.072601
106.052689
107.033363
108.014648
108.996513
109.978989
110.962044
111.945702
112.929955
113.914803
114.900238
115.886459
116.873650
117.861801
118.850914
119.840996
120.832031
121.824043
122.817017
123.810951
124.805862
125.801727
126.798561
127.796356
128.795105
129.794830
130.795517
131.797180
132.799805
133.803375
134.807922
135.813431
136.819916
137.827362
138.835770
139.845123
140.855469
141.866760
142.879028
143.892258
144.906433
145.921600
146.937714
147.954803
148.972855
149.991882
151.011841
152.032791
153.054688
154.077560
155.101410
156.126221
157.151978
158.178696
159.206406
160.235062
161.264694
162.295273
163.326828
164.359360
165.392639
166.425690
167.458298
168.490448
169.522156
170.553436
171.584274
172.614655
173.644623
174.674118
175.703186
176.731812
177.759995
178.787735
179.815033
180.841888
181.868301
182.894272
183.919815
184.944901
185.969559
186.993759
188.017532
189.040863
190.063736
191.086182
192.108170
193.129745
194.150848
195.171524
196.191757
197.211548
198.230896
199.249817
200.268280
201.286301
202.303879
203.321030
204.337723
205.353989
206.369797
207.385178
208.400116
209.414612
210.428650
211.442276
212.455429
213.468155
214.480438
215.492279
216.496384
217.485458
218.459534
219.418579
220.362579
221.291565
222.205536
223.104477
223.988403
224.857300
225.711166
226.550018
227.373840
228.182648
228.976425
229.755188
230.518921
231.267609
232.001312
232.719971
233.423599
234.112213
234.785797
235.444366
236.087906
236.716431
237.329926
237.928391
238.511841
239.080261
239.633667
240.172043
240.695389
241.203735
241.697037
242.175308
242.638565
243.086807
243.520004
243.938202
0.000000
1.544477
3.039488
4.485031
5.881108
7.227716
8.524859
9.772532
10.970741
12.119482
13.218756
14.292768
15.365733
16.437651
17.508518
18.578335
19.647104
20.714823
21.781492
22.847113
23.911684
24.975204
26.037678
27.099096
28.159472
29.218798
30.277069
31.334295
32.390472
33.445595
34.499676
35.552700
36.604683
37.655613
38.705490
39.754322
40.802105
41.848835
42.894516
43.939152
44.982735
46.025265
47.066753
48.107185
49.146572
50.184910
51.222195
52.258434
53.293625
54.327763
55.360855
56.392899
57.423885
58.453831
59.482723
60.510563
61.537361
62.563503
63.589390
64.615013
65.640388
66.665497
67.690361
68.714966
69.739304
70.763397
71.787231
72.810814
73.834129
74.857193
75.879997
76.902542
77.924843
78.946884
79.968658
80.990181
82.011452
83.032463
84.053223
85.073715
86.093964
87.113945
88.133682
89.153152
90.172371
91.191330
92.210030
93.228477
94.246658
95.264595
96.282272
97.299690
98.316864
99.333771
100.350418
101.366821
102.382957
103.398834
104.414467
105.429840
106.444946
107.459801
108.474403
109.490143
110.508423
111.529236
112.552582
113.578468
114.606888
115.637848
116.671341
117.707375
118.745949
119.787056
120.830688
121.876862
122.925575
123.976830
125.030617
126.086937
127.145798
128.207184
129.271133
130.337601
131.406601
132.478149
133.552216
134.628830
135.707993
136.789673
137.873886
138.960648
140.049942
141.141769
142.236145
143.333054
144.432480
145.534470
146.638977
147.746033
148.855621
149.967743
151.082397
152.199585
153.319321
154.441605
155.566406
156.693741
157.823624
158.951797
160.074020
161.190308
162.300674
163.405090
164.503571
165.596100
166.682693
167.763351
168.838058
169.906830
170.969666
172.026550
173.077515
174.122528
175.161606
176.194717
177.221909
178.243179
179.258484
180.267853
181.271286
182.268768
183.260315
184.245941
185.225601
186.199341
187.167114
188.128967
189.084869
190.034851
190.978882
191.916977
192.849121
193.775330
194.695587
195.609909
196.518311
197.420746
198.317261
199.207825
200.092453
200.971146
201.843887
202.710693
203.571548
204.431610
205.296005
206.164734
207.037796
207.915207
208.796936
209.683014
210.573410
211.468155
212.367218
213.270630
214.178360
215.090439
216.006836
216.927597
217.852676
218.782074
219.715820
220.653915
221.596329
222.543091
223.494156
224.449585
225.409332
226.373413
227.341843
228.314590
229.291687
230.273117
231.258881
232.248962
233.243408
234.242172
235.245255
236.252686
237.264465
238.280563
239.300995
240.325760
241.354874
242.388306
243.426086
244.468185
245.514633
246.565399
247.620529
248.679962
249.743744
250.811844
251.884293
252.961090
254.042206
255.000000
255.000000
255.000000
255.000000
255.000000
255.000000
255.000000
255.000000
255.000000
