0.985252
0.007374
0.007374
0.007374
0.985252
0.007374
0.007374
0.007374
0.985252
0.000000
0.933131
1.897005
2.891620
3.916979
4.973079
6.059922
7.177507
8.325836
9.504906
10.714718
11.934111
13.141926
14.338161
15.522817
16.695892
17.857389
19.007305
20.145643
21.272402
22.387579
23.491179
24.583195
25.663637
26.732496
27.789778
28.835478
29.869600
30.892141
31.903103
32.902485
33.890289
34.866516
35.831158
36.784222
37.725708
38.655613
39.573936
40.480686
41.375854
42.259441
43.131451
43.992435
44.854752
45.723446
46.598515
47.479958
48.367783
49.261982
50.162556
51.069511
51.982838
52.902546
53.828625
54.761089
55.699924
56.645138
57.596729
58.554691
59.519035
60.489758
61.466854
62.450325
63.440174
64.436401
65.439003
66.447983
67.463341
68.485077
69.513184
70.547668
71.588539
72.635780
73.689392
74.748558
75.808296
76.867798
77.927055
78.986061
80.044815
81.103325
82.161591
83.219604
84.277382
85.334908
86.392181
87.449211
88.505997
89.562531
90.618828
91.674866
92.730667
93.786209
94.841515
95.896568
96.951378
98.005936
99.060249
100.114319
101.168144
102.221718
103.275047
104.328133
105.380959
106.433540
107.485878
108.536362
109.581078
110.619850
111.652672
112.679543
113.700462
114.715439
115.724464
116.727539
117.724670
118.715843
119.701080
120.680351
121.653687
122.621071
123.582504
124.537987
125.487526
126.431114
127.368752
128.300446
129.226181
130.145981
131.059814
131.967712
132.869659
133.765656
134.655701
135.539810
136.417953
137.290161
138.156403
139.016907
139.871841
140.721237
141.565079
142.403366
143.236099
144.063263
144.884888
145.700958
146.511475
147.316437
148.115845
148.909698
149.697983
150.480728
151.257919
152.029556
152.795624
153.556152
154.311111
155.060547
155.804413
156.542709
157.275482
158.002670
158.724304
159.440399
160.150955
160.855927
161.555359
162.249222
162.937546
163.620316
164.297531
164.969193
165.635300
166.295837
166.950836
167.600281
168.244171
168.882507
169.515274
170.142502
170.764175
171.380295
171.990860
172.595856
173.195312
173.789200
174.377548
174.960358
175.537582
176.109268
176.675400
177.235977
177.790985
178.340454
178.884369
179.422729
179.955521
180.482773
181.004471
181.520599
182.031189
182.536224
183.035706
183.529633
184.018005
184.500824
184.978073
185.449783
185.915939
186.376526
186.831573
187.281067
187.725006
188.163376
188.596207
189.023483
189.445206
189.861374
190.271973
190.677032
191.076538
191.470474
191.858887
192.241714
192.619003
192.990738
193.356918
193.717529
194.072601
194.422119
194.766068
195.104477
195.437332
195.764633
196.086380
196.402557
196.713196
197.018280
197.317810
197.611771
197.900192
198.183044
198.460373
198.732117
198.998322
199.258972
199.514053
199.763596
200.007584
200.246002
200.478882
200.706207
200.927979
201.144180
201.354843
0.000000
0.569825
1.205499
1.907024
2.674398
3.507622
4.406695
5.371618
6.402392
7.499014
8.661487
9.889808
11.183981
12.544003
13.969874
15.418102
16.845200
18.251165
19.635998
20.999699
22.342266
23.663702
24.964003
26.243174
27.501213
28.738117
29.953890
31.148531
32.322037
33.474415
34.605656
35.715767
36.804749
37.872589
38.919304
39.944885
40.949329
41.932652
42.894833
43.835884
44.755798
45.654587
46.532242
47.388763
48.224148
49.038406
49.840424
50.651951
51.473980
52.306507
53.149529
54.003056
54.867077
55.741600
56.626617
57.522133
58.428150
59.344666
60.271679
61.209190
62.157196
63.115707
64.084717
65.064217
66.054222
67.054718
68.065727
69.087227
70.119217
71.161713
72.214714
73.278198
74.352188
75.436684
76.531670
77.637161
78.753143
79.877602
80.998360
82.113388
83.222687
84.326256
85.424095
86.516205
87.602600
88.683243
89.758179
90.827377
91.890839
92.948586
94.000595
95.046883
96.087433
97.122261
98.151360
99.174728
100.192368
101.204285
102.210472
103.210930
104.205650
105.194649
106.177917
107.155457
108.127274
109.093353
110.053711
111.008339
111.957359
112.903778
113.848793
114.792419
115.734634
116.675461
117.614883
118.552910
119.489532
120.424767
121.358589
122.291023
123.222054
124.151688
125.079926
126.006767
126.932198
127.856239
128.778870
129.700134
130.619965
131.538406
132.455444
133.371109
134.285355
135.198212
136.109650
137.019699
137.928375
138.835617
139.741486
140.645935
141.548401
142.448242
143.345490
144.240112
145.132126
146.021561
146.908356
147.792572
148.674149
149.553131
150.429520
151.303284
152.174454
153.042999
153.908951
154.772293
155.633026
156.491135
157.346649
158.199554
159.049866
159.897552
160.742630
161.585098
162.424973
163.262238
164.096878
164.928940
165.758362
166.585190
167.409409
168.231018
169.050018
169.866425
170.680222
171.491394
172.299957
173.105927
173.909286
174.710037
175.508179
176.303711
177.096634
177.886948
178.674667
179.459763
180.242264
181.022156
181.799423
182.574097
183.346146
184.115616
184.882446
185.646698
186.408325
187.167343
187.923767
188.677567
189.428772
190.177368
190.923355
191.666733
192.407501
193.145660
193.881226
194.614151
195.344498
196.072235
196.797333
197.519867
198.239777
198.957047
199.671753
200.383835
201.093292
201.800186
202.504440
203.206070
203.905121
204.601562
205.295380
205.986618
206.675232
207.361221
208.044617
208.725403
209.403580
210.079147
210.752121
211.422485
212.090210
212.755356
213.417892
214.077805
214.735138
215.389832
216.041931
216.691422
217.338333
217.982605
218.624283
219.263321
219.899796
220.533630
221.164886
221.793488
222.419510
223.042923
223.663757
224.281952
224.897522
225.510513
226.120895
226.728668
227.333817
227.936356
0.000000
0.920201
1.895982
2.927344
4.014286
5.156809
6.354911
7.574916
8.783148
9.979606
11.164289
12.337200
13.498335
14.647697
15.785284
16.911097
18.025139
19.127401
20.217894
21.296612
22.363554
23.418722
24.462116
25.493738
26.513584
27.521658
28.517956
29.502481
30.475231
31.436207
32.385410
33.322838
34.248493
35.162846
36.076393
36.993412
37.913914
38.837891
39.765347
40.696278
41.630688
42.568577
43.509941
44.454784
45.403103
46.354900
47.310177
48.268932
49.231163
50.196873
51.166054
52.138721
53.114864
54.094482
55.077579
56.064152
57.054203
58.047733
59.044743
60.045227
61.049107
62.055878
63.065456
64.077843
65.093040
66.111038
67.131859
68.155487
69.181915
70.211151
71.243195
72.278061
73.315720
74.356194
75.399475
76.445564
77.494461
78.546173
79.600693
80.658012
81.718147
82.781090
83.846840
84.915398
85.986763
87.060944
88.137924
89.214104
90.280678
91.337227
92.383766
93.420280
94.446785
95.463264
96.469727
97.466179
98.452606
99.429024
100.395416
101.351791
102.298157
103.234497
104.160828
105.077133
105.983421
106.879692
107.765953
108.642189
109.508415
110.364624
111.210808
112.046974
112.873123
113.689262
114.500313
115.311165
116.121834
116.932327
117.742630
118.552765
119.362709
120.172470
120.982048
121.791451
122.600670
123.409706
124.218567
125.027237
125.835724
126.644035
127.452164
128.260117
129.067871
129.875458
130.682861
131.490082
132.297104
133.103973
133.910629
134.717133
135.523438
136.329575
137.135529
137.941299
138.746872
139.552277
140.357498
141.162537
141.967392
142.772064
143.576553
144.380875
145.184998
145.988937
146.792709
147.596283
148.399704
149.202911
150.005951
150.808807
151.611481
152.413986
153.216293
154.018433
154.820374
155.622131
156.423706
157.225143
158.026352
158.827393
159.628250
160.428909
161.229416
162.029724
162.829865
163.629807
164.429581
165.229156
166.028564
166.827789
167.626816
168.425690
169.224365
170.022842
170.821167
171.619293
172.417252
173.215012
174.012604
174.810013
175.607239
176.404266
177.201157
177.997833
178.794312
179.590637
180.386765
181.182709
181.978485
182.774063
183.569489
184.364716
185.159744
185.954605
186.749283
187.543777
188.338089
189.132233
189.926178
190.719940
191.513535
192.306946
193.100159
193.893219
194.686081
195.478745
196.271271
197.063568
197.855698
198.647659
199.439423
200.231018
201.022415
201.813644
202.604691
203.395554
204.186234
204.976730
205.767044
206.557190
207.347137
208.136902
208.926498
209.715912
210.505142
211.294189
212.083038
212.871719
213.660217
214.448547
215.236679
216.024628
216.812393
217.599991
218.387405
219.174622
219.961670
220.748535
221.535233
222.321716
223.108032
223.894165
224.680130
225.465897
226.251480
227.036911
