0.974145
0.012928
0.012928
0.012928
0.974145
0.012928
0.012928
0.012928
0.974145
0.000000
0.728902
1.472480
2.230733
3.003663
3.791267
4.593548
5.410504
6.242136
7.088444
7.949427
8.825086
9.715420
10.620429
11.540115
12.474477
13.423514
14.387228
15.365616
16.358681
17.366419
18.388834
19.417913
20.445650
21.472040
22.497084
23.520784
24.543139
25.564146
26.583811
27.602129
28.619102
29.634731
30.649012
31.661949
32.673542
33.683788
34.692688
35.700245
36.706455
37.711319
38.714840
39.717014
40.717842
41.717331
42.715469
43.712261
44.707710
45.701813
46.694569
47.685982
48.676052
49.664772
50.652149
51.638180
52.622860
53.606209
54.588196
55.568848
56.548157
57.526115
58.502731
59.477997
60.451920
61.424503
62.395737
63.365620
64.334167
65.301369
66.267212
67.231720
68.194878
69.156746
70.118324
71.080032
72.041878
73.003853
73.965958
74.928200
75.890572
76.853073
77.815712
78.778481
79.741379
80.704407
81.667572
82.630875
83.594299
84.557869
85.521553
86.485382
87.449341
88.413429
89.377647
90.342010
91.306496
92.271111
93.235863
94.200745
95.165756
96.130905
97.096184
98.061600
99.027138
99.992821
100.958618
101.924561
102.890633
103.856842
104.823181
105.789650
106.756241
107.722984
108.689850
109.656845
110.623970
111.591225
112.558624
113.526161
114.493813
115.461601
116.429520
117.397575
118.365891
119.335236
120.305740
121.277405
122.250229
123.224213
124.199356
125.175659
126.153114
127.131737
128.111526
129.092468
130.074554
131.057816
132.042236
133.027802
134.014542
135.002441
135.991501
136.981705
137.973083
138.965607
139.959305
140.954163
141.950165
142.947342
143.945663
144.945160
145.945801
146.947617
147.950577
148.954697
149.959991
150.966431
151.974030
152.982803
153.992706
155.003799
156.016037
157.029449
158.044006
159.059723
160.076599
161.094635
162.113831
163.134186
164.155701
165.178391
166.202209
167.227203
168.253357
169.279510
170.302780
171.323029
172.340302
173.354568
174.365829
175.374100
176.379364
177.381622
178.380875
179.377136
180.370392
181.360657
182.347916
183.332169
184.313416
185.291656
186.266922
187.239166
188.208420
189.174652
190.137909
191.098145
192.055389
193.009628
193.960861
194.909103
195.854340
196.796585
197.735809
198.672043
199.605270
200.535507
201.462723
202.386963
203.308182
204.226410
205.141632
206.053848
206.963074
207.869293
208.772522
209.672729
210.569946
211.464157
212.355377
213.243591
214.128799
215.011002
215.890213
216.766418
217.636917
218.499039
219.352753
220.198090
221.035019
221.863556
222.683701
223.495453
224.298798
225.093765
225.880341
226.658508
227.428284
228.189667
228.942657
229.687241
230.423447
231.151260
231.870667
232.581696
233.284317
233.978561
234.664383
235.341827
236.010864
236.671524
237.323792
237.967651
238.603119
239.230209
239.848892
0.000000
1.006579
2.015027
3.025346
4.037535
5.051594
6.067523
7.085321
8.104992
9.126530
10.149940
11.175220
12.202368
13.231388
14.262278
15.295036
16.329668
17.366167
18.404537
19.444777
20.486885
21.530867
22.576715
23.624434
24.674025
25.725485
26.778816
27.834013
28.891085
29.949030
31.006847
32.064541
33.122108
34.179554
35.236870
36.294064
37.351131
38.408077
39.464893
40.521587
41.578159
42.634605
43.690926
44.747120
45.803192
46.859131
47.914955
48.970646
50.026222
51.081669
52.136986
53.192184
54.247257
55.302200
56.357025
57.411720
58.466293
59.520741
60.575058
61.629257
62.683331
63.737278
64.791100
65.844795
66.898376
67.951820
69.005142
70.058334
71.111412
72.164360
73.217186
74.269890
75.322456
76.374908
77.427269
78.479767
79.532433
80.585274
81.638283
82.691475
83.744827
84.798363
85.852058
86.905945
87.959991
89.014206
90.068604
91.123169
92.177902
93.232819
94.287895
95.343155
96.398575
97.454178
98.509956
99.565895
100.622009
101.678307
102.734772
103.791397
104.848206
105.905190
106.962341
108.019661
109.077156
110.134827
111.192673
112.250687
113.308868
114.367233
115.425758
116.484467
117.543335
118.602379
119.661613
120.721001
121.780563
122.840302
123.900208
124.960297
126.020096
127.079102
128.137344
129.194809
130.251511
131.307434
132.362595
133.416977
134.470596
135.523438
136.575516
137.626801
138.677322
139.727097
140.776077
141.824295
142.871735
143.918396
144.964310
146.009430
147.053802
148.097382
149.140198
150.182251
151.223511
152.264023
153.303741
154.342697
155.380890
156.418304
157.454941
158.490829
159.525925
160.560257
161.593826
162.626602
163.658615
164.689865
165.720337
166.750046
167.778976
168.807144
169.834534
170.861145
171.886993
172.911743
173.933273
174.951309
175.965805
176.976776
177.984238
178.988159
179.988556
180.985428
181.978790
182.968597
183.954910
184.937668
185.916931
186.892654
187.864853
188.833511
189.798660
190.760284
191.718384
192.672943
193.623993
194.571518
195.515518
196.455994
197.392929
198.326340
199.256241
200.182602
201.105453
202.024780
202.940567
203.852829
204.761581
205.666794
206.568497
207.466644
208.361298
209.252411
210.139999
211.024078
211.904617
212.781616
213.655121
214.525085
215.391541
216.246597
217.082458
217.899094
218.696518
219.474731
220.233719
220.973511
221.694077
222.395432
223.077545
223.740479
224.384171
225.008667
225.613937
226.200012
226.766846
227.314468
227.842880
228.352097
228.842072
229.312851
229.764404
230.196747
230.609848
231.003769
231.378464
231.733932
232.070206
232.387253
232.685089
232.963699
233.223114
233.463287
233.684265
233.886017
234.068558
234.231888
234.376007
234.500900
234.606583
234.693054
234.760315
234.808350
234.837173
234.846771
0.000001
1.285461
2.562000
3.829617
5.088313
6.338087
7.578939
8.810870
10.033880
11.247969
12.453135
13.649379
14.836703
16.015102
17.184582
18.349909
19.515856
20.682419
21.849600
23.017399
24.185812
25.354847
26.524498
27.694765
28.865652
30.037157
31.209276
32.382015
33.555374
34.729347
35.903934
37.079144
38.254971
39.431419
40.608479
41.786156
42.964455
44.143364
45.322899
46.503048
47.683815
48.865200
50.047199
51.229824
52.413059
53.596912
54.781384
55.966473
57.152184
58.338509
59.525452
60.713009
61.901188
63.089981
64.279396
65.469421
66.660065
67.850746
69.040863
70.230431
71.419426
72.607864
73.795746
74.983070
76.169830
77.356033
78.541687
79.726776
80.911301
82.095268
83.278679
84.461525
85.643814
86.825554
88.006729
89.187340
90.367393
91.546890
92.725830
93.904205
95.082024
96.259293
97.435989
98.612137
99.787712
100.962738
102.137199
103.311104
104.484451
105.657234
106.829475
108.001144
109.172256
110.342804
111.512802
112.682228
113.851112
115.019417
116.187187
117.353050
118.515732
119.675217
120.831512
121.984604
123.134506
124.281204
125.424713
126.565025
127.702133
128.836060
129.966782
131.094299
132.218628
133.339767
134.457703
135.572433
136.683990
137.792343
138.897491
139.999451
141.098206
142.193787
143.286148
144.375320
145.461304
146.544083
147.623657
148.700058
149.773254
150.843246
151.910049
152.973633
154.034058
155.091263
156.145279
157.196106
158.243729
159.288147
160.329391
161.367416
162.402252
163.432297
164.456009
165.473343
166.484329
167.488953
168.487198
169.479095
170.464645
171.443817
172.416626
173.383087
174.343185
175.296921
176.244308
177.185318
178.119965
179.048279
179.970215
180.885788
181.794998
182.697861
183.594360
184.484482
185.368256
186.245667
187.116714
187.981415
188.839737
189.691711
190.537338
191.376572
192.209473
193.036011
193.856186
194.669998
195.477448
196.278534
197.073257
197.861649
198.643646
199.419281
200.188583
200.949463
201.699829
202.439713
203.169098
203.887970
204.596359
205.294266
205.981659
206.658569
207.324982
207.980881
208.626312
209.261230
209.885681
210.499603
211.103058
211.695999
212.278458
212.850418
213.411865
213.962845
214.503326
215.033310
215.552780
216.061768
216.560272
217.048279
217.525772
217.992798
218.449310
218.895340
219.330856
219.755890
220.170425
220.574478
220.968018
221.351089
221.723648
222.085709
222.437286
222.778351
223.108932
223.429031
223.738617
224.037704
224.326324
224.604431
224.872040
225.129166
225.375793
225.611923
225.837555
226.052704
226.257339
226.451492
226.635147
226.808304
226.970993
227.123154
227.264832
227.396011
227.516708
227.626907
227.726593
227.815796
227.894516
227.962738
228.020447
228.067688
228.104401
228.130661
228.146378
228.151642
