0.943705
0.028147
0.028147
0.028147
0.943705
0.028147
0.028147
0.028147
0.943705
0.000000
0.000000
0.939518
1.972110
3.002788
4.031553
5.058405
6.083342
7.106368
8.127479
9.146677
10.163962
11.179335
12.192791
13.204337
14.213969
15.221688
16.227493
17.231386
18.233364
19.233429
20.231579
21.227818
22.222143
23.214554
24.205053
25.193638
26.180309
27.165068
28.147913
29.128845
30.107862
31.084969
32.060165
33.033436
34.004803
34.974255
35.941792
36.907421
37.871132
38.832928
39.792812
40.750790
41.706848
42.660988
43.613220
44.563541
45.511944
46.458439
47.403015
48.347565
49.293976
50.242252
51.192390
52.144390
53.098251
54.053978
55.011559
55.971008
56.932316
57.895489
58.860516
59.827408
60.796169
61.766785
62.739262
63.713604
64.689812
65.667870
66.647804
67.629585
68.613235
69.598747
70.586121
71.575356
72.566444
73.559410
74.554230
75.550903
76.549454
77.549858
78.552124
79.556252
80.562241
81.570099
82.579811
83.591385
84.604820
85.620125
86.637283
87.656311
88.677193
89.699936
90.724548
91.751015
92.779350
93.809547
94.841606
95.875511
96.911293
97.948761
98.986832
100.025337
101.064270
102.103638
103.143425
104.183662
105.224319
106.265411
107.306923
108.348885
109.391266
110.434082
111.477325
112.521004
113.565117
114.609650
115.654625
116.700020
117.745865
118.792130
119.838821
120.885948
121.933502
122.981499
124.029915
125.078766
126.128044
127.177765
128.227905
129.278488
130.329498
131.380936
132.432800
133.485107
134.537827
135.591003
136.644592
137.698624
138.753082
139.807968
140.863281
141.919037
142.975220
144.031815
145.088882
146.146347
147.204254
148.262589
149.321365
150.380569
151.438400
152.493164
153.544800
154.593353
155.638779
156.681091
157.720322
158.756424
159.789429
160.819336
161.846115
162.869797
163.890381
164.907837
165.922195
166.933456
167.941589
168.946640
169.948578
170.947388
171.943115
172.935715
173.925232
174.911606
175.894897
176.875076
177.852142
178.826111
179.796967
180.764725
181.729370
182.690903
183.649338
184.604660
185.556870
186.505966
187.451965
188.394867
189.334656
190.271332
191.204910
192.135345
193.062714
193.986969
194.908112
195.826141
196.741074
197.652878
198.561600
199.467194
200.370651
201.277481
202.188660
203.104156
204.024017
204.948212
205.876724
206.809586
207.746780
208.688309
209.634186
210.584396
211.538940
212.497818
213.461044
214.428604
215.400497
216.376724
217.357300
218.342209
219.331451
220.325043
221.322952
222.325226
223.331802
224.342743
225.358002
226.377609
227.401566
228.429855
229.462463
230.499420
231.540710
232.586334
233.636322
234.690628
235.749268
236.812241
237.879562
238.951218
240.027206
241.107529
242.192215
243.281219
244.374557
245.472244
246.574234
247.680603
248.791290
249.906311
251.025681
252.037811
252.831177
253.405762
253.761551
0.000000
1.034648
2.069607
3.104877
4.140457
5.176348
6.212550
7.249062
8.285886
9.323019
10.360463
11.398218
12.436283
13.474659
14.513346
15.552346
16.591654
17.631275
18.671202
19.711445
20.751993
21.792856
22.834028
23.875511
24.917307
25.959412
27.001825
28.044554
29.087589
30.130936
31.174593
32.218563
33.262840
34.307430
35.352337
36.397549
37.443069
38.488903
39.535042
40.581501
41.628262
42.675335
43.722721
44.770424
45.818848
46.868412
47.919113
48.970963
50.023952
51.078079
52.133350
53.189758
54.247314
55.306007
56.365841
57.426819
58.488934
59.552189
60.616592
61.682133
62.748814
63.816635
64.885605
65.955704
67.026962
68.099335
69.172874
70.247543
71.323357
72.400307
73.478401
74.557640
75.638008
76.719528
77.802185
78.885986
79.970917
81.057007
82.144226
83.232597
84.322098
85.412743
86.504532
87.597466
88.691536
89.786743
90.883095
91.980583
93.079231
94.179001
95.279915
96.381981
97.485184
98.589516
99.695007
100.801620
101.909279
103.015549
104.119453
105.220978
106.320129
107.416908
108.511307
109.603340
110.693001
111.780289
112.865204
113.947746
115.027916
116.105705
117.181129
118.254173
119.324852
120.393158
121.459091
122.522644
123.583832
124.642647
125.699081
126.753151
127.804832
128.854156
129.901108
130.945679
131.987885
133.027710
134.065170
135.100250
136.132950
137.163284
138.191254
139.216843
140.240067
141.260910
142.279388
143.295471
144.309204
145.320557
146.329544
147.336151
148.340378
149.342239
150.341736
151.338852
152.333588
153.325958
154.315948
155.303574
156.288834
157.271866
158.253647
159.234329
160.213928
161.192429
162.169830
163.146133
164.121353
165.095474
166.068497
167.040421
168.011246
168.980988
169.949631
170.917191
171.883636
172.848999
173.813263
174.776443
175.738525
176.699493
177.659378
178.618164
179.575867
180.532455
181.487976
182.442383
183.395706
184.347931
185.299042
186.249084
187.198013
188.145859
189.092590
190.038254
190.982819
191.926270
192.868652
193.809921
194.750092
195.689178
196.627167
197.564056
198.499863
199.434570
200.368179
201.300690
202.232117
203.162415
204.091660
205.019791
205.946823
206.872772
207.797577
208.721100
209.643326
210.564270
211.483932
212.402298
213.319366
214.235168
215.149673
216.062897
216.974838
217.885483
218.794830
219.702896
220.609680
221.515198
222.419403
223.322327
224.223984
225.124329
226.023392
226.921158
227.817657
228.712875
229.606781
230.499420
231.390762
232.280823
233.169586
234.057068
234.943283
235.828186
236.711807
237.594147
238.475204
239.354965
240.233444
241.110641
241.986542
242.861160
243.734482
244.606522
245.477280
246.346756
247.214935
248.081833
248.947449
249.811752
250.674805
251.536545
252.397003
253.256180
254.114075
254.974503
0.000000
0.988741
1.985672
2.990793
4.004104
5.025603
6.055293
7.093173
8.139242
9.193501
10.255949
11.326587
12.405415
13.492432
14.587641
15.691037
16.802624
17.922401
19.050367
20.186523
21.330868
22.483402
23.644127
24.813042
25.990145
27.175438
28.368923
29.570595
30.780457
31.998512
33.224754
34.459187
35.701813
36.952621
38.211624
39.478813
40.748390
42.014557
43.277309
44.536648
45.792576
47.045086
48.294186
49.539871
50.782143
52.021004
53.256447
54.488480
55.717098
56.942299
58.164093
59.382477
60.597439
61.808990
63.017128
64.221855
65.423172
66.621063
67.815552
69.006622
70.194283
71.378525
72.559357
73.736778
74.910774
76.081375
77.248550
78.412315
79.572662
80.729599
81.883125
83.033234
84.179939
85.323219
86.463089
87.599556
88.732597
89.862228
90.988441
92.111252
93.230644
94.346619
95.459183
96.568336
97.674065
98.776398
99.875298
100.970795
102.062889
103.151558
104.237213
105.320274
106.400711
107.478554
108.553787
109.626404
110.696419
111.763824
112.828621
113.890808
114.950401
116.007370
117.061737
118.113503
119.162651
120.209198
121.253128
122.294464
123.333183
124.369286
125.402794
126.433693
127.461990
128.487671
129.510742
130.531204
131.549057
132.564316
133.576965
134.587006
135.594421
136.599243
137.601456
138.601059
139.598068
140.592453
141.584229
142.573410
143.559982
144.543930
145.525269
146.504028
147.480148
148.453690
149.424606
150.392914
151.358612
152.321716
153.282196
154.240082
155.195358
156.148010
157.098068
158.045532
158.991089
159.935455
160.878662
161.820663
162.761520
163.701172
164.639648
165.576950
166.513062
167.448013
168.381775
169.314377
170.245773
171.176010
172.105042
173.032928
173.959625
174.885132
175.809448
176.732605
177.654587
178.575378
179.494995
180.413437
181.330688
182.246780
183.161682
184.075394
184.987930
185.899292
186.809479
187.718491
188.626312
189.532959
190.438431
191.342712
192.245819
193.147751
194.048508
194.948090
195.846481
196.743683
197.639725
198.534576
199.428253
200.320755
201.212082
202.102219
202.991165
203.878952
204.765564
205.650986
206.535233
207.418304
208.299530
209.178223
210.054413
210.928085
211.799240
212.667877
213.533981
214.397583
215.258667
216.117233
216.973282
217.826813
218.677826
219.526321
220.372299
221.215775
222.056717
222.895142
223.731049
224.564453
225.395340
226.223694
227.049530
227.872864
228.693680
229.511978
230.327744
231.141006
231.951736
232.759979
233.565674
234.368866
235.169556
235.967697
236.763336
237.556458
238.347076
239.135147
239.920731
240.703781
241.484329
242.262360
243.037842
243.810852
244.581314
245.349258
246.114700
246.877609
247.638016
248.395905
249.151276
249.904129
250.654465
251.402283
252.055542
252.522141
252.802094
252.895416
