0.817835
0.091083
0.091083
0.091083
0.817835
0.091083
0.091083
0.091083
0.817835
0.000000
0.717630
1.449154
2.194571
2.953882
3.727087
4.514184
5.315176
6.130061
6.958839
7.801510
8.658075
9.528534
10.412887
11.311131
12.223270
13.149304
14.089231
15.043050
16.010761
16.985146
17.958988
18.932283
19.905033
20.877235
21.848894
22.820005
23.790573
24.760592
25.730068
26.698997
27.667381
28.635218
29.602510
30.569258
31.535458
32.501110
33.466221
34.430786
35.394806
36.358273
37.321198
38.283577
39.245411
40.206703
41.167446
42.127640
43.087296
44.046402
45.004959
45.962971
46.920441
47.877361
48.833740
49.789574
50.744858
51.699596
52.653793
53.607441
54.560543
55.513100
56.465111
57.416576
58.367493
59.317871
60.267700
61.216980
62.165718
63.113907
64.061554
65.008652
65.955162
66.900085
67.843018
68.783966
69.722931
70.659897
71.594887
72.527878
73.458893
74.387901
75.314941
76.239975
77.163033
78.084091
79.003174
79.920258
80.835358
81.748474
82.659592
83.568733
84.475883
85.381035
86.284203
87.185387
88.084579
88.981789
89.877007
90.770226
91.661469
92.550720
93.437981
94.323257
95.206543
96.087845
96.967155
97.844475
98.719810
99.593147
100.464508
101.333878
102.201256
103.066643
103.930046
104.791458
105.650887
106.508331
107.363770
108.217232
109.068710
109.918190
110.765686
111.611198
112.454895
113.297913
114.140427
114.982430
115.823936
116.664932
117.505424
118.345421
119.184906
120.023888
120.862366
121.700340
122.537819
123.374779
124.211243
125.047203
125.882652
126.717606
127.552055
128.386002
129.219437
130.052368
130.884811
131.716736
132.548172
133.379074
134.209503
135.039398
135.868805
136.697708
137.526108
138.354004
139.181396
140.008286
140.834671
141.660553
142.485931
143.310806
144.135178
144.959030
145.782394
146.605255
147.427597
148.249435
149.070786
149.891617
150.711960
151.531799
152.351120
153.169952
153.988266
154.806091
155.624969
156.448776
157.277679
158.111679
158.950760
159.794952
160.644226
161.498596
162.358047
163.222626
164.092285
164.967026
165.846878
166.731796
167.621841
168.516953
169.417175
170.322495
171.232895
172.148407
173.069016
173.994705
174.925476
175.861359
176.802338
177.748398
178.699570
179.655823
180.617172
181.583618
182.555161
183.531799
184.513519
185.500351
186.492264
187.489273
188.491379
189.498566
190.510864
191.528244
192.550751
193.578323
194.610977
195.648758
196.691605
197.739563
198.792618
199.850769
200.913986
201.982330
203.055756
204.134277
205.233307
206.368301
207.539230
208.746094
209.988922
211.267700
212.582413
213.933075
215.319687
216.742233
218.200745
219.695175
221.225571
222.791931
224.394196
226.032440
227.706619
229.416733
231.162796
232.944809
234.762772
236.616684
238.506546
240.432327
242.394073
244.391769
246.425415
248.494995
250.600525
0.000000
0.000000
0.000000
1.855539
3.826499
5.753026
7.635118
9.472778
11.266005
13.014796
14.719155
16.379082
17.994574
19.565628
21.092255
22.574444
24.030186
25.477453
26.916245
28.346567
29.768415
31.181791
32.586693
33.983124
35.371082
36.750568
38.121582
39.484123
40.838188
42.183784
43.520908
44.849556
46.169735
47.481441
48.784679
50.079437
51.365723
52.643539
53.912884
55.173752
56.426151
57.670071
58.905525
60.132504
61.351013
62.561047
63.762608
64.955696
66.140312
67.316460
68.484138
69.643333
70.794060
71.936310
73.070091
74.195412
75.313515
76.432083
77.552391
78.674438
79.798218
80.923737
82.050987
83.179977
84.310699
85.443161
86.577362
87.713287
88.850952
89.990356
91.131500
92.274368
93.418983
94.565331
95.713417
96.863235
98.014793
99.168083
100.323105
101.479874
102.638374
103.798607
104.960571
106.124275
107.289719
108.456894
109.625809
110.796463
111.968849
113.142967
114.318825
115.496414
116.675751
117.856819
119.039619
120.224152
121.410431
122.597534
123.784569
124.971527
126.158409
127.345215
128.531952
129.718613
130.905212
132.091721
133.278168
134.464539
135.650818
136.837051
138.023193
139.209274
140.395279
141.581207
142.767059
143.952850
145.138550
146.324188
147.509735
148.695236
149.880646
151.065979
152.251251
153.436447
154.621582
155.806610
156.991592
158.176483
159.361328
160.546066
161.730759
162.915344
164.099884
165.284348
166.468735
167.653046
168.837280
170.020386
171.196121
172.363419
173.522278
174.672714
175.814728
176.948303
178.073425
179.190140
180.298431
181.398270
182.489670
183.572647
184.647202
185.713318
186.770996
187.820251
188.861069
189.893463
190.917404
191.932922
192.940033
193.938690
194.928925
195.910706
196.884064
197.848999
198.805496
199.753571
200.693192
201.624405
202.547180
203.461517
204.367416
205.264893
206.153931
207.034531
207.906723
208.770462
209.625778
210.472656
211.311798
212.143890
212.968948
213.786957
214.597900
215.401810
216.198669
216.988495
217.771255
218.546982
219.315659
220.077271
220.831848
221.579391
222.319885
223.053314
223.779709
224.499054
225.211365
225.916611
226.614807
227.305969
227.990097
228.667160
229.337158
230.000137
230.656067
231.304947
231.946777
232.581573
233.209290
233.829987
234.443634
235.050232
235.649780
236.242294
236.827744
237.406158
237.977524
238.541840
239.099106
239.649323
240.192505
240.728638
241.257721
241.779755
242.294739
242.802689
243.303574
243.797424
244.284225
244.763977
245.236679
245.702362
246.160965
246.612534
247.057037
247.494522
247.924942
248.348343
248.764664
249.173950
249.576187
249.971375
250.359543
250.740631
251.114685
251.481689
251.841644
252.194565
252.540421
252.879242
253.211014
253.535736
253.853424
254.164047
254.467636
254.764175
0.000004
4.943480
9.773911
14.491293
19.095631
23.586918
27.965160
32.230354
36.382504
40.421604
44.347660
48.160667
51.860622
55.447536
58.921406
62.282227
65.532097
68.679741
71.726074
74.671112
77.514854
80.257286
82.898415
85.438240
87.876762
90.213982
92.449898
94.584511
96.617821
98.549828
100.380531
102.111961
103.810936
105.509865
107.208755
108.907600
110.606392
112.305145
114.003853
115.702515
117.401138
119.099709
120.798233
122.496712
124.195152
125.893539
127.591881
129.310333
131.090485
132.933624
134.839706
136.808762
138.840759
140.935730
143.093658
145.314575
147.598434
149.945251
152.355042
154.827789
157.363495
159.962173
162.609528
165.173309
167.621368
169.953690
172.170303
174.271194
176.256332
178.125778
179.879486
181.517471
183.039749
184.446304
185.737106
186.912201
187.971573
188.915222
189.798523
190.676834
191.550186
192.418549
193.281937
194.140350
194.993790
195.842255
196.685730
197.524231
198.357773
199.186325
200.009918
200.828506
201.642136
202.450790
203.254471
204.053177
204.846893
205.635635
206.419403
207.198196
207.972015
208.740860
209.504715
210.263596
211.017517
211.766449
212.510406
213.249390
213.983398
214.712433
215.436493
216.155563
216.869675
217.578781
218.282928
218.982117
219.676300
220.365524
221.049759
221.729034
222.403320
223.072632
223.736984
224.396332
225.050720
225.700134
226.344574
226.984024
227.618500
228.248001
228.872543
229.492096
230.106659
230.716263
231.320892
231.920532
232.515198
233.104889
233.689606
234.269348
234.844116
235.413910
235.978714
236.538559
237.093399
237.643295
238.188202
238.728119
239.263062
239.793060
240.318054
240.838089
241.353134
241.863190
242.368286
242.868423
243.363571
243.853729
244.338928
244.819138
245.294373
245.764633
246.229919
246.690231
247.145569
247.595917
248.041290
248.481689
248.917130
249.347580
249.773056
250.193542
250.609070
251.019608
251.425186
251.825790
252.221390
252.612045
252.997696
253.378403
253.754089
254.124832
254.490585
254.851379
255.207199
255.558029
255.903870
256.244751
256.580658
256.911560
257.237488
257.558502
257.874512
258.185516
258.491547
258.792633
259.088715
259.379822
259.665955
255.000000
255.000000
255.000000
255.000000
255.000000
255.000000
255.000000
255.000000
255.000000
255.000000
255.000000
255.000000
255.000000
255.000000
255.000000
255.000000
255.000000
255.000000
255.000000
255.000000
255.000000
255.000000
255.000000
255.000000
255.000000
255.000000
255.000000
255.000000
255.000000
255.000000
255.000000
255.000000
255.000000
255.000000
255.000000
255.000000
255.000000
255.000000
255.000000
255.000000
255.000000
255.000000
255.000000
255.000000
255.000000
255.000000
255.000000
255.000000
255.000000
255.000000
255.000000
255.000000
255.000000
255.000000
255.000000
255.000000
255.000000
