0.992960
0.003520
0.003520
0.003520
0.992960
0.003520
0.003520
0.003520
0.992960
0.000000
0.763923
1.531551
2.302881
3.077915
3.856652
4.639092
5.425235
6.215081
7.008631
7.805883
8.606839
9.411498
10.219859
11.031925
11.847694
12.667166
13.490341
14.317219
15.147799
15.982083
16.820070
17.661760
18.507154
19.356249
20.209053
21.065554
21.925758
22.789669
23.657284
24.528595
25.403616
26.282339
27.164764
28.050892
28.940722
29.834259
30.731497
31.632437
32.537079
33.445431
34.357479
35.273232
36.192688
37.115849
38.042709
38.973274
39.907543
40.845516
41.787193
42.732571
43.681656
44.634438
45.590927
46.551117
47.515015
48.482609
49.453911
50.428913
51.407619
52.390030
53.376141
54.365959
55.359482
56.356701
57.357632
58.362263
59.370590
60.382626
61.398365
62.417809
63.440952
64.467796
65.498352
66.532608
67.570557
68.612221
69.657585
70.706650
71.759422
72.815895
73.876068
74.939949
76.007538
77.078819
78.153809
79.232498
80.314896
81.400993
82.490791
83.584297
84.681503
85.782410
86.887032
87.995346
89.107368
90.223099
91.342514
92.465645
93.592476
94.723022
95.857262
96.995201
98.136848
99.282188
100.431244
101.583992
102.740456
103.900620
105.064484
106.232048
107.403320
108.578293
109.756966
110.939346
112.125435
113.315216
114.508713
115.705902
116.906799
118.111397
119.319702
120.531700
121.747414
122.966820
124.189934
125.416763
126.638573
127.846634
129.040939
130.221512
131.388321
132.541382
133.680725
134.806305
135.918152
137.016235
138.100586
139.171188
140.228058
141.271179
142.300537
143.316162
144.318054
145.306183
146.280579
147.241211
148.188126
149.121277
150.040695
150.946365
151.838287
152.716919
153.597336
154.486816
155.385376
156.293015
157.209717
158.135529
159.070374
160.014328
160.967346
161.929443
162.900604
163.880844
164.870178
165.868561
166.876038
167.892578
168.918198
169.952896
170.996689
172.049545
173.111481
174.182465
175.262558
176.351715
177.449951
178.555603
179.653564
180.740189
181.815430
182.879288
183.931793
184.972916
186.002670
187.021057
188.028076
189.023712
190.007980
190.980881
191.942413
192.892578
193.831375
194.758774
195.674835
196.579498
197.472809
198.354736
199.225296
200.084503
200.932327
201.768784
202.593857
203.411865
204.240463
205.081558
205.935165
206.801254
207.679855
208.570953
209.474564
210.390671
211.319275
212.260376
213.213989
214.180099
215.158691
216.149811
217.153427
218.169540
219.198135
220.239258
221.292877
222.358978
223.437607
224.528717
225.632339
226.748459
227.877075
229.011154
230.136185
231.251724
232.357773
233.454315
234.541382
235.618942
236.687012
237.745575
238.794662
239.834259
240.864349
241.884964
242.896072
243.897675
244.889801
245.872437
246.845581
247.809219
248.763367
249.708023
250.643188
251.568863
252.485031
253.391724
254.288925
0.000000
0.866787
1.736515
2.609186
3.484800
4.363355
5.244853
6.129293
7.016676
7.907001
8.800267
9.696476
10.595628
11.497722
12.402758
13.310736
14.221657
15.135520
16.052324
16.972073
17.894762
18.820395
19.748968
20.680483
21.614941
22.552343
23.492685
24.435972
25.382198
26.331369
27.283480
28.238537
29.196535
30.157473
31.121353
32.088177
33.057945
34.030651
35.006302
35.984894
36.966431
37.950905
38.938328
39.928688
40.921993
41.918236
42.917427
43.919556
44.924629
45.932644
46.943604
47.957500
48.974346
49.994125
51.016857
52.042522
53.071136
54.102688
55.137184
56.174622
57.215000
58.258324
59.304588
60.353794
61.405949
62.461040
63.519073
64.580048
65.643967
66.710831
67.780632
68.853378
69.929062
71.007690
72.089272
73.173782
74.261230
75.351639
76.444977
77.541260
78.640480
79.742653
80.847763
81.955818
83.066811
84.180740
85.297623
86.417450
87.540207
88.665916
89.794563
90.926155
92.060684
93.198158
94.338577
95.481934
96.628235
97.777489
98.929672
100.084793
101.242867
102.403885
103.567841
104.734741
105.904572
107.077354
108.253082
109.431740
110.613350
111.797905
112.985405
114.170029
115.345985
116.513275
117.671898
118.821854
119.963135
121.095749
122.219696
123.334976
124.441582
125.539520
126.628792
127.709381
128.781326
129.844574
130.899170
131.945099
132.982346
134.010941
135.030869
136.042114
137.044678
138.038589
139.023819
140.000397
140.968307
141.927536
142.878098
143.819992
144.759369
145.702377
146.649002
147.599243
148.553146
149.510651
150.471802
151.436569
152.404953
153.376999
154.352646
155.331924
156.314835
157.301376
158.291534
159.285339
160.282761
161.283798
162.288483
163.296783
164.308731
165.324295
166.343475
167.366287
168.392731
169.422821
170.456512
171.493851
172.534805
173.574982
174.609909
175.639603
176.664093
177.683334
178.697357
179.706161
180.709717
181.708054
182.701172
183.689056
184.671722
185.649139
186.621353
187.588333
188.550079
189.506592
190.457901
191.403961
192.344803
193.280411
194.210800
195.135956
196.055893
196.970596
197.880066
198.784317
199.683334
200.577133
201.471497
202.372269
203.279404
204.192947
205.112854
206.039154
206.971832
207.910919
208.856384
209.808228
210.766464
211.731079
212.702087
213.679474
214.663254
215.653412
216.649963
217.652893
218.662216
219.677933
220.700012
221.728500
222.763367
223.804611
224.852249
225.906265
226.966690
228.033478
229.106659
230.176285
231.232391
232.275024
233.304153
234.319778
235.321899
236.310532
237.285675
238.247299
239.195419
240.130066
241.051193
241.958817
242.852951
243.733597
244.600723
245.454346
246.294479
247.121124
247.934265
248.733887
249.520035
250.292679
251.051819
251.797455
252.529602
253.248230
253.953384
254.645020
0.000000
0.858599
1.721726
2.589380
3.461562
4.338272
5.219508
6.105272
6.995565
7.890384
8.789731
9.693605
10.602008
11.514937
12.432395
13.354379
14.280892
15.211933
16.147499
17.087595
18.032217
18.981367
19.935045
20.893250
21.855982
22.823244
23.795031
24.771345
25.752190
26.737560
27.727457
28.721884
29.720839
30.724318
31.732325
32.744862
33.761925
34.783516
35.809631
36.840282
37.875450
38.915157
39.959385
41.008141
42.061424
43.119236
44.181576
45.248440
46.319832
47.395756
48.476204
49.561176
50.650684
51.744717
52.843273
53.946362
55.053974
56.166115
57.282784
58.403984
59.529709
60.659958
61.794739
62.934048
64.077881
65.226250
66.379143
67.536560
68.698502
69.864975
71.035973
72.211502
73.391548
74.576134
75.765244
76.958885
78.157051
79.359741
80.566963
81.778709
82.994987
84.215790
85.436539
86.652641
87.864105
89.070930
90.273117
91.470657
92.663559
93.851822
95.035446
96.214424
97.388763
98.558464
99.723518
100.883942
102.039719
103.190857
104.337357
105.479210
106.616417
107.748993
108.876923
110.000221
111.118874
112.232880
113.342255
114.446983
115.547073
116.642525
117.733330
118.819496
119.901031
120.977905
122.050156
123.117767
124.180725
125.239044
126.292732
127.341774
128.386169
129.425934
130.461060
131.491531
132.517700
133.541504
134.563278
135.583008
136.600693
137.616348
138.629974
139.641556
140.651093
141.658600
142.664078
143.667511
144.668915
145.668274
146.665588
147.660889
148.654129
149.645355
150.634521
151.621674
152.606766
153.589844
154.570877
155.549866
156.526825
157.501740
158.474625
159.445496
160.414307
161.381073
162.345810
163.308517
164.269165
165.227814
166.184402
167.138962
168.091476
169.041962
169.990402
170.936813
171.881180
172.823517
173.763824
174.702484
175.639938
176.576157
177.511154
178.444931
179.377472
180.308807
181.238907
182.167786
183.095444
184.021866
184.947083
185.871048
186.793808
187.715347
188.635666
189.554749
190.472626
191.389252
192.304672
193.218872
194.131821
195.043579
195.954102
196.863388
197.771469
198.678314
199.583939
200.488342
201.391525
202.293488
203.194199
204.093719
204.991989
205.889069
206.784882
207.679504
208.572891
209.465057
210.356003
211.245712
212.134201
213.021744
213.910034
214.799393
215.689774
216.581207
217.473648
218.367157
219.261703
220.157288
221.053894
221.951553
222.850250
223.749969
224.650757
225.552567
226.455414
227.359314
228.264221
229.170197
230.077194
230.985245
231.894318
232.804443
233.715607
234.627808
235.541046
236.455322
237.370636
238.286987
239.204391
240.122818
241.042282
241.962799
242.884354
243.806931
244.730545
245.655228
246.580933
247.507675
248.435440
249.364258
250.294113
251.225021
252.040009
252.622131
252.971405
253.087830
