0.929417
0.035291
0.035291
0.035291
0.929417
0.035291
0.035291
0.035291
0.929417
0.000000
0.882457
1.797267
2.744430
3.723946
4.735814
5.762294
6.785645
7.805867
8.822959
9.836923
10.847755
11.855461
12.860036
13.861482
14.859797
15.854985
16.847044
17.835972
18.821770
19.804438
20.783978
21.760387
22.733671
23.703825
24.670847
25.634741
26.595505
27.553139
28.507643
29.459019
30.407267
31.352385
32.294373
33.233234
34.168961
35.101562
36.031033
36.957371
37.880581
38.800667
39.717625
40.631443
41.542141
42.449703
43.354141
44.255451
45.153625
46.048672
46.940590
47.829380
48.715038
49.597569
50.476971
51.353241
52.226379
53.096397
53.963284
54.827034
55.688408
56.552025
57.418621
58.288204
59.160778
60.036335
60.914879
61.796410
62.680927
63.568432
64.458923
65.352394
66.248871
67.148315
68.050751
68.956177
69.864586
70.775986
71.690369
72.607735
73.528099
74.451439
75.377769
76.307091
77.239395
78.174690
79.112961
80.054230
80.998474
81.945709
82.895943
83.849152
84.805344
85.764526
86.726700
87.691856
88.660004
89.631134
90.605255
91.582352
92.562439
93.545525
94.531586
95.520638
96.512672
97.507690
98.505699
99.506706
100.510689
101.517654
102.527618
103.540550
104.556488
105.575401
106.596184
107.617714
108.639977
109.662987
110.686745
111.711250
112.736496
113.762482
114.789207
115.816681
116.844902
117.873871
118.903572
119.934021
120.965218
121.997154
123.029831
124.063255
125.097420
126.132332
127.167992
128.204391
129.241516
130.279419
131.318054
132.357422
133.397522
134.438400
135.479996
136.522339
137.565445
138.609268
139.653839
140.699173
141.745239
142.792053
143.839615
144.887894
145.936951
146.986725
148.037262
149.088531
150.140549
151.193314
152.246796
153.301041
154.356049
155.411789
156.468246
157.525467
158.583435
159.642136
160.701599
161.760818
162.814041
163.860321
164.899643
165.931992
166.957382
167.975830
168.987305
169.991821
170.989380
171.979965
172.963623
173.940292
174.910004
175.872757
176.828552
177.777405
178.719269
179.654190
180.582153
181.503159
182.417191
183.324265
184.224396
185.117538
186.003738
186.882980
187.755264
188.620590
189.478943
190.330338
191.174774
192.012253
192.842789
193.666336
194.482941
195.292587
196.095261
196.890976
197.679749
198.461548
199.236374
200.004272
200.765198
201.519150
202.266159
203.006195
203.739273
204.465393
205.184555
205.896759
206.601990
207.300278
207.991592
208.691864
209.416992
210.166992
210.941833
211.741562
212.566132
213.415543
214.289841
215.188995
216.112991
217.061859
218.035599
219.034180
220.057617
221.105942
222.179092
223.277130
224.400009
225.547745
226.720367
227.917831
229.140152
230.387344
231.659393
232.956284
234.278061
235.624680
236.996155
238.392487
239.813690
241.259750
242.730667
244.226456
245.747101
247.292603
248.862961
0.000000
0.873460
1.852061
2.935802
4.124683
5.418705
6.817866
8.264359
9.700377
11.125921
12.540990
13.945584
15.339703
16.723347
18.096514
19.459208
20.811428
22.153170
23.484438
24.805233
26.115551
27.415392
28.704758
29.983652
31.252073
32.510014
33.757484
34.994476
36.220993
37.437035
38.642605
39.837692
41.022312
42.196453
43.360119
44.513313
45.656029
46.788269
47.910038
49.021324
50.122150
51.212490
52.292358
53.361748
54.420666
55.469105
56.507072
57.534565
58.553116
59.572002
60.592754
61.615372
62.639858
63.666214
64.694443
65.724525
66.756485
67.790306
68.826004
69.863564
70.902992
71.944290
72.987450
74.032486
75.079384
76.128151
77.178787
78.231285
79.285660
80.341896
81.400002
82.459969
83.521812
84.585526
85.651100
86.718544
87.787857
88.859039
89.932083
91.007004
92.083778
93.162430
94.242950
95.325333
96.409584
97.495705
98.583702
99.673553
100.765274
101.858871
102.954704
104.053192
105.154305
106.258049
107.364433
108.473450
109.585091
110.699387
111.816307
112.935860
114.058044
115.182869
116.310333
117.440422
118.573151
119.708519
120.846512
121.987144
123.130409
124.276314
125.424850
126.576019
127.729828
128.886276
130.045349
131.207047
132.371399
133.538376
134.707993
135.880234
137.055115
138.232635
139.412781
140.595566
141.781006
142.969040
144.159729
145.353073
146.549011
147.747620
148.948853
150.151657
151.349655
152.541779
153.728027
154.908432
156.082947
157.251602
158.414383
159.571289
160.722336
161.867508
163.006821
164.140244
165.267822
166.389511
167.505341
168.615311
169.719406
170.817627
171.909973
172.996475
174.077103
175.151840
176.220718
177.283722
178.340881
179.392151
180.437546
181.477081
182.510742
183.538544
184.560471
185.576538
186.586716
187.591049
188.589508
189.582092
190.568802
191.549652
192.524628
193.493729
194.456970
195.415222
196.369339
197.319366
198.265274
199.207062
200.144745
201.078308
202.007751
202.933075
203.854309
204.771408
205.684402
206.593292
207.498047
208.398697
209.295227
210.187653
211.075974
211.960144
212.840225
213.716202
214.588043
215.455780
216.319412
217.178909
218.034302
218.885590
219.732758
220.575806
221.414749
222.249557
223.080261
223.906860
224.729355
225.547699
226.361954
227.172104
227.978119
228.780045
229.577820
230.371506
231.161072
231.946518
232.727859
233.505081
234.278198
235.047180
235.812057
236.572845
237.329483
238.082031
238.830460
239.574753
240.314957
241.051041
241.783005
242.510864
243.234604
243.954224
244.669739
245.381134
246.088409
246.791580
247.490631
248.185562
248.876404
249.563095
250.245697
250.924194
251.598557
252.268814
252.934952
253.596985
254.254883
254.908676
255.000000
255.000000
255.000000
255.000000
255.000000
255.000000
255.000000
255.000000
0.000000
3.574708
5.813391
7.377044
8.926679
10.462290
11.983877
13.491440
14.984980
16.464493
17.929983
19.381449
20.818893
22.242311
23.651705
25.047073
26.428421
27.795740
29.149038
30.488314
31.813564
33.124790
34.421989
35.705170
36.974323
38.229450
39.470554
40.697636
41.910690
43.109726
44.294731
45.465717
46.622677
47.765614
48.894520
50.009411
51.110870
52.212002
53.318165
54.429359
55.545582
56.666840
57.793125
58.924442
60.060791
61.202168
62.348579
63.500019
64.656494
65.817993
66.984520
68.156090
69.332687
70.514313
71.700974
72.892662
74.089378
75.291138
76.497910
77.709732
78.926567
80.148445
81.375351
82.607285
83.844254
85.086258
86.333282
87.585342
88.842438
90.104568
91.371780
92.644501
93.922798
95.206657
96.496086
97.791092
99.091652
100.397797
101.709503
103.026772
104.349617
105.678040
107.012016
108.351570
109.696693
111.047386
112.403641
113.765472
115.132866
116.505836
117.884377
119.268478
120.658150
122.053398
123.454208
124.860588
126.272537
127.690048
129.113144
130.541809
131.976044
133.415833
134.861191
136.312119
137.764038
139.205765
140.636765
142.057053
143.466629
144.865494
146.253632
147.631058
148.997787
150.353775
151.699081
153.033646
154.357513
155.670654
156.973083
158.264801
159.545807
160.816101
162.075668
163.324524
164.562668
165.790085
167.006821
168.212814
169.408096
170.592667
171.766525
172.929672
174.082108
175.223831
176.354828
177.475098
178.584671
179.683548
180.772415
181.852020
182.922348
183.983429
185.035217
186.077744
187.111023
188.135025
189.149750
190.155212
191.151413
192.138351
193.115997
194.084412
195.043533
195.993408
196.933990
197.865326
198.787384
199.700180
200.603714
201.497971
202.382965
203.258698
204.125153
204.982361
205.830276
206.668930
207.498322
208.318451
209.129318
209.930908
210.723221
211.506287
212.280075
213.044601
213.799866
214.545853
215.282578
216.010040
216.728226
217.437149
218.136795
218.827194
219.508316
220.180161
220.842758
221.496078
222.140121
222.774902
223.400436
224.016678
224.623672
225.221390
225.809845
226.389023
226.958939
227.519592
228.070969
228.613098
229.145950
229.669525
230.183838
230.688889
231.184677
231.671188
232.148438
232.616425
233.075134
233.524582
233.964752
234.395676
234.817307
235.229691
235.632797
236.026657
236.411224
236.786545
237.152588
237.509369
237.856873
238.195114
238.524094
238.843811
239.154236
239.455429
239.747330
240.029968
240.303360
240.567459
240.822311
241.067871
241.304184
241.531219
241.748993
241.957489
242.156738
242.346710
242.527420
242.698853
242.861023
243.013916
243.157578
243.291931
243.417038
243.532883
243.639450
243.736740
243.824768
243.903549
243.973053
244.033279
244.084244
244.125961
244.158386
244.181549
244.195450
244.200104
