0.764100
0.117950
0.117950
0.117950
0.764100
0.117950
0.117950
0.117950
0.764100
0.000000
0.138705
1.620173
2.964164
4.170678
5.239714
6.171273
6.965354
7.621958
8.141084
8.595318
9.057240
9.526852
10.004152
10.489143
10.981824
11.482194
11.990253
12.506003
13.029441
13.560570
14.099386
14.645894
15.200090
15.761978
16.331554
16.908819
17.493774
18.086418
18.686750
19.294775
19.910486
20.533894
21.164986
21.803766
22.450239
23.104401
23.766251
24.435789
25.113020
25.797937
26.490545
27.190844
27.898832
28.614510
29.337875
30.068933
30.807678
31.554115
32.308243
33.070053
33.839558
34.616753
35.401638
36.194210
36.994473
37.802425
38.618065
39.441399
40.269474
41.096252
41.921539
42.745335
43.567642
44.388458
45.207783
46.025620
46.841965
47.656818
48.470184
49.282059
50.092445
50.901340
51.708744
52.514656
53.319080
54.122017
54.923462
55.723415
56.521877
57.318851
58.114342
58.908329
59.700836
60.491848
61.281372
62.069405
62.855946
63.640999
64.424561
65.206627
65.987213
66.766312
67.543907
68.320023
69.094643
69.867775
70.639420
71.409569
72.178230
72.945396
73.711082
74.475273
75.237968
75.999184
76.758904
77.517136
78.273872
79.030197
79.790565
80.555458
81.324867
82.098801
82.877243
83.660217
84.447708
85.239716
86.036247
86.837296
87.642868
88.452950
89.267563
90.086693
90.910339
91.738510
92.571198
93.408401
94.250130
95.096382
95.947144
96.802437
97.662239
98.526573
99.395416
100.268776
101.146667
102.029068
102.916000
103.807449
104.703415
105.603897
106.508904
107.418427
108.332474
109.251038
110.174126
111.101730
112.033859
112.970497
113.911667
114.857346
115.807556
116.762276
117.721512
118.685280
119.653564
120.626366
121.602974
122.576790
123.546181
124.511177
125.471764
126.427940
127.379715
128.327072
129.270020
130.208572
131.142715
132.072449
132.997772
133.918671
134.835190
135.747284
136.654984
137.558273
138.457153
139.351608
140.241669
141.127335
142.008575
142.885422
143.757858
144.625870
145.489487
146.348694
147.203491
148.053894
148.899872
149.741455
150.578613
151.411377
152.239731
153.063675
153.883209
154.698349
155.509064
156.315369
157.117279
157.914780
158.707870
159.496567
160.280838
161.060715
161.836166
162.607224
163.373871
164.136887
164.922195
165.742386
166.597412
167.487289
168.412033
169.371643
170.366104
171.395432
172.459610
173.558655
174.692535
175.861298
177.064911
178.303360
179.576691
180.884888
182.227921
183.605820
185.018585
186.466187
187.948654
189.465988
191.018188
192.605240
194.227142
195.883896
197.575516
199.302002
201.063339
202.859528
204.690582
206.556488
208.457275
210.392883
212.363373
214.368713
216.408905
218.483963
220.593887
222.738663
224.918289
227.132782
229.382126
231.666336
233.985397
236.339310
238.728088
241.151718
243.610214
0.000000
1.336561
2.704997
4.105309
5.537497
7.001559
8.497498
10.003989
11.499716
12.984678
14.458874
15.922306
17.374971
18.816872
20.248003
21.668373
23.077978
24.476816
25.864889
27.242193
28.608738
29.964512
31.309523
32.643764
33.967247
35.279961
36.581905
37.873089
39.153511
40.423157
41.682041
42.930164
44.167519
45.394108
46.609928
47.814987
49.009281
50.192810
51.365566
52.527565
53.678799
54.819263
55.948967
57.067898
58.178516
59.295494
60.421291
61.555901
62.699318
63.851547
65.012596
66.182457
67.361122
68.548607
69.744904
70.950012
72.163933
73.386673
74.618217
75.858582
77.107750
78.365730
79.632530
80.908150
82.192566
83.485809
84.787857
86.098724
87.418396
88.746880
90.084183
91.430298
92.785225
94.148964
95.521507
96.902885
98.293060
99.692055
101.099854
102.516472
103.941895
105.376137
106.812210
108.243149
109.668953
111.089622
112.505142
113.915535
115.320786
116.720901
118.115875
119.505714
120.890411
122.269974
123.644394
125.013687
126.377831
127.736832
129.090714
130.439453
131.783035
133.121490
134.454819
135.782990
137.106033
138.423950
139.736710
141.044342
142.346832
143.644196
144.936417
146.223480
147.505447
148.782227
150.053909
151.320435
152.581818
153.838058
155.089172
156.334702
157.572144
158.801071
160.021454
161.233307
162.436630
163.631424
164.817688
165.995438
167.164642
168.325317
169.477463
170.621078
171.756165
172.882706
174.000748
175.110245
176.211212
177.303650
178.387558
179.462921
180.529785
181.588089
182.637878
183.679153
184.711868
185.736069
186.751740
187.758881
188.757492
189.747574
190.729126
191.702148
192.666626
193.622589
194.570023
195.508911
196.439285
197.361420
198.275558
199.181747
200.079941
200.970169
201.852417
202.726700
203.593018
204.451340
205.301712
206.144089
206.978516
207.804947
208.623428
209.433914
210.236435
211.030991
211.817566
212.596161
213.366806
214.129456
214.884140
215.630844
216.369583
217.100342
217.823151
218.537964
219.244797
219.943680
220.634583
221.317505
221.992447
222.659439
223.318436
223.969467
224.612534
225.247620
225.874725
226.493866
227.105042
227.708237
228.303452
228.890701
229.469971
230.041275
230.604614
231.159958
231.707336
232.246765
232.778183
233.301666
233.817139
234.324661
234.824203
235.315781
235.799377
236.274994
236.742645
237.202332
237.654022
238.097763
238.533524
238.961304
239.381119
239.792953
240.196808
240.592728
240.980637
241.360580
241.732559
242.096558
242.452591
242.800629
243.140717
243.472824
243.796951
244.113129
244.421310
244.721527
245.013763
245.298035
245.574326
245.842636
246.103012
246.355377
246.599777
246.836212
247.064651
247.285156
247.497650
247.702209
247.898758
248.087357
248.267975
248.440613
248.605286
248.761993
248.910721
249.051468
0.000000
5.000000
10.000000
15.000000
20.000000
25.000000
30.000000
35.000000
40.000000
45.000000
49.966579
54.762280
59.372250
63.796494
68.035011
72.087807
75.954880
79.636215
83.131828
86.441643
89.563637
92.496796
95.241119
97.796623
100.163284
102.341125
104.330139
106.130325
107.741676
109.300499
111.087875
113.112343
115.373901
117.872536
120.608253
123.581062
126.790955
130.237930
133.880707
137.337341
140.514908
143.413422
146.032883
148.373291
150.434662
152.216965
153.720200
154.944412
156.026459
157.103302
158.174927
159.241348
160.302551
161.358536
162.409317
163.454865
164.495209
165.530350
166.560257
167.584961
168.604446
169.618713
170.627777
171.631607
172.630234
173.623642
174.611847
175.594818
176.572586
177.545135
178.512482
179.474594
180.431503
181.383209
182.329697
183.270950
184.206985
185.137833
186.063446
186.983841
187.899033
188.809006
189.713776
190.613327
191.507660
192.396759
193.280670
194.159348
195.032837
195.901093
196.764130
197.621948
198.474564
199.321960
200.164139
201.001114
201.832870
202.659409
203.480743
204.296844
205.107742
205.913406
206.713882
207.509125
208.299164
209.084000
209.863586
210.637985
211.407166
212.171127
212.929871
213.683411
214.431717
215.174820
215.912720
216.645370
217.372833
218.095093
218.812103
219.523926
220.230530
220.931915
221.628098
222.319031
223.004776
223.685303
224.360611
225.030701
225.695587
226.355270
227.009720
227.658951
228.302963
228.941788
229.575378
230.203751
230.826920
231.444870
232.057587
232.665115
233.267410
233.864517
234.456390
235.043045
235.624512
236.200729
236.771744
237.337540
237.898117
238.453506
239.003647
239.548599
240.088318
240.622833
241.152130
241.676208
242.195084
242.708740
243.217163
243.720413
244.218414
244.711197
245.198776
245.681152
246.158295
246.630234
247.096954
247.558472
248.014755
248.465820
248.911697
249.352341
249.787781
250.217987
250.643005
251.062775
251.477341
251.886703
252.290848
252.689789
253.083511
253.472000
253.855286
254.233353
254.606201
254.973846
255.336273
255.693481
256.045471
256.392242
256.733826
257.070190
257.401306
257.727264
258.047943
258.363464
258.673706
258.978790
259.278625
255.000000
255.000000
255.000000
255.000000
255.000000
255.000000
255.000000
255.000000
255.000000
255.000000
255.000000
255.000000
255.000000
255.000000
255.000000
255.000000
255.000000
255.000000
255.000000
255.000000
255.000000
255.000000
255.000000
255.000000
255.000000
255.000000
255.000000
255.000000
255.000000
255.000000
255.000000
255.000000
255.000000
255.000000
255.000000
255.000000
255.000000
255.000000
255.000000
255.000000
255.000000
255.000000
255.000000
255.000000
255.000000
255.000000
255.000000
255.000000
255.000000
255.000000
255.000000
255.000000
255.000000
255.000000
255.000000
255.000000
255.000000
