0.828327
0.085837
0.085837
0.085837
0.828327
0.085837
0.085837
0.085837
0.828327
0.000000
0.658747
1.330941
2.016584
2.715674
3.428213
4.154200
4.893635
5.646518
6.412849
7.192629
7.985856
8.792532
9.612656
10.446227
11.293246
12.153716
13.027633
13.914997
14.809655
15.705454
16.602394
17.500473
18.399696
19.300056
20.201559
21.104204
22.007988
22.912910
23.818975
24.726181
25.634529
26.544016
27.454641
28.366409
29.279320
30.193369
31.108559
32.024887
32.942360
33.860970
34.780724
35.701614
36.623650
37.546825
38.471138
39.396595
40.323189
41.250927
42.179806
43.109821
44.040981
44.973282
45.906723
46.841301
47.777020
48.713882
49.651886
50.591030
51.531315
52.472736
53.415302
54.359005
55.303856
56.249844
57.196972
58.145237
59.094650
60.045197
60.996883
61.949715
62.903687
63.858795
64.815056
65.772438
66.730370
67.688240
68.646034
69.603767
70.561440
71.519051
72.476578
73.434059
74.391464
75.348816
76.306091
77.263306
78.220459
79.177536
80.134560
81.091507
82.048401
83.005226
83.961983
84.918678
85.875298
86.831871
87.788361
88.744797
89.701164
90.657463
91.613708
92.569870
93.525978
94.482025
95.437996
96.393913
97.349754
98.305542
99.261253
100.216904
101.172493
102.128014
103.083466
104.038857
104.994186
105.949440
106.904633
107.859764
108.814835
109.769829
110.724770
111.679642
112.634438
113.589172
114.543854
115.498459
116.453003
117.407486
118.361893
119.316246
120.270309
121.223907
122.177017
123.129654
124.081810
125.033493
125.984688
126.935402
127.885635
128.835403
129.784683
130.733475
131.681793
132.629639
133.576981
134.523865
135.470276
136.416199
137.361633
138.306595
139.251068
140.195053
141.138596
142.081619
143.024185
143.966263
144.907867
145.848984
146.789627
147.729797
148.669479
149.608688
150.547409
151.485657
152.423416
153.360703
154.297501
155.233826
156.169678
157.105026
158.039917
158.974319
159.908249
160.841690
161.774658
162.707153
163.639160
164.570694
165.501724
166.432297
167.362381
168.291992
169.221130
170.149765
171.077927
172.005615
172.935089
173.868607
174.806152
175.747726
176.693359
177.643021
178.596725
179.554474
180.516266
181.482071
182.451935
183.425842
184.403793
185.385757
186.371780
187.361832
188.355942
189.354065
190.356262
191.362457
192.372711
193.387024
194.405350
195.427719
196.454147
197.484589
198.519073
199.557602
200.600174
201.646790
202.697433
203.752121
204.810837
205.873611
206.940430
208.011261
209.086136
210.165070
211.248016
212.335037
213.426071
214.521149
215.620285
216.723434
217.830643
218.941864
220.057129
221.176468
222.299805
223.427200
224.558655
225.694122
226.833633
227.977188
229.124771
230.276398
231.424103
232.559952
233.683914
234.796005
235.896225
236.984558
238.061020
239.125626
240.178345
241.219193
242.248154
243.265259
244.270493
0.000000
0.000000
0.351247
2.254229
4.103943
5.900389
7.643566
9.333476
10.970119
12.553493
14.083598
15.560435
16.984005
18.354307
19.671341
20.960379
22.246683
23.530258
24.811104
26.089220
27.364607
28.637262
29.907188
31.174383
32.438850
33.700588
34.959595
36.215874
37.469418
38.720234
39.968323
41.213684
42.456310
43.696209
44.933380
46.167816
47.399525
48.628498
49.854755
51.078274
52.299061
53.517120
54.732449
55.945049
57.154919
58.362061
59.566467
60.768147
61.967102
63.163322
64.356812
65.547577
66.735603
67.920914
69.103477
70.283325
71.460442
72.634819
73.806465
74.975388
76.141586
77.305214
78.470154
79.637970
80.808685
81.982262
83.158737
84.338081
85.520309
86.705421
87.893410
89.084290
90.278038
91.474678
92.674194
93.876595
95.081871
96.290031
97.501083
98.715004
99.931808
101.151489
102.374062
103.599510
104.827850
106.059059
107.293144
108.530128
109.769981
111.012718
112.258331
113.506844
114.758217
116.012482
117.269623
118.529648
119.792564
121.058350
122.327019
123.598564
124.873001
126.150314
127.430511
128.713593
129.999542
131.288376
132.580093
133.874710
135.171188
136.463562
137.750839
139.033035
140.310104
141.582077
142.848938
144.110718
145.367386
146.618942
147.865417
149.106781
150.343033
151.574203
152.800262
154.021210
155.237045
156.447800
157.653442
158.854004
160.049454
161.239792
162.425018
163.605164
164.780197
165.950134
167.114975
168.274704
169.429321
170.578857
171.723267
172.862610
173.996826
175.125946
176.249954
177.368881
178.482681
179.591385
180.695007
181.793503
182.886917
183.975220
185.058426
186.136520
187.209503
188.277405
189.340210
190.396484
191.442825
192.479095
193.505264
194.521347
195.527328
196.523224
197.509018
198.484756
199.450363
200.405899
201.351334
202.286682
203.211945
204.127106
205.032181
205.927155
206.812042
207.686859
208.551544
209.406174
210.250702
211.085129
211.909470
212.723724
213.527878
214.321945
215.105927
215.879807
216.643616
217.397308
218.140930
218.874435
219.597870
220.311203
221.014450
221.707611
222.390671
223.063644
223.726517
224.379318
225.022003
225.654617
226.277130
226.889557
227.491882
228.084122
228.674057
229.269440
229.870270
230.476578
231.088318
231.705551
232.328217
232.956329
233.589920
234.228973
234.873474
235.523438
236.178848
236.839722
237.506058
238.177841
238.855087
239.537796
240.225967
240.919586
241.618652
242.323196
243.033203
243.748642
244.469543
245.195923
245.927750
246.665024
247.407761
248.155960
248.909607
249.668732
250.433304
251.203323
251.978806
252.759766
253.546158
254.338013
255.000000
255.000000
255.000000
255.000000
255.000000
255.000000
255.000000
255.000000
255.000000
255.000000
255.000000
255.000000
255.000000
255.000000
255.000000
255.000000
0.000000
4.939657
9.758628
14.456911
19.034506
23.491417
27.827641
32.043175
36.138031
40.112194
43.965668
47.698456
51.310558
54.801979
58.172710
61.422749
64.552116
67.560776
70.448761
73.238075
75.974144
78.658333
81.290649
83.871094
86.399658
88.876350
91.301163
93.674110
95.995178
98.264366
100.481697
102.647148
104.760712
106.822403
108.832222
110.790169
112.696243
114.563240
116.443695
118.343307
120.262070
122.199997
124.157082
126.133316
128.128708
130.143265
132.176971
134.229828
136.301849
138.393021
140.503357
142.632858
144.781494
146.949295
149.136246
151.339111
153.528076
155.695847
157.842407
159.967804
162.071991
164.154999
166.216812
168.257416
170.276855
172.275101
174.252151
176.208008
178.142685
180.056152
181.948441
183.819550
185.669434
187.497360
189.276276
190.993103
192.647858
194.240509
195.771088
197.239609
198.646027
199.990372
201.272629
202.492828
203.650925
204.746933
205.780899
206.752747
207.662537
208.510239
209.295868
210.019409
210.709808
211.395966
212.077927
212.755646
213.429153
214.098434
214.763489
215.424332
216.080933
216.733337
217.381500
218.025452
218.665161
219.300674
219.931946
220.558990
221.181824
221.800430
222.414841
223.024994
223.630936
224.232651
224.830154
225.423416
226.012482
226.597305
227.177902
227.754288
228.326447
228.894394
229.458099
230.017609
230.572876
231.123917
231.670746
232.213348
232.751724
233.285889
233.815811
234.341537
234.863022
235.380280
235.893326
236.402161
236.906754
237.407120
237.903290
238.395218
238.882935
239.366425
239.845688
240.320724
240.791550
241.258148
241.720505
242.178665
242.632584
243.082291
243.527771
243.969040
244.406082
244.838882
245.267487
245.691849
246.112000
246.527924
246.939636
247.347122
247.750366
248.149414
248.544220
248.934814
249.321167
249.703323
250.081238
250.454941
250.824417
251.189667
251.550690
251.907516
252.260101
252.608475
252.952606
253.292526
253.628220
253.959686
254.286942
254.609955
254.928772
255.243362
255.553741
255.859848
256.161774
256.459442
256.752960
257.042206
257.327209
257.608002
257.884583
258.156952
258.425079
258.688995
258.948700
259.204163
259.455383
259.702423
259.945221
255.000000
255.000000
255.000000
255.000000
255.000000
255.000000
255.000000
255.000000
255.000000
255.000000
255.000000
255.000000
255.000000
255.000000
255.000000
255.000000
255.000000
255.000000
255.000000
255.000000
255.000000
255.000000
255.000000
255.000000
255.000000
255.000000
255.000000
255.000000
255.000000
255.000000
255.000000
255.000000
255.000000
255.000000
255.000000
255.000000
255.000000
255.000000
255.000000
255.000000
255.000000
255.000000
255.000000
255.000000
255.000000
255.000000
255.000000
255.000000
255.000000
255.000000
255.000000
255.000000
255.000000
255.000000
255.000000
255.000000
255.000000
