0.959072
0.020464
0.020464
0.020464
0.959072
0.020464
0.020464
0.020464
0.959072
0.000000
1.059643
2.101447
3.125410
4.131536
5.119821
6.090266
7.051936
8.013895
8.976145
9.938683
10.901508
11.864626
12.828030
13.791724
14.755707
15.719979
16.684540
17.649391
18.614532
19.579960
20.545675
21.511683
22.477978
23.444565
24.411438
25.378601
26.346054
27.313795
28.281826
29.250145
30.218752
31.187649
32.156837
33.126312
34.096077
35.066128
36.036472
37.007103
37.978020
38.949242
39.920734
40.892525
41.864605
42.836964
43.809620
44.782566
45.755798
46.729324
47.703133
48.677235
49.651623
50.626301
51.599968
52.571335
53.540390
54.507137
55.471577
56.433708
57.393536
58.351055
59.306267
60.259171
61.209766
62.158058
63.104038
64.047714
64.989082
65.928131
66.864891
67.799339
68.731468
69.661308
70.588829
71.514046
72.436958
73.357559
74.275848
75.191833
76.105515
77.016884
77.925949
78.832710
79.737152
80.639305
81.539131
82.436668
83.331886
84.224800
85.115402
86.003700
86.889694
87.773376
88.654762
89.533821
90.410583
91.285042
92.157188
93.027031
93.897224
94.770439
95.646675
96.525925
97.408195
98.293480
99.181793
100.073120
100.967461
101.864822
102.765205
103.668602
104.575020
105.484451
106.396912
107.312386
108.230873
109.152390
110.076920
111.004463
111.935036
112.868614
113.805214
114.744835
115.687477
116.633133
117.581810
118.533508
119.488220
120.445953
121.406700
122.370476
123.337265
124.307060
125.279884
126.255737
127.234589
128.216476
129.201370
130.189285
131.180222
132.174179
133.171143
134.171143
135.174164
136.180191
137.187531
138.194565
139.201263
140.207611
141.213623
142.219299
143.224640
144.229630
145.234283
146.238602
147.242584
148.246231
149.249527
150.252502
151.255127
152.257416
153.259369
154.260971
155.262238
156.263184
157.263779
158.264038
159.263947
160.263519
161.262756
162.261658
163.260208
164.258438
165.256317
166.253876
167.251083
168.247955
169.244492
170.240662
171.236526
172.232040
173.227219
174.222046
175.216553
176.210709
177.204529
178.197998
179.191147
180.183945
181.176422
182.168549
183.163986
184.166382
185.175735
186.192062
187.215347
188.245575
189.282791
190.326950
191.378067
192.436157
193.501205
194.573212
195.652191
196.738113
197.831009
198.930847
200.037674
201.151428
202.272171
203.399857
204.534515
205.676132
206.824707
207.980240
209.142746
210.312210
211.488632
212.671997
213.862350
215.059662
216.263916
217.475143
218.693329
219.918472
221.150574
222.389648
223.635681
224.888672
226.148621
227.415527
228.689407
229.970245
231.258041
232.552780
233.854492
235.163177
236.478821
237.801422
239.130981
240.467499
241.810989
243.161423
244.518829
245.883194
247.254532
248.632797
250.018036
251.410263
252.809433
254.215561
255.000000
255.000000
255.000000
255.000000
255.000000
0.000000
0.000000
1.314205
2.633783
3.935435
5.219161
6.484962
7.732837
8.962787
10.174811
11.368910
12.545083
13.703331
14.852172
16.000132
17.147209
18.293400
19.438709
20.583136
21.726679
22.869339
24.011116
25.152008
26.292017
27.431145
28.569386
29.706745
30.843222
31.978811
33.113522
34.247345
35.380291
36.512352
37.643528
38.773819
39.903229
41.031754
42.159393
43.286152
44.412029
45.537022
46.661129
47.784355
48.906696
50.028152
51.148727
52.268421
53.387226
54.505157
55.622200
56.738358
57.853634
58.967937
60.079308
61.186935
62.290825
63.390980
64.487396
65.580070
66.669022
67.754219
68.835686
69.913414
70.987404
72.057655
73.124176
74.186943
75.245987
76.301292
77.352852
78.400673
79.444771
80.485115
81.521729
82.554596
83.583740
84.609138
85.630806
86.648727
87.662910
88.673363
89.680077
90.683044
91.682289
92.677773
93.669533
94.657555
95.641838
96.622383
97.599197
98.572273
99.541603
100.508118
101.477287
102.450020
103.426331
104.406204
105.389656
106.376678
107.367256
108.361420
109.359154
110.360451
111.365318
112.373764
113.385773
114.401360
115.420509
116.443230
117.469528
118.499390
119.532822
120.569832
121.610405
122.654556
123.702271
124.753555
125.808411
126.866837
127.928848
128.994415
130.063553
131.136246
132.212540
133.292374
134.375809
135.462814
136.553360
137.647491
138.745193
139.846481
140.951324
142.057648
143.160385
144.259323
145.354416
146.445709
147.533157
148.616806
149.696609
150.772629
151.844788
152.913162
153.977692
155.038406
156.095291
157.148361
158.197617
159.243042
160.284653
161.322449
162.356415
163.386551
164.412872
165.435364
166.454056
167.468918
168.479950
169.487167
170.490570
171.490143
172.485886
173.477844
174.465942
175.450241
176.430710
177.407364
178.380188
179.349197
180.314362
181.275742
182.233292
183.187759
184.139908
185.089722
186.037216
186.982376
187.925201
188.865723
189.803909
190.739746
191.673279
192.604492
193.533356
194.459900
195.384125
196.306030
197.225586
198.142838
199.057724
199.970322
200.880585
201.788513
202.694122
203.597397
204.498337
205.396973
206.293274
207.187241
208.078873
208.968185
209.855179
210.739853
211.622177
212.502197
213.379883
214.255234
215.128250
215.998947
216.867325
217.733383
218.597107
219.458481
220.317566
221.174286
222.028717
222.880798
223.730545
224.577988
225.423080
226.265869
227.106323
227.944443
228.780243
229.613708
230.444855
231.273682
232.100159
232.924332
233.746155
234.565674
235.382858
236.197693
237.010223
237.820435
238.628311
239.433853
240.237076
241.037964
241.836533
242.632767
243.426682
244.218277
245.007523
245.794464
246.579071
247.361343
248.141296
248.918930
249.694214
250.467178
251.237839
252.006134
252.772141
253.535797
254.297134
0.000000
1.076552
2.210914
3.403084
4.653063
5.960850
7.293210
8.616904
9.931931
11.238294
12.535991
13.825023
15.105390
16.377089
17.640123
18.894491
20.140196
21.377235
22.605606
23.825314
25.036354
26.238731
27.432442
28.617489
29.793867
30.961582
32.120628
33.271011
34.412727
35.545780
36.670166
37.785889
38.892937
39.991333
41.081055
42.162117
43.234505
44.298233
45.353291
46.399689
47.437424
48.466831
49.495373
50.526096
51.559010
52.594101
53.631386
54.670856
55.712513
56.756351
57.802376
58.850590
59.900990
60.953575
62.008343
63.065300
64.124451
65.185776
66.249290
67.314987
68.382881
69.452950
70.525200
71.599648
72.676285
73.755096
74.836105
75.919289
77.004662
78.092224
79.181976
80.273911
81.368019
82.464333
83.562820
84.663498
85.766357
86.871307
87.977829
89.085800
90.195244
91.306152
92.418518
93.532356
94.647652
95.764420
96.882652
98.002342
99.123505
100.246124
101.370209
102.495758
103.622772
104.751251
105.881195
107.012604
108.145470
109.279808
110.415619
111.552879
112.691612
113.831810
114.973465
116.116585
117.261177
118.407227
119.554749
120.703720
121.854172
123.006081
124.159454
125.314293
126.470596
127.627930
128.785233
129.942444
131.099594
132.256653
133.413620
134.570511
135.727325
136.884048
138.040710
139.197281
140.353775
141.510178
142.666504
143.822754
144.978928
146.135010
147.291016
148.446930
149.602783
150.758514
151.914200
153.069794
154.225311
155.380768
156.536118
157.691391
158.846588
160.001694
161.156723
162.311661
163.466537
164.621338
165.776031
166.930664
168.085190
169.235275
170.376495
171.508850
172.632339
173.746964
174.852737
175.949646
177.037704
178.116882
179.187225
180.248688
181.301300
182.345047
183.379944
184.405960
185.423141
186.431427
187.430893
188.421463
189.403198
190.376053
191.340057
192.295197
193.241486
194.178894
195.107468
196.027161
196.938004
197.839981
198.733109
199.617371
200.492767
201.359314
202.216965
203.065796
203.905746
204.736847
205.559097
206.372452
207.176987
207.972626
208.759430
209.537354
210.306427
211.066635
211.817993
212.560486
213.294128
214.018875
214.734787
215.441849
216.140030
216.829361
217.509827
218.181442
218.844177
219.498077
220.143097
220.779266
221.406570
222.025009
222.634598
223.235321
223.827194
224.410187
224.984329
225.549606
226.106033
226.653580
227.192307
227.722137
228.243118
228.755234
229.258484
229.752884
230.238419
230.715088
231.182907
231.641861
232.091965
232.533203
232.965561
233.389084
233.803741
234.209518
234.606461
234.994522
235.373749
235.744095
236.105591
236.458206
236.801987
237.136887
237.462936
237.780136
238.088440
238.387924
238.678543
238.960266
239.233154
239.497192
239.752365
239.998642
240.236099
240.464691
240.684402
240.895264
