0.988205
0.005897
0.005897
0.005897
0.988205
0.005897
0.005897
0.005897
0.988205
0.000000
1.458105
2.795842
4.013211
5.110212
6.146254
7.180739
8.213670
9.245045
10.274863
11.303129
12.329839
13.354994
14.378593
15.400640
16.421129
17.440065
18.457445
19.473270
20.487541
21.500256
22.511415
23.521021
24.529070
25.535566
26.540506
27.543892
28.545721
29.545998
30.544718
31.541883
32.537495
33.531551
34.524052
35.514996
36.504925
37.494373
38.483341
39.471825
40.459835
41.447357
42.434406
43.420975
44.407055
45.392662
46.377785
47.362431
48.346592
49.330276
50.313480
51.296204
52.278446
53.260208
54.241489
55.222290
56.202610
57.182453
58.161812
59.140690
60.119091
61.097012
62.074448
63.051407
64.027885
65.003883
65.978569
66.951118
67.921516
68.889778
69.855904
70.819878
71.781715
72.741409
73.698959
74.654373
75.607643
76.558769
77.507751
78.454605
79.399307
80.341873
81.282288
82.220566
83.156700
84.090698
85.022552
85.952255
86.879829
87.805252
88.728539
89.649681
90.568687
91.485550
92.400269
93.312836
94.224342
95.135796
96.047218
96.958603
97.869949
98.781273
99.692543
100.603798
101.514999
102.426178
103.337326
104.248428
105.159500
106.070541
106.981544
107.892509
108.803444
109.714340
110.625206
111.536041
112.446823
113.357582
114.268311
115.179001
116.089661
117.000282
117.910866
118.821419
119.731926
120.642410
121.554207
122.468666
123.385780
124.305557
125.227989
126.153084
127.080833
128.011261
128.944336
129.880066
130.818466
131.759521
132.703247
133.649628
134.598663
135.550354
136.504715
137.461731
138.421402
139.383743
140.348740
141.316391
142.286713
143.259705
144.235336
145.213638
146.194595
147.178223
148.164490
149.153427
150.145035
151.139297
152.136200
153.135803
154.138031
155.142944
156.150497
157.160721
158.173599
159.189148
160.207352
161.228210
162.251740
163.277908
164.306763
165.338257
166.372437
167.409256
168.448730
169.490875
170.535690
171.583130
172.633286
173.686066
174.741501
175.799606
176.860367
177.923798
178.989883
180.058624
181.130035
182.204102
183.280823
184.360214
185.442276
186.526978
187.614319
188.704361
189.797043
190.892410
191.990417
193.091080
194.194412
195.300400
196.409058
197.520355
198.634338
199.750961
200.870255
201.992203
203.116806
204.244080
205.374023
206.506607
207.641846
208.779770
209.920334
211.063568
212.209457
213.358017
214.509216
215.663101
216.819641
217.978836
219.140686
220.305191
221.472366
222.642197
223.814697
224.989853
226.167664
227.348129
228.531281
229.717072
230.905518
232.096634
233.290390
234.486847
235.685944
236.887695
238.092102
239.299179
240.508911
241.721329
242.936371
244.154099
245.374481
246.597504
247.823212
249.051575
250.282578
251.516266
252.752609
253.991592
255.000000
255.000000
255.000000
255.000000
255.000000
255.000000
255.000000
0.000000
0.785735
1.607520
2.465355
3.359241
4.289177
5.255164
6.257200
7.295287
8.369425
9.479611
10.625849
11.808136
13.026474
14.257964
15.479705
16.691698
17.893942
19.086439
20.269188
21.442188
22.605440
23.758944
24.902699
26.036709
27.160965
28.275476
29.380239
30.475254
31.560522
32.636040
33.701809
34.757832
35.804108
36.840633
37.867413
38.884441
39.891724
40.889252
41.877041
42.855076
43.823696
44.790054
45.757099
46.724827
47.693237
48.662323
49.632095
50.602551
51.573681
52.545502
53.518002
54.491180
55.465042
56.439587
57.414814
58.390720
59.367310
60.344585
61.322533
62.301167
63.280491
64.260490
65.241165
66.222527
67.204567
68.187294
69.170700
70.154793
71.139488
72.124359
73.109314
74.094376
75.079536
76.064781
77.050140
78.035576
79.021126
80.006760
80.992485
81.978317
82.964249
83.950272
84.936386
85.922600
86.908913
87.895317
88.881821
89.868423
90.855125
91.841919
92.828804
93.815788
94.802872
95.790047
96.777321
97.764687
98.751556
99.736450
100.719299
101.700111
102.678879
103.655617
104.630310
105.602959
106.573570
107.542137
108.508675
109.473167
110.435616
111.396034
112.354401
113.310730
114.265022
115.217270
116.167488
117.115662
118.061783
119.005875
119.947929
120.887939
121.825912
122.761833
123.695724
124.627571
125.559662
126.494194
127.431198
128.370667
129.312607
130.257004
131.203888
132.153244
133.105042
134.059341
135.016083
135.975311
136.937012
137.901169
138.867783
139.836884
140.808456
141.782486
142.758987
143.737961
144.719406
145.703323
146.689682
147.678543
148.669846
149.663635
150.659897
151.658615
152.659805
153.663467
154.669586
155.678192
156.689255
157.702789
158.718796
159.737274
160.758224
161.781616
162.807510
163.835861
164.866669
165.899948
166.935715
167.973938
169.014633
170.057770
171.103424
172.151505
173.202072
174.255127
175.310608
176.368607
177.429047
178.491959
179.557327
180.625183
181.695511
182.768280
183.843536
184.921280
186.001450
187.084122
188.169250
189.256836
190.346909
191.439438
192.534454
193.631943
194.731888
195.834290
196.939178
198.046524
199.156342
200.268631
201.383392
202.500626
203.620316
204.742462
205.867096
206.994202
208.123764
209.255798
210.390320
211.527298
212.666748
213.808655
214.953033
216.099869
217.249207
218.401001
219.555252
220.711975
221.871170
223.032837
224.196960
225.363571
226.532623
227.704178
228.878189
230.054672
231.233612
232.415009
233.598907
234.785263
235.974091
237.165375
238.359131
239.555344
240.754044
241.955215
243.158859
244.364944
245.573532
246.784561
247.998077
249.214035
250.432495
251.653412
252.876801
254.102661
255.000000
255.000000
255.000000
255.000000
255.000000
255.000000
255.000000
255.000000
255.000000
255.000000
255.000000
0.000000
1.324536
2.536224
3.635063
4.677228
5.718899
6.760074
7.800752
8.840934
9.880619
10.919807
11.958500
12.996697
14.034397
15.071601
16.108309
17.144518
18.180233
19.215448
20.250172
21.284399
22.318127
23.351358
24.384096
25.416334
26.448080
27.479328
28.510077
29.540331
30.570089
31.599350
32.627819
33.655212
34.681522
35.706753
36.730900
37.753967
38.775959
39.796860
40.816689
41.835430
42.853092
43.869675
44.885174
45.899593
46.912933
47.925190
48.936367
49.946465
50.955479
51.963413
52.970268
53.976036
54.980732
55.984341
56.986870
57.988316
58.988682
59.986645
60.980877
61.971378
62.958153
63.941196
64.920517
65.896111
66.867966
67.836098
68.800499
69.761169
70.718109
71.671326
72.620811
73.566574
74.508606
75.446899
76.381470
77.312317
78.239426
79.162811
80.082466
80.998390
81.910591
82.819054
83.723793
84.624809
85.525894
86.430840
87.339653
88.252327
89.168869
90.089272
91.013550
91.941689
92.873703
93.809570
94.749313
95.692917
96.640388
97.591721
98.546928
99.505997
100.468925
101.435722
102.406395
103.380928
104.359322
105.341591
106.327721
107.317719
108.311577
109.309311
110.310898
111.315056
112.320450
113.327103
114.334999
115.344131
116.354523
117.366158
118.379036
119.393166
120.408546
121.425171
122.443031
123.462151
124.482521
125.504135
126.526993
127.551102
128.576447
129.603058
130.630905
131.660004
132.690338
133.721939
134.754761
135.788849
136.824188
137.860764
138.898605
139.937653
140.977982
142.019547
143.062347
144.106430
145.151733
146.198288
147.246094
148.295151
149.345459
150.396988
151.449783
152.503815
153.559113
154.615646
155.673416
156.732452
157.792740
158.854248
159.917038
160.981033
162.046310
163.112808
164.180588
165.249588
166.319839
167.391342
168.464081
169.538086
170.613342
171.689819
172.767548
173.846542
174.926773
176.008255
177.090973
178.174927
179.260147
180.346619
181.434357
182.523315
183.613525
184.704971
185.797668
186.891632
187.986832
189.083267
190.180954
191.279892
192.380096
193.481506
194.584198
195.688126
196.793304
197.899734
199.007416
200.116318
201.226486
202.337891
203.450562
204.564468
205.679626
206.796021
207.913651
209.032562
210.152710
211.274109
212.396729
213.520599
214.645737
215.772125
216.899750
218.028625
219.158737
220.290115
221.422714
222.556580
223.691681
224.828033
225.965668
227.104507
228.244598
229.385941
230.528519
231.672379
232.817459
233.963791
235.111374
236.260193
237.410294
238.561615
239.714188
240.867996
242.023056
243.179382
244.336929
245.495743
246.655777
247.817078
248.979630
250.143417
251.308472
252.474747
253.642288
254.811081
255.000000
255.000000
255.000000
255.000000
255.000000
255.000000
255.000000
255.000000
255.000000
255.000000
255.000000
