0.940416
0.029792
0.029792
0.029792
0.940416
0.029792
0.029792
0.029792
0.940416
0.000000
1.161294
2.299404
3.414329
4.506070
5.574627
6.619998
7.642187
8.641191
9.617009
10.569644
11.499095
12.417182
13.335728
14.254731
15.174192
16.094112
17.014490
17.935322
18.856617
19.778368
20.700579
21.623245
22.546371
23.469954
24.393995
25.318493
26.243452
27.168865
28.094740
29.021072
29.947859
30.875109
31.802813
32.730976
33.659595
34.588676
35.518215
36.448212
37.378662
38.309574
39.240944
40.172771
41.105053
42.037796
42.970997
43.904655
44.838772
45.773350
46.708385
47.643875
48.579826
49.516235
50.453094
51.390423
52.328201
53.266438
54.205135
55.144291
56.083904
57.023975
57.964504
58.906391
59.851864
60.801025
61.753860
62.710381
63.670582
64.634460
65.602028
66.573273
67.548203
68.526817
69.509102
70.495079
71.484726
72.478065
73.475082
74.475784
75.480171
76.488220
77.499969
78.515396
79.534508
80.557297
81.583763
82.613922
83.647751
84.685272
85.726471
86.771347
87.819908
88.872154
89.928070
90.987686
92.050972
93.117943
94.188583
95.262924
96.340942
97.422638
98.508011
99.597076
100.689819
101.786240
102.886345
103.990128
105.097603
106.208748
107.323578
108.442093
109.564285
110.689125
111.810333
112.926872
114.038734
115.145927
116.248451
117.346313
118.439499
119.528023
120.611870
121.691048
122.765556
123.835388
124.900558
125.961052
127.016876
128.068039
129.114517
130.156342
131.193497
132.225967
133.253769
134.276917
135.295395
136.309189
137.318314
138.322784
139.322571
140.317673
141.308121
142.293915
143.275024
144.251450
145.223221
146.190323
147.152756
148.110519
149.063599
150.012024
150.955780
151.894836
152.829254
153.758987
154.684067
155.604462
156.520203
157.431259
158.337662
159.239365
160.136414
161.029144
161.925140
162.827515
163.736237
164.651352
165.572830
166.500687
167.434906
168.375504
169.322464
170.275803
171.235519
172.201614
173.174072
174.152893
175.138092
176.129654
177.127609
178.131912
179.142609
180.159668
181.183090
182.212906
183.249069
184.291626
185.340546
186.395844
187.457504
188.525528
189.599945
190.680710
191.767868
192.861389
193.961288
195.067551
196.180191
197.299210
198.424591
199.556351
200.694473
201.838974
202.989853
204.147079
205.310699
206.480698
207.657043
208.839783
210.028885
211.224365
212.426208
213.634430
214.838669
216.028534
217.204056
218.365189
219.511993
220.644424
221.762482
222.866211
223.955551
225.030533
226.091187
227.137451
228.169373
229.186920
230.190125
231.178955
232.153442
233.113556
234.059326
234.990707
235.907761
236.810440
237.698761
238.572723
239.432327
240.277588
241.108459
241.924988
242.727158
243.514969
244.288422
245.047516
245.792236
246.522614
247.238632
247.940277
248.627579
249.300507
249.959091
250.603302
251.233154
251.848648
252.449783
0.000000
1.083005
2.160514
3.232529
4.299050
5.360076
6.415606
7.465643
8.510186
9.549233
10.582785
11.610843
12.633407
13.650474
14.662048
15.668128
16.671225
17.673857
18.676022
19.677715
20.678946
21.679708
22.680002
23.679832
24.679193
25.678083
26.676510
27.674469
28.671963
29.668987
30.665545
31.661633
32.657257
33.652412
34.647102
35.641319
36.635075
37.628361
38.621181
39.613537
40.605419
41.596836
42.587788
43.578270
44.568287
45.557835
46.546917
47.535526
48.523678
49.511360
50.498569
51.485313
52.471596
53.457409
54.442749
55.427628
56.412041
57.395981
58.379452
59.362457
60.345001
61.327076
62.308685
63.289822
64.270859
65.254021
66.239670
67.227806
68.218430
69.211540
70.207138
71.205223
72.205803
73.208862
74.214409
75.222450
76.232986
77.245995
78.261497
79.279488
80.299965
81.322929
82.348381
83.376328
84.406754
85.439667
86.475075
87.512970
88.553352
89.596222
90.641579
91.689423
92.739754
93.792572
94.847878
95.905685
96.965965
98.028732
99.094002
100.161743
101.231979
102.304710
103.379913
104.457611
105.537804
106.620468
107.705635
108.793282
109.883430
110.976051
112.071175
113.168770
114.268867
115.368248
116.463745
117.555351
118.643074
119.726891
120.806824
121.882874
122.955025
124.023293
125.087662
126.148148
127.204735
128.257431
129.306244
130.351151
131.392197
132.429321
133.462585
134.491928
135.517395
136.538971
137.556641
138.570450
139.580338
140.586365
141.588470
142.586716
143.581039
144.571503
145.558044
146.540710
147.519485
148.494370
149.465378
150.432465
151.395691
152.355011
153.310440
154.261978
155.209641
156.153397
157.093262
158.029236
158.961319
159.889526
160.813812
161.734253
162.650757
163.564148
164.479050
165.396210
166.315613
167.237274
168.161209
169.087402
170.015839
170.946548
171.879517
172.814743
173.752228
174.691971
175.633972
176.578247
177.524750
178.473541
179.424576
180.377884
181.333450
182.291260
183.251343
184.213669
185.178253
186.145126
187.114243
188.085602
189.059235
190.035126
191.013290
191.993698
192.976349
193.961288
194.948471
195.937912
196.929626
197.923599
198.919815
199.918304
200.919052
201.922043
202.927322
203.934830
204.944611
205.956650
206.970947
207.987503
209.006332
210.027405
211.054703
212.092087
213.139557
214.197174
215.264893
216.342728
217.430679
218.528748
219.636917
220.755219
221.883621
223.022141
224.170792
225.329529
226.498398
227.677383
228.866470
230.065689
231.275009
232.494446
233.723999
234.963669
236.213440
237.473343
238.743347
240.023483
241.313705
242.614059
243.924530
245.245117
246.575821
247.916626
249.267548
250.628586
251.999741
253.381012
254.772400
255.000000
255.000000
255.000000
255.000000
255.000000
255.000000
255.000000
255.000000
255.000000
0.000000
1.092158
2.180324
3.264498
4.344679
5.420867
6.493064
7.561269
8.625481
9.685702
10.743136
11.799000
12.853289
13.906006
14.957147
16.006716
17.054710
18.101131
19.145979
20.189251
21.230951
22.271078
23.309633
24.346609
25.382017
26.415846
27.448107
28.478788
29.507898
30.535437
31.561399
32.585789
33.608604
34.629848
35.649517
36.667614
37.684132
38.699078
39.712452
40.724251
41.734478
42.743126
43.750210
44.755711
45.759644
46.762001
47.762783
48.761997
49.759632
50.755699
51.750187
52.743103
53.734444
54.724216
55.712406
56.702000
57.695976
58.694324
59.697052
60.704159
61.715645
62.731506
63.751747
64.776360
65.805359
66.838722
67.876472
68.918594
69.965103
71.015984
72.071243
73.130875
74.194893
75.263283
76.336052
77.413200
78.494720
79.580620
80.670906
81.765564
82.864594
83.968002
85.075790
86.187965
87.304504
88.425423
89.550720
90.680397
91.814453
92.952873
94.095688
95.242874
96.394440
97.550369
98.710693
99.875389
101.044464
102.217918
103.395752
104.577957
105.760376
106.938866
108.113411
109.284012
110.450676
111.613411
112.772186
113.927040
115.077942
116.224907
117.367935
118.507019
119.642166
120.773376
121.900635
123.023964
124.143349
125.258797
126.370308
127.477867
128.581497
129.681183
130.776932
131.868729
132.956604
134.040527
135.120514
136.196564
137.268661
138.336838
139.401062
140.461349
141.517700
142.570114
143.618576
144.663101
145.703705
146.740341
147.773056
148.801804
149.826645
150.847534
151.864471
152.877487
153.886566
154.892212
155.895004
156.894928
157.891983
158.886185
159.877502
160.865952
161.851532
162.834244
163.814087
164.791061
165.765167
166.736389
167.704758
168.670258
169.632889
170.592651
171.549545
172.503571
173.454712
174.403000
175.348419
176.290970
177.230637
178.167435
179.101379
180.032455
180.960648
181.885986
182.808456
183.728043
184.644775
185.558624
186.469620
187.377731
188.282974
189.185364
190.084854
190.981506
191.875275
192.766174
193.654221
194.539383
195.421692
196.301117
197.182205
198.069489
198.962997
199.862686
200.768570
201.680649
202.598938
203.523438
204.454102
205.390991
206.334076
207.283356
208.238846
209.200516
210.168396
211.142487
212.122757
213.109222
214.101898
215.100769
216.105850
217.117111
218.134598
219.158249
220.188126
221.224197
222.266464
223.314911
224.369583
225.430435
226.497498
227.570755
228.650223
229.735886
230.827728
231.925797
233.030045
234.140503
235.257156
236.380005
237.509048
238.644302
239.785767
240.933395
242.087265
243.247284
244.413544
245.585983
246.764633
247.949463
249.140503
250.337738
251.541183
252.750824
253.966675
255.000000
255.000000
255.000000
255.000000
255.000000
255.000000
255.000000
255.000000
255.000000
255.000000
255.000000
