0.974391
0.012805
0.012805
0.012805
0.974391
0.012805
0.012805
0.012805
0.974391
0.000000
1.073343
2.144530
3.213562
4.280438
5.345158
6.407724
7.468134
8.526390
9.582488
10.636433
11.688221
12.737854
13.785332
14.830654
15.873821
16.914835
17.953691
18.990391
20.024937
21.057327
22.087563
23.115643
24.141565
25.165335
26.186947
27.206406
28.223709
29.238853
30.251846
31.262684
32.271366
33.277893
34.282261
35.284477
36.284534
37.282440
38.278191
39.271782
40.263222
41.252506
42.239628
43.224602
44.207420
45.188084
46.166584
47.142937
48.117134
49.089172
50.059059
51.026787
51.992355
52.955776
53.917038
54.876141
55.833099
56.787895
57.740540
58.691021
59.639355
60.585529
61.529545
62.471409
63.413692
64.358963
65.307228
66.258476
67.212708
68.169937
69.130165
70.093361
71.059563
72.028755
73.000923
73.976089
74.954247
75.935394
76.919525
77.906639
78.896751
79.889862
80.885956
81.885033
82.887100
83.892166
84.900215
85.911247
86.925278
87.942299
88.962303
89.985298
91.011284
92.040260
93.072220
94.107178
95.145119
96.186058
97.229973
98.276894
99.326790
100.379684
101.435555
102.494423
103.556282
104.621140
105.688972
106.759804
107.833618
108.910423
109.990219
111.071487
112.150520
113.227135
114.301346
115.373154
116.442558
117.509544
118.574127
119.636307
120.696068
121.753433
122.808395
123.860939
124.911072
125.958801
127.004128
128.047043
129.087555
130.125656
131.161346
132.194626
133.225525
134.253983
135.280029
136.303696
137.324951
138.343796
139.360229
140.374252
141.385864
142.395081
143.401886
144.406281
145.408279
146.407852
147.405029
148.399796
149.392151
150.382095
151.369644
152.354782
153.337524
154.317841
155.295746
156.271271
157.244370
158.215057
159.183578
160.151459
161.118958
162.086029
163.052734
164.019012
164.984894
165.950394
166.915482
167.880173
168.844452
169.808365
170.771851
171.734940
172.697632
173.659927
174.621826
175.583313
176.544403
177.505096
178.465408
179.425308
180.384796
181.343903
182.302612
183.260895
184.218796
185.176300
186.133408
187.090103
188.046402
189.002319
189.957825
190.912933
191.867630
192.821945
193.775848
194.729355
195.682465
196.635178
197.587479
198.539398
199.490906
200.442017
201.392715
202.343033
203.292953
204.242538
205.192612
206.143585
207.095459
208.048233
209.001877
209.956421
210.911865
211.868195
212.825424
213.783554
214.742554
215.702469
216.663269
217.624954
218.587524
219.551010
220.515381
221.480637
222.446793
223.413849
224.381775
225.350616
226.320343
227.290939
228.262466
229.234863
230.208176
231.182343
232.157440
233.133408
234.110275
235.088028
236.066696
237.046234
238.026672
239.007996
239.990234
240.973343
241.957352
242.942261
243.928055
244.914734
245.902313
246.890793
247.880157
248.870407
249.861572
250.867752
251.903198
252.967880
254.061798
0.000000
1.040694
2.080719
3.120077
4.158767
5.196788
6.234142
7.270827
8.306846
9.342195
10.376876
11.410890
12.444236
13.476912
14.508922
15.540262
16.570938
17.600943
18.630280
19.658951
20.686951
21.714285
22.740950
23.766945
24.792274
25.816936
26.840927
27.864256
28.886913
29.908901
30.930222
31.950874
32.970860
33.990181
35.008827
36.026810
37.044125
38.060768
39.076744
40.092052
41.106693
42.120663
43.133976
44.146610
45.158577
46.169880
47.180511
48.190472
49.199772
50.208405
51.216366
52.223656
53.230278
54.236237
55.242531
56.250195
57.259220
58.269600
59.281342
60.294445
61.308907
62.324730
63.341915
64.360458
65.380356
66.401619
67.424240
68.448227
69.473572
70.500275
71.528336
72.557762
73.588539
74.620682
75.654182
76.689049
77.725281
78.762856
79.801796
80.842110
81.883766
82.926796
83.971176
85.016922
86.064018
87.112488
88.162308
89.213493
90.266037
91.319939
92.375198
93.431816
94.489807
95.549156
96.609520
97.669441
98.728790
99.787544
100.845726
101.903313
102.960320
104.016747
105.072586
106.127838
107.182510
108.236603
109.290108
110.343025
111.395370
112.447121
113.498291
114.548882
115.598885
116.648300
117.697144
118.745392
119.793060
120.840141
121.886650
122.932571
123.977898
125.022644
126.066818
127.110397
128.153397
129.195816
130.237640
131.278900
132.319550
133.359650
134.399139
135.438049
136.476379
137.514130
138.551300
139.587372
140.622192
141.655716
142.687973
143.718933
144.748611
145.777008
146.804123
147.829956
148.854523
149.877792
150.899765
151.920486
152.939911
153.958054
154.974915
155.990509
157.004791
158.017822
159.029556
160.040009
161.049179
162.057068
163.063675
164.069000
165.073044
166.075806
167.077271
168.077469
169.076401
170.074036
171.070389
172.065460
173.059250
174.051758
175.042984
176.032928
177.021591
178.008972
178.995071
179.979095
180.959503
181.936218
182.909256
183.878586
184.844238
185.806213
186.764496
187.719086
188.669998
189.617218
190.560745
191.500595
192.436752
193.369202
194.298004
195.223083
196.144485
197.062210
197.976242
198.886581
199.793228
200.696198
201.595474
202.491074
203.382980
204.271210
205.155731
206.036575
206.913712
207.787186
208.656967
209.523071
210.385468
211.244171
212.099213
212.950546
213.798203
214.642166
215.482452
216.319824
217.161423
218.008957
218.862457
219.721939
220.587372
221.458755
222.336121
223.219437
224.108704
225.003937
225.905136
226.812286
227.725418
228.644485
229.569534
230.500534
231.437500
232.380417
233.329300
234.284149
235.244965
236.211731
237.184464
238.163147
239.147797
240.138412
241.134979
242.137527
243.146027
244.160477
245.180893
246.207275
247.239594
248.277908
249.322159
250.372391
251.428574
252.490723
253.558823
254.632889
0.000000
1.068701
2.137047
3.205037
4.272673
5.339952
6.406876
7.473445
8.539660
9.605519
10.671021
11.736169
12.800962
13.865398
14.929481
15.993207
17.056580
18.119596
19.182257
20.244564
21.306513
22.368105
23.429348
24.490231
25.550758
26.610931
27.670752
28.730215
29.789320
30.848072
31.906469
32.964512
34.022202
35.079533
36.136509
37.193127
38.249393
39.305305
40.360859
41.416058
42.470898
43.525391
44.579521
45.633297
46.686722
47.739792
48.792503
49.844860
50.896862
51.948509
52.999794
54.050732
55.101871
56.153774
57.206440
58.259865
59.314056
60.369007
61.424721
62.481197
63.538433
64.596436
65.655205
66.714729
67.775017
68.836075
69.897881
70.960464
72.023796
73.087898
74.152763
75.218391
76.284782
77.351929
78.419846
79.488518
80.557961
81.628159
82.699127
83.770851
84.843346
85.916595
86.990608
88.065384
89.140923
90.217224
91.294281
92.372116
93.450706
94.530052
95.610168
96.691040
97.772675
98.855087
99.938240
101.022171
102.106865
103.192314
104.278534
105.365501
106.453247
107.541748
108.630127
109.717552
110.804008
111.889481
112.973984
114.057518
115.140068
116.221657
117.302269
118.381905
119.460564
120.538254
121.614975
122.690720
123.765488
124.839294
125.912109
126.983963
128.054840
129.124741
130.193680
131.261627
132.328629
133.394638
134.459671
135.523743
136.586838
137.648956
138.710098
139.770264
140.829468
141.887695
142.944962
144.001221
145.056534
146.110870
147.164215
148.216614
149.268036
150.318481
151.367935
152.416428
153.463943
154.510498
155.556061
156.600677
157.644302
158.686966
159.728638
160.769348
161.807343
162.840897
163.870026
164.894714
165.914963
166.930771
167.942139
168.949066
169.951584
170.949631
171.943253
172.932434
173.917175
174.897476
175.873352
176.844772
177.811768
178.774307
179.732422
180.686096
181.635330
182.580124
183.520493
184.456406
185.387894
186.314926
187.237534
188.155701
189.069427
189.978729
190.883575
191.783997
192.679962
193.571503
194.458603
195.341263
196.219498
197.093262
197.962616
198.827530
199.687988
200.544022
201.395615
202.242767
203.085480
203.923767
204.757599
205.586990
206.411957
207.232483
208.051941
208.873627
209.697556
210.523743
211.352173
212.182861
213.015808
213.850998
214.688431
215.528137
216.370087
217.214279
218.060745
218.909439
219.760391
220.613586
221.469055
222.326767
223.186722
224.048950
224.913391
225.780121
226.649078
227.520294
228.393784
229.269501
230.147476
231.027695
231.910172
232.794907
233.681885
234.571121
235.462601
236.356339
237.252319
238.150558
239.051056
239.953796
240.858795
241.766037
242.675537
243.587280
244.501282
245.417542
246.336044
247.256805
248.179810
249.105057
250.032578
250.962341
251.776886
252.358704
252.707779
252.824142
