0.951581
0.024210
0.024210
0.024210
0.951581
0.024210
0.024210
0.024210
0.951581
0.000000
1.190900
2.369573
3.536021
4.690243
5.832240
6.962010
8.079554
9.184874
10.277967
11.358835
12.427477
13.483892
14.528084
15.560049
16.579786
17.587303
18.582590
19.565651
20.536488
21.495096
22.441484
23.375641
24.304113
25.233448
26.163641
27.094692
28.026602
28.959373
29.893000
30.827488
31.762833
32.699036
33.636101
34.574017
35.512798
36.452438
37.392933
38.334293
39.276508
40.219582
41.163509
42.108303
43.053955
44.000462
44.947826
45.896057
46.845139
47.795082
48.745884
49.697548
50.650066
51.603443
52.557678
53.512775
54.468727
55.425545
56.383213
57.341743
58.301136
59.261379
60.222488
61.184452
62.147278
63.110966
64.075508
65.040901
66.007164
66.974281
67.942253
68.911095
69.880791
70.851334
71.822746
72.795021
73.768150
74.742142
75.716980
76.692680
77.669243
78.646484
79.623924
80.601547
81.579353
82.557343
83.535522
84.513878
85.492424
86.471153
87.450066
88.429161
89.408440
90.387909
91.367554
92.347397
93.327408
94.307610
95.288002
96.268570
97.249329
98.230270
99.211395
100.192703
101.174194
102.155876
103.137733
104.119781
105.102013
106.084427
107.067024
108.049812
109.032776
110.015938
110.999268
111.982788
112.966492
113.950386
114.934456
115.918716
116.903160
117.887787
118.872597
119.857590
120.842773
121.828133
122.813683
123.799416
124.785332
125.771439
126.757729
127.744186
128.730850
129.717682
130.704712
131.691925
132.679306
133.666885
134.654663
135.642838
136.631409
137.620392
138.609772
139.599564
140.589767
141.580368
142.571381
143.562805
144.554611
145.546844
146.539490
147.532532
148.525970
149.519821
150.514084
151.508759
152.503815
153.499298
154.495178
155.491470
156.488174
157.485275
158.482773
159.480698
160.479004
161.477753
162.476883
163.476410
164.476364
165.476715
166.477478
167.478638
168.480209
169.482178
170.484573
171.487350
172.490555
173.494156
174.498154
175.502579
176.507401
177.512619
178.518250
179.524292
180.530746
181.537582
182.544846
183.552505
184.560577
185.569061
186.577942
187.587219
188.596924
189.607010
190.617523
191.628448
192.640274
193.653152
194.667114
195.682159
196.698257
197.715424
198.733688
199.753006
200.773392
201.794876
202.817398
203.841019
204.865707
205.891449
206.918274
207.946182
208.975159
210.005203
211.036316
212.068497
213.101761
214.136078
215.171494
216.207977
217.245514
218.284134
219.323822
220.364578
221.406433
222.449341
223.493301
224.538361
225.584488
226.631683
227.679947
228.729294
229.779709
230.831177
231.883743
232.937363
233.992065
235.047836
236.104675
237.162598
238.221588
239.281647
240.342789
241.404984
242.468262
243.532608
244.598022
245.664520
246.732086
247.800720
248.870438
249.941208
251.013077
252.038528
252.970123
253.807831
254.551682
0.000000
0.000000
0.000000
0.000000
0.396504
2.308049
4.158300
5.947254
7.674912
9.341273
10.946340
12.490108
13.972581
15.393758
16.753635
18.052223
19.289509
20.465500
21.580196
22.633596
23.625700
24.556501
25.426016
26.266666
27.110903
27.958723
28.810125
29.665115
30.523684
31.385839
32.251575
33.120895
33.993801
34.870289
35.750359
36.634014
37.521252
38.412071
39.306473
40.204460
41.106033
42.011185
42.919926
43.832245
44.748150
45.667637
46.590710
47.517361
48.447605
49.381424
50.318829
51.259815
52.204388
53.152542
54.104279
55.059601
56.018505
56.980991
57.947067
58.916721
59.889957
60.866779
61.847183
62.831173
63.818745
64.809898
65.804642
66.802971
67.804871
68.810356
69.819427
70.832092
71.848320
72.868141
73.891548
74.918541
75.949112
76.983269
78.021011
79.062325
80.107239
81.153687
82.199669
83.245148
84.290146
85.334663
86.378700
87.422241
88.465302
89.507874
90.549973
91.591576
92.632698
93.673332
94.713493
95.753159
96.792343
97.831039
98.869247
99.906975
100.944221
101.980980
103.017242
104.053040
105.088348
106.123161
107.157494
108.191345
109.224716
110.257591
111.289986
112.321899
113.353317
114.384262
115.414719
116.444687
117.474167
118.503166
119.531693
120.559715
121.587257
122.614326
123.640900
124.666992
125.692596
126.717712
127.742363
128.766510
129.790161
130.813354
131.836060
132.858261
133.879990
134.901245
135.921997
136.942261
137.962051
138.981354
140.000168
141.017822
142.033661
143.047638
144.059814
145.070129
146.078629
147.085297
148.090118
149.093124
150.094299
151.093628
152.091125
153.086792
154.080643
155.072647
156.062805
157.051147
158.037659
159.022324
160.005173
160.986176
161.965347
162.942688
163.918198
164.891876
165.863724
166.833740
167.801910
168.768265
169.732788
170.695465
171.656326
172.615326
173.572510
174.527878
175.481400
176.433075
177.382935
178.330948
179.277145
180.221497
181.164017
182.104706
183.043564
183.980591
184.915802
185.849152
186.780685
187.710388
188.638229
189.564270
190.488464
191.410843
192.331360
193.250061
194.166931
195.081970
195.995163
196.908966
197.825745
198.745529
199.668289
200.594070
201.522842
202.454590
203.389359
204.327103
205.267853
206.211609
207.158340
208.108078
209.060837
210.016556
210.975296
211.936996
212.901718
213.869446
214.840149
215.813858
216.790573
217.770264
218.752975
219.738647
220.727341
221.719025
222.713715
223.711380
224.712067
225.715729
226.722397
227.732071
228.744736
229.760391
230.779037
231.800674
232.825333
233.852966
234.883606
235.917221
236.953857
237.993484
239.036102
240.081726
241.130341
242.181946
243.236542
244.294144
245.354752
246.418350
247.484924
248.554520
249.627106
250.702667
251.781250
252.862823
253.947403
254.834625
0.000000
1.695735
3.344945
4.947632
6.503796
8.013433
9.476549
10.893139
12.263206
13.586749
14.863768
16.094263
17.278233
18.415680
19.506601
20.551001
21.548878
22.500227
23.405052
24.288403
25.175314
26.065790
26.959829
27.857433
28.758600
29.663332
30.571630
31.483492
32.398914
33.317905
34.240459
35.166576
36.096256
37.029507
37.966316
38.906689
39.850628
40.798134
41.749203
42.703835
43.662029
44.623787
45.589111
46.558006
47.530457
48.506474
49.486053
50.469200
51.455914
52.446182
53.440022
54.437424
55.438389
56.442924
57.451015
58.462677
59.477901
60.496689
61.519043
62.544960
63.574440
64.607491
65.644089
66.684273
67.728004
68.775314
69.826180
70.880608
71.938606
73.000160
74.065292
75.133980
76.206223
77.282043
78.361420
79.444374
80.530876
81.619835
82.708481
83.796715
84.884514
85.971886
87.058830
88.145363
89.231453
90.317123
91.402374
92.487198
93.571594
94.655563
95.739113
96.822243
97.904930
98.987206
100.069046
101.150467
102.231461
103.312035
104.392174
105.471893
106.551186
107.630051
108.708496
109.786514
110.864105
111.941269
113.018013
114.094330
115.170219
116.245689
117.320724
118.395340
119.469528
120.543289
121.616631
122.689552
123.762032
124.834091
125.905724
126.976944
128.047729
129.118088
130.188019
131.257538
132.326630
133.395279
134.463501
135.531326
136.598709
137.665665
138.732193
139.798294
140.863983
141.929260
142.994080
144.058197
145.120010
146.179199
147.235809
148.289795
149.341187
150.389954
151.436142
152.479721
153.520706
154.559067
155.594833
156.627991
157.658554
158.686508
159.711853
160.734604
161.754745
162.772293
163.787216
164.799561
165.809280
166.816406
167.820923
168.822845
169.822159
170.818863
171.812973
172.804489
173.793365
174.779678
175.763367
176.744446
177.722946
178.698822
179.672104
180.642761
181.610825
182.576294
183.539169
184.499420
185.457077
186.412125
187.364578
188.314407
189.261642
190.206284
191.148315
192.087753
193.024567
193.958801
194.890411
195.819427
196.745850
197.669632
198.590836
199.509430
200.425446
201.338867
202.250519
203.160706
204.069443
204.976746
205.882568
206.786972
207.689896
208.591370
209.491394
210.389969
211.287079
212.182739
213.076950
213.969711
214.861023
215.750870
216.639267
217.526215
218.411697
219.295746
220.178329
221.059464
221.939148
222.817368
223.694138
224.569458
225.443314
226.315735
227.186691
228.056198
228.924255
229.790863
230.656006
231.519699
232.381927
233.242722
234.102051
234.959930
235.816345
236.671341
237.524857
238.376923
239.227539
240.076691
240.924393
241.770660
242.615448
243.458801
244.300690
245.141144
245.980118
246.817657
247.653732
248.488373
249.321533
250.153259
250.983521
251.812332
252.536911
253.054459
253.364990
253.468506
