0.976180
0.011910
0.011910
0.011910
0.976180
0.011910
0.011910
0.011910
0.976180
0.000000
0.967718
1.932698
2.894940
3.854444
4.811210
5.765238
6.716527
7.665080
8.610892
9.553967
10.494306
11.431905
12.366767
13.298891
14.228275
15.154922
16.078833
17.000002
17.920677
18.843098
19.767265
20.693178
21.620836
22.550241
23.481392
24.414288
25.348930
26.285320
27.223454
28.163332
29.104959
30.048332
30.993448
31.940315
32.888924
33.839279
34.791382
35.745228
36.700817
37.658161
38.617245
39.578075
40.540657
41.504974
42.471043
43.438858
44.408421
45.379726
46.352779
47.327579
48.304123
49.282413
50.262444
51.244228
52.227757
53.213032
54.200050
55.188816
56.179329
57.171585
58.164024
59.155102
60.144794
61.133121
62.120075
63.105652
64.089859
65.072693
66.054153
67.034241
68.012955
68.990295
69.966270
70.940865
71.914085
72.885933
73.856407
74.825508
75.793243
76.759605
77.724586
78.688202
79.650444
80.611305
81.570801
82.528915
83.485672
84.441048
85.395042
86.347679
87.298935
88.248802
89.197319
90.144455
91.090218
92.034615
92.977638
93.919281
94.859550
95.798454
96.735977
97.672134
98.607079
99.540977
100.473824
101.405624
102.336365
103.266068
104.194725
105.122322
106.048882
106.974388
107.898849
108.822258
109.744614
110.665932
111.586197
112.505409
113.423576
114.340698
115.256767
116.171791
117.085762
117.998688
118.910561
119.821388
120.731163
121.639900
122.547585
123.454216
124.359802
125.264336
126.167824
127.070267
127.971664
128.871994
129.771286
130.669525
131.566727
132.462891
133.357971
134.252029
135.145035
136.036987
136.927963
137.817978
138.707092
139.595245
140.482468
141.368774
142.254120
143.138550
144.022049
144.904602
145.786209
146.666916
147.546661
148.425491
149.303375
150.180328
151.056351
151.931427
152.805573
153.678802
154.551086
155.422424
156.292847
157.162338
158.030869
158.898483
159.765167
160.630905
161.495712
162.359604
163.222534
164.084549
164.945618
165.805756
166.664963
167.523239
168.380585
169.236984
170.092468
170.946991
171.800598
172.653259
173.509155
174.372421
175.243042
176.121033
177.006409
177.899124
178.799240
179.706711
180.621552
181.543762
182.473343
183.410294
184.354599
185.306290
186.265350
187.231781
188.205566
189.186722
190.175262
191.171158
192.174438
193.185089
194.203094
195.228485
196.261215
197.301346
198.348831
199.403671
200.465912
201.535507
202.612473
203.696808
204.788513
205.887573
206.994019
208.107834
209.229019
210.357559
211.493484
212.636780
213.787445
214.945465
216.110870
217.283615
218.463760
219.651260
220.846146
222.048386
223.257996
224.474976
225.699326
226.931061
228.170135
229.416595
230.670425
231.931625
233.200195
234.476135
235.759445
237.050110
238.348160
239.653564
240.966354
242.286484
243.614014
244.948898
246.291168
247.640793
248.997818
0.000000
0.393393
1.784353
3.159246
4.518073
5.860831
7.187524
8.498150
9.792709
11.071200
12.333625
13.579984
14.810274
16.024498
17.222658
18.404745
19.577473
20.747534
21.914932
23.079664
24.241735
25.401142
26.557884
27.711962
28.863379
30.012129
31.158218
32.301640
33.442402
34.580494
35.715923
36.848694
37.978798
39.106239
40.231018
41.353127
42.472580
43.589359
44.703484
45.814941
46.923733
48.029865
49.133324
50.234127
51.332268
52.427738
53.520546
54.610699
55.698185
56.783005
57.865158
58.944714
60.023151
61.101086
62.178509
63.255413
64.331810
65.407700
66.483078
67.557945
68.632294
69.706139
70.779480
71.852295
72.924614
73.996414
75.067711
76.138481
77.208755
78.278511
79.347763
80.416496
81.484718
82.552437
83.619637
84.686340
85.752525
86.818192
87.883347
88.947998
90.012138
91.075768
92.138885
93.201492
94.263596
95.325180
96.386253
97.446571
98.504631
99.560173
100.613220
101.663757
102.711784
103.757309
104.800323
105.840828
106.878822
107.914322
108.947311
109.977791
111.005760
112.031227
113.054184
114.074638
115.092583
116.108017
117.120949
118.131371
119.139282
120.144691
121.147591
122.147987
123.145874
124.141258
125.134132
126.124496
127.112350
128.097702
129.080551
130.060898
131.038727
132.014038
132.986862
133.958252
134.930893
135.904892
136.880264
137.856995
138.835098
139.814560
140.795380
141.777588
142.761139
143.746063
144.732330
145.719986
146.709000
147.699387
148.691116
149.684219
150.678696
151.674515
152.671722
153.670273
154.670212
155.671509
156.674149
157.678177
158.683563
159.690308
160.698410
161.707886
162.718735
163.730942
164.744507
165.759430
166.775726
167.793381
168.812424
169.828827
170.838638
171.841858
172.838455
173.828461
174.811874
175.788696
176.758896
177.722519
178.679520
179.629913
180.573746
181.510956
182.441559
183.365570
184.282990
185.193787
186.098007
186.995621
187.886627
188.771042
189.648865
190.520081
191.384689
192.242706
193.094116
193.938934
194.777161
195.608780
196.433792
197.252197
198.064026
198.869247
199.667862
200.459869
201.245285
202.024109
202.796341
203.561951
204.320969
205.073380
205.819214
206.558441
207.291046
208.017075
208.736496
209.449326
210.155533
210.855148
211.548172
212.234604
212.914429
213.587646
214.254272
214.914291
215.567719
216.214539
216.854767
217.488403
218.115417
218.735840
219.349670
219.956894
220.557526
221.151566
221.738983
222.319809
222.894028
223.461655
224.022690
224.577133
225.124954
225.666183
226.200821
226.728851
227.250275
227.765091
228.273331
228.774963
229.270004
229.758438
230.240250
230.715500
231.184128
231.646164
232.101593
232.550446
232.992676
233.428299
233.857330
234.279770
234.695587
235.104843
235.507477
235.903503
236.292953
236.675766
0.000000
1.812627
3.569182
5.269664
6.914075
8.502413
10.034679
11.510873
12.930995
14.295044
15.603021
16.881765
18.158112
19.432064
20.703621
21.972780
23.239548
24.503916
25.765892
27.025471
28.282654
29.537441
30.789833
32.039829
33.287430
34.532639
35.775444
37.015858
38.253876
39.489502
40.722729
41.953560
43.181999
44.408043
45.631687
46.852936
48.071789
49.288250
50.502316
51.713978
52.923279
54.130886
55.337070
56.541832
57.745171
58.947086
60.147579
61.346653
62.544300
63.740528
64.935333
66.128708
67.320671
68.511208
69.700317
70.888008
72.074280
73.259125
74.442551
75.624550
76.805130
77.984283
79.162018
80.338326
81.513229
82.686684
83.858734
85.029358
86.198547
87.366325
88.532036
89.691780
90.844925
91.991463
93.131393
94.264717
95.391441
96.511559
97.625076
98.731979
99.832275
100.925972
102.013062
103.093552
104.167435
105.234711
106.295372
107.349449
108.396904
109.437759
110.472008
111.499649
112.520683
113.535126
114.542953
115.544174
116.538788
117.526802
118.508209
119.483017
120.455040
121.433670
122.419319
123.411987
124.411674
125.418396
126.432137
127.452888
128.480682
129.515472
130.557297
131.606155
132.662018
133.724915
134.794830
135.871765
136.955734
138.046707
139.144714
140.249741
141.361786
142.480865
143.606949
144.740067
145.880219
147.027374
148.181564
149.342758
150.510986
151.686249
152.860321
154.025055
155.180420
156.326431
157.463104
158.590424
159.708359
160.816956
161.916199
163.006088
164.086609
165.157791
166.219620
167.272064
168.315186
169.348953
170.373337
171.388397
172.394073
173.390411
174.377380
175.355011
176.323273
177.282196
178.231750
179.171951
180.102798
181.024292
181.936432
182.839203
183.732635
184.616699
185.491425
186.356781
187.212784
188.059433
188.896729
189.724670
190.543259
191.352478
192.152344
192.942871
193.724030
194.495850
195.258301
196.011383
196.755127
197.489517
198.214554
198.930222
199.636551
200.333527
201.021133
201.699371
202.368286
203.027817
203.678009
204.318832
204.950333
205.572449
206.185226
206.788635
207.382690
207.967407
208.542755
209.108734
209.665359
210.212662
210.750580
211.279144
211.798370
212.308228
212.808731
213.299881
213.781677
214.254120
214.717209
215.170929
215.615311
216.050323
216.475998
216.892303
217.299240
217.696854
218.085083
218.463989
218.833511
219.193680
219.544495
219.885971
220.218094
220.540833
220.854248
221.158279
221.452988
221.738312
222.014282
222.280914
222.538193
222.786087
223.024658
223.253860
223.473709
223.684204
223.885345
224.077133
224.259552
224.432617
224.596344
224.750702
224.895706
225.031372
225.157654
225.274597
225.382172
225.480423
225.569290
225.648804
225.718964
225.779785
225.831223
225.873337
225.906067
225.929459
225.943497
225.948166
