0.943550
0.028225
0.028225
0.028225
0.943550
0.028225
0.028225
0.028225
0.943550
0.000000
0.908661
1.817479
2.726454
3.635584
4.544870
5.454314
6.363914
7.273669
8.183582
9.093651
10.003876
10.914257
11.824796
12.735490
13.646338
14.557347
15.468437
16.379538
17.290648
18.201769
19.112898
20.024036
20.935188
21.846348
22.757519
23.668697
24.579887
25.491089
26.402296
27.313517
28.224747
29.135986
30.047235
30.958494
31.869766
32.781048
33.692337
34.603634
35.514942
36.426262
37.337593
38.248932
39.160282
40.071640
40.983013
41.894390
42.805782
43.717178
44.628590
45.540009
46.451435
47.362877
48.274326
49.185783
50.097256
51.008736
51.920223
52.831718
53.743229
54.654747
55.566280
56.477821
57.389370
58.300934
59.212505
60.124084
61.035667
61.947269
62.858879
63.770496
64.682121
65.593758
66.505417
67.417076
68.328941
69.241096
70.153526
71.066223
71.979210
72.892479
73.806015
74.719833
75.633934
76.548309
77.462959
78.377899
79.293114
80.208603
81.124367
82.040421
82.956749
83.873344
84.790230
85.707397
86.624832
87.542549
88.460548
89.378830
90.297379
91.216209
92.135323
93.054710
93.974380
94.894333
95.814552
96.735054
97.655838
98.576904
99.498238
100.419853
101.341751
102.263931
103.186378
104.109108
105.032127
105.955414
106.878975
107.802826
108.726944
109.651352
110.576027
111.500992
112.426231
113.351746
114.277542
115.203613
116.129967
117.056595
117.983505
118.910698
119.838165
120.765945
121.694275
122.623199
123.552704
124.482796
125.413475
126.344742
127.276596
128.209045
129.142075
130.075684
131.009888
131.944672
132.880051
133.816025
134.752563
135.689697
136.627426
137.565735
138.504639
139.444122
140.384201
141.324860
142.266113
143.207947
144.150375
145.093369
146.036972
146.981155
147.925919
148.871277
149.817215
150.763748
151.710876
152.658569
153.606873
154.555756
155.505234
156.455261
157.405914
158.357147
159.308960
160.261353
161.214340
162.167923
163.122086
164.076843
165.032166
165.988098
166.944626
167.901718
168.859390
169.817657
170.776535
171.735977
172.695999
173.656647
174.617844
175.580643
176.547592
177.518723
178.494095
179.473709
180.457520
181.445557
182.437836
183.434311
184.435013
185.439957
186.449112
187.462494
188.480103
189.501923
190.527985
191.558243
192.592743
193.631454
194.674393
195.721558
196.772949
197.828552
198.888382
199.952438
201.020721
202.093216
203.169952
204.250900
205.336060
206.425446
207.519073
208.616898
209.718948
210.825256
211.935760
213.050491
214.169449
215.292618
216.420013
217.551636
218.687469
219.827530
220.971832
222.120346
223.273087
224.430054
225.591217
226.756638
227.926270
229.100098
230.278198
231.460480
232.647003
233.837753
235.032715
236.231888
237.435303
238.696136
240.067551
241.549545
243.142136
244.845322
246.659088
248.583435
250.618393
0.000000
1.482124
2.949288
4.401493
5.838737
7.261022
8.668347
10.060713
11.438119
12.800564
14.148050
15.480577
16.798141
18.100750
19.393732
20.682426
21.966835
23.246954
24.522783
25.794327
27.061584
28.324551
29.583229
30.837622
32.087727
33.333546
34.575073
35.812309
37.045265
38.273926
39.498302
40.718395
41.934196
43.145710
44.352936
45.555870
46.754520
47.948883
49.138954
50.324741
51.506237
52.683453
53.856373
55.025005
56.189346
57.349411
58.505180
59.656654
60.803860
61.946770
63.085384
64.219719
65.349762
66.475510
67.596985
68.714157
69.827049
70.935654
72.039970
73.139992
74.235733
75.327187
76.414345
77.497231
78.575813
79.650116
80.720123
81.788635
82.858421
83.929497
85.001839
86.075470
87.150375
88.226562
89.304031
90.382782
91.462807
92.544113
93.626701
94.710564
95.795715
96.882141
97.969849
99.058830
100.149101
101.240646
102.333473
103.427574
104.522957
105.619629
106.717567
107.816795
108.917305
110.019081
111.122147
112.226494
113.332115
114.439018
115.547211
116.656677
117.767418
118.879440
119.992744
121.107330
122.223190
123.340332
124.458748
125.578461
126.699440
127.821709
128.945251
130.070053
131.196167
132.323547
133.452209
134.582153
135.713364
136.845886
137.979660
139.114716
140.249023
141.380585
142.509369
143.635361
144.758606
145.879089
146.996780
148.111710
149.223877
150.333267
151.439896
152.543762
153.644852
154.743149
155.838715
156.931488
158.021500
159.108734
160.193222
161.274918
162.353851
163.430023
164.503418
165.574036
166.641891
167.706985
168.769318
169.828857
170.885651
171.939651
172.990906
174.039368
175.085068
176.127991
177.168167
178.205566
179.240204
180.272049
181.301147
182.327469
183.351028
184.371811
185.389832
186.405060
187.417542
188.427246
189.434189
190.438370
191.439758
192.438385
193.434250
194.427322
195.417664
196.403885
197.384689
198.360062
199.329987
200.294495
201.253571
202.207214
203.155426
204.098206
205.035568
205.967499
206.893982
207.815063
208.730682
209.640884
210.545670
211.445023
212.338928
213.227432
214.110489
214.988098
215.860306
216.727066
217.588409
218.444321
219.294800
220.139847
220.979462
221.813660
222.642410
223.465744
224.283646
225.096115
225.903152
226.704773
227.500946
228.291702
229.077026
229.856918
230.631378
231.400406
232.164017
232.922180
233.674942
234.422256
235.164124
235.900589
236.631607
237.357193
238.077362
238.792084
239.501404
240.205276
240.898529
241.576019
242.237717
242.883621
243.513748
244.128082
244.726639
245.309418
245.876389
246.427582
246.962997
247.482620
247.986465
248.474518
248.946793
249.403259
249.843964
250.268875
250.677994
251.071350
251.448898
251.810669
252.156647
252.486847
252.801254
253.099869
253.382721
253.649765
253.901031
254.136520
0.000000
2.879076
5.564790
8.057142
10.356133
12.461761
14.374025
16.092928
17.618473
19.045198
20.467670
21.885883
23.299837
24.709530
26.114969
27.516144
28.913063
30.305719
31.694120
33.078262
34.458141
35.833763
37.205132
38.572235
39.935081
41.293667
42.647995
43.998066
45.343876
46.685429
48.022720
49.355755
50.684528
52.009045
53.329300
54.645298
55.957035
57.264515
58.567734
59.866695
61.161396
62.451843
63.738022
65.019951
66.297615
67.571030
68.840179
70.105064
71.365700
72.622070
73.874184
75.122032
76.365623
77.604965
78.840889
80.078438
81.318466
82.560966
83.805939
85.053391
86.303307
87.555710
88.810585
90.067917
91.327744
92.590034
93.854805
95.122047
96.391762
97.663956
98.938614
100.215752
101.495369
102.777458
104.062012
105.349052
106.638557
107.930550
109.224998
110.521935
111.821342
113.123230
114.427574
115.734406
117.043716
118.355484
119.669739
120.986465
122.305664
123.627342
124.951485
126.278107
127.607216
128.938782
130.272812
131.609344
132.948349
134.289810
135.633759
136.980179
138.324554
139.662430
140.993805
142.318665
143.636993
144.948822
146.254120
147.552917
148.845200
150.130966
151.410217
152.682953
153.949173
155.208893
156.462082
157.708755
158.948929
160.182556
161.409714
162.630325
163.844437
165.052032
166.253098
167.447662
168.635712
169.817245
170.992264
172.160782
173.322769
174.478241
175.627213
176.769669
177.905594
179.035004
180.157913
181.274307
182.384186
183.487534
184.584381
185.674728
186.758530
187.835831
188.906631
189.970901
191.028671
192.079208
193.118301
194.145233
195.160004
196.162628
197.153091
198.131393
199.097534
200.051529
200.993362
201.923050
202.840561
203.745911
204.639130
205.520187
206.389069
207.245804
208.090393
208.922806
209.743073
210.551193
211.347137
212.130936
212.902557
213.662048
214.409363
215.144531
215.867538
216.578400
217.277100
217.963623
218.638016
219.300247
219.950317
220.588226
221.213974
221.827560
222.429016
223.018295
223.595428
224.160400
224.713211
225.253860
225.782364
226.298706
226.802902
227.301605
227.801468
228.302505
228.804749
229.308151
229.812729
230.318497
230.825439
231.333542
231.842834
232.353317
232.864975
233.377792
233.891800
234.406982
234.923340
235.440887
235.959595
236.479492
237.000565
237.522812
238.046234
238.570831
239.096619
239.623581
240.151718
240.681030
241.211517
241.743179
242.276031
242.810059
243.345261
243.881638
244.419189
244.957932
245.497833
246.038925
246.581207
247.124649
247.669266
248.215073
248.762039
249.310196
249.859528
250.410049
250.961731
251.514603
252.068634
252.623856
253.180267
253.737823
254.296585
254.856522
255.000000
255.000000
255.000000
255.000000
255.000000
255.000000
255.000000
255.000000
255.000000
255.000000
255.000000
255.000000
