0.955605
0.022197
0.022197
0.022197
0.955605
0.022197
0.022197
0.022197
0.955605
0.000000
1.136419
2.232435
3.288050
4.303262
5.278072
6.212481
7.106486
7.980572
8.855221
9.730433
10.606206
11.482541
12.359441
13.236901
14.114924
14.993512
15.872661
16.752371
17.632647
18.513481
19.394882
20.276842
21.159365
22.042454
22.926102
23.810312
24.695087
25.580425
26.466320
27.352783
28.239807
29.127394
30.015543
30.904255
31.793530
32.683365
33.573765
34.464729
35.356251
36.248337
37.140987
38.034199
38.927975
39.822311
40.717209
41.612675
42.508694
43.405285
44.302429
45.200146
46.098419
46.997257
47.896652
48.796616
49.697144
50.598228
51.499878
52.402088
53.304867
54.208202
55.112103
56.016563
56.921589
57.827175
58.733326
59.640034
60.547310
61.455204
62.364048
63.273899
64.184769
65.096634
66.009506
66.923386
67.838280
68.754181
69.671082
70.588997
71.507912
72.427849
73.348778
74.270721
75.193680
76.117638
77.042603
77.968582
78.895554
79.823547
80.752541
81.682549
82.613556
83.545578
84.478600
85.412636
86.347687
87.283730
88.220795
89.158859
90.097923
91.038010
91.979095
92.921188
93.864296
94.808411
95.753525
96.699654
97.646782
98.594925
99.544083
100.494225
101.445389
102.397568
103.350746
104.304932
105.260124
106.216324
107.173538
108.131752
109.090973
110.051216
111.012459
111.974701
112.937950
113.902214
114.867485
115.833771
116.801048
117.769348
118.738167
119.707016
120.675903
121.644836
122.613800
123.582794
124.551834
125.520912
126.490021
127.459175
128.428360
129.397583
130.366852
131.336151
132.305481
133.274857
134.244278
135.213730
136.183197
137.152725
138.122284
139.091888
140.061523
141.031174
142.000885
142.970642
143.940430
144.910248
145.880096
146.849991
147.819931
148.789886
149.759903
150.729950
151.700012
152.670135
153.640305
154.610474
155.580719
156.550995
157.521286
158.491623
159.462006
160.432419
161.402878
162.373367
163.343887
164.314468
165.285049
166.255707
167.226379
168.197098
169.167831
170.138626
171.109436
172.080307
173.051208
174.022156
174.993118
175.964142
176.935715
177.911072
178.890747
179.874741
180.863052
181.855682
182.852615
183.853882
184.859451
185.869339
186.883545
187.902054
188.924911
189.952057
190.983521
192.019302
193.059402
194.103821
195.152542
196.205582
197.262955
198.324631
199.390625
200.460922
201.535553
202.614487
203.697739
204.785294
205.877197
206.973389
208.073914
209.178741
210.287888
211.401352
212.519135
213.641220
214.767639
215.898361
217.033417
218.172760
219.316437
220.464417
221.616730
222.773346
223.934280
225.099533
226.269104
227.442978
228.621170
229.803696
230.990524
232.181656
233.377121
234.576904
235.780991
236.989395
238.202118
239.419159
240.640503
241.866180
243.096161
244.428513
245.961258
247.694427
249.627991
251.761948
254.096313
0.000000
1.294443
2.575043
3.841799
5.094712
6.333782
7.559010
8.770393
9.967934
11.157017
12.343030
13.525972
14.705846
15.882648
17.056381
18.227041
19.394630
20.559153
21.720602
22.878983
24.034292
25.186531
26.335699
27.481800
28.624826
29.764786
30.901672
32.035488
33.166237
34.293911
35.418514
36.540051
37.658516
38.773914
39.886238
40.995491
42.101677
43.204792
44.304832
45.401806
46.495708
47.586536
48.674297
49.758987
50.840607
51.919155
52.994640
54.067047
55.136391
56.202660
57.265862
58.325989
59.383045
60.437035
61.487949
62.535797
63.580566
64.622276
65.660912
66.696472
67.728973
68.758537
69.788040
70.818687
71.850464
72.883377
73.917435
74.952621
75.988945
77.026405
78.064995
79.104729
80.145592
81.187592
82.230728
83.275002
84.320412
85.366951
86.414627
87.463448
88.513397
89.564484
90.616707
91.670067
92.724556
93.780182
94.836952
95.894852
96.953888
98.014061
99.075363
100.137810
101.201385
102.266098
103.331955
104.398933
105.467064
106.536316
107.606712
108.678246
109.750908
110.824699
111.899643
112.975708
114.052917
115.131264
116.210739
117.291351
118.373100
119.455986
120.540001
121.625168
122.711449
123.798889
124.887199
125.974922
127.061798
128.147842
129.233047
130.317383
131.400894
132.483566
133.565399
134.646378
135.726532
136.805832
137.884293
138.961914
140.038696
141.114624
142.189728
143.263977
144.337387
145.409958
146.481689
147.552551
148.622604
149.691818
150.760162
151.827682
152.894363
153.960190
155.025177
156.089325
157.152634
158.215103
159.276718
160.337509
161.397446
162.456543
163.514801
164.572205
165.628799
166.684509
167.739410
168.793442
169.846664
170.899017
171.950546
173.001221
174.051071
175.100067
176.148209
177.195526
178.242004
179.287628
180.332428
181.375763
182.416183
183.453629
184.488098
185.519562
186.548050
187.573563
188.596085
189.615631
190.632187
191.645752
192.656357
193.663971
194.668579
195.670227
196.668869
197.664536
198.657227
199.646942
200.633667
201.617416
202.598160
203.575928
204.550720
205.522522
206.491348
207.457184
208.420029
209.379913
210.336807
211.290695
212.241608
213.189545
214.134506
215.076477
216.015457
216.951462
217.884476
218.814514
219.741577
220.665634
221.586716
222.504807
223.419937
224.332077
225.241211
226.147385
227.050568
227.950775
228.847977
229.742203
230.633453
231.521729
232.404724
233.280151
234.148026
235.008347
235.861115
236.706314
237.543945
238.374039
239.196564
240.011520
240.818939
241.618774
242.411057
243.195801
243.972977
244.742584
245.504639
246.259125
247.006058
247.745438
248.477264
249.201523
249.918228
250.627380
251.328949
252.022980
252.709457
253.388351
254.059708
254.723495
255.000000
255.000000
255.000000
255.000000
255.000000
255.000000
0.000000
3.285332
4.850897
6.406261
7.951427
9.486395
11.011163
12.525731
14.030101
15.524271
17.008245
18.482016
19.945589
21.398964
22.842140
24.275116
25.697889
27.110466
28.512850
29.905027
31.287008
32.658791
34.020374
35.371758
36.712944
38.043926
39.364712
40.675297
41.975685
43.265877
44.545864
45.815659
47.075249
48.324638
49.563839
50.792831
52.011623
53.220219
54.418617
55.606812
56.784813
57.952614
59.110214
60.257614
61.394817
62.521820
63.640438
64.761642
65.887245
67.017265
68.151680
69.290489
70.433708
71.581329
72.733345
73.889771
75.050598
76.215820
77.385452
78.559494
79.737923
80.920761
82.108002
83.299637
84.495689
85.696136
86.900978
88.110229
89.323883
90.541939
91.764389
92.991257
94.222511
95.458176
96.698242
97.942711
99.191582
100.444855
101.702522
102.964600
104.231079
105.501961
106.777252
108.056931
109.341019
110.629509
111.922401
113.219696
114.521385
115.827492
117.137985
118.450508
119.762642
121.074402
122.385788
123.696793
125.007423
126.317673
127.627548
128.937057
130.246170
131.554916
132.863297
134.171280
135.478897
136.786133
138.093002
139.399490
140.705597
142.011337
143.316681
144.621674
145.926270
147.230484
148.534348
149.837814
151.140900
152.443619
153.745987
155.047943
156.349533
157.650742
158.951569
160.252029
161.552109
162.851807
164.151154
165.450104
166.748672
168.046860
169.344696
170.642136
171.939209
173.235901
174.532211
175.826401
177.107895
178.374939
179.627518
180.865677
182.089355
183.298615
184.493408
185.673752
186.839645
187.991119
189.128113
190.250671
191.358780
192.452438
193.531647
194.596405
195.646713
196.682587
197.703995
198.710968
199.703476
200.681549
201.645157
202.594330
203.529053
204.449341
205.355164
206.246536
207.123459
207.985947
208.833984
209.667572
210.486694
211.291367
212.081619
212.857407
213.618744
214.365631
215.098068
215.816071
216.519623
217.208725
217.883362
218.543549
219.196442
219.849197
220.501801
221.154266
221.806595
222.458771
223.110809
223.762680
224.414429
225.066010
225.717468
226.368759
227.019928
227.670944
228.321793
228.972519
229.623108
230.273544
230.923828
231.573975
232.223969
232.873810
233.523514
234.173080
234.822495
235.471756
236.120880
236.769852
237.418686
238.067383
238.715927
239.364319
240.012573
240.660675
241.308640
241.956451
242.604141
243.251648
243.899033
244.546280
245.193359
245.840302
246.487106
247.133774
247.780273
248.426636
249.072861
249.718918
250.364853
251.010635
251.656265
252.301758
252.947113
253.592316
254.237366
254.882278
255.000000
255.000000
255.000000
255.000000
255.000000
255.000000
255.000000
255.000000
255.000000
255.000000
255.000000
255.000000
255.000000
255.000000
255.000000
255.000000
255.000000
255.000000
255.000000
255.000000
