0.958531
0.020734
0.020734
0.020734
0.958531
0.020734
0.020734
0.020734
0.958531
0.000000
1.765084
3.355046
4.769887
6.009606
7.074205
8.051655
9.029929
10.009028
10.988953
11.969700
12.951273
13.933670
14.916890
15.900935
16.885805
17.871502
18.858019
19.845362
20.833530
21.822521
22.812338
23.802979
24.794445
25.786736
26.779850
27.773785
28.768549
29.764137
30.760550
31.757784
32.755844
33.754730
34.754440
35.754971
36.756332
37.758514
38.761520
39.765354
40.770008
41.775490
42.781796
43.788925
44.796875
45.805656
46.815258
47.825684
48.836937
49.849010
50.861908
51.875633
52.890182
53.905556
54.921757
55.938778
56.956623
57.975292
58.994789
60.015110
61.036251
62.058220
63.081017
64.104630
65.128281
66.151176
67.173317
68.194710
69.215347
70.235237
71.254356
72.272728
73.290344
74.307220
75.323326
76.338676
77.353287
78.367134
79.380226
80.392570
81.404152
82.414986
83.425064
84.434387
85.442963
86.450775
87.457832
88.464142
89.469696
90.474487
91.478531
92.481827
93.484360
94.486137
95.487175
96.487450
97.486961
98.485733
99.483742
100.480995
101.477501
102.473251
103.468246
104.462486
105.455971
106.448708
107.440681
108.431908
109.422379
110.412086
111.401054
112.389259
113.376709
114.363403
115.349358
116.334541
117.318977
118.302673
119.285591
120.267754
121.249184
122.230179
123.211082
124.191872
125.172577
126.153191
127.133698
128.114120
129.094437
130.074646
131.054779
132.034821
133.014755
133.994583
134.974319
135.953964
136.933517
137.912964
138.892303
139.871567
140.850723
141.829788
142.808762
143.787628
144.766388
145.745087
146.723648
147.702148
148.680542
149.658829
150.637024
151.615112
152.593109
153.571030
154.548828
155.526535
156.504150
157.481674
158.459091
159.436417
160.413651
161.390778
162.367813
163.344757
164.321609
165.298355
166.275009
167.251556
168.228012
169.204376
170.180634
171.156799
172.132858
173.108826
174.084717
175.060501
176.036179
177.011765
177.987595
178.963974
179.940887
180.918381
181.896423
182.875015
183.854187
184.833893
185.814163
186.794983
187.776367
188.758286
189.740784
190.723831
191.707428
192.691605
193.676315
194.661591
195.647430
196.633804
197.620758
198.608246
199.596298
200.584915
201.574081
202.563797
203.554092
204.544922
205.536316
206.528259
207.520767
208.513824
209.507446
210.501617
211.496353
212.491638
213.487473
214.483871
215.480850
216.478333
217.476410
218.475037
219.474213
220.473953
221.474243
222.475098
223.476501
224.478470
225.480988
226.484055
227.487686
228.491882
229.496613
230.501923
231.507782
232.514191
233.521149
234.522659
235.512604
236.491028
237.457901
238.413254
239.357071
240.289368
241.210114
242.119324
243.017029
243.903168
244.777786
245.640869
246.492432
247.332474
248.160965
248.977921
249.783340
250.577240
251.359589
252.130417
252.889709
0.000000
0.860270
1.758172
2.693705
3.666869
4.677665
5.726092
6.812151
7.935842
9.076866
10.214932
11.350039
12.482183
13.611369
14.737596
15.860862
16.981167
18.098513
19.212900
20.324327
21.432791
22.538298
23.640842
24.740427
25.837055
26.930721
28.021425
29.109175
30.193958
31.275784
32.354649
33.430557
34.503506
35.573490
36.640518
37.704582
38.765686
39.823830
40.879017
41.931244
42.980507
44.026814
45.070160
46.110550
47.147972
48.182438
49.213940
50.242489
51.268082
52.290707
53.310371
54.327080
55.340820
56.351608
57.359436
58.364304
59.366207
60.365154
61.361141
62.354168
63.344227
64.331337
65.315483
66.296761
67.277252
68.257797
69.238396
70.219048
71.199760
72.180527
73.161346
74.142220
75.123161
76.104149
77.085197
78.066292
79.047447
80.028664
81.009926
81.991257
82.972633
83.954071
84.935555
85.917107
86.898705
87.880363
88.862076
89.843849
90.825676
91.807549
92.789482
93.771484
94.753525
95.735634
96.717789
97.699997
98.682281
99.664604
100.646988
101.629425
102.611916
103.594467
104.577072
105.559731
106.542442
107.525215
108.508041
109.490929
110.473869
111.456863
112.439911
113.423019
114.406174
115.389397
116.372673
117.356003
118.339386
119.322823
120.306473
121.291229
122.277267
123.264557
124.253120
125.242950
126.234047
127.226410
128.220032
129.214935
130.211090
131.208527
132.207214
133.207184
134.208420
135.210907
136.214661
137.219696
138.225983
139.233551
140.242386
141.252487
142.263855
143.276474
144.290375
145.305527
146.321960
147.339645
148.358612
149.378845
150.400345
151.423111
152.447128
153.472427
154.498978
155.526810
156.555923
157.586273
158.617905
159.650787
160.684952
161.720383
162.757095
163.795044
164.834274
165.874771
166.916534
167.959564
169.003845
170.049423
171.096252
172.144333
173.193710
174.244339
175.296219
176.348480
177.398895
178.447372
179.493912
180.538498
181.581161
182.621857
183.660629
184.697464
185.732346
186.765289
187.796295
188.825348
189.852463
190.877655
191.900879
192.922165
193.941528
194.958939
195.974411
196.987930
197.999512
199.009171
200.016861
201.022614
202.026443
203.028336
204.028259
205.026245
206.022308
207.016418
208.008591
208.998810
209.987106
210.973450
211.957855
212.940323
213.920853
214.899414
215.876053
216.850754
217.823517
218.794327
219.763184
220.730118
221.695099
222.658157
223.619263
224.578415
225.535645
226.490921
227.444275
228.395660
229.345123
230.292633
231.236557
232.175201
233.108582
234.036697
234.959534
235.877136
236.789444
237.696487
238.598267
239.494797
240.386047
241.272034
242.152771
243.028229
243.898407
244.763336
245.623001
246.477386
247.326523
248.170380
249.008987
249.842316
250.670380
251.493179
252.310715
253.122971
253.929977
254.731720
0.000000
2.076218
3.862786
5.359704
6.566971
7.629486
8.692154
9.754973
10.817943
11.881063
12.944334
14.007755
15.071328
16.135052
17.198925
18.262949
19.327127
20.391455
21.455929
22.520557
23.585337
24.650265
25.715343
26.780575
27.845959
28.911491
29.977173
31.043009
32.108990
33.175125
34.241413
35.307850
36.374439
37.441177
38.508068
39.575104
40.642292
41.709641
42.777122
43.844769
44.912563
45.980511
47.048603
48.116848
49.185253
50.253792
51.322495
52.391346
53.460342
54.529491
55.598793
56.668243
57.737850
58.807598
59.877506
60.947559
62.017735
63.087318
64.156021
65.223854
66.290810
67.356880
68.422081
69.486389
70.549835
71.612396
72.674080
73.734886
74.794815
75.853867
76.912041
77.969330
79.025742
80.081284
81.135941
82.189728
83.242638
84.294662
85.345810
86.396080
87.445473
88.493988
89.541634
90.588387
91.634270
92.679276
93.723396
94.766647
95.809013
96.850510
97.891121
98.930870
99.969719
101.007698
102.044800
103.081032
104.116379
105.150848
106.184441
107.217163
108.248993
109.279945
110.310028
111.339226
112.367554
113.395004
114.421570
115.447258
116.472237
117.497513
118.523262
119.549484
120.576164
121.603310
122.630920
123.658997
124.687553
125.716568
126.746056
127.776001
128.806412
129.837296
130.868637
131.900467
132.932755
133.965500
134.998718
136.032410
137.066544
138.101166
139.136261
140.171814
141.207840
142.244324
143.281281
144.318710
145.356583
146.394943
147.433762
148.473053
149.512802
150.553024
151.593719
152.634872
153.676498
154.718597
155.761154
156.804184
157.847672
158.891617
159.936050
160.980942
162.026306
163.072128
164.118423
165.165192
166.212418
167.260101
168.308258
169.356903
170.405167
171.451065
172.494492
173.535477
174.573975
175.610016
176.643585
177.674683
178.703339
179.729507
180.753220
181.774460
182.793243
183.809570
184.823425
185.834808
186.843735
187.850204
188.854187
189.855713
190.854782
191.851364
192.845520
193.837173
194.826385
195.813126
196.797394
197.779205
198.758545
199.735428
200.709839
201.681793
202.651276
203.618286
204.582840
205.544937
206.504578
207.461731
208.416412
209.368637
210.318405
211.265717
212.210541
213.152908
214.092819
215.030243
215.965225
216.897736
217.827774
218.755356
219.680481
220.603119
221.518204
222.420639
223.310410
224.187531
225.052002
225.903809
226.742950
227.569443
228.383286
229.184464
229.972977
230.748840
231.512039
232.262604
233.000488
233.725739
234.438309
235.138245
235.825500
236.500122
237.162048
237.811371
238.447998
239.071991
239.683304
240.281982
240.867981
241.441345
242.002045
242.550079
243.085464
243.608200
244.118271
244.615677
245.100433
245.572540
246.031982
246.478760
246.912888
247.334366
247.743179
248.139343
248.522858
248.893692
