0.851699
0.074150
0.074150
0.074150
0.851699
0.074150
0.074150
0.074150
0.851699
0.000000
0.503908
1.044061
1.620459
2.233103
2.881991
3.567124
4.288502
5.046125
5.839993
6.670106
7.536464
8.439067
9.359886
10.280890
11.202081
12.123457
13.045019
13.966766
14.888700
15.810820
16.733124
17.655617
18.578293
19.501158
20.424206
21.347441
22.270863
23.194468
24.118259
25.042238
25.966402
26.890755
27.815292
28.740013
29.664921
30.590014
31.515295
32.440758
33.366413
34.292248
35.218273
36.144482
37.070873
37.997452
38.924221
39.851170
40.778309
41.705643
42.633148
43.560848
44.488728
45.416798
46.345051
47.273483
48.202106
49.130924
50.059921
50.989098
51.918476
52.848064
53.778816
54.711090
55.644897
56.580235
57.517097
58.455490
59.395412
60.336864
61.279842
62.224350
63.170395
64.117966
65.067055
66.017685
66.969841
67.923523
68.878738
69.835480
70.793747
71.753555
72.714882
73.677742
74.642128
75.608047
76.575493
77.544472
78.514977
79.487007
80.460571
81.435661
82.412277
83.390434
84.370110
85.351318
86.334061
87.318329
88.304115
89.291443
90.280296
91.270676
92.262589
93.256035
94.250999
95.247498
96.245522
97.245079
98.246170
99.247971
100.245529
101.238052
102.225510
103.207924
104.185287
105.157608
106.124870
107.087082
108.044243
108.996361
109.943420
110.885437
111.822395
112.754311
113.681175
114.602989
115.519753
116.431458
117.338120
118.239738
119.136299
120.027809
120.914268
121.795685
122.672043
123.543350
124.409607
125.270828
126.126984
126.978088
127.824150
128.665176
129.501129
130.332031
131.157898
131.978699
132.794449
133.605164
134.410828
135.211426
136.006989
136.797501
137.582962
138.363373
139.138718
139.909027
140.674286
141.437698
142.207062
142.982727
143.764709
144.553009
145.347610
146.148529
146.955765
147.769302
148.589157
149.415329
150.247803
151.086578
151.931686
152.783096
153.640823
154.504868
155.375198
156.251862
157.134842
158.024109
158.919708
159.821609
160.729828
161.644363
162.565201
163.492355
164.425812
165.365585
166.311676
167.264069
168.222794
169.187820
170.159149
171.136795
172.120758
173.111023
174.107605
175.110504
176.119705
177.135223
178.157059
179.185196
180.219650
181.260391
182.307480
183.360870
184.420563
185.493790
186.587784
187.702530
188.838028
189.994278
191.171280
192.369049
193.587570
194.826843
196.086868
197.367661
198.669189
199.991486
201.334534
202.698349
204.082901
205.488220
206.914276
208.361099
209.828690
211.317032
212.826126
214.355972
215.906570
217.477921
219.070023
220.682907
222.316528
223.970901
225.646027
227.341919
229.058563
230.795959
232.554123
234.333008
236.132675
237.953094
239.794281
241.656189
243.538879
245.442322
247.366516
249.311462
251.277176
253.263611
255.000000
255.000000
255.000000
255.000000
255.000000
255.000000
255.000000
0.000000
0.626942
1.995034
3.373901
4.763542
6.163957
7.575146
8.997108
10.429847
11.873358
13.327642
14.792702
16.268534
17.755144
19.252525
20.760679
22.266880
23.758392
25.235218
26.697355
28.144806
29.577572
30.995647
32.399036
33.787743
35.161755
36.521088
37.865726
39.195683
40.510948
41.811531
43.097424
44.368629
45.625153
46.866982
48.094128
49.306587
50.504360
51.687439
52.855839
54.009548
55.148571
56.272911
57.382557
58.477516
59.557793
60.623379
61.674278
62.710499
63.734875
64.764572
65.802429
66.848450
67.902649
68.965004
70.035538
71.114235
72.201096
73.296120
74.399323
75.510681
76.630211
77.757912
78.893776
80.037804
81.190002
82.350365
83.518898
84.695602
85.880470
87.073502
88.274696
89.484055
90.701599
91.927299
93.161163
94.403198
95.653397
96.911774
98.178314
99.453011
100.735878
102.026909
103.319481
104.606964
105.889366
107.166672
108.438889
109.706017
110.968063
112.224998
113.476868
114.723633
115.965317
117.201904
118.433411
119.659821
120.881149
122.097382
123.308517
124.514580
125.715546
126.911423
128.102203
129.287903
130.468521
131.644028
132.814453
133.979813
135.140045
136.295227
137.445282
138.590271
139.730164
140.864960
141.994675
143.120407
144.248749
145.380798
146.516541
147.656006
148.799164
149.946045
151.096634
152.250931
153.408920
154.570648
155.736069
156.905197
158.078033
159.254593
160.434845
161.618805
162.806488
163.997864
165.192963
166.391769
167.594269
168.800491
170.010422
171.224060
172.441406
173.662445
174.887222
176.115692
177.347870
178.583755
179.823364
181.066666
182.313690
183.556656
184.787857
186.007263
187.214905
188.410767
189.594818
190.767120
191.927628
193.076355
194.213287
195.338455
196.451843
197.553436
198.643250
199.721298
200.787552
201.842010
202.884705
203.915604
204.934738
205.942078
206.937637
207.921417
208.893433
209.853638
210.802063
211.738724
212.663605
213.576691
214.477997
215.367523
216.245270
217.111237
217.965408
218.807816
219.638428
220.457275
221.264313
222.059586
222.843063
223.614777
224.374710
225.122864
225.859207
226.583786
227.296600
227.997620
228.686844
229.364288
230.029968
230.683853
231.325958
231.956299
232.574844
233.181595
233.776581
234.359787
234.931213
235.490845
236.038681
236.574753
237.099060
237.611557
238.112289
238.601242
239.078400
239.543777
239.997375
240.439194
240.869232
241.287476
241.693970
242.088638
242.471558
242.842682
243.202026
243.549591
243.885376
244.209366
244.521591
244.822021
245.110687
245.387543
245.652634
245.905945
246.147476
246.377228
246.595184
246.801376
246.995773
247.178375
247.349213
247.508270
247.655548
247.791031
247.914749
248.026672
248.126801
248.215179
248.291763
248.356552
248.409576
248.450821
248.480286
248.497940
248.503845
0.000000
4.960267
9.841066
14.642399
19.364262
24.006662
28.569590
33.053055
37.457050
41.781578
46.026642
50.192234
54.278362
58.243164
62.000233
65.546959
68.883354
72.009430
74.925156
77.630547
80.125618
82.410339
84.484734
86.348793
88.002525
89.495720
91.033188
92.637070
94.307343
96.044022
97.847107
99.716591
101.652481
103.654778
105.723473
107.858574
110.060074
112.321411
114.581703
116.826164
119.054802
121.267601
123.464561
125.645691
127.810989
129.960464
132.094070
134.211884
136.313843
138.398727
140.425842
142.375412
144.247452
146.041977
147.758942
149.398392
150.960312
152.444702
153.851562
155.180878
156.432663
157.606918
158.739502
159.866226
160.987091
162.102097
163.211258
164.314560
165.412003
166.503601
167.589355
168.669235
169.743271
170.811462
171.873795
172.930267
173.980896
175.025681
176.064590
177.097656
178.124863
179.146240
180.161743
181.171387
182.175201
183.173157
184.165237
185.151474
186.131866
187.106400
188.075089
189.037933
189.994904
190.946014
191.891281
192.830719
193.764282
194.691986
195.613831
196.529846
197.440002
198.344315
199.242752
200.135345
201.022079
201.902969
202.778000
203.647186
204.510513
205.367996
206.219620
207.065369
207.905304
208.739349
209.567551
210.389923
211.206421
212.017075
212.821869
213.620819
214.413910
215.201141
215.982529
216.758057
217.527740
218.291565
219.049515
219.801651
220.547913
221.288330
222.022903
222.751602
223.474457
224.191467
224.902603
225.607910
226.307343
227.000931
227.688675
228.370544
229.046570
229.716766
230.381073
231.039551
231.692169
232.338928
232.979843
233.614899
234.244095
234.867447
235.484940
236.096588
236.702408
237.302322
237.896423
238.484665
239.067032
239.643570
240.214233
240.779068
241.338013
241.891129
242.438385
242.979813
243.515366
244.045059
244.568924
245.086914
245.599060
246.105347
246.605789
247.100357
247.589096
248.071976
248.549011
249.020172
249.485489
249.944962
250.398575
250.846344
251.288239
251.724304
252.154495
252.578827
252.997330
253.409988
253.816772
254.217697
254.612793
255.001999
255.385391
255.762909
256.134583
256.500397
256.860352
257.214447
257.562744
257.905151
258.241669
255.000000
255.000000
255.000000
255.000000
255.000000
255.000000
255.000000
255.000000
255.000000
255.000000
255.000000
255.000000
255.000000
255.000000
255.000000
255.000000
255.000000
255.000000
255.000000
255.000000
255.000000
255.000000
255.000000
255.000000
255.000000
255.000000
255.000000
255.000000
255.000000
255.000000
255.000000
255.000000
255.000000
255.000000
255.000000
255.000000
255.000000
255.000000
255.000000
255.000000
255.000000
255.000000
255.000000
255.000000
255.000000
255.000000
255.000000
255.000000
255.000000
255.000000
255.000000
255.000000
255.000000
255.000000
255.000000
255.000000
255.000000
