1.000849
-0.000424
-0.000424
-0.000424
1.000849
-0.000424
-0.000424
-0.000424
1.000849
0.000000
2.642869
4.160849
5.119137
6.082943
7.052265
8.027102
9.007454
9.993321
10.984705
11.981603
12.984017
13.991947
15.005393
16.024351
17.048828
18.078819
19.114304
20.155146
21.201326
22.252842
23.309696
24.371885
25.439411
26.512272
27.590471
28.674006
29.762878
30.857086
31.956631
33.061508
34.171730
35.276413
36.364697
37.436569
38.492043
39.531105
40.553768
41.560028
42.549881
43.523327
44.480373
45.421013
46.345249
47.253082
48.144512
49.022205
49.902225
50.787239
51.677250
52.572258
53.472260
54.377254
55.287254
56.202240
57.122227
58.047215
58.977192
59.912167
60.852139
61.797104
62.744087
63.690140
64.635246
65.579407
66.522629
67.464905
68.406242
69.346626
70.286072
71.224571
72.162132
73.098755
74.034424
74.969154
75.902939
76.835785
77.767677
78.698631
79.628647
80.557724
81.485847
82.413025
83.339264
84.264557
85.188911
86.112328
87.034782
87.956314
88.876892
89.796524
90.715218
91.632965
92.549767
93.465630
94.380554
95.294525
96.207558
97.119644
98.030792
98.940994
99.850250
100.758568
101.665939
102.572365
103.477859
104.382393
105.285995
106.188644
107.090355
107.991127
108.890953
109.789833
110.687775
111.584770
112.480812
113.375923
114.270081
115.163307
116.055588
116.946915
117.837311
118.726761
119.615265
120.502815
121.389442
122.275116
123.159843
124.043640
124.926476
125.808388
126.689339
127.569351
128.448425
129.326553
130.203720
131.079971
131.955276
132.829620
133.703033
134.575500
135.447021
136.317596
137.187225
138.055923
138.923676
139.790482
140.656357
141.521271
142.385239
143.248276
144.110367
144.971527
145.831726
146.690979
147.549301
148.406662
149.263107
150.118576
150.973129
151.826721
152.679382
153.531097
154.381851
155.231689
156.080582
156.928513
157.775497
158.621567
159.466660
160.310837
161.154068
161.996338
162.837677
163.678070
164.517517
165.356018
166.193588
167.030197
167.865875
168.700607
169.534393
170.367233
171.199142
172.030106
172.860107
173.689194
174.517303
175.344498
176.170731
176.996017
177.820389
178.643814
179.466278
180.287796
181.108368
181.928040
182.746719
183.564468
184.381271
185.197144
186.012054
186.826035
187.639069
188.451157
189.262314
190.072525
190.881790
191.690109
192.497452
193.303894
194.109390
194.913940
195.717529
196.520203
197.321899
198.122681
198.922516
199.721390
200.519348
201.316330
202.112366
202.907501
203.701660
204.494873
205.287140
206.078506
206.868896
207.658340
208.446838
209.234406
210.021027
210.806702
211.591431
212.375229
213.158081
213.939987
214.720947
215.500961
216.280014
217.058151
217.835342
218.611572
219.386887
220.161255
220.934647
221.707123
222.478638
223.249237
224.018860
224.787582
225.555313
226.322144
227.087997
227.852921
228.616898
0.000000
0.951243
1.916289
2.895138
3.887789
4.894244
5.914501
6.946198
7.986973
9.036825
10.095755
11.163761
12.240846
13.327008
14.422247
15.526563
16.639957
17.762428
18.893976
20.034601
21.184303
22.342585
23.498465
24.647451
25.789545
26.924747
28.053055
29.174469
30.288992
31.396622
32.497356
33.591202
34.678146
35.758205
36.831371
37.897644
38.956013
40.000488
41.030052
42.044720
43.044483
44.029339
44.999290
45.954338
46.894485
47.819729
48.730064
49.625496
50.506023
51.371647
52.222370
53.062443
53.902287
54.742371
55.582699
56.423271
57.264084
58.105137
58.946434
59.787971
60.629753
61.471771
62.314034
63.156540
63.999290
64.842278
65.684212
66.523773
67.360970
68.195801
69.028267
69.858360
70.686096
71.511467
72.334465
73.155098
73.973366
74.789268
75.602806
76.413979
77.222778
78.029221
78.833290
79.635002
80.434341
81.231316
82.025932
82.818176
83.608055
84.395569
85.180710
85.963493
86.743904
87.521957
88.297638
89.070961
89.841911
90.610497
91.376724
92.140572
92.902061
93.661179
94.417938
95.172333
95.924355
96.674019
97.421303
98.166237
98.908798
99.648994
100.386818
101.122284
101.855385
102.586121
103.314484
104.040482
104.764114
105.485382
106.204285
106.920822
107.635002
108.346802
109.056244
109.763313
110.468025
111.170364
111.870346
112.567947
113.263199
113.956078
114.646591
115.334740
116.020515
116.703926
117.384979
118.063660
118.739983
119.413933
120.085518
120.754738
121.421593
122.086082
122.748199
123.407959
124.065346
124.720375
125.373039
126.023331
126.671265
127.316818
127.960022
128.600845
129.239304
129.875412
130.509140
131.140503
131.769516
132.396149
133.020401
133.642303
134.261841
134.879028
135.493835
136.106262
136.716324
137.324051
137.929398
138.532364
139.132980
139.731232
140.327103
140.920609
141.511765
142.100555
142.686966
143.271011
143.852676
144.432007
145.008972
145.583542
146.155777
146.725632
147.293106
147.858246
148.420990
148.981369
149.539398
150.095078
150.648361
151.199295
151.747849
152.294052
152.837875
153.379349
153.918427
154.455170
154.989532
155.521530
156.051178
156.578445
157.103348
157.625885
158.146057
158.663864
159.179291
159.692368
160.203079
160.711426
161.217392
161.721008
162.222260
162.721130
163.217651
163.711777
164.203568
164.692993
165.180054
165.664734
166.147049
166.626984
167.104568
167.579803
168.052673
168.523148
168.991272
169.457031
169.920425
170.381439
170.840103
171.296387
171.750320
172.201889
172.651093
173.097916
173.542389
173.984467
174.424194
174.861572
175.296570
175.729202
176.159485
176.587372
177.012924
177.436096
177.856903
178.275345
178.691422
179.105118
179.516479
179.925430
180.332047
180.736298
181.138184
181.537689
181.934845
182.329636
0.000000
1.766297
3.140754
4.312266
5.469716
6.613107
7.742440
8.857717
9.958933
11.046092
12.119193
13.178236
14.223222
15.254148
16.273438
17.295601
18.323057
19.355808
20.393854
21.437191
22.485825
23.539753
24.598972
25.663486
26.733295
27.808397
28.884840
29.958668
31.029881
32.098480
33.164463
34.227833
35.288589
36.346729
37.402260
38.455166
39.505470
40.551933
41.587265
42.610245
43.620869
44.619148
45.605068
46.578640
47.539860
48.488728
49.425243
50.349407
51.261219
52.164669
53.063744
53.958439
54.848763
55.734711
56.616283
57.493481
58.366302
59.234749
60.098820
60.958519
61.813839
62.664791
63.511360
64.353561
65.191376
66.024826
66.853905
67.678596
68.498917
69.314865
70.126434
70.933640
71.736458
72.534897
73.328964
74.118668
74.903992
75.684929
76.461502
77.233696
78.001526
78.764969
79.524040
80.278732
81.029053
81.775002
82.516579
83.253777
83.986588
84.715042
85.439110
86.158806
86.874130
87.585075
88.291634
88.993835
89.691666
90.385101
91.074173
91.758873
92.439194
93.115135
93.786705
94.453903
95.116722
95.775169
96.429237
97.078934
97.724251
98.365204
99.001770
99.633957
100.261780
100.885223
101.504288
102.118988
102.729301
103.335251
103.936821
104.534019
105.126831
105.715279
106.299339
106.879036
107.454361
108.025299
108.591866
109.154068
109.711891
110.265327
110.814407
111.359108
111.899422
112.435356
112.966927
113.494118
114.016937
114.535385
115.049454
115.559143
116.064468
116.565399
117.061974
117.554169
118.041985
118.525429
119.004494
119.479195
119.949501
120.415451
120.877014
121.334206
121.787041
122.235474
122.679535
123.119232
123.554550
123.985489
124.412056
124.834259
125.252068
125.665504
126.074577
126.479271
126.879585
127.275520
127.667099
128.054291
128.437103
128.815552
129.189621
129.559311
129.924622
130.285568
130.642120
130.994324
131.342148
131.685577
132.024643
132.359329
132.689651
133.015579
133.337158
133.654343
133.967163
134.275620
134.579666
134.879364
135.174683
135.465622
135.752182
136.034393
136.312195
136.585632
136.854706
137.119385
137.379715
137.635651
137.887207
138.134399
138.377228
138.615662
138.849716
139.079422
139.304733
139.525665
139.742233
139.954422
140.162247
140.365662
140.564743
140.759430
140.949753
141.135696
141.317261
141.494431
141.667252
141.835709
141.999771
142.159439
142.314774
142.465714
142.612259
142.754456
142.892273
143.025726
143.154785
143.279465
143.399780
143.515717
143.627274
143.734482
143.837280
143.935730
144.029785
144.119476
144.204788
144.285721
144.362289
144.434479
144.502289
144.565735
144.624802
144.679489
144.729797
144.775726
144.817291
144.854492
144.887299
144.915741
144.939804
144.959488
144.974792
144.985733
144.992294
144.994492
