0.935383
0.032309
0.032309
0.032309
0.935383
0.032309
0.032309
0.032309
0.935383
0.000000
1.003355
1.999741
2.989159
3.971608
4.947090
5.915602
6.877147
7.831724
8.779332
9.719972
10.653644
11.580345
12.504135
13.429065
14.355134
15.282343
16.210693
17.140184
18.070814
19.002584
19.935495
20.869549
21.804739
22.741074
23.678543
24.617155
25.556908
26.497803
27.439833
28.383007
29.327320
30.272776
31.219370
32.167107
33.115978
34.065994
35.017151
35.969444
36.922878
37.877453
38.833172
39.790028
40.748024
41.707161
42.667439
43.628853
44.591412
45.555115
46.519955
47.485931
48.453053
49.421310
50.390709
51.361248
52.332928
53.305748
54.279709
55.254807
56.231052
57.208431
58.186951
59.166615
60.147415
61.129356
62.112438
63.096664
64.082024
65.068275
66.053932
67.038750
68.022720
69.005836
69.988121
70.969551
71.950142
72.929886
73.908783
74.886841
75.864052
76.840416
77.815933
78.790611
79.764435
80.737427
81.709572
82.680862
83.651314
84.620918
85.589676
86.557602
87.524673
88.490898
89.456276
90.420815
91.384506
92.347359
93.309357
94.270508
95.230827
96.190292
97.148918
98.106689
99.063637
100.019722
100.974960
101.929367
102.882912
103.835632
104.787483
105.738510
106.688683
107.638008
108.586502
109.534142
110.480934
111.426880
112.371994
113.316246
114.259666
115.202232
116.143959
117.084839
118.024872
118.964828
119.905441
120.846710
121.788643
122.731239
123.674500
124.618431
125.563019
126.508270
127.454185
128.400757
129.348007
130.295898
131.244476
132.193710
133.143600
134.094147
135.045380
135.997253
136.949799
137.903015
138.856888
139.811432
140.766617
141.722488
142.679016
143.636200
144.594055
145.552567
146.511749
147.471588
148.432083
149.393265
150.355087
151.317596
152.280746
153.244583
154.209061
155.174210
156.140015
157.106491
158.073624
159.041428
160.009903
160.979019
161.948822
162.919266
163.890381
164.862167
165.834610
166.807709
167.781494
168.755905
169.731003
170.706772
171.683121
172.659668
173.636322
174.613113
175.590012
176.567047
177.544174
178.521439
179.498825
180.476334
181.453964
182.431702
183.409576
184.387558
185.365662
186.343887
187.322235
188.300705
189.279282
190.257996
191.236816
192.215775
193.194839
194.174042
195.153351
196.132767
197.112320
198.091995
199.071793
200.051697
201.031723
202.011871
202.992142
203.972534
204.953049
205.933685
206.914429
207.895309
208.876312
209.857422
210.838654
211.819992
212.801468
213.783081
214.764786
215.746628
216.728577
217.710663
218.692856
219.675186
220.657608
221.640167
222.622849
223.605637
224.588562
225.571594
226.560852
227.562393
228.576218
229.602341
230.640747
231.691452
232.754456
233.829742
234.917313
236.017197
237.129349
238.253815
239.390564
240.539581
241.700928
242.874542
244.060471
245.258682
246.469162
247.691956
248.927048
0.000000
0.720702
2.127792
3.516849
4.887874
6.240867
7.575828
8.892756
10.191653
11.472517
12.742090
14.007119
15.267602
16.523539
17.774929
19.021774
20.264072
21.501825
22.735031
23.963692
25.187803
26.407375
27.622395
28.832872
30.038801
31.240183
32.437019
33.629314
34.817062
36.000259
37.178909
38.353020
39.522583
40.687603
41.848068
43.003986
44.155369
45.302200
46.444485
47.582226
48.715416
49.844063
50.968159
52.087715
53.202724
54.313187
55.419102
56.520470
57.617306
58.709579
59.797314
60.880501
61.959137
63.033234
64.102783
65.167778
66.228241
67.284142
68.335510
69.382523
70.429581
71.478470
72.529182
73.581734
74.636124
75.692345
76.750397
77.810280
78.872002
79.935547
81.000938
82.068153
83.137207
84.208084
85.280800
86.355354
87.431725
88.509941
89.589989
90.671875
91.755585
92.841133
93.928513
95.017715
96.108765
97.201645
98.296349
99.392891
100.491272
101.591476
102.693520
103.797386
104.903099
106.010635
107.120010
108.231216
109.344254
110.459129
111.575829
112.694374
113.814743
114.936951
116.060982
117.186852
118.314552
119.444084
120.575447
121.708656
122.843681
123.980217
125.116272
126.251526
127.385963
128.519592
129.652405
130.784409
131.915604
133.046005
134.175568
135.304337
136.432297
137.559448
138.685791
139.811310
140.936035
142.059937
143.183044
144.305344
145.426819
146.547485
147.667343
148.786392
149.904633
151.022079
152.138687
153.254501
154.369492
155.483688
156.597076
157.709656
158.821411
159.932373
161.042496
162.151840
163.260361
164.368088
165.474976
166.581070
167.686371
168.790833
169.894501
170.997360
172.099396
173.200638
174.301056
175.400681
176.499481
177.597488
178.694672
179.789337
180.877350
181.958481
183.032745
184.100159
185.160706
186.214371
187.261185
188.301132
189.334213
190.360443
191.379791
192.392273
193.397903
194.396667
195.388565
196.373596
197.351776
198.323074
199.287506
200.245087
201.195801
202.139633
203.076630
204.006729
204.929993
205.846390
206.755905
207.658569
208.554367
209.443283
210.325363
211.200562
212.068893
212.930374
213.784973
214.632736
215.473602
216.307617
217.134781
217.955063
218.768494
219.575027
220.374741
221.167557
221.953522
222.732620
223.504852
224.270233
225.028748
225.781326
226.528992
227.271729
228.009521
228.742371
229.470291
230.193268
230.911316
231.624420
232.332581
233.035812
233.734085
234.427444
235.115860
235.799347
236.477875
237.151474
237.820129
238.483871
239.142639
239.796494
240.445419
241.089386
241.728424
242.362518
242.991669
243.615906
244.235184
244.849533
245.458923
246.063400
246.662949
247.257538
247.847183
248.431915
249.011688
249.586533
250.156448
250.721405
251.281433
251.836533
252.386688
252.931900
253.472183
254.007507
254.537918
255.000000
0.000000
3.732230
6.596248
8.592053
10.149735
11.699386
13.241006
14.774593
16.300148
17.817673
19.327166
20.828623
22.322050
23.807444
25.284809
26.754141
28.215439
29.668705
31.113941
32.551144
33.980316
35.401455
36.814560
38.219635
39.616676
41.005692
42.386665
43.759613
45.124523
46.481407
47.830261
49.171078
50.503864
51.828617
53.145340
54.454025
55.754688
57.047310
58.331909
59.608475
60.877003
62.137497
63.389961
64.634392
65.870796
67.100494
68.331429
69.564934
70.801003
72.039635
73.280838
74.524612
75.770943
77.019844
78.271317
79.525352
80.781952
82.041122
83.302864
84.567169
85.834038
87.103470
88.375473
89.650040
90.927177
92.206886
93.489151
94.773979
96.061394
97.351364
98.643890
99.939003
101.236664
102.536903
103.839706
105.145081
106.453011
107.763512
109.076584
110.392227
111.710426
113.031197
114.354530
115.680428
117.008904
118.339935
119.673546
121.007118
122.338097
123.666473
124.992241
126.315399
127.635956
128.953903
130.269241
131.581985
132.892120
134.199646
135.504578
136.806885
138.106598
139.403702
140.698196
141.990097
143.279388
144.566055
145.850143
147.131607
148.410477
149.686737
150.960388
152.231430
153.499878
154.765732
156.028946
157.289581
158.547592
159.803009
161.055817
162.306015
163.553619
164.798615
166.041000
167.280777
168.517944
169.752518
170.984482
172.213837
173.439209
174.652405
175.852005
177.038055
178.210526
179.369415
180.514755
181.646515
182.764709
183.869324
184.960358
186.037842
187.101746
188.152084
189.188843
190.212051
191.221664
192.217712
193.200211
194.169113
195.124451
196.066223
196.994431
197.909058
198.810120
199.697601
200.571518
201.431870
202.278656
203.111847
203.931488
204.737564
205.530060
206.308975
207.074326
207.826111
208.564316
209.288971
210.000031
210.697540
211.381470
212.051819
212.712082
213.365677
214.012619
214.652893
215.286514
215.913467
216.533783
217.147430
217.754425
218.354782
218.948456
219.535492
220.115845
220.689575
221.256622
221.817032
222.370773
222.917862
223.458298
223.992065
224.519196
225.039658
225.553467
226.060623
226.561111
227.054947
227.542130
228.022644
228.496521
228.963730
229.424286
229.878189
230.325424
230.766022
231.199966
231.627228
232.047852
232.461807
232.869110
233.269760
233.663757
234.051086
234.431763
234.805801
235.173172
235.533875
235.887939
236.235336
236.576065
236.910156
237.237595
237.558365
237.872482
238.179947
238.480743
238.774887
239.062378
239.343216
239.617386
239.884918
240.145782
240.399994
240.647552
240.888443
241.122696
241.350266
241.571198
241.785461
241.993088
242.194046
242.388336
242.575989
242.756989
242.931320
243.098999
243.260010
243.414383
243.562088
243.703125
243.837540
243.965271
244.086349
244.200775
244.308548
244.409668
244.504105
