0.950453
0.024773
0.024773
0.024773
0.950453
0.024773
0.024773
0.024773
0.950453
0.000000
0.925680
2.085644
3.219732
4.327945
5.410282
6.466745
7.497332
8.502044
9.480881
10.433843
11.360929
12.262139
13.150772
14.040128
14.930205
15.821004
16.712524
17.604767
18.497728
19.391415
20.285820
21.180948
22.076796
22.973370
23.870661
24.768675
25.667410
26.566868
27.467047
28.367949
29.269567
30.171913
31.074980
31.978765
32.883270
33.788502
34.694454
35.601124
36.508518
37.416634
38.325474
39.235031
40.145309
41.056309
41.968033
42.880478
43.793644
44.707539
45.622150
46.537479
47.453529
48.370308
49.287800
50.206017
51.124958
52.044617
52.965000
53.886105
54.807930
55.730473
56.653744
57.577732
58.502445
59.427876
60.354031
61.280907
62.208504
63.136822
64.065865
64.995628
65.926003
66.856743
67.787842
68.719292
69.651093
70.583252
71.515747
72.448616
73.381821
74.315384
75.249306
76.183578
77.118202
78.053177
78.988503
79.924179
80.860214
81.796600
82.733337
83.670433
84.607872
85.545670
86.483818
87.422318
88.361176
89.300377
90.239937
91.179848
92.120117
93.060730
94.001694
94.943024
95.884697
96.826721
97.769104
98.711830
99.654922
100.598358
101.542152
102.486290
103.430786
104.375633
105.320831
106.266388
107.212296
108.158554
109.105156
110.052124
110.999443
111.947113
112.895134
113.843506
114.792236
115.741310
116.690742
117.640533
118.590660
119.541161
120.492004
121.443275
122.394974
123.347099
124.299652
125.252632
126.206047
127.159882
128.114151
129.068848
130.023956
130.979523
131.935486
132.891891
133.848724
134.805984
135.763672
136.721802
137.680344
138.639313
139.598724
140.558548
141.518799
142.479477
143.440598
144.402130
145.364105
146.326508
147.289322
148.252579
149.216248
150.180359
151.144897
152.109848
153.075241
154.041061
155.007324
155.973984
156.941101
157.908615
158.876572
159.844955
160.813782
161.783020
162.752686
163.722794
164.693314
165.664276
166.635651
167.607452
168.579697
169.552353
170.525452
171.498978
172.472931
173.447296
174.422104
175.397339
176.373093
177.351868
178.334641
179.321426
180.312195
181.306961
182.305740
183.308517
184.315292
185.326080
186.340866
187.359650
188.382431
189.409225
190.440018
191.474808
192.513596
193.556396
194.603195
195.653992
196.708786
197.767593
198.830399
199.897217
200.968002
202.042816
203.121628
204.204453
205.291260
206.382080
207.476898
208.575714
209.678528
210.785355
211.896179
213.011002
214.129837
215.252670
216.379501
217.510330
218.645157
219.784012
220.926834
222.073669
223.224518
224.379364
225.538208
226.701050
227.867905
229.038742
230.213593
231.392441
232.575302
233.762161
234.953018
236.147873
237.346741
238.549606
239.756470
240.945480
242.094833
243.204483
244.274475
245.304794
246.295425
247.246384
248.157669
249.029266
249.861191
0.000000
1.510495
2.989592
4.437291
5.853592
7.238496
8.592001
9.914110
11.204821
12.464133
13.692046
14.888563
16.068041
17.244841
18.418964
19.590410
20.759176
21.925266
23.088678
24.249413
25.407469
26.562851
27.715549
28.865572
30.012918
31.157587
32.299580
33.438889
34.575523
35.709480
36.840759
37.969357
39.095284
40.218533
41.339100
42.456993
43.572201
44.684734
45.794586
46.901772
48.006268
49.108093
50.207237
51.303707
52.397495
53.488605
54.577042
55.662796
56.745880
57.826286
58.904007
59.979053
61.051414
62.121113
63.188118
64.252457
65.314110
66.373093
67.429390
68.483009
69.533958
70.582222
71.627815
72.670731
73.710960
74.748520
75.783394
76.817970
77.854637
78.893387
79.934219
80.977142
82.022148
83.069237
84.118408
85.169662
86.223015
87.278435
88.335953
89.395546
90.457222
91.520981
92.586838
93.654770
94.724792
95.796890
96.871078
97.947350
99.025703
100.106148
101.188667
102.273285
103.359970
104.448753
105.539619
106.632568
107.727592
108.824715
109.923912
111.025200
112.128571
113.234032
114.341568
115.451187
116.562897
117.676689
118.792572
119.910530
121.030571
122.152702
123.276917
124.403214
125.531601
126.662071
127.794624
128.929260
130.065979
131.204788
132.345688
133.488647
134.633713
135.780853
136.927597
138.071457
139.212433
140.350525
141.485748
142.618088
143.747513
144.874084
145.997772
147.118576
148.236496
149.351517
150.463669
151.572937
152.679321
153.782822
154.883438
155.981171
157.076035
158.167999
159.257080
160.343292
161.426620
162.507050
163.584610
164.659286
165.731064
166.799988
167.866013
168.929153
169.989410
171.046783
172.101273
173.152878
174.201630
175.247467
176.290421
177.330490
178.367706
179.402023
180.433441
181.462006
182.487656
183.510437
184.530334
185.547363
186.561493
187.572739
188.581116
189.586594
190.589203
191.588913
192.585754
193.579697
194.570786
195.558441
196.542145
197.521912
198.497742
199.469650
200.437592
201.401596
202.361649
203.317780
204.269958
205.218185
206.162476
207.102844
208.039246
208.971695
209.900238
210.824814
211.745468
212.662155
213.574905
214.483719
215.388596
216.289536
217.186508
218.079559
218.968658
219.853821
220.735031
221.612320
222.485641
223.355042
224.220490
225.082001
225.939560
226.793182
227.642868
228.488617
229.330399
230.168259
231.002167
231.832123
232.658173
233.480255
234.298386
235.112595
235.922852
236.729172
237.531540
238.329971
239.124466
239.915024
240.701630
241.484283
242.263000
243.037781
243.794495
244.519012
245.211319
245.871414
246.499329
247.095032
247.658539
248.189835
248.688950
249.155853
249.590561
249.993073
250.363373
250.701477
251.007370
251.281082
251.522583
251.731888
251.908981
252.053879
252.166580
252.247101
252.295395
252.311493
0.000000
2.673300
5.061764
7.165394
8.984189
10.518149
11.907376
13.291976
14.671946
16.047285
17.417997
18.784079
20.145535
21.502357
22.854553
24.202118
25.545057
26.883364
28.217043
29.546089
30.870512
32.190300
33.505459
34.815994
36.121899
37.423172
38.719818
40.011833
41.299221
42.581974
43.860104
45.133602
46.402477
47.666714
48.926327
50.181305
51.431660
52.677383
53.918476
55.154945
56.386787
57.613991
58.836567
60.054516
61.267838
62.476528
63.680588
64.880028
66.074821
67.264999
68.450546
69.631462
70.807747
71.979408
73.146667
74.314789
75.485901
76.660011
77.837112
79.017220
80.200310
81.386406
82.575500
83.767586
84.962669
86.160744
87.361809
88.565872
89.772942
90.983002
92.196060
93.412102
94.631157
95.853203
97.078239
98.306274
99.537300
100.771332
102.008354
103.248375
104.491386
105.737396
106.986404
108.238411
109.493408
110.751396
112.012383
113.276367
114.543350
115.813324
117.086296
118.362267
119.641228
120.923195
122.208145
123.496094
124.787048
126.080986
127.377937
128.677872
129.980789
131.286728
132.595642
133.906433
135.212173
136.511765
137.805191
139.092453
140.373535
141.648483
142.917252
144.179840
145.436279
146.686554
147.930664
149.168610
150.400391
151.626007
152.845459
154.058731
155.265869
156.466812
157.661606
158.850235
160.032700
161.209000
162.379135
163.543106
164.700897
165.852539
166.998032
168.137329
169.270477
170.397461
171.518280
172.632935
173.741425
174.843735
175.939896
177.029892
178.113724
179.191391
180.262894
181.328232
182.387405
183.440399
184.487244
185.527939
186.562439
187.590775
188.612976
189.628998
190.638428
191.640244
192.634369
193.620834
194.599625
195.570740
196.534180
197.489944
198.438065
199.378479
200.311234
201.236313
202.153732
203.063477
203.965546
204.859924
205.746658
206.625702
207.497070
208.360779
209.216812
210.065186
210.905869
211.738892
212.564240
213.381912
214.191910
214.994247
215.788895
216.575882
217.355194
218.126846
218.890793
219.647095
220.395706
221.136673
221.869949
222.595551
223.313492
224.023758
224.726334
225.421265
226.108505
226.788086
227.459976
228.124207
228.780762
229.429657
230.070862
230.702469
231.322449
231.930847
232.527664
233.112900
233.686539
234.248581
234.799042
235.337906
235.865204
236.380890
236.885010
237.377518
237.858444
238.327789
238.785538
239.231705
239.666275
240.089264
240.500656
240.900482
241.288696
241.665329
242.030365
242.383820
242.725693
243.055969
243.374649
243.681747
243.977264
244.261185
244.533524
244.794266
245.043427
245.280991
245.506973
245.721359
245.924164
246.115372
246.294998
246.463028
246.619476
246.764343
246.897598
247.019287
247.129379
247.227875
247.314804
247.390137
247.453857
247.506012
247.546585
247.575546
247.592941
247.598724
