0.998949
0.000525
0.000525
0.000525
0.998949
0.000525
0.000525
0.000525
0.998949
0.000000
0.975343
1.962865
2.962565
3.974444
4.998501
6.034737
7.083150
8.143744
9.216515
10.301464
11.398591
12.507898
13.629383
14.763046
15.908889
17.058155
18.202093
19.340700
20.473978
21.601929
22.724548
23.841837
24.953796
26.060429
27.161732
28.257704
29.348347
30.433657
31.513643
32.588299
33.657619
34.721622
35.780285
36.833622
37.881630
38.924309
39.961658
40.993675
42.020367
43.041725
44.057758
45.068462
46.073830
47.073875
48.068588
49.057976
50.042027
51.020752
51.994339
52.966999
53.940445
54.914692
55.889725
56.865551
57.842171
58.819584
59.797787
60.776783
61.756573
62.737152
63.718525
64.700691
65.683647
66.667397
67.651939
68.637283
69.623405
70.610329
71.598038
72.586540
73.575836
74.565926
75.556808
76.548477
77.540947
78.534210
79.528259
80.523094
81.518738
82.515167
83.512383
84.510399
85.509148
86.508400
87.508095
88.508240
89.508827
90.509857
91.511337
92.513260
93.515633
94.518456
95.521721
96.525429
97.529587
98.534187
99.539238
100.544724
101.550667
102.557053
103.563881
104.571167
105.578888
106.587051
107.595673
108.604729
109.614235
110.624191
111.634590
112.645432
113.656723
114.668465
115.680641
116.693275
117.706345
118.719872
119.733330
120.745499
121.756310
122.765778
123.773888
124.780655
125.786072
126.790131
127.792839
128.794189
129.794205
130.792877
131.790176
132.786118
133.780731
134.774002
135.765900
136.756454
137.745651
138.733505
139.720001
140.705154
141.688950
142.671402
143.652496
144.632248
145.610626
146.587677
147.563385
148.537720
149.510712
150.482346
151.452637
152.421585
153.388123
154.351181
155.310806
156.266953
157.219635
158.168854
159.114624
160.056931
160.995758
161.931152
162.863068
163.791519
164.716522
165.638046
166.556122
167.470734
168.381882
169.289581
170.193802
171.094559
171.991867
172.885712
173.776093
174.663010
175.546478
176.426468
177.302994
178.176071
179.045685
179.911835
180.774521
181.633743
182.489517
183.341812
184.190659
185.036041
185.877975
186.716415
187.551422
188.382950
189.211029
190.035645
190.856796
191.674484
192.488708
193.299469
194.106781
194.910614
195.711014
196.507919
197.301376
198.091385
198.877914
199.660980
200.440598
201.216751
201.989441
202.758667
203.524429
204.286743
205.045578
205.800964
206.552887
207.301346
208.046341
208.787888
209.525955
210.260559
210.991714
211.719406
212.443649
213.164413
213.881729
214.595551
215.305954
216.012863
216.716324
217.416321
218.112854
218.805939
219.495560
220.181702
220.864395
221.543610
222.219391
222.891693
223.560547
224.225922
224.887848
225.546310
226.201309
226.852844
227.500900
228.145538
228.786697
229.424377
230.058594
230.689377
231.316681
231.940521
232.560913
233.177826
233.791306
234.401306
235.007843
0.000000
0.638375
1.342434
2.112176
2.947601
3.848709
4.815500
5.847974
6.946132
8.109972
9.339496
10.634703
11.953605
13.254220
14.536547
15.800584
17.046331
18.273792
19.482960
20.673843
21.846437
23.000740
24.136753
25.254480
26.353920
27.435068
28.497923
29.542496
30.568779
31.576769
32.566471
33.537888
34.491016
35.425850
36.342396
37.243481
38.146069
39.052986
39.964233
40.879810
41.799713
42.723949
43.652515
44.585407
45.522629
46.464180
47.410065
48.360271
49.314812
50.273682
51.236881
52.204407
53.176262
54.152451
55.132965
56.117813
57.106983
58.100487
59.098320
60.099018
61.101139
62.104675
63.109631
64.116005
65.123795
66.132996
67.143623
68.155655
69.169113
70.183983
71.200272
72.217972
73.237099
74.257629
75.279587
76.302956
77.327744
78.353943
79.381561
80.410599
81.441063
82.472923
83.505325
84.532829
85.554565
86.570526
87.580711
88.585129
89.583755
90.576622
91.563705
92.545013
93.520554
94.490303
95.454292
96.412498
97.364937
98.311592
99.252480
100.187592
101.116920
102.040482
102.958267
103.870277
104.776505
105.676964
106.573906
107.469589
108.364014
109.257179
110.149086
111.039734
111.929123
112.817245
113.704117
114.589729
115.474083
116.357178
117.239014
118.119591
118.998909
119.876961
120.753769
121.629311
122.503586
123.376610
124.248375
125.118881
125.988129
126.856117
127.722847
128.588318
129.452530
130.315475
131.177170
132.037613
132.896790
133.754715
134.611359
135.466766
136.320908
137.173782
138.025406
138.875763
139.724884
140.572723
141.419327
142.264633
143.108704
143.951523
144.793091
145.633377
146.472412
147.310181
148.146698
148.981949
149.815964
150.648697
151.480179
152.310410
153.139374
153.967072
154.793503
155.618698
156.442642
157.265305
158.086716
158.906860
159.725769
160.543396
161.359772
162.174881
162.988739
163.801331
164.612686
165.422760
166.231583
167.039154
167.845459
168.650497
169.454300
170.256821
171.058090
171.858093
172.656860
173.454346
174.250580
175.045547
175.839279
176.631729
177.422943
178.212875
179.001556
179.788986
180.575134
181.360046
182.143677
182.926071
183.707199
184.487061
185.265686
186.043030
186.819138
187.593964
188.367538
189.139847
189.910919
190.680695
191.449249
192.216537
192.982559
193.747314
194.510834
195.273071
196.034058
196.793777
197.552246
198.309464
199.065414
199.820099
200.573547
201.325714
202.076630
202.826294
203.574692
204.321808
205.067703
205.812317
206.555695
207.297791
208.038635
208.778214
209.516556
210.253616
210.989426
211.723969
212.457275
213.189301
213.920074
214.649597
215.377853
216.104843
216.830597
217.555054
218.278290
219.000244
219.720963
220.440399
221.158585
221.875504
222.591171
223.305603
224.018738
224.730637
225.441269
226.150635
0.000000
1.136711
2.123390
3.041171
3.971183
4.913428
5.867906
6.834616
7.813560
8.804736
9.808146
10.823788
11.851665
12.891771
13.944114
15.008687
16.075167
17.133223
18.182854
19.224066
20.256851
21.281216
22.297157
23.304674
24.303770
25.294441
26.276690
27.250515
28.215918
29.179686
30.148605
31.122675
32.101898
33.086273
34.075798
35.070477
36.070305
37.075287
38.085423
39.100708
40.121143
41.146736
42.165817
43.166733
44.149490
45.114079
46.060505
46.988766
47.898861
48.790794
49.664566
50.520168
51.357613
52.176888
52.978004
53.769604
54.560352
55.350246
56.139286
56.927471
57.714798
58.501274
59.286892
60.071659
60.855572
61.638626
62.420826
63.202171
63.982662
64.762306
65.541077
66.319016
67.096085
67.872299
68.647667
69.422165
70.195824
70.968628
71.740570
72.511658
73.281898
74.051270
74.819794
75.587463
76.354279
77.120247
77.885345
78.649590
79.412994
80.175529
80.937225
81.698059
82.458031
83.217155
83.975418
84.732834
85.489395
86.245094
86.999947
87.753937
88.507088
89.259361
90.010796
90.761368
91.511086
92.259956
93.007957
93.755119
94.501419
95.246864
95.991455
96.735191
97.478073
98.220100
98.961273
99.701591
100.441063
101.179665
101.917419
102.654312
103.390358
104.125542
104.859871
105.593353
106.325989
107.057747
107.788666
108.518730
109.247940
109.976288
110.703789
111.430420
112.156212
112.881149
113.605225
114.328445
115.050812
115.772324
116.492981
117.212784
117.931732
118.649834
119.367065
120.083450
120.798981
121.513649
122.227478
122.940445
123.652557
124.363800
125.074211
125.783752
126.492447
127.200272
127.907265
128.613388
129.318665
130.023087
130.726639
131.429337
132.131210
132.832214
133.532349
134.231628
134.930054
135.627640
136.324371
137.020233
137.715256
138.409409
139.102722
139.795166
140.486755
141.177505
141.867401
142.556427
143.244598
143.931931
144.618393
145.304001
145.988754
146.672668
147.355713
148.037903
148.719238
149.399734
150.079346
150.758133
151.436035
152.113113
152.789322
153.464676
154.139191
154.812820
155.485626
156.157562
156.828629
157.498871
158.168243
158.836761
159.504425
160.171219
160.837189
161.502274
162.166534
162.829910
163.492447
164.154129
164.814957
165.474915
166.134033
166.792297
167.449707
168.106247
168.761948
169.416779
170.070770
170.723892
171.376190
172.027603
172.678162
173.327881
173.976730
174.624756
175.271881
175.918182
176.563614
177.208206
177.851929
178.494812
179.136826
179.777985
180.418304
181.057755
181.696350
182.334106
182.971008
183.607040
184.242218
184.876541
185.510010
186.142639
186.774384
187.405304
188.035355
188.664551
189.292892
189.920395
190.547028
191.172806
191.797729
192.421783
193.045013
193.667374
194.288864
194.909515
