0.923504
0.038248
0.038248
0.038248
0.923504
0.038248
0.038248
0.038248
0.923504
0.000000
1.134914
2.266331
3.394250
4.518673
5.639598
6.757026
7.870957
8.981392
10.088328
11.191768
12.291711
13.388156
14.481104
15.570555
16.656509
17.738966
18.817926
19.893391
20.965355
22.033823
23.098795
24.160269
25.218245
26.272724
27.323709
28.371195
29.415182
30.455673
31.492668
32.526169
33.556168
34.582668
35.605679
36.625187
37.641197
38.653709
39.662727
40.668247
41.670269
42.668797
43.663826
44.655357
45.643391
46.627930
47.608971
48.586514
49.562267
50.537949
51.513550
52.489075
53.464527
54.439899
55.415192
56.390411
57.365551
58.340618
59.315605
60.290516
61.265350
62.240105
63.214787
64.189392
65.163918
66.138367
67.112740
68.087036
69.061249
70.035393
71.009460
71.983444
72.957352
73.931190
74.904945
75.878632
76.852226
77.825760
78.799210
79.772583
80.745880
81.719101
82.692245
83.665306
84.638290
85.611198
86.584038
87.556801
88.529472
89.502083
90.474602
91.447060
92.419434
93.391663
94.363350
95.334442
96.304932
97.274803
98.244080
99.212753
100.180809
101.148277
102.115128
103.081383
104.047035
105.012077
105.976509
106.940353
107.903580
108.866203
109.828224
110.789635
111.750450
112.710663
113.670265
114.629265
115.587654
116.545448
117.502632
118.459213
119.415192
120.370567
121.325333
122.279495
123.233055
124.186005
125.138359
126.090111
127.041245
127.991783
128.941711
129.891037
130.839767
131.787888
132.735397
133.682312
134.628616
135.574326
136.519409
137.464844
138.411560
139.359558
140.308838
141.259415
142.211258
143.164398
144.118820
145.074509
146.031494
146.989761
147.949295
148.910141
149.872253
150.835648
151.800339
152.766281
153.733536
154.702072
155.671875
156.642975
157.615341
158.589020
159.563950
160.540192
161.517685
162.496490
163.476562
164.457916
165.440552
166.424484
167.409683
168.396179
169.383957
170.373001
171.363358
172.354965
173.347885
174.342056
175.337540
176.334274
177.332321
178.331635
179.332245
180.334122
181.337128
182.340210
183.343216
184.346146
185.349014
186.351776
187.354462
188.357071
189.359604
190.362045
191.364426
192.366714
193.368927
194.371063
195.373108
196.375092
197.376984
198.378799
199.380524
200.382187
201.383774
202.385254
203.386688
204.388016
205.389267
206.390457
207.391556
208.392563
209.393509
210.394379
211.395157
212.395844
213.396454
214.397003
215.397476
216.397858
217.398163
218.398376
219.398529
220.398590
221.398575
222.398483
223.398300
224.398056
225.397705
226.397293
227.399994
228.408981
229.424255
230.445831
231.473679
232.507843
233.548264
234.595001
235.648041
236.707336
237.772949
238.844849
239.923050
241.007523
242.098297
243.195374
244.298721
245.408371
246.524307
247.646545
248.775070
249.909882
251.050980
252.198380
253.352081
254.512039
255.000000
0.000000
1.131004
2.257272
3.378802
4.495595
5.607650
6.714968
7.817549
8.915394
10.008501
11.096871
12.180504
13.259400
14.333559
15.402980
16.467665
17.527613
18.582821
19.633293
20.679028
21.720026
22.756287
23.787813
24.814598
25.836649
26.853960
27.866537
28.874374
29.877476
30.875839
31.869463
32.858353
33.842506
34.821926
35.796604
36.766541
37.731747
38.692215
39.647942
40.598938
41.545193
42.489754
43.435661
44.382923
45.331532
46.281494
47.232800
48.185459
49.139465
50.094822
51.051529
52.009583
52.968990
53.929741
54.891846
55.855301
56.820103
57.786259
58.753754
59.722607
60.692810
61.664360
62.637257
63.611504
64.587105
65.564056
66.542351
67.521996
68.502991
69.485336
70.469025
71.454071
72.440468
73.428207
74.417305
75.407745
76.399536
77.392685
78.387161
79.383011
80.380196
81.378731
82.378624
83.379852
84.382446
85.386375
86.391663
87.398308
88.405746
89.412704
90.419128
91.424995
92.430321
93.435097
94.439323
95.443008
96.446144
97.448738
98.450783
99.452278
100.453224
101.453629
102.453484
103.452789
104.451561
105.449776
106.447441
107.444572
108.441139
109.437172
110.432663
111.427589
112.421982
113.415825
114.409126
115.401878
116.394081
117.385735
118.376839
119.367409
120.357422
121.346901
122.335815
123.324188
124.312027
125.299309
126.286041
127.272240
128.257874
129.242981
130.227524
131.211517
132.194977
133.177902
134.160248
135.142166
136.124146
137.106262
138.088547
139.070969
140.053574
141.036316
142.019226
143.002289
143.985489
144.968857
145.952393
146.936081
147.919907
148.903900
149.888046
150.872345
151.856812
152.841415
153.826187
154.811111
155.796188
156.781433
157.766815
158.752365
159.738068
160.723907
161.709930
162.696075
163.682419
164.668884
165.655518
166.642303
167.629257
168.616348
169.603592
170.591003
171.578583
172.566299
173.554169
174.542206
175.530380
176.518723
177.507217
178.495880
179.484680
180.473648
181.462753
182.451752
183.440521
184.429077
185.417419
186.405548
187.393448
188.381134
189.368622
190.355865
191.342896
192.329712
193.316315
194.302689
195.288849
196.274811
197.260529
198.246033
199.231339
200.216415
201.201248
202.185898
203.170319
204.154526
205.138519
206.122284
207.105835
208.089172
209.072296
210.055191
211.037857
212.020325
213.002579
213.984604
214.966415
215.948013
216.929367
217.910522
218.891479
219.872192
220.852692
221.832977
222.813049
223.792908
224.772537
225.751953
226.731155
227.710144
228.710556
229.754166
230.840958
231.970901
233.143997
234.360260
235.619705
236.922302
238.268051
239.656982
241.089066
242.564316
244.082733
245.644302
247.249054
248.896973
250.588028
252.322250
254.099655
255.000000
255.000000
255.000000
255.000000
255.000000
255.000000
255.000000
0.000000
0.000000
0.687740
2.021465
3.343910
4.655072
5.954953
7.243552
8.520871
9.786908
11.041663
12.285138
13.517330
14.738241
15.947869
17.146219
18.333286
19.509073
20.673576
21.826799
22.968746
24.099401
25.218779
26.326880
27.423695
28.509232
29.583483
30.646458
31.698147
32.738552
33.767681
34.785530
35.792095
36.787380
37.771381
38.744102
39.705544
40.655701
41.594574
42.522175
43.438488
44.343521
45.244434
46.148411
47.055443
47.965534
48.878681
49.794884
50.714146
51.636467
52.561840
53.490269
54.421761
55.356304
56.293907
57.234566
58.178284
59.125057
60.074883
61.027771
61.983715
62.942715
63.904774
64.869881
65.838058
66.809288
67.783569
68.760902
69.741302
70.724762
71.711273
72.700836
73.693466
74.689148
75.687881
76.689682
77.694534
78.702438
79.713417
80.727425
81.744514
82.764648
83.787842
84.814095
85.843399
86.875648
87.908211
88.940010
89.971046
91.001328
92.030846
93.059608
94.087601
95.114838
96.141327
97.167038
98.192001
99.216202
100.239639
101.262314
102.284241
103.305397
104.325798
105.345444
106.364319
107.382439
108.399803
109.416397
110.432236
111.447319
112.461639
113.475204
114.487999
115.500046
116.511322
117.521843
118.531609
119.540611
120.548851
121.556328
122.563057
123.569023
124.574219
125.578659
126.582344
127.585266
128.587433
129.588821
130.589478
131.589355
132.588364
133.586533
134.583832
135.580276
136.575851
137.570587
138.564453
139.557449
140.549591
141.540878
142.531311
143.520874
144.509567
145.497437
146.484406
147.470535
148.455795
149.440201
150.423752
151.406433
152.388275
153.369232
154.349335
155.328583
156.306961
157.284485
158.261154
159.236954
160.211914
161.186020
162.159225
163.131607
164.103104
165.073746
166.043549
167.012466
167.980530
168.947754
169.914093
170.879593
171.844208
172.807983
173.770889
174.733459
175.696930
176.661377
177.626816
178.593231
179.560593
180.528946
181.498276
182.468582
183.439850
184.412094
185.385315
186.359512
187.334671
188.310822
189.287933
190.266037
191.245087
192.225128
193.206146
194.188126
195.171082
196.155014
197.139923
198.125809
199.112671
200.100494
201.089294
202.079086
203.069824
204.061554
205.054245
206.047928
207.042572
208.038193
209.034775
210.032364
211.030899
212.030411
213.030899
214.032364
215.034805
216.038208
217.042603
218.044662
219.041031
220.031738
221.016769
221.996140
222.969849
223.937866
224.900238
225.856934
226.807953
227.753326
228.693024
229.627045
230.555405
231.478104
232.395126
233.306473
234.212173
235.112183
236.006531
236.895218
237.778244
238.655594
239.527283
240.393295
241.253632
242.108307
242.957321
243.800659
244.638351
245.470352
246.296692
247.117371
247.932358
248.741699
249.545380
250.343384
251.135712
251.922379
