0.997392
0.001304
0.001304
0.001304
0.997392
0.001304
0.001304
0.001304
0.997392
0.000000
1.213972
2.415081
3.603327
4.778711
5.941233
7.090891
8.227687
9.351622
10.462692
11.560900
12.646246
13.718729
14.778349
15.825105
16.864775
17.903130
18.940166
19.975891
21.010300
22.043392
23.075172
24.105637
25.134785
26.162619
27.189137
28.214340
29.238226
30.260801
31.282057
32.301998
33.320629
34.337944
35.353943
36.368622
37.381992
38.394043
39.404781
40.414204
41.422314
42.429100
43.434582
44.438740
45.441589
46.443123
47.443340
48.442238
49.439827
50.436104
51.431057
52.424702
53.417023
54.408043
55.397736
56.386116
57.373180
58.358936
59.343372
60.326488
61.308296
62.288784
63.267967
64.245827
65.222374
66.197601
67.171959
68.145882
69.119370
70.092430
71.065056
72.037239
73.008995
73.980324
74.951202
75.921669
76.891685
77.861275
78.830437
79.799156
80.767441
81.735291
82.702713
83.669701
84.636253
85.602379
86.568062
87.533318
88.498138
89.462524
90.426476
91.389999
92.353088
93.315735
94.277954
95.239738
96.201096
97.162018
98.122498
99.082558
100.042175
101.001358
101.960114
102.918419
103.876312
104.833763
105.790779
106.747360
107.703522
108.659225
109.614510
110.569359
111.523781
112.477768
113.431313
114.384430
115.337532
116.291046
117.244972
118.199310
119.154060
120.109215
121.064789
122.020767
122.977165
123.933968
124.891174
125.848801
126.806831
127.765289
128.724136
129.683411
130.643082
131.603165
132.563675
133.524582
134.485916
135.447632
136.409775
137.372330
138.335297
139.298676
140.262451
141.226654
142.191254
143.156281
144.121704
145.087555
146.053802
147.020462
147.987549
148.955017
149.922913
150.891220
151.859940
152.829056
153.798599
154.768555
155.738907
156.709686
157.680862
158.652466
159.624451
160.596878
161.569702
162.542938
163.514923
164.483978
165.450119
166.413315
167.373581
168.330948
169.285385
170.236877
171.185471
172.131134
173.073853
174.013672
174.950546
175.884506
176.815552
177.743652
178.668839
179.591095
180.510437
181.426865
182.340347
183.250900
184.158554
185.063263
185.965042
186.863907
187.759842
188.652863
189.542953
190.430130
191.314362
192.195679
193.074066
193.949539
194.822083
195.691696
196.558411
197.422180
198.283005
199.140930
199.995926
200.848007
201.697159
202.543381
203.386673
204.227051
205.064499
205.899017
206.730606
207.559296
208.393219
209.240524
210.101242
210.975372
211.862885
212.763824
213.678162
214.605881
215.547028
216.501556
217.469498
218.450851
219.445602
220.453751
221.475296
222.510254
223.558609
224.620377
225.695526
226.784103
227.886063
229.001434
230.130219
231.272385
232.427963
233.596954
234.779343
235.975113
237.184311
238.406906
239.642899
240.892303
242.155106
243.431305
244.720917
246.023926
247.340347
248.670151
250.013367
251.369980
252.740005
0.000000
1.139767
2.275333
3.406699
4.533865
5.656831
6.775597
7.890162
9.000529
10.106696
11.208661
12.306428
13.399994
14.489360
15.574527
16.655493
17.732260
18.804829
19.874128
20.941118
22.005789
23.068144
24.128181
25.185900
26.241301
27.294384
28.345148
29.393597
30.439728
31.483540
32.525036
33.564209
34.601074
35.635612
36.667835
37.697739
38.725327
39.750603
40.773552
41.794186
42.812504
43.828506
44.842186
45.853546
46.862598
47.869324
48.873730
49.875828
50.875603
51.873062
52.868198
53.861023
54.851528
55.839710
56.825581
57.809132
58.790371
59.769279
60.745880
61.720161
62.692123
63.661766
64.629089
65.594101
66.556793
67.518135
68.480522
69.444061
70.408745
71.374588
72.341568
73.309692
74.278976
75.249397
76.220978
77.193703
78.167572
79.142593
80.118759
81.096085
82.074547
83.054169
84.034920
85.016838
85.999893
86.984100
87.969460
88.955963
89.943619
90.932419
91.922371
92.913467
93.905716
94.899109
95.893654
96.889343
97.886185
98.884178
99.883308
100.883598
101.885025
102.887611
103.891342
104.896225
105.902245
106.909424
107.917747
108.927223
109.937843
110.949608
111.962524
112.976593
113.991554
115.006035
116.019775
117.032784
118.045059
119.056602
120.067398
121.077469
122.086800
123.095398
124.103264
125.110390
126.116783
127.122444
128.127365
129.131561
130.135010
131.137726
132.139709
133.140945
134.141464
135.141235
136.140274
137.138596
138.136154
139.132996
140.129089
141.124466
142.119095
143.112991
144.106155
145.098587
146.090271
147.081238
148.071457
149.060944
150.049698
151.037704
152.024979
153.011520
153.997345
154.982422
155.966766
156.950363
157.933243
158.915375
159.896774
160.877365
161.855270
162.829758
163.800827
164.768463
165.732666
166.693451
167.650818
168.604767
169.555283
170.502365
171.446045
172.386276
173.323090
174.256470
175.186447
176.112991
177.036102
177.955811
178.872070
179.784912
180.694336
181.600327
182.502899
183.402039
184.297760
185.190048
186.078918
186.964355
187.846390
188.724991
189.600159
190.471893
191.340225
192.205124
193.066589
193.924637
194.779266
195.630463
196.478226
197.322586
198.163498
199.001007
199.835083
200.665726
201.492966
202.316757
203.137131
203.959534
204.789383
205.626694
206.471481
207.323730
208.183441
209.050613
209.925247
210.807358
211.696915
212.593948
213.498428
214.410385
215.329788
216.256668
217.191010
218.132828
219.082092
220.038818
221.003006
221.974670
222.953781
223.940369
224.934418
225.935928
226.944885
227.961334
228.985229
230.016586
231.055420
232.101700
233.155457
234.216660
235.285339
236.361481
237.445084
238.536148
239.634674
240.740677
241.854126
242.975037
244.103409
245.239273
246.382568
247.533340
248.691559
249.857269
251.030426
252.211044
0.000000
1.828143
3.569546
5.224209
6.792132
8.273314
9.667758
10.975459
12.196422
13.330645
14.378126
15.383081
16.389730
17.398069
18.408100
19.419823
20.433237
21.448343
22.465139
23.483627
24.503805
25.525675
26.549236
27.574490
28.601435
29.630070
30.660395
31.692413
32.726124
33.761524
34.798615
35.837399
36.877872
37.920040
38.963898
40.009445
41.056683
42.105618
43.156239
44.208553
45.262550
46.318249
47.375633
48.434711
49.495483
50.557945
51.622097
52.687943
53.755478
54.824703
55.895622
56.968231
58.040554
59.110626
60.178448
61.244007
62.307316
63.368366
64.427170
65.483711
66.538002
67.590027
68.639816
69.687332
70.732605
71.775620
72.816383
73.854889
74.891136
75.925133
76.956879
77.986359
79.013588
80.038574
81.061287
82.081749
83.099968
84.115929
85.129631
86.141083
87.150269
88.157211
89.161896
90.164330
91.164497
92.162415
93.158081
94.151482
95.142647
96.131546
97.118195
98.102585
99.084717
100.066483
101.049728
102.034447
103.020676
104.008377
104.997566
105.988251
106.980423
107.974083
108.969238
109.965874
110.964005
111.963615
112.964714
113.967308
114.971382
115.976952
116.984001
117.992546
119.002586
120.014107
121.027115
122.041611
123.057594
124.075073
125.094040
126.114487
127.136421
128.159851
129.184769
130.211166
131.239059
132.268433
133.299332
134.331680
135.365524
136.400848
137.437683
138.475998
139.515793
140.557083
141.596451
142.630493
143.659241
144.682648
145.700745
146.713516
147.720978
148.723114
149.719925
150.711426
151.697586
152.678452
153.653976
154.624207
155.589096
156.548676
157.502930
158.451859
159.395493
160.333786
161.266769
162.194412
163.116760
164.033783
164.945480
165.851852
166.752930
167.648666
168.539078
169.424179
170.303955
171.178421
172.047562
172.911392
173.769882
174.623062
175.470932
176.313477
177.150711
177.982605
178.809189
179.633438
180.458313
181.283829
182.109985
182.936783
183.764206
184.592270
185.420975
186.250320
187.080307
187.910904
188.742172
189.574066
190.406586
191.239761
192.073547
192.907990
193.743073
194.578781
195.415146
196.252121
197.089752
197.928024
198.766922
199.606461
200.446640
201.287445
202.128906
202.971008
203.813721
204.657074
205.501083
206.345718
207.190994
208.036911
208.883469
209.730652
210.578476
211.426941
212.276031
213.125778
213.976151
214.827164
215.678818
216.531113
217.384018
218.237579
219.091797
219.946625
220.802094
221.658218
222.514969
223.372345
224.230377
225.089020
225.948318
226.808258
227.668823
228.530045
229.391891
230.254379
231.117493
231.981262
232.845657
233.710678
234.576370
235.442657
236.309616
237.177200
238.045425
238.914276
239.783783
240.653915
241.524673
242.396088
243.268143
244.140823
245.014130
245.888092
246.762680
247.637909
