0.993652
0.003174
0.003174
0.003174
0.993652
0.003174
0.003174
0.003174
0.993652
0.000000
2.877137
3.827617
4.779580
5.733025
6.687952
7.644361
8.602253
9.561626
10.522483
11.484821
12.448643
13.413945
14.380730
15.348997
16.318747
17.289978
18.262690
19.236889
20.212568
21.189728
22.168371
23.148497
24.130106
25.113194
26.097767
27.083820
28.071356
29.060375
30.050877
31.042860
32.036324
33.031273
34.027702
35.025616
36.025013
37.025890
38.028248
39.032085
40.037411
41.044220
42.052505
43.062275
44.073528
45.086266
46.100479
47.116180
48.133362
49.152023
50.172169
51.193794
52.216904
53.241501
54.267574
55.295132
56.324169
57.354691
58.386696
59.420181
60.455151
61.491604
62.529533
63.568947
64.609848
65.651817
66.692421
67.731239
68.768280
69.803535
70.837013
71.868713
72.898636
73.926773
74.953133
75.977707
77.000504
78.021523
79.040756
80.058212
81.073891
82.087791
83.099907
84.110245
85.118797
86.125572
87.130569
88.133789
89.135223
90.134872
91.132751
92.128845
93.123161
94.115700
95.106453
96.095421
97.082619
98.068031
99.051674
100.033524
101.013588
101.991882
102.968391
103.943130
104.916077
105.887253
106.856651
107.824257
108.790092
109.754150
110.716415
111.676903
112.635612
113.592552
114.547699
115.501068
116.452652
117.402466
118.350502
119.296745
120.241219
121.183907
122.124817
123.063942
124.001289
124.936852
125.870651
126.802658
127.734360
128.667267
129.601379
130.536682
131.473160
132.410843
133.349731
134.289795
135.231064
136.173538
137.117188
138.062042
139.008072
139.955322
140.903748
141.853378
142.804199
143.756210
144.709412
145.663818
146.619415
147.576202
148.534195
149.493378
150.453751
151.415314
152.378067
153.342010
154.307175
155.273514
156.241043
157.209778
158.179703
159.150848
160.123154
161.096664
162.071350
163.047241
164.024338
165.002625
165.982101
166.962769
167.944641
168.927704
169.911957
170.897415
171.884048
172.871872
173.860916
174.851151
175.842560
176.835175
177.828964
178.823990
179.820175
180.817551
181.816147
182.815918
183.816895
184.819061
185.822418
186.826981
187.832581
188.838425
189.844345
190.850388
191.856506
192.862732
193.869034
194.875427
195.881943
196.888519
197.895203
198.901978
199.908859
200.915833
201.922882
202.930038
203.937271
204.944611
205.952057
206.959579
207.967209
208.974930
209.982727
210.990631
211.998627
213.006699
214.014877
215.023163
216.031540
217.039993
218.048569
219.057205
220.065948
221.074783
222.083725
223.092743
224.101868
225.111084
226.120377
227.129776
228.139267
229.148865
230.158539
231.168320
232.178177
233.188141
234.198196
235.208359
236.218582
237.228928
238.239365
239.249878
240.260498
241.271194
242.282013
243.292908
244.303894
245.314987
246.326157
247.337418
248.348785
249.360245
250.371796
251.365585
252.323822
253.246445
254.133499
0.000000
0.927392
1.863297
2.807715
3.760646
4.722089
5.692045
6.670513
7.657495
8.648746
9.640022
10.631323
11.622649
12.614001
13.605379
14.596782
15.588209
16.579662
17.571140
18.562647
19.554173
20.545729
21.537310
22.528915
23.520544
24.512199
25.503881
26.495588
27.487318
28.479076
29.470860
30.462667
31.454502
32.446362
33.438244
34.430153
35.422089
36.414047
37.406033
38.398045
39.390076
40.382145
41.374226
42.366337
43.358479
44.350636
45.342831
46.335041
47.327282
48.319546
49.311840
50.304150
51.296486
52.288857
53.281242
54.273659
55.266106
56.258564
57.251064
58.243580
59.236122
60.228683
61.221283
62.213902
63.206547
64.199211
65.191910
66.184631
67.177368
68.170143
69.162804
70.154671
71.145622
72.135635
73.124718
74.112877
75.100113
76.086426
77.071800
78.056252
79.039787
80.022385
81.004059
81.984802
82.964630
83.943512
84.921486
85.898521
86.874634
87.849823
88.824081
89.797409
90.769821
91.741295
92.711845
93.681473
94.650169
95.617943
96.584785
97.550697
98.515686
99.479759
100.442894
101.405098
102.366386
103.326736
104.286163
105.244667
106.202248
107.158890
108.114609
109.069405
110.023277
110.976219
111.928238
112.879318
113.829483
114.778717
115.727020
116.674400
117.620857
118.566383
119.510979
120.454651
121.397400
122.339218
123.280113
124.220078
125.159111
126.097221
127.034401
127.970657
128.907471
129.846313
130.787170
131.730072
132.675003
133.621948
134.570938
135.521927
136.474976
137.430038
138.387131
139.346252
140.307404
141.270599
142.235809
143.203033
144.172302
145.143616
146.116928
147.092285
148.069672
149.049072
150.030518
151.013977
151.999481
152.987000
153.976547
154.968140
155.961746
156.957382
157.955063
158.954758
159.956482
160.960236
161.966019
162.973831
163.983673
164.995544
166.009430
167.025360
168.043304
169.063293
170.085297
171.109344
172.135422
173.163513
174.193649
175.225784
176.259979
177.296188
178.334427
179.374695
180.416992
181.461334
182.507675
183.556061
184.606476
185.658920
186.713394
187.769882
188.828415
189.888672
190.948898
192.008804
193.068390
194.127625
195.186554
196.245163
197.303436
198.361374
199.419006
200.476303
201.533264
202.589920
203.646225
204.702225
205.757874
206.813217
207.868240
208.922913
209.977280
211.031311
212.085007
213.138412
214.191452
215.244186
216.296585
217.348679
218.400406
219.451843
220.502945
221.553711
222.604156
223.654282
224.704071
225.753540
226.802689
227.851501
228.899994
229.948151
230.995987
232.043503
233.090698
234.137558
235.184082
236.230286
237.276169
238.321716
239.366943
240.411850
241.456436
242.500671
243.544601
244.588196
245.631470
246.674423
247.717041
248.759338
249.801300
250.842926
251.884262
252.925247
253.965912
254.885574
0.000000
2.096910
3.400057
4.307827
5.218609
6.132402
7.049207
7.969024
8.891851
9.817691
10.746541
11.678403
12.613277
13.551164
14.492060
15.435967
16.382889
17.332819
18.285761
19.241714
20.200682
21.162661
22.127649
23.095652
24.066662
25.040684
26.017717
26.997765
27.980822
28.966890
29.955971
30.948067
31.943169
32.941284
33.942410
34.946545
35.953701
36.963863
37.977032
38.993217
40.012417
41.034622
42.059841
43.088070
44.119312
45.153564
46.190830
47.231106
48.274391
49.320694
50.370007
51.422325
52.477657
53.536003
54.597363
55.661728
56.729111
57.799500
58.872906
59.949314
61.028740
62.111179
63.196629
64.285088
65.376556
66.469444
67.559853
68.647598
69.732681
70.815102
71.894859
72.971970
74.046410
75.118195
76.187309
77.253769
78.317566
79.378708
80.437187
81.493004
82.546165
83.596657
84.644493
85.689674
86.732185
87.772034
88.809227
89.843773
90.875641
91.904854
92.931412
93.955292
94.976524
95.995102
97.011017
98.024261
99.034843
100.042778
101.048050
102.050652
103.050598
104.047890
105.042511
106.034477
107.023781
108.010429
108.994415
109.975739
110.954399
111.930397
112.903740
113.874420
114.842438
115.807800
116.770500
117.730545
118.687912
119.642632
120.594688
121.544090
122.490829
123.434898
124.376320
125.315071
126.251167
127.184601
128.115372
129.043991
129.973480
130.904343
131.836578
132.770218
133.705200
134.641586
135.579330
136.518448
137.458954
138.400818
139.344086
140.288712
141.234711
142.182098
143.130859
144.080994
145.032501
145.985382
146.939651
147.895294
148.852310
149.810699
150.770462
151.731613
152.694138
153.658035
154.623306
155.589966
156.557983
157.527405
158.498169
159.470337
160.443863
161.418777
162.395065
163.372726
164.351761
165.332169
166.313980
167.297134
168.281677
169.267609
170.254898
171.243561
172.233612
173.225037
174.217834
175.212021
176.207581
177.204514
178.202805
179.202499
180.203568
181.205978
182.209793
183.214996
184.221558
185.229507
186.238831
187.249512
188.261581
189.274979
190.288223
191.300766
192.312576
193.323685
194.334061
195.343719
196.352676
197.360886
198.368408
199.375198
200.381271
201.386627
202.391281
203.395187
204.398392
205.400879
206.402649
207.403687
208.404022
209.403625
210.402542
211.400711
212.398178
213.394913
214.390945
215.386246
216.380829
217.374710
218.367859
219.360291
220.352005
221.343002
222.333282
223.322845
224.311691
225.299820
226.287231
227.273926
228.259888
229.245163
230.229691
231.213516
232.196625
233.179001
234.160675
235.141617
236.121857
237.101364
238.080154
239.058243
240.035599
241.012238
241.988159
242.963364
243.937851
244.911636
245.884689
246.857010
247.828629
248.799530
249.769714
250.739166
251.587143
252.192841
252.556259
252.677399
