0.949035
0.025483
0.025483
0.025483
0.949035
0.025483
0.025483
0.025483
0.949035
0.000000
0.701362
1.431110
2.189243
2.975762
3.790666
4.633956
5.505631
6.405692
7.334137
8.290970
9.276186
10.289788
11.331776
12.402149
13.500908
14.628053
15.783583
16.967497
18.179798
19.403372
20.621113
21.833019
23.039089
24.239325
25.433725
26.622292
27.805021
28.981915
30.152977
31.318201
32.477592
33.631149
34.778866
35.920750
37.056801
38.187016
39.311394
40.429939
41.542652
42.649529
43.750565
44.845768
45.935135
47.018669
48.096371
49.168236
50.234264
51.294460
52.348820
53.397346
54.440033
55.476883
56.507904
57.533085
58.552433
59.565948
60.573627
61.575470
62.571480
63.561653
64.545998
65.524490
66.497162
67.465599
68.433746
69.401772
70.369682
71.337479
72.305161
73.272713
74.240158
75.207489
76.174698
77.141792
78.108765
79.075630
80.042374
81.008995
81.975502
82.941887
83.908165
84.874321
85.840355
86.806282
87.772087
88.737778
89.703354
90.668808
91.634140
92.599358
93.564468
94.529457
95.494324
96.459076
97.423714
98.388237
99.352638
100.316925
101.281090
102.245140
103.209076
104.172890
105.136589
106.100174
107.063637
108.026985
108.990219
109.953644
110.919098
111.886887
112.857033
113.829506
114.804321
115.781471
116.760971
117.742805
118.726982
119.713493
120.702354
121.693558
122.687088
123.682968
124.681183
125.681740
126.684639
127.689865
128.697449
129.707367
130.719635
131.734222
132.751160
133.770432
134.792053
135.816025
136.842316
137.870956
138.901932
139.935242
140.970901
142.008896
143.049240
144.091919
145.136932
146.184296
147.233994
148.286041
149.340408
150.397125
151.456192
152.517578
153.581329
154.647247
155.711304
156.771851
157.828918
158.882523
159.932602
160.979218
162.022324
163.061951
164.098083
165.130737
166.159897
167.185577
168.207764
169.226456
170.241653
171.253372
172.261612
173.266357
174.267609
175.265366
176.259644
177.250427
178.237717
179.221527
180.201843
181.178680
182.152023
183.121872
184.088242
185.051117
186.010513
186.966400
187.918808
188.867737
189.813156
190.755112
191.693573
192.628540
193.560013
194.488007
195.412506
196.333527
197.251038
198.165070
199.072937
199.971954
200.862152
201.743469
202.615967
203.479599
204.334396
205.180344
206.017456
206.845718
207.665115
208.475693
209.277420
210.070282
210.854324
211.629501
212.395844
213.153336
213.901978
214.641785
215.372742
216.094864
216.808121
217.512543
218.208130
218.894852
219.572739
220.241791
220.901978
221.553329
222.195831
222.829498
223.454300
224.070267
224.677399
225.275665
225.865097
226.445694
227.017426
227.580322
228.134369
228.679565
229.215927
229.743439
230.262115
230.771927
231.272903
231.765030
232.248322
232.722763
233.188354
233.645096
234.093002
234.532059
234.962280
235.383636
235.796158
236.199844
236.594666
0.000000
0.848727
1.722974
2.622741
3.548027
4.498834
5.475160
6.477005
7.504373
8.557259
9.635666
10.739590
11.869038
13.024002
14.204487
15.410493
16.626661
17.837635
19.043417
20.244003
21.439394
22.629593
23.814594
24.994406
26.169022
27.338440
28.502666
29.661699
30.815536
31.964182
33.107632
34.245888
35.378948
36.506813
37.629486
38.746967
39.859253
40.966339
42.068233
43.164940
44.256447
45.342758
46.423882
47.499798
48.570530
49.636066
50.696407
51.751560
52.801510
53.846272
54.885834
55.920208
56.949383
57.973366
58.992153
60.005749
61.014153
62.017353
63.015362
64.008179
64.996475
65.984306
66.972343
67.960579
68.949028
69.937668
70.926529
71.915588
72.904854
73.894333
74.884003
75.873886
76.863976
77.854263
78.844765
79.835472
80.826385
81.817497
82.808823
83.800339
84.792076
85.784012
86.776154
87.768501
88.761055
89.753815
90.746773
91.739952
92.733322
93.726906
94.720695
95.714684
96.708878
97.703278
98.697891
99.692696
100.687729
101.682945
102.678383
103.674019
104.669853
105.665901
106.662148
107.658607
108.655266
109.652382
110.650200
111.648727
112.647964
113.647903
114.648552
115.649902
116.651962
117.654724
118.658195
119.662369
120.667244
121.672829
122.679123
123.686119
124.693825
125.702232
126.711349
127.721176
128.731689
129.742935
130.754868
131.767502
132.780869
133.794907
134.809677
135.825134
136.841309
137.858200
138.875763
139.894073
140.913071
141.932770
142.953156
143.974274
144.996094
146.018631
147.041855
148.065796
149.090424
150.115784
151.141830
152.168579
153.196045
154.224014
155.251205
156.277420
157.302658
158.326889
159.350159
160.372452
161.393753
162.414093
163.433441
164.451797
165.469193
166.485611
167.501038
168.515472
169.528931
170.541412
171.552917
172.563461
173.572998
174.581558
175.589157
176.595749
177.601379
178.606018
179.609680
180.612366
181.614059
182.614792
183.614532
184.613297
185.611069
186.607864
187.603683
188.598526
189.592392
190.585281
191.577179
192.568085
193.558029
194.546997
195.534973
196.521957
197.507996
198.493027
199.471573
200.438126
201.392670
202.335205
203.265762
204.184296
205.090836
205.985382
206.867920
207.738449
208.597000
209.443527
210.278076
211.100601
211.911133
212.709671
213.496216
214.270752
215.033279
215.783813
216.522339
217.248856
217.963394
218.665924
219.356445
220.034973
220.701492
221.356018
221.998550
222.629059
223.247574
223.854111
224.448624
225.031143
225.601654
226.160187
226.706680
227.241211
227.763733
228.274246
228.772751
229.259262
229.733780
230.196289
230.646805
231.085297
231.511826
231.926315
232.328827
232.719330
233.097839
233.464340
233.818848
234.161346
234.491852
234.810349
235.116837
235.411346
235.693848
235.964325
236.222839
236.469330
0.000000
1.322595
2.601577
3.836943
5.028695
6.176833
7.281356
8.342264
9.382241
10.423969
11.467449
12.512680
13.559663
14.608397
15.658882
16.711119
17.765106
18.820847
19.878338
20.937580
21.998573
23.061317
24.125814
25.192060
26.260061
27.329813
28.401316
29.474569
30.549574
31.626331
32.704838
33.785095
34.867111
35.950874
37.036385
38.123646
39.212666
40.303432
41.395950
42.490215
43.586246
44.684021
45.783546
46.884819
47.987846
49.092628
50.199158
51.307438
52.417473
53.529255
54.642647
55.754463
56.863403
57.969456
59.072636
60.172939
61.270363
62.364906
63.456577
64.545364
65.631271
66.714302
67.794456
68.871727
69.946129
71.017639
72.086281
73.152046
74.214928
75.274933
76.332062
77.386314
78.437675
79.486168
80.531784
81.574516
82.614372
83.651352
84.685448
85.716667
86.745010
87.770470
88.793060
89.812775
90.829597
91.843552
92.854622
93.862816
94.868126
95.870575
96.870132
97.866806
98.860619
99.852280
100.846191
101.843094
102.842987
103.845863
104.851738
105.860603
106.872452
107.887291
108.905121
109.925934
110.949745
111.976540
113.006332
114.039101
115.074875
116.113625
117.155365
118.200104
119.247833
120.298538
121.352242
122.408928
123.468613
124.531281
125.596939
126.665588
127.737228
128.811859
129.889481
130.970078
132.053680
133.140259
134.229828
135.322403
136.417953
137.516510
138.618027
139.722549
140.830063
141.940567
143.054062
144.170532
145.287567
146.399216
147.505203
148.605515
149.700180
150.789185
151.872528
152.950211
154.022232
155.088593
156.149292
157.204330
158.253708
159.297424
160.335480
161.367874
162.394608
163.415695
164.431107
165.440842
166.444946
167.443359
168.436142
169.423264
170.404694
171.380493
172.350616
173.315079
174.273895
175.227036
176.174515
177.116333
178.052521
178.983017
179.907852
180.827042
181.740555
182.648422
183.550613
184.447144
185.338028
186.223251
187.102814
187.981674
188.864838
189.752304
190.644043
191.540070
192.440414
193.345047
194.253952
195.167145
196.084641
197.006439
197.932526
198.862885
199.797546
200.736496
201.679749
202.627289
203.579102
204.535233
205.495651
206.460342
207.429337
208.402634
209.380188
210.362061
211.348236
212.338684
213.333420
214.332458
215.335785
216.343414
217.355316
218.371521
219.391998
220.416794
221.445877
222.479233
223.516891
224.558838
225.605087
226.655624
227.710449
228.769562
229.832977
230.900681
231.972656
233.048950
234.129517
235.214386
236.303543
237.397003
238.494736
239.596771
240.703079
241.813705
242.928604
244.047806
245.171295
246.299072
247.431152
248.567520
249.708176
250.853119
252.002350
253.155884
254.313705
255.000000
255.000000
255.000000
255.000000
255.000000
255.000000
255.000000
255.000000
255.000000
255.000000
255.000000
