0.988669
0.005666
0.005666
0.005666
0.988669
0.005666
0.005666
0.005666
0.988669
0.000000
1.518998
2.970482
4.354450
5.670904
6.919842
8.101266
9.215176
10.261570
11.240450
12.151814
13.030315
13.910611
14.792701
15.676583
16.562258
17.449728
18.338989
19.230045
20.122894
21.017534
21.913971
22.812197
23.712217
24.614035
25.517641
26.423038
27.330231
28.239218
29.150000
30.062569
30.976936
31.893099
32.811050
33.730793
34.652332
35.575665
36.500786
37.427704
38.356415
39.286919
40.219215
41.153305
42.089188
43.026863
43.966331
44.907593
45.850651
46.795498
47.742142
48.690578
49.640804
50.592827
51.546642
52.502251
53.459652
54.418842
55.379829
56.342609
57.307178
58.273548
59.241711
60.211658
61.183403
62.156944
63.132275
64.109390
65.087288
66.064903
67.042252
68.019333
68.996140
69.972679
70.948959
71.924957
72.900688
73.876160
74.851357
75.826286
76.800949
77.775337
78.749451
79.723312
80.696892
81.670204
82.643250
83.616028
84.588531
85.560768
86.532738
87.504440
88.475868
89.447037
90.417923
91.388550
92.358902
93.328987
94.298813
95.268356
96.237633
97.206642
98.175392
99.143852
100.112061
101.079994
102.047661
103.015053
103.982178
104.949043
105.915634
106.881950
107.848000
108.813789
109.779305
110.744537
111.709518
112.674225
113.638664
114.602829
115.566727
116.530350
117.493721
118.456810
119.420547
120.385826
121.352646
122.321022
123.290932
124.262405
125.235420
126.209976
127.186089
128.163742
129.142944
130.123703
131.105988
132.089828
133.075226
134.062164
135.050644
136.040680
137.032257
138.025375
139.020050
140.016266
141.014038
142.013351
143.014206
144.016617
145.020569
146.026077
147.033127
148.041718
149.051865
150.063553
151.076797
152.091568
153.107910
154.125778
155.145203
156.166183
157.188705
158.212769
159.238373
160.265533
161.294250
162.324493
163.356308
164.389648
165.424545
166.460983
167.498978
168.538513
169.579590
170.622223
171.666412
172.712128
173.759399
174.808228
175.856506
176.902161
177.945190
178.985611
180.023392
181.058548
182.091080
183.120987
184.148270
185.172943
186.194977
187.214386
188.231171
189.245331
190.256866
191.265793
192.272079
193.275742
194.276779
195.275208
196.270996
197.264160
198.254715
199.242630
200.227921
201.210587
202.190628
203.168060
204.142853
205.115036
206.084564
207.051498
208.015793
208.977478
209.936523
210.892960
211.846756
212.797928
213.746475
214.692413
215.635727
216.576401
217.514450
218.449890
219.382690
220.312881
221.240417
222.165375
223.087677
224.007355
224.924423
225.838867
226.750671
227.659866
228.566422
229.470352
230.382919
231.315308
232.267563
233.239670
234.231644
235.243454
236.275116
237.326630
238.398010
239.489227
240.600311
241.731232
242.882004
244.052658
245.243134
246.453461
247.683640
248.933685
250.203583
251.493332
252.802933
0.000000
0.000000
1.139184
2.668431
4.146041
5.572013
6.946347
8.269044
9.540104
10.759525
11.927310
13.043456
14.133172
15.221666
16.308937
17.394985
18.479813
19.563416
20.645798
21.726955
22.806890
23.885603
24.963095
26.039364
27.114410
28.188232
29.260836
30.332212
31.402367
32.471302
33.539013
34.605499
35.670769
36.734810
37.797626
38.859226
39.919605
40.978756
42.036690
43.093391
44.148880
45.203140
46.256180
47.308002
48.358593
49.407967
50.456116
51.503044
52.548748
53.593227
54.636494
55.678535
56.719345
57.758938
58.797306
59.834454
60.870384
61.905087
62.938560
63.970814
65.001854
66.031662
67.060257
68.088272
69.117325
70.147491
71.178749
72.211113
73.244583
74.279160
75.314842
76.351624
77.389511
78.428505
79.468605
80.509796
81.552109
82.595512
83.640030
84.685646
85.732368
86.780197
87.829124
88.879158
89.930305
90.982544
92.035896
93.090355
94.145912
95.202576
96.260338
97.319206
98.379181
99.440269
100.502449
101.565735
102.630135
103.695633
104.762230
105.829941
106.898750
107.968658
109.039680
110.111809
111.185036
112.259369
113.334801
114.411346
115.488991
116.567734
117.647591
118.728554
119.810608
120.893784
121.977730
123.060646
124.142204
125.222412
126.301254
127.378738
128.454880
129.529648
130.603058
131.675125
132.745850
133.815186
134.883179
135.949814
137.015106
138.079025
139.141586
140.202789
141.262650
142.321152
143.378296
144.434082
145.488510
146.541580
147.593292
148.643646
149.692642
150.740295
151.786591
152.831528
153.875092
154.917328
155.958176
156.997696
158.035843
159.072632
160.108078
161.142151
162.174866
163.206238
164.236267
165.264908
166.292206
167.318161
168.342728
169.365967
170.387848
171.408356
172.427505
173.445328
174.461777
175.476791
176.489075
177.498093
178.503830
179.506287
180.505478
181.501389
182.494019
183.483383
184.469467
185.452271
186.431793
187.408051
188.381027
189.350723
190.317154
191.280304
192.240173
193.196777
194.150085
195.100128
196.046890
196.990387
197.930588
198.867523
199.801178
200.731567
201.658676
202.582520
203.503067
204.420334
205.334335
206.245056
207.152512
208.056686
208.957565
209.855194
210.749542
211.640610
212.528381
213.412903
214.294144
215.172104
216.046783
216.918198
217.786316
218.651184
219.512756
220.371063
221.226074
222.077835
222.926300
223.771652
224.613892
225.453079
226.289185
227.122253
227.952240
228.779175
229.603043
230.423843
231.241592
232.056290
232.867905
233.676468
234.481964
235.284409
236.083786
236.880096
237.673340
238.463531
239.250671
240.034729
240.815720
241.593674
242.368546
243.140381
243.909119
244.674835
245.437469
246.197021
246.953537
247.706985
248.457367
249.204697
249.948959
250.690170
251.428299
252.163376
252.895386
253.624344
0.000000
1.616551
3.122258
4.517122
5.801142
6.974317
8.036649
9.044182
10.052966
11.063001
12.074287
13.086823
14.100608
15.115646
16.131931
17.149467
18.168257
19.188293
20.209583
21.232121
22.255909
23.280949
24.307238
25.334776
26.363569
27.393608
28.424902
29.457441
30.491232
31.526272
32.562565
33.600109
34.638901
35.678940
36.720234
37.762779
38.806572
39.851616
40.897903
41.945454
42.994251
44.044296
45.095592
46.148144
47.201942
48.256985
49.313282
50.370834
51.429626
52.489677
53.550976
54.613518
55.677319
56.742371
57.808220
58.873783
59.939007
61.003891
62.068436
63.132641
64.196495
65.260025
66.323212
67.386055
68.448563
69.510727
70.572556
71.634048
72.695190
73.755997
74.816467
75.876595
76.936378
77.995834
79.054939
80.113708
81.172134
82.230232
83.287971
84.345390
85.402458
86.459190
87.515587
88.571632
89.627357
90.682724
91.737747
92.792450
93.846802
94.900818
95.954491
97.007828
98.060822
99.113472
100.165794
101.217766
102.269417
103.320709
104.371658
105.422287
106.472565
107.522652
108.573402
109.624985
110.677383
111.730606
112.784645
113.839508
114.895187
115.951691
117.009010
118.067162
119.126114
120.185905
121.246506
122.307938
123.370178
124.433243
125.497124
126.561836
127.627373
128.693710
129.760880
130.828857
131.897675
132.967300
134.037750
135.109009
136.181107
137.254013
138.327744
139.402298
140.477676
141.553864
142.630875
143.708710
144.787369
145.866852
146.947144
148.028259
149.110199
150.192947
151.276520
152.360916
153.446136
154.532181
155.619034
156.706711
157.795059
158.880707
159.962250
161.039703
162.113083
163.182358
164.247574
165.308670
166.365692
167.418625
168.467468
169.512222
170.552887
171.589478
172.621948
173.650360
174.674683
175.694901
176.711044
177.723083
178.731033
179.734909
180.734695
181.730408
182.722015
183.709534
184.692947
185.672287
186.647568
187.618713
188.585800
189.548782
190.507690
191.462494
192.413223
193.359863
194.302429
195.240875
196.175247
197.105530
198.031723
198.953827
199.871841
200.785767
201.695618
202.601379
203.503036
204.400604
205.292404
206.176758
207.053650
207.923096
208.785080
209.639633
210.486710
211.326324
212.158493
212.983215
213.800476
214.610291
215.412643
216.207550
216.994980
217.774979
218.547516
219.312607
220.070236
220.820404
221.563126
222.298401
223.026199
223.746567
224.459473
225.164932
225.862915
226.553467
227.236542
227.912186
228.580353
229.241089
229.894348
230.540161
231.178528
231.809433
232.432892
233.048904
233.657440
234.258530
234.852173
235.438339
236.017075
236.588348
237.152176
237.708527
238.257446
238.798904
239.332901
239.859451
240.378555
240.890182
241.394379
241.891098
242.380371
242.862198
243.336578
243.803497
244.262939
244.714951
