0.946310
0.026845
0.026845
0.026845
0.946310
0.026845
0.026845
0.026845
0.946310
0.000000
1.077018
2.145857
3.206515
4.258994
5.303292
6.339410
7.367348
8.387108
9.398685
10.402083
11.397302
12.384340
13.363197
14.333876
15.296375
16.250692
17.196833
18.134789
19.064569
19.986166
20.905136
21.827038
22.751865
23.679623
24.610306
25.543921
26.480459
27.419930
28.362328
29.307653
30.255907
31.207087
32.161198
33.118233
34.078201
35.041096
36.006912
36.975662
37.947346
38.921951
39.899487
40.879948
41.863338
42.849655
43.838905
44.831078
45.826180
46.824215
47.825176
48.829063
49.835876
50.845558
51.857758
52.872421
53.889542
54.909119
55.931156
56.955654
57.982605
59.012020
60.043888
61.078220
62.115009
63.154251
64.195961
65.240128
66.286743
67.335831
68.387367
69.441376
70.497833
71.556740
72.618118
73.681953
74.748245
75.816994
76.888206
77.961876
79.038002
80.116585
81.197632
82.281136
83.367096
84.450523
85.526436
86.594833
87.655708
88.709076
89.754913
90.793243
91.824051
92.847343
93.863121
94.871368
95.872108
96.865326
97.851036
98.829224
99.799889
100.763039
101.718674
102.666786
103.607384
104.540466
105.466034
106.384079
107.294601
108.197617
109.093102
109.981087
110.861534
111.734482
112.599907
113.457809
114.309898
115.166351
116.028870
116.897461
117.772102
118.652832
119.539612
120.432457
121.331375
122.236359
123.147400
124.064514
124.987686
125.916939
126.852249
127.793617
128.741074
129.694580
130.654144
131.619781
132.591492
133.569260
134.553101
135.543015
136.538986
137.541016
138.549118
139.563293
140.583511
141.609833
142.642181
143.680634
144.720932
145.758957
146.794693
147.828156
148.859299
149.888153
150.914703
151.938980
152.960953
153.980652
154.998047
156.013153
157.025970
158.036484
159.044708
160.050629
161.054260
162.055618
163.054672
164.051437
165.045914
166.038101
167.027969
168.015564
169.000870
169.983871
170.964584
171.943024
172.919144
173.892990
174.864532
175.833786
176.800751
177.765427
178.727783
179.687881
180.645660
181.601166
182.554382
183.505280
184.453918
185.400238
186.344284
187.286026
188.225479
189.162628
190.097504
191.030090
191.960342
192.888351
193.814041
194.737457
195.658569
196.577393
197.493912
198.408142
199.320099
200.229736
201.137100
202.042160
202.944931
203.845413
204.743607
205.639511
206.533112
207.424423
208.313446
209.200165
210.084595
210.966751
211.846603
212.724136
213.599411
214.472382
215.343063
216.211441
217.077545
217.941345
218.802856
219.662064
220.518997
221.373627
222.225967
223.076019
223.923782
224.769211
225.612411
226.453293
227.291855
228.128143
228.962158
229.793854
230.623276
231.450394
232.275238
233.097763
233.918015
234.735962
235.551620
236.364990
237.176071
237.984848
238.791351
239.595551
240.397446
241.197067
241.994385
242.789413
243.582153
0.000000
0.874460
1.765608
2.673444
3.597968
4.539179
5.497078
6.471665
7.462940
8.470901
9.495552
10.536889
11.594914
12.669628
13.761028
14.869117
15.993895
17.135359
18.293512
19.468349
20.659878
21.855465
23.042505
24.220987
25.390915
26.552290
27.705107
28.849371
29.985081
31.112232
32.230831
33.340874
34.442364
35.535294
36.619671
37.695496
38.762760
39.821476
40.871632
41.913239
42.946285
43.970776
44.986713
45.994095
46.992924
47.983196
48.964912
49.938076
50.902683
51.858734
52.806236
53.745174
54.675564
55.604084
56.537407
57.475536
58.418476
59.366222
60.318775
61.276142
62.238312
63.205292
64.177078
65.153671
66.135086
67.121292
68.112320
69.108147
70.108788
71.114235
72.124481
73.139557
74.159416
75.184105
76.213593
77.247887
78.286987
79.330902
80.379623
81.433159
82.491493
83.554634
84.622589
85.695351
86.772919
87.849930
88.921028
89.986191
91.045433
92.098755
93.146141
94.187607
95.223160
96.252769
97.276466
98.294243
99.306091
100.312019
101.312019
102.306091
103.294243
104.276466
105.252769
106.223152
107.187614
108.146141
109.098747
110.045441
110.986191
111.921028
112.849937
113.772934
114.689987
115.601135
116.506348
117.405647
118.299004
119.194031
120.098343
121.011909
121.934738
122.866829
123.808197
124.758820
125.718712
126.687859
127.666283
128.653961
129.650909
130.657135
131.672607
132.697342
133.731354
134.774612
135.827148
136.888962
137.960022
139.040344
140.129944
141.228806
142.336929
143.454315
144.580963
145.716873
146.862061
148.016510
149.180222
150.353195
151.535431
152.719116
153.896378
155.067230
156.231705
157.389755
158.541397
159.686661
160.825500
161.957947
163.083984
164.203629
165.316864
166.423676
167.524109
168.618134
169.705750
170.786972
171.861786
172.930176
173.992188
175.047791
176.096985
177.139786
178.176178
179.206161
180.229752
181.246933
182.257706
183.262085
184.260056
185.251633
186.236786
187.215546
188.187912
189.153854
190.113403
191.066544
192.013306
192.953644
193.887573
194.815125
195.736237
196.650970
197.559280
198.461212
199.356735
200.245834
201.128540
202.004852
202.874756
203.738251
204.595337
205.446045
206.290329
207.128204
207.959702
208.784760
209.603439
210.415710
211.221573
212.021057
212.814102
213.600769
214.381012
215.154861
215.922318
216.683365
217.438004
218.186234
218.928085
219.663513
220.392517
221.115158
221.831360
222.541183
223.244598
223.941605
224.632217
225.316422
225.994217
226.665619
227.330612
227.989197
228.641373
229.287155
229.926544
230.559509
231.186081
231.806259
232.420013
233.027374
233.628342
234.222900
234.811050
235.392776
235.968124
236.537064
237.099594
237.655746
238.205460
238.748795
239.285721
239.816238
240.340363
240.858078
241.369370
241.874283
0.000000
1.267494
2.521847
3.763059
4.991130
6.206060
7.407849
8.596497
9.772003
10.934367
12.083592
13.219674
14.342617
15.452418
16.549078
17.638668
18.727261
19.814854
20.901451
21.987047
23.071648
24.155249
25.237850
26.319454
27.400064
28.479673
29.558283
30.635899
31.712509
32.788128
33.862743
34.936367
36.008987
37.080616
38.151237
39.220863
40.289497
41.357124
42.423759
43.489395
44.554031
45.617668
46.680309
47.741955
48.805325
49.873161
50.945454
52.022209
53.103428
54.189106
55.279243
56.373844
57.472904
58.576427
59.684402
60.796848
61.913750
63.035114
64.160942
65.291222
66.425972
67.565178
68.708839
69.856972
71.009560
72.166611
73.328117
74.494087
75.664520
76.839417
78.018768
79.202576
80.390854
81.575096
82.746796
83.905960
85.052589
86.186684
87.308250
88.417274
89.513763
90.597717
91.669136
92.728027
93.774376
94.808189
95.829468
96.838211
97.834419
98.818092
99.789230
100.747841
101.693909
102.627434
103.548431
104.456894
105.352821
106.236214
107.107071
107.965385
108.811172
109.644424
110.476624
111.319260
112.172325
113.035828
113.909752
114.794121
115.688919
116.594154
117.509819
118.435921
119.372452
120.319420
121.276817
122.244652
123.222916
124.211617
125.210747
126.220314
127.240311
128.270752
129.311600
130.362900
131.424637
132.496811
133.579407
134.672440
135.775894
136.889801
138.014130
139.140991
140.262451
141.378540
142.489227
143.594543
144.694458
145.788986
146.878128
147.961884
149.040253
150.113220
151.180817
152.243027
153.299850
154.351273
155.397324
156.437973
157.473251
158.503128
159.527618
160.546722
161.560440
162.568771
163.571716
164.569275
165.561432
166.548218
167.529617
168.505615
169.476242
170.441467
171.401321
172.355774
173.304840
174.248520
175.186813
176.119736
177.047241
177.969376
178.886124
179.797470
180.703445
181.604019
182.499222
183.389023
184.273453
185.152481
186.026123
186.894363
187.757248
188.614731
189.466812
190.313538
191.154846
191.990784
192.821320
193.646484
194.466248
195.280640
196.089630
196.893234
197.691467
198.484283
199.271729
200.053787
200.830460
201.601746
202.367645
203.128143
203.883255
204.633011
205.377335
206.116287
206.849869
207.578064
208.300842
209.018234
209.730270
210.436905
211.138153
211.834015
212.524475
213.209564
213.889267
214.563568
215.232483
215.896027
216.554169
217.206924
217.854294
218.496277
219.132874
219.764084
220.389908
221.010330
221.625366
222.235031
222.839294
223.438202
224.031693
224.619797
225.202515
225.779846
226.351791
226.918350
227.479538
228.035309
228.585709
229.130722
229.670334
230.204575
230.733414
231.256866
231.774948
232.287628
232.794922
233.296829
233.793350
234.284485
234.770218
235.250595
235.725571
236.195145
236.659348
237.118164
