0.996857
0.001572
0.001572
0.001572
0.996857
0.001572
0.001572
0.001572
0.996857
0.000000
0.000000
1.035367
2.440329
3.831371
5.208493
6.571694
7.920976
9.256337
10.577779
11.885300
13.178900
14.458578
15.724340
16.976177
18.214098
19.438101
20.648180
21.844339
23.026579
24.194895
25.349295
26.489769
27.616329
28.728966
29.827684
30.912485
31.983358
33.040314
34.083355
35.112469
36.127663
37.128944
38.116299
39.089729
40.049252
40.994843
41.926521
42.844273
43.748104
44.638020
45.514015
46.376095
47.224243
48.058475
48.878788
49.694519
50.514999
51.340229
52.170216
53.004951
53.844440
54.688679
55.537670
56.391415
57.249908
58.113159
58.981155
59.853905
60.731407
61.613663
62.500664
63.392426
64.288933
65.190201
66.096207
67.006973
67.922485
68.842751
69.767776
70.697548
71.632072
72.571342
73.515373
74.464149
75.417686
76.375961
77.338997
78.306786
79.279320
80.256599
81.238655
82.225441
83.216980
84.213287
85.214333
86.220123
87.230682
88.245979
89.266045
90.290848
91.320404
92.354713
93.393776
94.437584
95.484352
96.529640
97.573273
98.615219
99.655510
100.694122
101.731071
102.766357
103.799973
104.831917
105.862190
106.890800
107.917732
108.943008
109.966606
110.988541
112.008812
113.027405
114.044327
115.059586
116.073181
117.085106
118.095360
119.103951
120.110863
121.116112
122.119690
123.121605
124.121841
125.120415
126.117332
127.112564
128.106125
129.098038
130.088272
131.076828
132.063721
133.048950
134.032516
135.014404
135.994629
136.973175
137.950058
138.925278
139.898819
140.870697
141.840912
142.809448
143.776321
144.741669
145.706436
146.670746
147.634613
148.598053
149.561020
150.523560
151.485657
152.447296
153.408508
154.369263
155.329590
156.289459
157.248886
158.207870
159.166412
160.124496
161.082153
162.039368
162.996124
163.952454
164.908325
165.863739
166.818741
167.773285
168.727356
169.681015
170.634216
171.586990
172.539322
173.491180
174.442627
175.393600
176.344147
177.294250
178.243896
179.193100
180.141861
181.090179
182.038071
182.985489
183.932480
184.879013
185.825119
186.770767
187.715973
188.660751
189.605072
190.548950
191.492523
192.438889
193.389343
194.343872
195.302460
196.265137
197.231888
198.202713
199.177612
200.156570
201.139618
202.126755
203.117935
204.113205
205.112534
206.115952
207.123444
208.135010
209.150650
210.170364
211.194153
212.222015
213.253952
214.289963
215.330048
216.374207
217.422440
218.474747
219.531128
220.591583
221.656128
222.724716
223.797394
224.874146
225.954987
227.039886
228.128845
229.221909
230.319031
231.420227
232.525497
233.634842
234.748276
235.865768
236.987335
238.112976
239.242706
240.376480
241.514359
242.656281
243.756287
244.768265
245.692245
246.528229
247.276215
247.936188
248.508179
248.992172
249.388168
249.696167
249.916168
250.048157
250.092148
0.000001
1.309622
2.605803
3.888543
5.157843
6.413702
7.656121
8.885099
10.100637
11.302734
12.491391
13.666608
14.828383
15.976718
17.111614
18.233067
19.341080
20.435658
21.516787
22.584480
23.638733
24.679543
25.706917
26.720846
27.721336
28.708387
29.681997
30.642164
31.588890
32.522179
33.442024
34.348431
35.241398
36.120922
36.987011
37.848030
38.712353
39.579987
40.450932
41.325180
42.202736
43.083599
43.967773
44.855255
45.746040
46.640141
47.537544
48.438255
49.342274
50.249603
51.160233
52.074177
52.991428
53.911987
54.835850
55.763023
56.693504
57.627289
58.564388
59.504791
60.448502
61.395519
62.345844
63.299480
64.256432
65.216675
66.180237
67.147102
68.117271
69.090752
70.067543
71.047638
72.031036
73.017746
74.007774
75.001099
75.997734
76.997681
78.000923
79.007492
80.017349
81.030525
82.046829
83.062500
84.075996
85.087303
86.096436
87.103386
88.108154
89.110733
90.111145
91.109367
92.105415
93.099274
94.090965
95.080460
96.067780
97.052917
98.035881
99.016655
99.995255
100.971672
101.945900
102.917953
103.887833
104.855522
105.821037
106.784363
107.745514
108.704483
109.661270
110.615883
111.568306
112.518547
113.466606
114.412498
115.356201
116.297714
117.237053
118.174225
119.109200
120.041992
120.972610
121.901047
122.827301
123.751381
124.673271
125.592972
126.510513
127.425858
128.339615
129.255386
130.173752
131.094696
132.018234
132.944382
133.873108
134.804443
135.738358
136.674866
137.613983
138.555679
139.499969
140.446869
141.396347
142.348419
143.303101
144.260361
145.220215
146.182648
147.147705
148.115356
149.085571
150.058395
151.033829
152.011841
152.992447
153.975662
154.961441
155.949829
156.940826
157.934387
158.930573
159.929352
160.930695
161.934647
162.941193
163.950333
164.962067
165.976395
166.993317
168.012833
169.034943
170.059647
171.086945
172.116837
173.149323
174.184402
175.221420
176.258713
177.296219
178.333923
179.371872
180.410019
181.448364
182.486938
183.525726
184.564728
185.603928
186.643356
187.682999
188.722839
189.762909
190.803192
191.843674
192.884384
193.925293
194.966446
196.007782
197.049347
198.091110
199.133102
200.175293
201.217697
202.260330
203.303162
204.346222
205.389481
206.432968
207.476654
208.520554
209.564682
210.609024
211.653549
212.698318
213.743286
214.788483
215.833878
216.879471
217.925293
218.971344
220.017593
221.064072
222.110733
223.157639
224.204742
225.234482
226.229324
227.189255
228.114304
229.004440
229.859650
230.679962
231.465378
232.215881
232.931488
233.612167
234.257950
234.868820
235.444778
235.985840
236.492004
236.963242
237.399567
237.800995
238.167526
238.499146
238.795868
239.057648
239.284561
239.476547
239.633621
239.755798
239.843048
239.895416
239.912872
0.000000
1.470472
2.910559
4.320263
5.699583
7.048518
8.367069
9.655236
10.913019
12.140418
13.337433
14.504063
15.640310
16.746172
17.821651
18.866745
19.881458
20.865784
21.819727
22.743284
23.636459
24.516867
25.402140
26.292278
27.187277
28.087139
28.991863
29.901449
30.815899
31.735207
32.659382
33.588413
34.522312
35.461067
36.404690
37.353172
38.306519
39.264725
40.227795
41.195724
42.168522
43.146175
44.128696
45.116077
46.108322
47.105427
48.107395
49.114220
50.125916
51.142467
52.163883
53.190163
54.221298
55.257301
56.298168
57.343891
58.394482
59.449932
60.510242
61.575420
62.645454
63.716297
64.783867
65.848175
66.909203
67.966972
69.021484
70.072723
71.120697
72.165405
73.206848
74.245026
75.279945
76.311584
77.339966
78.365082
79.386917
80.405510
81.420822
82.432877
83.441658
84.447174
85.449432
86.448418
87.444138
88.436592
89.425781
90.411705
91.394363
92.373756
93.349876
94.322739
95.292336
96.258667
97.221725
98.181519
99.138054
100.091324
101.041321
101.988052
102.931519
103.874039
104.817932
105.763191
106.709824
107.657822
108.607193
109.557938
110.510056
111.463539
112.418388
113.374619
114.332207
115.291176
116.251511
117.213219
118.176300
119.140747
120.106567
121.073753
122.042313
123.012245
123.983543
124.956215
125.930260
126.905663
127.882439
128.860596
129.840134
130.821014
131.803284
132.786911
133.771927
134.758301
135.746048
136.735168
137.725647
138.717514
139.710739
140.705322
141.701294
142.697189
143.691559
144.684387
145.675690
146.665451
147.653702
148.640411
149.625610
150.609253
151.591370
152.571960
153.551041
154.528580
155.504593
156.479050
157.452011
158.423431
159.393311
160.361664
161.328506
162.293808
163.257568
164.219818
165.180542
166.139709
167.097366
168.053497
169.008087
169.961151
170.912689
171.862701
172.811172
173.758118
174.703552
175.647430
176.589798
177.530624
178.469925
179.407700
180.343933
181.273148
182.189911
183.094208
183.986038
184.865387
185.732254
186.586639
187.428589
188.258041
189.075027
189.879532
190.671570
191.451126
192.218216
192.972839
193.714966
194.444656
195.161850
195.866577
196.558838
197.238602
197.905899
198.560745
199.203110
199.832993
200.450394
201.055344
201.647827
202.227814
202.795334
203.350372
203.892960
204.423050
204.940689
205.445847
205.938538
206.418747
206.886475
207.341736
207.784546
208.214859
208.632706
209.038071
209.430969
209.811401
210.179352
210.534836
210.877853
211.208389
211.526443
211.832031
212.125137
212.405792
212.673950
212.929657
213.172882
213.403625
213.621902
213.827698
214.021057
214.201889
214.370285
214.526199
214.669632
214.800598
214.919098
215.025116
215.118668
215.199738
215.268341
215.324478
215.368134
215.399323
215.418015
215.424255
