0.944643
0.027679
0.027679
0.027679
0.944643
0.027679
0.027679
0.027679
0.944643
0.000000
0.799551
1.604848
2.415890
3.232676
4.055208
4.883485
5.717507
6.557274
7.402785
8.254042
9.111044
9.973791
10.842283
11.716519
12.596500
13.482229
14.373701
15.270919
16.173882
17.082588
17.997040
18.917238
19.843180
20.774866
21.712297
22.655476
23.604399
24.559065
25.519478
26.485634
27.457537
28.431221
29.402721
30.372040
31.339178
32.304134
33.266907
34.227501
35.185905
36.142132
37.096180
38.048042
38.997723
39.945221
40.890537
41.833672
42.774624
43.713394
44.649982
45.584389
46.516609
47.446651
48.374512
49.300190
50.223682
51.144997
52.064125
52.981075
53.895840
54.808426
55.718826
56.627048
57.533085
58.436943
59.338615
60.238106
61.135418
62.030544
62.923489
63.814247
64.702835
65.589233
66.473450
67.355484
68.235336
69.112999
69.988487
70.861794
71.732925
72.601868
73.468628
74.333199
75.195595
76.056206
76.917351
77.779442
78.642456
79.506416
80.371315
81.237137
82.103905
82.971603
83.840240
84.709808
85.580322
86.451767
87.324150
88.197472
89.071716
89.946915
90.823036
91.700096
92.578094
93.457024
94.336891
95.217697
96.099442
96.982117
97.865723
98.750282
99.635757
100.522186
101.409546
102.297836
103.187065
104.077225
104.968330
105.860367
106.753342
107.647247
108.542091
109.437866
110.334587
111.232239
112.130829
113.030357
113.930817
114.832207
115.734543
116.637810
117.542007
118.447151
119.353233
120.260246
121.168198
122.077072
122.986420
123.895790
124.805176
125.714577
126.623978
127.533409
128.442841
129.352280
130.261734
131.171204
132.080704
132.990204
133.899704
134.809235
135.718781
136.628326
137.537872
138.447449
139.357040
140.266647
141.176254
142.085876
142.995529
143.905167
144.814835
145.724503
146.634186
147.543900
148.453613
149.363342
150.273071
151.182831
152.092606
153.002380
153.912170
154.821960
155.731781
156.641602
157.551468
158.461319
159.371170
160.281052
161.190933
162.100845
163.010773
163.920700
164.830643
165.740601
166.650574
167.560547
168.470535
169.380554
170.290680
171.201584
172.113373
173.026077
173.939636
174.854111
175.769455
176.685699
177.602814
178.520844
179.439743
180.359558
181.280228
182.201797
183.124268
184.047623
184.971878
185.897003
186.823029
187.749939
188.677719
189.606400
190.535995
191.466446
192.397797
193.330032
194.263184
195.197205
196.132095
197.067902
198.004578
198.942154
199.880615
200.819962
201.760208
202.701340
203.643356
204.586273
205.530060
206.474747
207.420319
208.366791
209.314133
210.262390
211.211517
212.161530
213.112442
214.064240
215.016922
215.970505
216.924957
217.880310
218.836548
219.866989
221.044952
222.370392
223.843369
225.463852
227.231842
229.147324
231.210342
233.420868
235.778885
238.284424
240.937469
243.738022
246.686096
0.000000
0.111962
1.836653
3.542018
5.228057
6.894771
8.542159
10.170219
11.778957
13.368366
14.938451
16.489208
18.020643
19.532749
21.025530
22.498983
23.953117
25.387920
26.803396
28.199549
29.576374
30.939514
32.294617
33.641678
34.980701
36.311684
37.634624
38.949524
40.256386
41.555210
42.845989
44.128727
45.403427
46.670082
47.928707
49.179279
50.421822
51.656319
52.882774
54.101192
55.311573
56.513908
57.708202
58.894459
60.072674
61.242851
62.404987
63.559074
64.705139
65.843147
66.973122
68.095062
69.208946
70.314804
71.412613
72.502380
73.584122
74.657814
75.723465
76.781075
77.830643
78.872177
79.905670
80.931114
81.948944
82.968163
83.992470
85.021873
86.056358
87.095947
88.140625
89.190384
90.245247
91.305191
92.370239
93.440376
94.515594
95.595909
96.681320
97.771820
98.867401
99.968086
101.073860
102.184723
103.300682
104.421722
105.547867
106.679092
107.815414
108.956825
110.103333
111.254921
112.411606
113.573380
114.740257
115.912216
117.089272
118.271416
119.458641
120.650970
121.848396
123.050903
124.258499
125.471199
126.688972
127.911850
129.139816
130.372879
131.609970
132.844849
134.076477
135.304840
136.529938
137.751785
138.970367
140.185699
141.397751
142.606567
143.812103
145.014389
146.213409
147.409149
148.601654
149.790878
150.976852
152.159576
153.339020
154.515213
155.688156
156.857819
158.024231
159.187378
160.347260
161.503891
162.657257
163.807358
164.954208
166.097794
167.238113
168.375183
169.508987
170.639511
171.766800
172.890808
174.011566
175.129074
176.243301
177.354263
178.461990
179.566452
180.667633
181.765579
182.857849
183.938522
185.007339
186.064331
187.109451
188.142746
189.164169
190.173752
191.171478
192.157379
193.131409
194.093597
195.043945
195.982437
196.909073
197.823853
198.726807
199.617905
200.497147
201.364563
202.220108
203.063812
203.895660
204.715668
205.523834
206.320129
207.104584
207.877197
208.637955
209.386871
210.123932
210.849152
211.562515
212.264023
212.953705
213.631531
214.297501
214.951630
215.593903
216.224335
216.842911
217.449631
218.044510
218.627533
219.205841
219.786560
220.369690
220.955231
221.543167
222.133514
222.726273
223.321457
223.919022
224.519012
225.121399
225.726181
226.333405
226.943024
227.555038
228.169479
228.786316
229.405563
230.027222
230.651291
231.277771
231.906647
232.537933
233.171631
233.807739
234.446243
235.087173
235.730499
236.376236
237.024399
237.674957
238.327911
238.983276
239.641052
240.301254
240.963837
241.628845
242.296265
242.966080
243.638306
244.312943
244.989990
245.669434
246.351303
247.035568
247.722244
248.411331
249.102829
249.796722
250.493027
251.191757
251.892883
252.596420
253.302353
254.010696
254.721466
255.000000
255.000000
255.000000
255.000000
0.000000
3.809542
7.356303
10.640282
13.661480
16.419897
18.915531
21.148384
23.118458
24.825747
26.396753
27.958012
29.509512
31.051249
32.583225
34.105438
35.617893
37.120586
38.613522
40.096695
41.570103
43.033756
44.487648
45.931774
47.366146
48.790752
50.205601
51.610683
53.006012
54.391582
55.767380
57.133427
58.489712
59.836235
61.172993
62.499996
63.817234
65.124718
66.422432
67.710388
68.988586
70.257019
71.515694
72.764610
74.003761
75.234978
76.469124
77.708023
78.951675
80.200089
81.453247
82.711166
83.973831
85.241249
86.513420
87.790352
89.072029
90.358467
91.649651
92.945595
94.246292
95.551743
96.861938
98.176895
99.496605
100.821068
102.150284
103.484245
104.822975
106.166451
107.514679
108.867661
110.225395
111.587883
112.955124
114.327126
115.703873
117.085381
118.471642
119.862648
121.258408
122.656036
124.052658
125.448265
126.842865
128.236450
129.629028
131.020584
132.411148
133.800690
135.189224
136.576736
137.963242
139.348740
140.733231
142.116684
143.499161
144.880600
146.261047
147.640472
149.018890
150.396301
151.772690
153.148056
154.522430
155.895782
157.268127
158.639465
160.009796
161.379105
162.747406
164.114700
165.480972
166.846237
168.210495
169.573746
170.933395
172.274216
173.593582
174.891510
176.168015
177.423111
178.656754
179.868958
181.059738
182.229080
183.376999
184.503494
185.608551
186.692169
187.754364
188.795151
189.814468
190.812363
191.788849
192.743881
193.677490
194.589676
195.480423
196.349716
197.197601
198.024063
198.829086
199.612671
200.374832
201.115570
201.834854
202.532715
203.209152
203.864151
204.497726
205.109863
205.711273
206.312729
206.914185
207.515671
208.117172
208.718689
209.320221
209.921768
210.523346
211.124924
211.726517
212.328156
212.929779
213.531448
214.133102
214.734787
215.336502
215.938217
216.539948
217.141724
217.743484
218.345276
218.947083
219.548904
220.150742
220.752609
221.354477
221.956360
222.558289
223.160202
223.762146
224.364120
224.966095
225.568085
226.170090
226.772125
227.374161
227.976227
228.578293
229.180405
229.782516
230.384644
230.986786
231.588959
232.191147
232.793335
233.395538
233.997787
234.600037
235.202301
235.804581
236.406891
237.009216
237.611542
238.213898
238.816254
239.418640
240.021057
240.623459
241.225906
241.828354
242.430817
243.033310
243.635834
244.238342
244.840881
245.443436
246.046005
246.648590
247.251205
247.853836
248.456482
249.059128
249.661804
250.264511
250.867218
251.469925
252.072678
252.675430
253.278229
253.881012
254.483826
255.000000
255.000000
255.000000
255.000000
255.000000
255.000000
255.000000
255.000000
255.000000
255.000000
255.000000
255.000000
255.000000
255.000000
255.000000
255.000000
255.000000
255.000000
255.000000
255.000000
255.000000
255.000000
