0.949474
0.025263
0.025263
0.025263
0.949474
0.025263
0.025263
0.025263
0.949474
0.000000
0.000000
1.267174
2.710692
4.126989
5.516066
6.877921
8.212556
9.519971
10.800166
12.053140
13.278893
14.477425
15.648734
16.792826
17.909697
18.999346
20.061775
21.096983
22.104971
23.085739
24.039286
24.965611
25.878992
26.793707
27.709755
28.627138
29.545853
30.465900
31.387283
32.309998
33.234043
34.159428
35.086140
36.014187
36.943569
37.874283
38.806328
39.739712
40.674423
41.610474
42.547852
43.486565
44.426613
45.367992
46.310707
47.254749
48.200134
49.146843
50.094894
51.044273
51.994984
52.947029
53.900414
54.855118
55.811165
56.768543
57.727253
58.687302
59.648678
60.611393
61.575436
62.540813
63.507526
64.475578
65.444954
66.415665
67.387711
68.361084
69.335793
70.311836
71.289223
72.267929
73.247971
74.229355
75.212051
76.196106
77.181480
78.168190
79.156403
80.146469
81.138435
82.132286
83.128036
84.125671
85.125191
86.126602
87.129913
88.135101
89.142181
90.151161
91.162025
92.174774
93.189423
94.205956
95.224388
96.244698
97.266907
98.291000
99.316986
100.344864
101.374634
102.406281
103.439827
104.475273
105.512596
106.551819
107.592918
108.635918
109.680809
110.727585
111.776245
112.826813
113.879257
114.933594
115.989822
117.047943
118.107956
119.169853
120.233643
121.299324
122.366890
123.436356
124.507706
125.580933
126.656067
127.733093
128.811996
129.892807
130.975494
132.060074
133.146545
134.234909
135.325165
136.417297
137.510803
138.602509
139.691895
140.778946
141.863678
142.946075
144.026169
145.103928
146.179352
147.252472
148.323242
149.391708
150.457840
151.521637
152.583130
153.642273
154.699112
155.753616
156.805786
157.855637
158.903183
159.948395
160.991272
162.031815
163.070053
164.105957
165.139526
166.170792
167.199722
168.226334
169.250610
170.272568
171.292191
172.309509
173.324478
174.337143
175.347473
176.355469
177.361145
178.364517
179.365540
180.364243
181.360626
182.354675
183.346405
184.335815
185.322891
186.307648
187.290070
188.270187
189.247971
190.223419
191.196548
192.167343
193.135818
194.101974
195.065872
196.028702
196.990936
197.952576
198.913651
199.874161
200.834076
201.793411
202.752182
203.710373
204.667984
205.625000
206.581451
207.537308
208.492599
209.447311
210.401443
211.354996
212.307968
213.260361
214.212189
215.163422
216.114075
217.064163
218.013657
218.962585
219.910919
220.858673
221.805862
222.752472
223.698517
224.643951
225.588821
226.533112
227.476837
228.419952
229.362518
230.304489
231.245895
232.186707
233.126938
234.066605
235.005692
235.944183
236.882111
237.819443
238.756226
239.692413
240.628021
241.563034
242.497498
243.431366
244.364655
245.297379
246.229507
247.161072
248.092041
248.993576
249.836823
250.621765
251.348419
252.016785
252.626846
253.178604
253.672073
0.000000
0.000000
0.332888
1.787353
3.218230
4.625518
6.009218
7.369329
8.705853
10.018788
11.308136
12.573894
13.816064
15.034646
16.229639
17.401045
18.548864
19.673092
20.773733
21.850786
22.904247
23.934126
24.940413
25.934694
26.928551
27.921986
28.914991
29.907576
30.899734
31.891468
32.882778
33.873665
34.864124
35.854160
36.843777
37.832966
38.821728
39.810070
40.797981
41.785473
42.772537
43.759182
44.745396
45.731190
46.716557
47.701500
48.686020
49.670113
50.653790
51.637032
52.619858
53.602253
54.584225
55.565777
56.546894
57.527596
58.507870
59.487720
60.467148
61.446148
62.424725
63.402882
64.380608
65.357910
66.334793
67.311241
68.287285
69.262878
70.238068
71.212830
72.187157
73.161072
74.134552
75.107613
76.080246
77.052452
78.024246
78.995605
79.966545
80.937271
81.909027
82.882027
83.856270
84.831757
85.808487
86.786461
87.765678
88.746140
89.727844
90.710793
91.694984
92.680420
93.667091
94.655022
95.644180
96.634590
97.626236
98.619133
99.613274
100.608658
101.605286
102.603149
103.602264
104.602615
105.604218
106.607063
107.611145
108.616470
109.623047
110.630867
111.639923
112.650230
113.661774
114.674561
115.688591
116.703865
117.720390
118.738159
119.757164
120.777412
121.798904
122.821648
123.845627
124.870842
125.897324
126.925034
127.953987
128.984192
130.015610
131.048309
132.082230
133.117401
134.153824
135.191467
136.230377
137.270523
138.311005
139.350983
140.390442
141.429367
142.467773
143.505661
144.543030
145.579865
146.616180
147.651978
148.687241
149.721985
150.756195
151.789886
152.823059
153.855698
154.887833
155.919434
156.950500
157.981049
159.011093
160.040588
161.069565
162.098022
163.125961
164.153366
165.180252
166.206604
167.232452
168.257751
169.282562
170.306808
171.330551
172.353760
173.376465
174.398636
175.420288
176.441406
177.462006
178.482071
179.501617
180.520645
181.539169
182.557129
183.574600
184.591522
185.607925
186.623825
187.639175
188.654007
189.668304
190.682114
191.695374
192.708115
193.720322
194.732025
195.743011
196.752380
197.759949
198.765686
199.769638
200.771790
201.772141
202.770660
203.767395
204.762314
205.755447
206.746750
207.736267
208.723969
209.709885
210.693985
211.676270
212.656754
213.635437
214.612320
215.587387
216.560654
217.532120
218.501770
219.469620
220.435684
221.399918
222.362366
223.322998
224.281830
225.238846
226.194061
227.147491
228.099106
229.048904
229.996902
230.943100
231.887482
232.830078
233.770859
234.709839
235.647003
236.582367
237.515930
238.447693
239.377640
240.305786
241.232132
242.156677
243.079407
244.000336
244.919464
245.836777
246.752289
247.666000
248.577911
249.488022
250.360245
251.158554
251.882935
252.533401
253.109924
253.612534
254.041199
0.000000
1.667538
3.298729
4.893571
6.452065
7.974212
9.460011
10.909462
12.322566
13.699322
15.039728
16.343788
17.611498
18.842861
20.037878
21.196547
22.318869
23.404840
24.454464
25.485918
26.517387
27.548872
28.580370
29.611879
30.643402
31.674940
32.706490
33.738056
34.769630
35.801220
36.832821
37.864441
38.896072
39.927715
40.959370
41.991043
43.022724
44.054417
45.086132
46.117851
47.149586
48.181339
49.213100
50.244877
51.276669
52.308468
53.340282
54.372116
55.403961
56.435814
57.467682
58.499565
59.531464
60.563370
61.595291
62.627228
63.659176
64.691132
65.723114
66.755104
67.787102
68.819115
69.851151
70.883186
71.915253
72.947319
73.979401
75.011505
76.043602
77.075714
78.107864
79.140007
80.172173
81.205513
82.241203
83.279251
84.319641
85.362389
86.407486
87.454926
88.504723
89.556870
90.611366
91.668213
92.727402
93.788956
94.852852
95.919098
96.987701
98.058647
99.131943
100.207596
101.285591
102.365944
103.448647
104.533691
105.621094
106.710846
107.802940
108.897400
109.994202
111.093346
112.194855
113.298706
114.404915
115.513466
116.624367
117.737625
118.853233
119.971184
121.091492
122.214134
123.339149
124.466499
125.596214
126.728264
127.862671
128.999435
130.138535
131.279999
132.423813
133.569962
134.718475
135.869339
137.022537
138.178101
139.336014
140.492783
141.644943
142.792496
143.935425
145.073746
146.207458
147.336548
148.461029
149.580887
150.696136
151.806778
152.912796
154.014206
155.110992
156.203171
157.290741
158.373688
159.452026
160.525742
161.594849
162.659348
163.719238
164.774490
165.825150
166.871185
167.912613
168.949417
169.981613
171.009186
172.032150
173.050491
174.064255
175.073349
176.077866
177.077774
178.073059
179.063721
180.049774
181.031204
182.008026
182.980240
183.947845
184.910812
185.869186
186.822937
187.772079
188.716599
189.656525
190.591812
191.522491
192.448547
193.370010
194.286850
195.199066
196.107834
197.014236
197.918289
198.820007
199.719391
200.616425
201.511124
202.403473
203.293488
204.181152
205.066467
205.949448
206.830093
207.708389
208.584351
209.457962
210.329239
211.198166
212.064758
212.928986
213.790909
214.650467
215.507690
216.362549
217.215088
218.065277
218.913132
219.758636
220.601807
221.442627
222.281113
223.117249
223.951050
224.782501
225.611618
226.438370
227.262817
228.084885
228.904648
229.722046
230.537094
231.349823
232.160187
232.968231
233.773911
234.577271
235.378281
236.176941
236.973251
237.767242
238.558868
239.348175
240.135117
240.919739
241.693420
242.447601
243.182281
243.897446
244.593124
245.269272
245.925934
246.563080
247.180725
247.778870
248.357498
248.916626
249.456253
249.976364
250.476974
250.958084
251.419693
251.861801
252.284378
252.687454
253.071045
