0.990600
0.004700
0.004700
0.004700
0.990600
0.004700
0.004700
0.004700
0.990600
0.000000
1.360611
2.684174
3.970688
5.220155
6.432573
7.607943
8.746265
9.847539
10.911765
11.938943
12.929073
13.882154
14.798188
15.697637
16.600971
17.508192
18.419294
19.334282
20.253153
21.175911
22.102549
23.033072
23.967480
24.905773
25.847950
26.794008
27.743954
28.697779
29.655489
30.617086
31.582567
32.551933
33.525181
34.502312
35.483330
36.468227
37.457016
38.449680
39.446236
40.446671
41.450993
42.459194
43.471283
44.487255
45.507111
46.530853
47.558475
48.589989
49.625378
50.664658
51.707821
52.754864
53.805794
54.860603
55.919300
56.981884
58.048347
59.118694
60.192932
61.271046
62.353050
63.438934
64.528709
65.622360
66.719894
67.821312
68.926620
70.035812
71.145882
72.253815
73.359619
74.463287
75.564827
76.664238
77.761513
78.856659
79.949669
81.040558
82.129303
83.215919
84.300407
85.382767
86.462982
87.541084
88.617043
89.690872
90.762566
91.832138
92.899567
93.964867
95.028038
96.089073
97.147987
98.204765
99.259407
100.311928
101.362305
102.410553
103.456665
104.500656
105.542511
106.582237
107.619835
108.655289
109.688622
110.719810
111.748886
112.775810
113.800621
114.823288
115.843826
116.862236
117.878517
118.892654
119.904671
120.914551
121.922302
122.927917
123.931404
124.932762
125.931992
126.929070
127.924042
128.917587
129.910461
130.902664
131.894180
132.885010
133.875183
134.864655
135.853455
136.841568
137.829010
138.815796
139.801865
140.787277
141.772003
142.756058
143.739426
144.722122
145.704132
146.685471
147.666122
148.646088
149.625397
150.604004
151.581955
152.559219
153.535797
154.511703
155.486923
156.461472
157.435333
158.408508
159.381012
160.352859
161.323990
162.294479
163.264252
164.233368
165.201813
166.169571
167.136642
168.103043
169.068771
170.033798
170.998154
171.961838
172.924850
173.887161
174.848801
175.809769
176.770050
177.729675
178.688599
179.646851
180.604416
181.561310
182.517273
183.472031
184.425598
185.377960
186.329147
187.279129
188.227905
189.175476
190.121872
191.067062
192.011063
192.953873
193.895477
194.835876
195.775101
196.713120
197.649948
198.585587
199.520020
200.453262
201.385300
202.316147
203.245789
204.174240
205.101517
206.027573
206.952438
207.876114
208.798599
209.719879
210.639969
211.558868
212.476562
213.393051
214.308365
215.222473
216.135376
217.047104
217.957626
218.866943
219.775085
220.682022
221.587753
222.492310
223.395645
224.297806
225.198761
226.098541
226.997101
227.894470
228.790649
229.685623
230.579407
231.472000
232.363388
233.260651
234.170853
235.093979
236.030029
236.979019
237.940933
238.915802
239.903580
240.904297
241.917938
242.944519
243.984039
245.036484
246.101852
247.180161
248.271393
249.375580
250.492661
251.622711
252.765671
253.921570
255.000000
0.000000
0.000000
0.636180
1.986835
3.309028
4.602756
5.868021
7.104821
8.313159
9.493032
10.644442
11.767389
12.861872
13.927891
14.965446
15.974539
16.955168
17.923420
18.895386
19.871067
20.850466
21.833572
22.820398
23.810934
24.805185
25.803150
26.804829
27.810221
28.819328
29.832146
30.848682
31.868929
32.892891
33.920567
34.951958
35.987064
37.025879
38.068409
39.114655
40.164616
41.218288
42.275673
43.336773
44.401588
45.470119
46.542366
47.618320
48.697990
49.781372
50.868469
51.959286
53.053810
54.152050
55.253998
56.359669
57.469051
58.582150
59.698956
60.819477
61.943714
63.071667
64.203331
65.338707
66.477806
67.620605
68.767136
69.917374
71.067444
72.213493
73.355515
74.493500
75.627464
76.757393
77.883293
79.005165
80.123009
81.236824
82.346611
83.452370
84.554092
85.651787
86.745453
87.835098
88.920708
90.002289
91.079834
92.153358
93.222862
94.288322
95.349754
96.407158
97.460541
98.509880
99.555206
100.596497
101.633751
102.666977
103.696190
104.721359
105.742508
106.759621
107.772705
108.781761
109.786781
110.787781
111.784752
112.777687
113.766602
114.751488
115.732338
116.709160
117.681953
118.650719
119.615456
120.576164
121.532829
122.485489
123.436676
124.388977
125.342384
126.296906
127.252548
128.209305
129.167160
130.126129
131.086212
132.047409
133.009720
133.973129
134.937653
135.903305
136.870056
137.837921
138.806900
139.776993
140.748184
141.720505
142.693924
143.668472
144.644119
145.620880
146.598755
147.577728
148.557831
149.539032
150.521347
151.504791
152.489334
153.474976
154.461746
155.449631
156.438614
157.428711
158.419922
159.412247
160.405685
161.400253
162.395905
163.392670
164.390564
165.389557
166.389664
167.390884
168.393219
169.396652
170.401215
171.406891
172.411575
173.413193
174.411743
175.407227
176.399643
177.388962
178.375244
179.358444
180.338577
181.315643
182.289658
183.260574
184.228439
185.193237
186.154938
187.113602
188.069168
189.021698
189.971146
190.917511
191.860825
192.801056
193.738235
194.672318
195.603348
196.531326
197.456207
198.378021
199.296783
200.212479
201.125076
202.034622
202.941101
203.844513
204.744858
205.642120
206.536316
207.427444
208.315521
209.200516
210.082428
210.961288
211.837082
212.709793
213.579437
214.446030
215.309540
216.169968
217.027344
217.881653
218.737503
219.599533
220.467758
221.342148
222.222733
223.109482
224.002411
224.901520
225.806824
226.718292
227.635941
228.559769
229.489777
230.425980
231.368332
232.316895
233.271606
234.232513
235.199615
236.172882
237.152328
238.137955
239.129745
240.127731
241.131897
242.142227
243.158752
244.181458
245.210342
246.245407
247.286636
248.334061
249.387650
250.447433
251.513397
252.585541
253.663834
254.748352
255.000000
0.000000
1.153551
2.277728
3.372533
4.437964
5.474023
6.480709
7.458020
8.405960
9.324526
10.213720
11.073541
11.922741
12.780083
13.645563
14.519181
15.400938
16.290836
17.188869
18.095043
19.009356
19.931807
20.862396
21.801125
22.747992
23.702997
24.666142
25.637423
26.616844
27.604404
28.600103
29.603941
30.615919
31.636030
32.664288
33.700676
34.745205
35.797874
36.858685
37.927631
39.004719
40.089939
41.183304
42.284801
43.394440
44.512218
45.638134
46.772190
47.914391
49.064724
50.223194
51.389805
52.564556
53.747444
54.938465
56.137634
57.344940
58.556587
59.763313
60.964695
62.160732
63.351421
64.536766
65.716766
66.891418
68.060730
69.224693
70.383308
71.536591
72.684517
73.827095
74.964333
76.096230
77.222771
78.343971
79.459831
80.570343
81.675507
82.775330
83.869797
84.958931
86.042717
87.121162
88.194252
89.262009
90.324409
91.381462
92.433182
93.479546
94.520569
95.556244
96.586578
97.611565
98.631203
99.645500
100.654457
101.658066
102.656326
103.649239
104.636810
105.619041
106.595917
107.568069
108.539238
109.510033
110.480469
111.450531
112.420227
113.389557
114.358513
115.327110
116.295334
117.263191
118.230682
119.197800
120.164551
121.130943
122.096962
123.062614
124.027901
124.992813
125.957359
126.921539
127.885361
128.848785
129.811874
130.774582
131.736923
132.698898
133.660507
134.621750
135.582626
136.543121
137.503250
138.463013
139.422424
140.381454
141.340118
142.298416
143.256348
144.213898
145.171082
146.127930
147.084381
148.040482
148.996185
149.951553
150.906555
151.861603
152.816833
153.772263
154.727890
155.683716
156.639725
157.595917
158.552322
159.508926
160.465714
161.422699
162.379868
163.337234
164.294800
165.252548
166.210510
167.168655
168.126999
169.085526
170.044250
171.003189
171.962296
172.921600
173.881104
174.840805
175.800705
176.760788
177.721069
178.681549
179.642212
180.603073
181.564133
182.525375
183.486832
184.448471
185.410294
186.372330
187.334534
188.296967
189.259583
190.222382
191.185379
192.148560
193.111938
194.075531
195.039169
196.002762
196.966278
197.929733
198.893143
199.856476
200.819748
201.782959
202.746094
203.709198
204.672211
205.635193
206.598083
207.560928
208.523712
209.486420
210.449081
211.411667
212.374207
213.336670
214.299072
215.261429
216.223709
217.185928
218.148087
219.110184
220.072220
221.034195
221.996109
222.957962
223.919754
224.881485
225.843124
226.804733
227.766281
228.727753
229.689163
230.650528
231.611816
232.573059
233.534225
234.495331
235.456375
236.417358
237.378281
238.339127
239.299927
240.260666
241.221329
242.181946
243.142487
244.102982
245.063416
246.023773
246.984070
247.944305
248.904495
249.864609
250.824661
251.784637
252.744583
253.704453
254.664246
