0.985850
0.007075
0.007075
0.007075
0.985850
0.007075
0.007075
0.007075
0.985850
0.000000
1.151440
2.295546
3.432318
4.561759
5.683866
6.798640
7.906081
9.006189
10.098965
11.184405
12.262514
13.333291
14.396732
15.452842
16.504534
17.554722
18.603405
19.650583
20.696259
21.740427
22.783094
23.824255
24.863913
25.902067
26.938715
27.973860
29.007500
30.039637
31.070269
32.099392
33.127018
34.153137
35.177753
36.200863
37.222469
38.242569
39.261169
40.278259
41.293850
42.307938
43.320515
44.331589
45.341167
46.349228
47.355797
48.360851
49.364407
50.366459
51.367012
52.366051
53.363586
54.359623
55.354156
56.347176
57.338699
58.328716
59.317226
60.304237
61.289742
62.273739
63.256237
64.237228
65.216705
66.196487
67.178322
68.162224
69.148186
70.136215
71.126320
72.118477
73.112701
74.108994
75.107353
76.107780
77.110275
78.114822
79.121452
80.130135
81.140884
82.153702
83.168594
84.185547
85.204559
86.225639
87.248787
88.273994
89.301277
90.330620
91.362030
92.395508
93.431053
94.468651
95.508331
96.550072
97.593872
98.639740
99.687683
100.737679
101.789742
102.843880
103.900078
104.958344
106.018677
107.081062
108.145523
109.212051
110.280647
111.351311
112.424019
113.498817
114.575676
115.654594
116.734634
117.814903
118.895393
119.976089
121.057007
122.138123
123.219460
124.301010
125.382767
126.464745
127.546936
128.629333
129.711945
130.794769
131.877808
132.961044
134.044510
135.128204
136.212082
137.296173
138.380493
139.465012
140.549759
141.634705
142.719864
143.805237
144.890823
145.976639
147.062653
148.148880
149.235321
150.321976
151.408829
152.495911
153.583206
154.670700
155.758408
156.846344
157.934479
159.022842
160.111404
161.200180
162.289169
163.378372
164.467789
165.557419
166.647263
167.737320
168.827591
169.916534
171.002563
172.085709
173.165985
174.243362
175.317856
176.389450
177.458176
178.524002
179.586929
180.646988
181.704147
182.758408
183.809799
184.858307
185.903915
186.946640
187.986481
189.023422
190.057480
191.088638
192.116928
193.142334
194.164841
195.184464
196.201202
197.215042
198.225998
199.234055
200.239243
201.241531
202.240936
203.237457
204.231094
205.221817
206.209671
207.194641
208.176727
209.155914
210.132217
211.105637
212.076172
213.043793
214.008545
214.970413
215.929367
216.885483
217.838669
218.788971
219.731369
220.660843
221.577408
222.481018
223.371719
224.249466
225.114304
225.966202
226.805176
227.631226
228.444336
229.244522
230.031784
230.806122
231.567520
232.315994
233.051544
233.774155
234.483841
235.180603
235.864441
236.535324
237.193298
237.838364
238.470474
239.089661
239.695923
240.289261
240.869659
241.437134
241.991669
242.533295
243.061966
243.577744
244.080551
244.570465
245.047440
245.511490
245.962601
246.400787
246.826050
247.238373
247.637772
248.024246
248.397797
0.000000
1.086147
2.189945
3.297014
4.407355
5.520968
6.637852
7.758008
8.881437
10.008136
11.138106
12.271350
13.407864
14.544671
15.678796
16.810234
17.938990
19.065060
20.188442
21.309143
22.427158
23.542490
24.655136
25.765099
26.872375
27.976967
29.078876
30.178101
31.274635
32.368492
33.459660
34.548145
35.633949
36.717060
37.797493
38.875240
39.950298
41.022675
42.092369
43.159374
44.223698
45.285339
46.344288
47.400555
48.454140
49.505043
50.553253
51.598785
52.641640
53.681793
54.719269
55.754066
56.786167
57.816635
58.848000
59.880383
60.913784
61.948200
62.983639
64.020088
65.057564
66.096046
67.135559
68.176079
69.217621
70.260178
71.303749
72.348343
73.393959
74.440590
75.488235
76.536896
77.586578
78.637283
79.688995
80.741730
81.795479
82.850250
83.906044
84.962837
86.020668
87.079506
88.139366
89.200241
90.262131
91.325035
92.388962
93.453903
94.519867
95.586853
96.654854
97.723862
98.793892
99.864784
100.935539
102.006027
103.076225
104.146141
105.215767
106.285118
107.354179
108.422958
109.491455
110.559654
111.627586
112.695229
113.762589
114.829666
115.896454
116.962952
118.029175
119.095116
120.160767
121.226143
122.291229
123.356033
124.420555
125.484787
126.548737
127.612396
128.675781
129.738892
130.801682
131.864227
132.926468
133.988434
135.050110
136.111511
137.172607
138.233444
139.293991
140.354233
141.414215
142.473923
143.533173
144.591949
145.650253
146.708084
147.765427
148.822281
149.878677
150.934570
151.990005
153.044952
154.099411
155.153397
156.206909
157.259933
158.312485
159.364563
160.416138
161.467255
162.517883
163.568024
164.617706
165.666901
166.715607
167.763840
168.811600
169.858887
170.905670
171.951996
172.997818
174.043182
175.088058
176.132462
177.176376
178.219818
179.262772
180.305252
181.347260
182.388779
183.429825
184.470383
185.506714
186.535141
187.555588
188.568130
189.572708
190.569366
191.558060
192.538818
193.511642
194.476517
195.433456
196.382446
197.323502
198.256607
199.181793
200.099014
201.008301
201.909637
202.803055
203.688507
204.566040
205.435608
206.297256
207.150940
207.996704
208.834518
209.664383
210.486313
211.300308
212.106354
212.904465
213.694626
214.476852
215.251129
216.017471
216.775864
217.526321
218.268829
219.003403
219.730042
220.448730
221.159470
221.862289
222.557129
223.244049
223.923050
224.594070
225.257172
225.912338
226.559540
227.198837
227.830154
228.453552
229.069000
229.676498
230.276062
230.867691
231.451370
232.027115
232.594910
233.154770
233.706680
234.250671
234.786697
235.314789
235.834930
236.347153
236.851410
237.347748
237.836121
238.316574
238.789062
239.253632
239.710251
240.158905
240.599655
241.032455
241.457306
241.874191
242.283173
242.684189
243.077286
0.000000
2.707466
4.874182
6.500150
7.852296
9.197559
10.535937
11.867428
13.192034
14.509751
15.820584
17.124529
18.421591
19.711763
20.995052
22.271452
23.540966
24.803595
26.059336
27.308189
28.550161
29.785246
31.013441
32.234749
33.449173
34.656712
35.857365
37.051128
38.238007
39.417999
40.591103
41.757324
42.916656
44.069904
45.221825
46.373219
47.524078
48.674416
49.824223
50.973499
52.122253
53.270477
54.418171
55.565338
56.711979
57.858093
59.003674
60.148731
61.293259
62.437263
63.580730
64.723679
65.866089
67.007973
68.149345
69.290169
70.430473
71.570251
72.709503
73.848213
74.986404
76.124084
77.261208
78.399887
79.542168
80.688057
81.837547
82.990646
84.147354
85.307655
86.471573
87.639099
88.810226
89.984955
91.163292
92.345245
93.530792
94.719948
95.912704
97.109077
98.309052
99.512634
100.719810
101.930611
103.145004
104.363007
105.584618
106.809822
108.038643
109.271072
110.507095
111.746735
112.989761
114.234779
115.481590
116.730179
117.980537
119.232681
120.486618
121.742317
122.999809
124.259087
125.520142
126.782974
128.047577
129.313980
130.582153
131.852112
133.123856
134.397369
135.672684
136.949753
138.228622
139.509277
140.791687
142.075897
143.361877
144.649643
145.939194
147.230515
148.523636
149.818527
151.109467
152.390747
153.662354
154.924301
156.176559
157.419174
158.652100
159.875336
161.088943
162.292847
163.487091
164.671677
165.846588
167.011810
168.167389
169.313293
170.449509
171.576065
172.692947
173.800171
174.897720
175.985596
177.063812
178.132339
179.191208
180.240417
181.279922
182.309799
183.329971
184.340500
185.341354
186.332520
187.314026
188.285858
189.248032
190.200531
191.143341
192.076508
193.000000
193.913803
194.817963
195.712433
196.597244
197.472382
198.337830
199.193634
200.039764
200.876221
201.703018
202.520142
203.327576
204.125351
204.913452
205.691895
206.460663
207.219757
207.969177
208.708939
209.439011
210.159439
210.870193
211.571259
212.262680
212.944397
213.616486
214.278854
214.931610
215.574646
216.208038
216.831741
217.445816
218.050171
218.644882
219.229935
219.805283
220.370987
220.927017
221.473358
222.010056
222.537064
223.054413
223.562103
224.060104
224.548431
225.027100
225.496109
225.955429
226.405075
226.845062
227.275375
227.696030
228.107010
228.508301
228.899948
229.281921
229.654205
230.016830
230.369781
230.713074
231.046692
231.370636
231.684906
231.989517
232.284454
232.569717
232.845306
233.111237
233.367493
233.614075
233.850998
234.078232
234.295822
234.503723
234.701965
234.890518
235.069412
235.238647
235.398193
235.548080
235.688293
235.818848
235.939728
236.050934
236.152466
236.244324
236.326523
236.399063
236.461899
236.515091
236.558609
236.592453
236.616623
236.631119
236.635971
