0.961815
0.019093
0.019093
0.019093
0.961815
0.019093
0.019093
0.019093
0.961815
0.000000
0.000000
0.000000
0.000000
0.000000
0.000000
0.000000
0.000000
1.116196
3.084661
5.011861
6.897793
8.742453
10.545848
12.307977
14.028836
15.708426
17.346752
18.943806
20.499590
22.014109
23.487358
24.919342
26.310057
27.659504
28.967684
30.234592
31.460236
32.644611
33.787720
34.889553
35.950130
36.969433
37.947468
38.884232
39.779732
40.633965
41.446922
42.242554
43.044800
43.853664
44.669140
45.491234
46.319939
47.155262
47.997192
48.845741
49.700905
50.562679
51.431068
52.306076
53.187691
54.075924
54.970772
55.872231
56.780308
57.694996
58.616299
59.544216
60.478748
61.419888
62.367649
63.322021
64.283005
65.250610
66.224823
67.205658
68.193100
69.187157
70.187828
71.195107
72.209015
73.229523
74.256653
75.290390
76.329613
77.367516
78.402977
79.435989
80.466553
81.494659
82.520325
83.543533
84.564293
85.582611
86.598480
87.611893
88.622856
89.631378
90.637444
91.641068
92.642235
93.640953
94.637230
95.631050
96.622421
97.611351
98.597824
99.581848
100.563431
101.542549
102.519226
103.493469
104.465240
105.434578
106.401459
107.365891
108.327881
109.287407
110.244492
111.199135
112.151321
113.101059
114.050430
115.001526
115.954353
116.908890
117.865143
118.823128
119.782837
120.744263
121.707405
122.672264
123.638863
124.607170
125.577202
126.548958
127.522430
128.497635
129.474548
130.453186
131.433548
132.415634
133.399429
134.384964
135.372208
136.361176
137.351868
138.344269
139.338394
140.334259
141.331833
142.331116
143.332138
144.334885
145.339340
146.345535
147.353439
148.363052
149.374405
150.386887
151.397079
152.404404
153.408875
154.410477
155.409210
156.405060
157.398056
158.388199
159.375458
160.359848
161.341370
162.320023
163.295807
164.268723
165.238785
166.205948
167.170288
168.131714
169.090302
170.046021
170.998871
171.948837
172.895950
173.840195
174.781570
175.720078
176.655716
177.588486
178.518402
179.445435
180.369598
181.290909
182.209335
183.124893
184.037598
184.947433
185.854385
186.761398
187.671402
188.584381
189.500351
190.419296
191.341232
192.266144
193.194031
194.124924
195.058777
195.995621
196.935455
197.878265
198.824051
199.772827
200.724579
201.679321
202.637039
203.597748
204.561432
205.528091
206.497742
207.470383
208.445999
209.424591
210.406174
211.390747
212.378281
213.368805
214.362320
215.358810
216.358292
217.360733
218.366180
219.374603
220.386017
221.400391
222.417770
223.438126
224.461472
225.487778
226.517059
227.549362
228.584625
229.622864
230.664093
231.708298
232.755493
233.805679
234.858826
235.914978
236.974106
238.036209
239.101288
240.169373
241.240417
242.314453
243.391464
244.471466
245.554459
246.640411
247.729370
248.821289
249.916214
251.014099
252.114975
253.218842
254.325668
0.000000
0.000000
0.000000
0.000000
0.000000
0.000000
0.000000
0.958475
2.675470
4.365812
6.029503
7.666543
9.276933
10.860672
12.417758
13.948196
15.451982
16.929117
18.379601
19.803434
21.200615
22.571144
23.915026
25.232256
26.522829
27.786757
29.024035
30.234657
31.418631
32.575954
33.706623
34.810646
35.888020
36.938736
37.962807
38.960220
39.943596
40.925564
41.906109
42.885235
43.862946
44.839237
45.814106
46.787567
47.759598
48.730221
49.699421
50.667202
51.633568
52.598515
53.562038
54.524151
55.484844
56.444118
57.401970
58.358410
59.313427
60.267029
61.219212
62.169975
63.119324
64.067253
65.013756
65.958855
66.902527
67.844780
68.785622
69.725044
70.663040
71.599617
72.534798
73.468536
74.400856
75.332878
76.267326
77.204315
78.143845
79.085930
80.030556
80.977715
81.927429
82.879677
83.834473
84.791817
85.751709
86.714134
87.679108
88.646629
89.616692
90.589302
91.564453
92.542152
93.522392
94.505173
95.490501
96.478371
97.468788
98.461754
99.457253
100.455299
101.455894
102.459030
103.464714
104.472939
105.483711
106.497032
107.512894
108.531288
109.552231
110.575722
111.601616
112.629044
113.657867
114.688080
115.719696
116.752701
117.787109
118.822899
119.860092
120.898674
121.938660
122.980034
124.022797
125.066963
126.112518
127.159477
128.207825
129.257553
130.308701
131.361237
132.415161
133.470474
134.527191
135.585297
136.644806
137.705688
138.767990
139.831680
140.896759
141.963226
143.031097
144.100372
145.171021
146.243073
147.316513
148.391373
149.467590
150.545059
151.620193
152.691513
153.759018
154.822723
155.882629
156.938705
157.990982
159.039444
160.084122
161.124969
162.162018
163.195251
164.224701
165.250320
166.272125
167.290146
168.304352
169.314743
170.321335
171.324112
172.323074
173.318253
174.309616
175.297150
176.280899
177.260834
178.236954
179.209290
180.177795
181.142502
182.103394
183.060486
184.013763
184.963242
185.908905
186.850769
187.788818
188.720306
189.642487
190.555374
191.458939
192.353210
193.238190
194.113846
194.980194
195.837234
196.684982
197.523422
198.352554
199.172363
199.982895
200.784103
201.576004
202.358597
203.131882
203.895874
204.650558
205.395935
206.132004
206.858765
207.576233
208.284378
208.983215
209.672760
210.352997
211.023926
211.685547
212.337860
212.980881
213.614578
214.238983
214.854080
215.459869
216.056351
216.643524
217.221375
217.789948
218.349197
218.899155
219.439804
219.971146
220.493164
221.005905
221.509323
222.003433
222.488251
222.963745
223.429962
223.886841
224.334427
224.772720
225.201675
225.621338
226.031708
226.432770
226.824509
227.206970
227.580109
227.943939
228.298462
228.643692
228.979599
229.306198
229.623505
229.931519
230.230194
230.519592
230.799667
0.000000
0.403492
1.660922
2.914059
4.162901
5.407450
6.647704
7.883664
9.115332
10.342704
11.565782
12.784566
13.999056
15.209253
16.415157
17.616762
18.814079
20.007097
21.195826
22.380255
23.560392
24.736240
25.907789
27.075045
28.238010
29.396675
30.551048
31.701128
32.846916
33.988407
35.125603
36.258511
37.386009
38.506985
39.621445
40.729382
41.830799
42.925701
44.014080
45.095940
46.171280
47.240101
48.302402
49.358185
50.407444
51.450188
52.486412
53.516117
54.539303
55.555969
56.566113
57.569733
58.566837
59.557426
60.541489
61.519039
62.490067
63.454575
64.412560
65.364029
66.308983
67.247406
68.179314
69.104706
70.023582
70.937286
71.853943
72.774902
73.700180
74.629761
75.563652
76.501839
77.444344
78.391151
79.342270
80.297691
81.257423
82.221466
83.189812
84.162468
85.139427
86.120689
87.106270
88.096153
89.090347
90.088844
91.091644
92.098763
93.110184
94.125908
95.145935
96.170288
97.198936
98.231888
99.269157
100.310730
101.356606
102.406792
103.461288
104.518875
105.578407
106.639847
107.703224
108.768509
109.835716
110.904839
111.975891
113.048859
114.123749
115.200554
116.279282
117.359924
118.442497
119.526978
120.613388
121.701714
122.791962
123.884132
124.978226
126.074226
127.172157
128.272018
129.373764
130.477463
131.583084
132.690598
133.800049
134.911423
136.024704
137.139923
138.257034
139.376099
140.496170
141.611893
142.722412
143.827667
144.927704
146.022507
147.112076
148.196396
149.275497
150.349365
151.417984
152.481384
153.539536
154.592453
155.640152
156.682617
157.719833
158.751816
159.778580
160.800110
161.816391
162.827438
163.833252
164.833847
165.829193
166.819305
167.804199
168.783844
169.758240
170.727417
171.691376
172.650085
173.603561
174.551819
175.492188
176.422043
177.341415
178.250259
179.148605
180.036438
180.913757
181.780594
182.636917
183.482712
184.318024
185.142822
185.957108
186.760895
187.554169
188.336945
189.109192
189.870941
190.622192
191.362946
192.093170
192.812897
193.522125
194.220825
194.909042
195.586731
196.253937
196.910614
197.556793
198.192474
198.817627
199.432281
200.036438
200.630081
201.213211
201.785843
202.347961
202.899582
203.440689
203.971298
204.491379
205.000977
205.500061
205.988617
206.466690
206.934250
207.391312
207.837845
208.273895
208.699417
209.114441
209.518967
209.912979
210.296478
210.669464
211.031952
211.383942
211.725418
212.056396
212.376846
212.686813
212.986267
213.275192
213.553635
213.821564
214.078979
214.325882
214.562302
214.788208
215.003586
215.208481
215.402863
215.586716
215.760086
215.922943
216.075302
216.217148
216.348480
216.469315
216.579620
216.679459
216.768768
216.847549
216.915863
216.973648
217.020920
217.057693
217.083969
217.099731
217.104965
