0.991159
0.004420
0.004420
0.004420
0.991159
0.004420
0.004420
0.004420
0.991159
0.000000
0.947909
1.898589
2.852041
3.808263
4.767256
5.729020
6.693555
7.660863
8.630940
9.603789
10.579409
11.557800
12.538961
13.522895
14.509599
15.499075
16.491320
17.486340
18.484127
19.484686
20.488018
21.494118
22.502993
23.514635
24.529051
25.546236
26.566195
27.588923
28.612152
29.633614
30.653309
31.671236
32.687397
33.701790
34.714413
35.725273
36.734360
37.741684
38.747238
39.751026
40.753044
41.753300
42.751781
43.748497
44.743450
45.736629
46.728046
47.717693
48.705574
49.691685
50.676025
51.658607
52.639416
53.618458
54.595734
55.571239
56.544979
57.516953
58.487152
59.455593
60.422260
61.387161
62.350292
63.311665
64.271263
65.229095
66.185158
67.139458
68.091980
69.042747
69.991745
70.938972
71.884422
72.828117
73.770042
74.710190
75.648590
76.585213
77.520065
78.453140
79.384468
80.314011
81.243355
82.174026
83.106033
84.039368
84.974045
85.910057
86.847397
87.786079
88.726089
89.667435
90.610123
91.554138
92.499496
93.446182
94.394211
95.343567
96.294258
97.246284
98.199654
99.154343
100.110374
101.067741
102.026451
102.986481
103.947853
104.910561
105.874603
106.839973
107.806694
108.774742
109.744118
110.714836
111.686882
112.660278
113.634995
114.611046
115.588448
116.567169
117.547226
118.528618
119.511353
120.495407
121.480812
122.467552
123.455620
124.445023
125.435753
126.427834
127.421234
128.416000
129.412064
130.409470
131.408234
132.408310
133.408020
134.405685
135.401306
136.394882
137.386383
138.375854
139.363266
140.348618
141.331909
142.313171
143.292358
144.269501
145.244614
146.217636
147.188629
148.157562
149.124435
150.089264
151.052048
152.012772
152.971451
153.928055
154.882629
155.835144
156.785583
157.734009
158.680359
159.624664
160.566910
161.507111
162.445251
163.381332
164.315369
165.247360
166.177307
167.105179
168.030991
168.954773
169.876495
170.796173
171.713791
172.629364
173.542862
174.454330
175.363724
176.271088
177.176376
178.079636
178.980820
179.879959
180.777054
181.672089
182.565079
183.456009
184.348831
185.247452
186.151871
187.062103
187.978149
188.899994
189.827652
190.761124
191.700378
192.645462
193.596359
194.553055
195.515564
196.483871
197.457993
198.437912
199.423630
200.415192
201.412537
202.415680
203.424652
204.439423
205.460022
206.486404
207.518600
208.556595
209.600418
210.650040
211.705460
212.766693
213.833740
214.906586
215.985245
217.069717
218.160004
219.256073
220.357971
221.465668
222.579163
223.698502
224.823593
225.954544
227.091278
228.233826
229.382172
230.536331
231.696304
232.862091
234.033661
235.211060
236.394257
237.583252
238.778076
239.978714
241.172241
242.345703
243.499146
244.632523
245.745880
246.839188
247.912476
248.965698
249.998871
251.012039
252.005157
0.000000
1.005305
2.264886
3.513748
4.751893
5.979318
7.196025
8.402014
9.597285
10.781837
11.955673
13.118789
14.271185
15.412864
16.543823
17.664066
18.773592
19.872398
20.960487
22.037853
23.104504
24.160437
25.205650
26.240149
27.263927
28.276987
29.279327
30.270948
31.251852
32.222042
33.181511
34.136360
35.092712
36.050552
37.009892
37.970726
38.933044
39.896862
40.862179
41.828983
42.797283
43.767078
44.738361
45.711140
46.685417
47.661186
48.638447
49.617199
50.597450
51.579193
52.562428
53.547161
54.533382
55.521099
56.510315
57.501015
58.493217
59.486912
60.482090
61.478771
62.476948
63.476612
64.477776
65.480431
66.484573
67.490219
68.497360
69.505989
70.516113
71.527725
72.540840
73.555443
74.571548
75.589134
76.608223
77.628799
78.650871
79.674438
80.699493
81.726044
82.754105
83.783646
84.814674
85.847206
86.880775
87.914345
88.947861
89.981316
91.014717
92.048050
93.081314
94.114532
95.147690
96.180786
97.213821
98.246796
99.279709
100.312569
101.345367
102.378098
103.410774
104.443390
105.475952
106.508438
107.540878
108.573250
109.605576
110.637825
111.670029
112.702156
113.734238
114.766251
115.798218
116.830109
117.861954
118.893723
119.925438
120.957100
121.988701
123.020241
124.051712
125.083130
126.114487
127.145790
128.177032
129.208206
130.239334
131.270386
132.301392
133.332321
134.363205
135.394028
136.424774
137.455475
138.486130
139.516708
140.547226
141.577423
142.605896
143.632355
144.656815
145.679291
146.699753
147.718231
148.734695
149.749176
150.761658
151.772125
152.780609
153.787094
154.791580
155.794052
156.794540
157.793045
158.789520
159.784027
160.776520
161.767014
162.755508
163.742020
164.726517
165.709030
166.689529
167.668045
168.644562
169.619064
170.591568
171.562088
172.530609
173.497147
174.461655
175.424179
176.384689
177.343231
178.299759
179.254288
180.206818
181.157364
182.105896
183.052444
183.996979
184.939514
185.880066
186.818604
187.755157
188.689697
189.622253
190.552811
191.481369
192.407913
193.332626
194.258148
195.185654
196.115112
197.046509
197.979904
198.915253
199.852554
200.791824
201.733063
202.676254
203.621399
204.568527
205.517609
206.468674
207.421677
208.376633
209.333572
210.292480
211.253342
212.216156
213.180939
214.147690
215.116394
216.087082
217.059708
218.034302
219.010864
219.989395
220.969879
221.952316
222.936722
223.923111
224.911438
225.901733
226.893997
227.888229
228.884415
229.882553
230.882675
231.884750
232.888794
233.894791
234.902756
235.912689
236.924561
237.938416
238.954224
239.972000
240.991745
242.013458
243.037109
244.062729
245.090317
246.107712
247.102814
248.075577
249.026001
249.954117
250.859894
251.743362
252.604507
253.443314
254.259811
255.000000
255.000000
0.000000
1.237081
2.465375
3.684880
4.895599
6.097528
7.290670
8.475023
9.650590
10.817369
11.975359
13.124560
14.264976
15.396601
16.519440
17.633490
18.738752
19.835228
20.922913
22.001812
23.071924
24.133242
25.185778
26.229525
27.269119
28.309189
29.349741
30.390772
31.432281
32.474270
33.516739
34.559685
35.603111
36.647018
37.691402
38.736271
39.781612
40.827435
41.873737
42.920521
43.967777
45.015522
46.063740
47.112438
48.161617
49.211273
50.261406
51.312023
52.363125
53.414700
54.466747
55.519283
56.572300
57.625790
58.679756
59.734207
60.789139
61.844547
62.900433
63.956799
65.013641
66.070976
67.128777
68.187065
69.245834
70.305084
71.364799
72.425003
73.485687
74.546844
75.608482
76.670609
77.733208
78.795509
79.856766
80.916962
81.976105
83.034195
84.091217
85.147194
86.202110
87.255974
88.308784
89.360527
90.411224
91.460854
92.509438
93.556969
94.603432
95.648849
96.693207
97.736511
98.778755
99.819939
100.860069
101.899147
102.937164
103.974136
105.010048
106.044899
107.078697
108.111435
109.143120
110.173752
111.203323
112.231842
113.259308
114.285706
115.311050
116.335350
117.358582
118.380760
119.401878
120.421951
121.440964
122.458916
123.475815
124.491669
125.506454
126.520187
127.532860
128.544495
129.555084
130.564713
131.573380
132.581085
133.587814
134.593582
135.598373
136.602188
137.605042
138.606918
139.607834
140.607773
141.606750
142.604752
143.601791
144.597855
145.592957
146.587082
147.580231
148.572418
149.563644
150.553894
151.543167
152.531479
153.518814
154.505203
155.490585
156.475021
157.458496
158.440979
159.422516
160.403061
161.382645
162.361267
163.338913
164.315582
165.291290
166.266037
167.239807
168.212616
169.184433
170.155289
171.125183
172.094101
173.062057
174.029053
174.995071
175.960114
176.924179
177.888321
178.853546
179.819855
180.787231
181.755707
182.725281
183.695908
184.667664
185.640472
186.614380
187.589371
188.565445
189.542618
190.520859
191.500198
192.480621
193.462112
194.444717
195.428391
196.413147
197.399002
198.385925
199.373947
200.363068
201.353241
202.344528
203.336899
204.330338
205.324875
206.320496
207.317200
208.314987
209.313873
210.313843
211.314880
212.317017
213.320236
214.324554
215.329926
216.336411
217.343979
218.352631
219.362350
220.373184
221.385086
222.398087
223.412155
224.427322
225.443573
226.446243
227.420670
228.366852
229.284790
230.174484
231.035934
231.869141
232.674103
233.450806
234.199280
234.919510
235.611496
236.275223
236.910736
237.517975
238.096985
238.647751
239.170258
239.664536
240.130585
240.568359
240.977905
241.359192
241.712250
242.037064
242.333618
242.601929
242.842026
243.053848
243.237442
243.392776
243.519867
243.618729
243.689346
243.731705
243.745819
